[1, 2, 6, 8, 9, 10, 11, 13, 16, 17, 18, 20, 21, 22, 24, 26, 27, 44, 54] 

[4, 23, 33, 36, 37, 41, 42, 46, 47, 49, 50, 51, 53, 56, 57, 58, 59, 62, 64] 

[7, 15, 30, 31, 35, 38, 43, 55] 

[3, 5, 12, 14, 19, 25, 28, 29, 32, 34, 39, 40, 45, 48, 52, 60, 61, 63]


[1, 2, 6, 8, 9, 10, 11, 13, 16, 17, 18, 20, 21, 22, 24, 26, 27, 44, 54] 
[4, 23, 33, 36, 37, 41, 42, 46, 47, 49, 50, 51, 53, 56, 57, 58, 59, 62, 64] 
[7, 15, 30, 31, 35, 38, 43, 55] 
[3, 5, 12, 14, 19, 25, 28, 29, 32, 34, 39, 40, 45, 48, 52, 60, 61, 63]
