1 3 -1
1 4 -1
1 5 -1
1 7 -1
1 8 1
1 12 -1
1 13 -1
1 14 1
1 15 1
1 16 1
1 17 -1
1 32 1
1 43 -1
1 47 1
1 61 -1
1 62 -1
2 3 -1
2 4 1
2 7 -1
2 8 -1
2 9 -1
2 11 -1
2 12 1
2 14 -1
2 15 -1
2 16 -1
2 34 -1
2 40 -1
2 51 -1
2 58 -1
2 61 -1
2 63 1
3 1 -1
3 2 -1
3 4 -1
3 7 -1
3 8 -1
3 9 -1
3 10 1
3 11 -1
3 12 1
3 15 -1
3 19 1
3 20 -1
3 39 -1
3 42 -1
3 51 -1
3 59 -1
4 1 -1
4 2 1
4 3 -1
4 5 1
4 7 -1
4 9 1
4 10 1
4 11 -1
4 12 -1
4 16 -1
4 31 -1
4 34 -1
4 44 -1
4 48 1
4 51 -1
4 62 1
5 1 -1
5 4 1
5 6 -1
5 7 -1
5 8 -1
5 9 -1
5 10 1
5 12 -1
5 13 1
5 15 -1
5 17 1
5 23 -1
5 28 -1
5 30 -1
5 51 -1
5 62 1
6 5 -1
6 7 -1
6 8 -1
6 9 -1
6 10 -1
6 11 1
6 12 -1
6 13 -1
6 14 -1
6 15 -1
6 17 -1
6 35 -1
6 47 1
6 50 1
6 62 -1
7 1 -1
7 2 -1
7 3 -1
7 4 -1
7 5 -1
7 6 -1
7 8 -1
7 13 -1
7 15 -1
7 16 -1
7 21 -1
7 28 -1
7 35 1
7 48 1
7 50 -1
7 63 1
8 1 1
8 2 -1
8 3 -1
8 5 -1
8 6 -1
8 7 -1
8 9 -1
8 11 1
8 13 1
8 14 -1
8 17 1
8 22 -1
8 26 1
8 34 -1
8 36 1
8 55 -1
9 2 -1
9 3 -1
9 4 1
9 5 -1
9 6 -1
9 8 -1
9 10 -1
9 14 -1
9 15 1
9 16 -1
9 22 1
9 25 -1
9 27 1
9 37 1
9 45 -1
9 60 -1
10 3 1
10 4 1
10 5 1
10 6 -1
10 9 -1
10 11 -1
10 12 -1
10 13 -1
10 14 -1
10 16 -1
10 21 -1
10 38 1
10 45 -1
10 51 -1
10 53 1
11 2 -1
11 3 -1
11 4 -1
11 6 1
11 8 1
11 10 -1
11 12 -1
11 13 -1
11 14 -1
11 16 -1
11 26 -1
11 27 -1
11 28 1
11 50 -1
11 53 -1
11 57 -1
12 1 -1
12 2 1
12 3 1
12 4 -1
12 5 -1
12 6 -1
12 10 -1
12 11 -1
12 15 1
12 16 -1
12 18 -1
12 24 1
12 32 -1
12 41 -1
12 44 1
12 57 1
13 1 -1
13 5 1
13 6 -1
13 7 -1
13 8 1
13 10 -1
13 11 -1
13 14 -1
13 15 -1
13 16 1
13 18 1
13 30 1
13 48 -1
13 59 -1
13 60 -1
14 1 1
14 2 -1
14 6 -1
14 8 -1
14 9 -1
14 10 -1
14 11 -1
14 13 -1
14 15 -1
14 16 1
14 19 1
14 29 1
14 37 -1
14 47 -1
14 55 -1
15 1 1
15 2 -1
15 3 -1
15 5 -1
15 6 -1
15 7 -1
15 9 1
15 12 1
15 13 -1
15 14 -1
15 28 -1
15 29 -1
15 32 -1
15 42 -1
15 49 -1
15 62 -1
16 1 1
16 2 -1
16 4 -1
16 7 -1
16 9 -1
16 10 -1
16 11 -1
16 12 -1
16 13 1
16 14 1
16 32 -1
16 34 1
16 40 -1
16 47 -1
16 52 -1
17 1 -1
17 5 1
17 6 -1
17 8 1
17 18 -1
17 19 -1
17 22 -1
17 24 -1
17 25 -1
17 26 1
17 28 -1
17 29 -1
17 30 1
17 32 1
17 47 -1
17 54 1
18 12 -1
18 13 1
18 17 -1
18 21 1
18 23 -1
18 24 -1
18 25 -1
18 26 -1
18 27 1
18 28 -1
18 30 1
18 31 -1
18 38 -1
18 42 1
18 46 -1
18 55 -1
19 3 1
19 14 1
19 17 -1
19 20 1
19 21 -1
19 22 -1
19 23 1
19 24 -1
19 25 -1
19 26 -1
19 27 -1
19 30 -1
19 36 -1
19 43 -1
19 53 -1
19 60 1
20 3 -1
20 19 1
20 21 -1
20 22 -1
20 24 -1
20 25 -1
20 26 1
20 28 1
20 30 1
20 31 -1
20 32 1
20 40 1
20 49 1
20 58 1
20 59 -1
21 7 -1
21 10 -1
21 18 1
21 19 -1
21 20 -1
21 25 -1
21 26 -1
21 27 -1
21 28 -1
21 29 -1
21 31 -1
21 32 1
21 43 -1
21 58 -1
21 59 -1
21 61 -1
22 8 -1
22 9 1
22 17 -1
22 19 -1
22 20 -1
22 24 1
22 26 -1
22 27 -1
22 28 -1
22 29 -1
22 30 1
22 32 -1
22 34 -1
22 41 -1
22 46 -1
22 58 1
23 5 -1
23 18 -1
23 19 1
23 24 -1
23 25 -1
23 26 1
23 27 -1
23 28 1
23 29 -1
23 30 1
23 31 -1
23 35 -1
23 42 -1
23 43 -1
23 63 -1
24 12 1
24 17 -1
24 18 -1
24 19 -1
24 20 -1
24 22 1
24 23 -1
24 26 -1
24 27 1
24 30 -1
24 32 -1
24 33 1
24 38 1
24 40 -1
24 53 1
25 9 -1
25 17 -1
25 18 -1
25 19 -1
25 20 -1
25 21 -1
25 23 -1
25 27 -1
25 29 -1
25 31 1
25 32 -1
25 39 -1
25 49 -1
25 56 -1
25 58 1
25 60 -1
26 8 1
26 11 -1
26 17 1
26 18 -1
26 19 -1
26 20 1
26 21 -1
26 22 -1
26 23 1
26 24 -1
26 29 -1
26 30 -1
26 40 -1
26 46 -1
26 54 -1
26 61 -1
27 9 1
27 11 -1
27 18 1
27 19 -1
27 21 -1
27 22 -1
27 23 -1
27 24 1
27 25 -1
27 28 -1
27 31 -1
27 32 1
27 39 -1
27 47 -1
27 55 -1
27 59 1
28 5 -1
28 7 -1
28 11 1
28 15 -1
28 17 -1
28 18 -1
28 20 1
28 21 -1
28 22 -1
28 23 1
28 27 -1
28 29 -1
28 31 -1
28 32 -1
28 35 1
28 53 1
29 14 1
29 15 -1
29 17 -1
29 21 -1
29 22 -1
29 23 -1
29 25 -1
29 26 -1
29 28 -1
29 30 1
29 31 -1
29 32 -1
29 35 -1
29 51 1
29 58 -1
29 62 -1
30 5 -1
30 13 1
30 17 1
30 18 1
30 19 -1
30 20 1
30 22 1
30 23 1
30 24 -1
30 26 -1
30 29 1
30 31 -1
30 45 -1
30 52 -1
30 61 -1
31 4 -1
31 18 -1
31 20 -1
31 21 -1
31 23 -1
31 25 1
31 27 -1
31 28 -1
31 29 -1
31 30 -1
31 32 1
31 38 -1
31 43 -1
31 49 -1
31 53 1
31 61 -1
32 1 1
32 12 -1
32 15 -1
32 16 -1
32 17 1
32 20 1
32 21 1
32 22 -1
32 24 -1
32 25 -1
32 27 1
32 28 -1
32 29 -1
32 31 1
32 39 -1
32 46 -1
33 24 1
33 34 -1
33 35 -1
33 37 -1
33 38 1
33 39 -1
33 40 -1
33 42 1
33 43 -1
33 45 -1
33 47 1
33 57 1
34 2 -1
34 4 -1
34 8 -1
34 16 1
34 22 -1
34 33 -1
34 35 1
34 36 1
34 38 1
34 39 1
34 41 1
34 42 -1
34 43 -1
34 47 -1
34 48 -1
34 55 -1
35 6 -1
35 7 1
35 23 -1
35 28 1
35 29 -1
35 33 -1
35 34 1
35 36 -1
35 37 -1
35 38 -1
35 39 -1
35 45 -1
35 46 -1
35 47 1
35 48 1
36 8 1
36 19 -1
36 34 1
36 35 -1
36 37 -1
36 39 -1
36 40 -1
36 41 -1
36 44 -1
36 45 -1
36 46 -1
36 48 -1
36 54 -1
36 56 1
36 64 1
37 9 1
37 14 -1
37 33 -1
37 35 -1
37 36 -1
37 38 1
37 42 -1
37 43 1
37 44 -1
37 46 1
37 47 -1
37 48 -1
37 50 -1
37 60 1
37 63 -1
38 10 1
38 18 -1
38 24 1
38 31 -1
38 33 1
38 34 1
38 35 -1
38 37 1
38 40 -1
38 41 1
38 42 -1
38 44 -1
38 45 -1
38 48 -1
38 56 1
38 64 1
39 3 -1
39 25 -1
39 27 -1
39 32 -1
39 33 -1
39 34 1
39 35 -1
39 36 -1
39 41 -1
39 42 1
39 45 -1
39 46 1
39 47 -1
39 48 1
39 50 1
39 63 -1
40 2 -1
40 16 -1
40 20 1
40 24 -1
40 26 -1
40 33 -1
40 36 -1
40 38 -1
40 41 1
40 43 1
40 44 1
40 45 -1
40 46 -1
40 47 -1
40 48 1
40 54 -1
41 12 -1
41 22 -1
41 34 1
41 36 -1
41 38 1
41 39 -1
41 40 1
41 42 1
41 43 -1
41 44 1
41 45 -1
41 46 1
41 55 -1
41 59 1
41 63 1
41 64 -1
42 3 -1
42 15 -1
42 18 1
42 23 -1
42 33 1
42 34 -1
42 37 -1
42 38 -1
42 39 1
42 41 1
42 44 -1
42 46 1
42 47 -1
42 48 1
42 49 1
43 1 -1
43 19 -1
43 21 -1
43 23 -1
43 31 -1
43 33 -1
43 34 -1
43 37 1
43 40 1
43 41 -1
43 44 -1
43 45 1
43 46 -1
43 47 -1
43 48 -1
43 60 -1
44 4 -1
44 12 1
44 36 -1
44 37 -1
44 38 -1
44 40 1
44 41 1
44 42 -1
44 43 -1
44 45 -1
44 46 -1
44 47 1
44 54 -1
44 56 -1
44 64 1
45 9 -1
45 10 -1
45 30 -1
45 33 -1
45 35 -1
45 36 -1
45 38 -1
45 39 -1
45 40 -1
45 41 -1
45 43 1
45 44 -1
45 47 -1
45 50 -1
45 64 -1
46 18 -1
46 22 -1
46 26 -1
46 32 -1
46 35 -1
46 36 -1
46 37 1
46 39 1
46 40 -1
46 41 1
46 42 1
46 43 -1
46 44 -1
46 48 -1
46 52 1
46 56 -1
47 1 1
47 6 1
47 14 -1
47 16 -1
47 17 -1
47 27 -1
47 33 1
47 34 -1
47 35 1
47 37 -1
47 39 -1
47 40 -1
47 42 -1
47 43 -1
47 44 1
47 45 -1
48 4 1
48 7 1
48 13 -1
48 34 -1
48 35 1
48 36 -1
48 37 -1
48 38 -1
48 39 1
48 40 1
48 42 1
48 43 -1
48 46 -1
48 52 -1
48 54 -1
49 15 -1
49 20 1
49 25 -1
49 31 -1
49 42 1
49 50 1
49 51 -1
49 52 1
49 53 1
49 56 -1
49 57 1
49 58 -1
49 61 -1
49 63 -1
49 64 -1
50 6 1
50 7 -1
50 11 -1
50 37 -1
50 39 1
50 45 -1
50 49 1
50 51 1
50 53 -1
50 54 -1
50 55 -1
50 57 1
50 58 -1
50 59 -1
50 61 -1
50 62 -1
51 2 -1
51 3 -1
51 4 -1
51 5 -1
51 10 -1
51 29 1
51 49 -1
51 50 1
51 52 -1
51 53 1
51 55 -1
51 57 -1
51 58 -1
51 59 1
51 61 -1
51 62 -1
52 16 -1
52 30 -1
52 46 1
52 48 -1
52 49 1
52 51 -1
52 53 -1
52 55 1
52 57 1
52 59 -1
52 60 -1
52 62 -1
52 63 1
52 64 -1
53 10 1
53 11 -1
53 19 -1
53 24 1
53 28 1
53 31 1
53 49 1
53 50 -1
53 51 1
53 52 -1
53 54 -1
53 56 -1
53 60 -1
53 61 -1
53 63 -1
53 64 -1
54 17 1
54 26 -1
54 36 -1
54 40 -1
54 44 -1
54 48 -1
54 50 -1
54 53 -1
54 55 -1
54 56 -1
54 57 -1
54 58 -1
54 59 -1
54 60 -1
54 62 -1
54 64 1
55 8 -1
55 14 -1
55 18 -1
55 27 -1
55 34 -1
55 41 -1
55 50 -1
55 51 -1
55 52 1
55 54 -1
55 56 1
55 57 -1
55 58 1
55 60 -1
55 61 -1
55 63 -1
56 25 -1
56 36 1
56 38 1
56 44 -1
56 46 -1
56 49 -1
56 53 -1
56 54 -1
56 55 1
56 57 -1
56 58 -1
56 59 -1
56 60 -1
56 62 -1
56 63 -1
57 11 -1
57 12 1
57 33 1
57 49 1
57 50 1
57 51 -1
57 52 1
57 54 -1
57 55 -1
57 56 -1
57 58 1
57 61 1
57 64 -1
58 2 -1
58 20 1
58 21 -1
58 22 1
58 25 1
58 29 -1
58 49 -1
58 50 -1
58 51 -1
58 54 -1
58 55 1
58 56 -1
58 57 1
58 60 -1
58 62 -1
58 63 -1
59 3 -1
59 13 -1
59 20 -1
59 21 -1
59 27 1
59 41 1
59 50 -1
59 51 1
59 52 -1
59 54 -1
59 56 -1
59 60 -1
59 61 1
59 62 -1
59 63 -1
59 64 -1
60 9 -1
60 13 -1
60 19 1
60 25 -1
60 37 1
60 43 -1
60 52 -1
60 53 -1
60 54 -1
60 55 -1
60 56 -1
60 58 -1
60 59 -1
60 61 -1
60 62 -1
60 64 -1
61 1 -1
61 2 -1
61 21 -1
61 26 -1
61 30 -1
61 31 -1
61 49 -1
61 50 -1
61 51 -1
61 53 -1
61 55 -1
61 57 1
61 59 1
61 60 -1
61 63 1
61 64 1
62 1 -1
62 4 1
62 5 1
62 6 -1
62 15 -1
62 29 -1
62 50 -1
62 51 -1
62 52 -1
62 54 -1
62 56 -1
62 58 -1
62 59 -1
62 60 -1
62 63 1
62 64 -1
63 2 1
63 7 1
63 23 -1
63 37 -1
63 39 -1
63 41 1
63 49 -1
63 52 1
63 53 -1
63 55 -1
63 56 -1
63 58 -1
63 59 -1
63 61 1
63 62 1
63 64 1
64 36 1
64 38 1
64 41 -1
64 44 1
64 45 -1
64 49 -1
64 52 -1
64 53 -1
64 54 1
64 57 -1
64 59 -1
64 60 -1
64 61 1
64 62 -1
64 63 1
