1 2 1
1 3 -1
1 5 1
1 7 1
1 8 1
1 9 1
1 10 1
1 11 1
1 13 1
1 14 1
1 18 1
1 20 1
1 43 -1
1 46 1
1 48 1
2 1 1
2 3 1
2 4 -1
2 5 1
2 6 1
2 7 1
2 8 1
2 9 1
2 11 1
2 14 1
2 22 -1
2 35 1
2 36 1
2 47 1
2 58 1
2 64 1
3 1 -1
3 2 1
3 4 1
3 6 1
3 8 1
3 10 -1
3 12 1
3 13 1
3 14 -1
3 16 1
3 39 -1
3 45 1
3 51 1
3 53 1
3 61 1
4 2 -1
4 3 1
4 5 1
4 6 -1
4 8 1
4 11 1
4 12 1
4 13 1
4 15 1
4 16 -1
4 34 1
4 36 1
4 38 1
4 46 1
4 54 1
4 55 1
5 1 1
5 2 1
5 4 1
5 7 -1
5 8 1
5 9 1
5 11 1
5 14 1
5 15 1
5 16 1
5 17 -1
5 42 -1
5 45 -1
5 46 -1
5 50 1
6 2 1
6 3 1
6 4 -1
6 7 -1
6 8 1
6 10 1
6 11 1
6 12 1
6 13 -1
6 15 -1
6 20 1
6 23 1
6 38 1
6 56 1
6 58 -1
6 64 1
7 1 1
7 2 1
7 5 -1
7 6 -1
7 8 1
7 9 1
7 10 1
7 13 1
7 15 1
7 16 1
7 21 -1
7 22 1
7 49 1
7 50 1
7 63 1
8 1 1
8 2 1
8 3 1
8 4 1
8 5 1
8 6 1
8 7 1
8 10 1
8 12 1
8 13 1
8 21 1
8 27 1
8 47 1
8 54 1
8 61 -1
8 63 1
9 1 1
9 2 1
9 5 1
9 7 1
9 10 1
9 11 1
9 12 1
9 14 1
9 15 1
9 16 -1
9 26 1
9 30 1
9 31 1
9 33 1
9 40 -1
9 45 1
10 1 1
10 3 -1
10 6 1
10 7 1
10 8 1
10 9 1
10 12 -1
10 13 1
10 14 1
10 16 1
10 31 1
10 36 1
10 40 1
10 47 1
10 55 1
10 61 1
11 1 1
11 2 1
11 4 1
11 5 1
11 6 1
11 9 1
11 12 1
11 14 1
11 15 1
11 16 1
11 21 1
11 26 1
11 35 1
11 45 1
11 49 1
11 51 -1
12 3 1
12 4 1
12 6 1
12 8 1
12 9 1
12 10 -1
12 11 1
12 13 1
12 14 1
12 15 1
12 26 -1
12 30 -1
12 44 1
12 46 1
12 57 1
12 58 1
13 1 1
13 3 1
13 4 1
13 6 -1
13 7 1
13 8 1
13 10 1
13 12 1
13 15 1
13 16 1
13 24 1
13 37 1
13 40 1
13 49 1
13 62 1
13 64 1
14 1 1
14 2 1
14 3 -1
14 5 1
14 9 1
14 10 1
14 11 1
14 12 1
14 15 1
14 16 1
14 18 -1
14 24 1
14 32 1
14 34 1
14 35 1
14 57 -1
15 4 1
15 5 1
15 6 -1
15 7 1
15 9 1
15 11 1
15 12 1
15 13 1
15 14 1
15 16 1
15 36 1
15 41 1
15 42 1
15 50 1
15 55 1
15 63 1
16 3 1
16 4 -1
16 5 1
16 7 1
16 9 -1
16 10 1
16 11 1
16 13 1
16 14 1
16 15 1
16 24 -1
16 38 1
16 39 1
16 50 1
16 52 1
16 57 1
17 5 -1
17 19 1
17 21 1
17 22 1
17 23 -1
17 24 1
17 25 1
17 27 1
17 28 1
17 31 1
17 32 1
17 40 -1
17 47 -1
17 51 1
17 52 -1
17 59 1
18 1 1
18 14 -1
18 19 1
18 20 1
18 21 1
18 23 1
18 24 1
18 26 -1
18 29 1
18 30 1
18 31 1
18 32 1
18 33 1
18 39 1
18 44 -1
18 53 -1
19 17 1
19 18 1
19 20 1
19 22 1
19 23 1
19 24 -1
19 26 1
19 27 1
19 28 1
19 30 1
19 39 1
19 42 -1
19 44 1
19 48 1
19 56 1
20 1 1
20 6 1
20 18 1
20 19 1
20 22 1
20 24 1
20 25 1
20 26 -1
20 29 1
20 30 1
20 31 1
20 32 1
20 43 1
20 52 -1
20 53 1
20 63 1
21 7 -1
21 8 1
21 11 1
21 17 1
21 18 1
21 22 1
21 23 -1
21 25 1
21 27 1
21 28 1
21 30 1
21 31 1
21 32 1
21 34 1
21 52 1
21 64 1
22 2 -1
22 7 1
22 17 1
22 19 1
22 20 1
22 21 1
22 23 -1
22 25 1
22 26 1
22 29 1
22 30 1
22 32 1
22 54 1
22 60 1
22 61 1
23 6 1
23 17 -1
23 18 1
23 19 1
23 21 -1
23 22 -1
23 24 1
23 27 1
23 30 1
23 31 1
23 32 1
23 33 1
23 35 1
23 49 1
23 52 1
23 60 1
24 13 1
24 14 1
24 16 -1
24 17 1
24 18 1
24 19 -1
24 20 1
24 23 1
24 25 1
24 26 -1
24 28 -1
24 29 1
24 31 -1
24 54 1
24 59 1
24 60 1
25 17 1
25 20 1
25 21 1
25 22 1
25 24 1
25 26 1
25 27 1
25 28 1
25 29 1
25 31 -1
25 35 -1
25 39 1
25 47 1
25 53 1
25 58 1
25 62 1
26 9 1
26 11 1
26 12 -1
26 18 -1
26 19 1
26 20 -1
26 22 1
26 24 -1
26 25 1
26 27 1
26 28 -1
26 29 -1
26 31 1
26 48 1
26 56 1
26 60 -1
27 8 1
27 17 1
27 19 1
27 21 1
27 23 1
27 25 1
27 26 1
27 28 -1
27 30 1
27 31 1
27 32 1
27 34 1
27 36 1
27 41 1
27 46 1
27 58 -1
28 17 1
28 19 1
28 21 1
28 24 -1
28 25 1
28 26 -1
28 27 -1
28 29 1
28 30 1
28 32 1
28 34 1
28 38 -1
28 44 1
28 45 -1
28 48 1
29 18 1
29 20 1
29 22 1
29 24 1
29 25 1
29 26 -1
29 28 1
29 30 1
29 31 1
29 32 -1
29 33 1
29 39 1
29 44 1
29 50 -1
29 53 1
29 55 1
30 9 1
30 12 -1
30 18 1
30 19 1
30 20 1
30 21 1
30 22 1
30 23 1
30 27 1
30 28 1
30 29 1
30 32 1
30 38 1
30 48 1
30 49 1
30 60 1
31 9 1
31 10 1
31 17 1
31 18 1
31 20 1
31 21 1
31 23 1
31 24 -1
31 25 -1
31 26 1
31 27 1
31 29 1
31 36 1
31 42 1
31 52 1
31 55 -1
32 14 1
32 17 1
32 18 1
32 20 1
32 21 1
32 22 1
32 23 1
32 27 1
32 28 1
32 29 -1
32 30 1
32 44 1
32 62 -1
33 9 1
33 18 1
33 23 1
33 29 1
33 34 1
33 35 1
33 36 1
33 37 -1
33 38 1
33 39 1
33 41 1
33 43 1
33 47 1
33 48 1
33 61 1
33 64 1
34 4 1
34 14 1
34 21 1
34 27 1
34 28 1
34 33 1
34 35 1
34 38 1
34 39 1
34 40 1
34 41 1
34 42 1
34 43 1
34 44 1
34 47 -1
34 59 1
35 2 1
35 11 1
35 14 1
35 23 1
35 25 -1
35 33 1
35 34 1
35 36 1
35 37 -1
35 39 -1
35 40 -1
35 41 -1
35 42 1
35 43 -1
35 46 1
35 64 -1
36 2 1
36 4 1
36 10 1
36 15 1
36 27 1
36 31 1
36 33 1
36 35 1
36 37 1
36 38 -1
36 40 1
36 41 1
36 43 -1
36 45 -1
36 46 1
36 48 1
37 13 1
37 33 -1
37 35 -1
37 36 1
37 39 1
37 40 1
37 41 1
37 44 1
37 45 1
37 46 1
37 48 1
37 50 1
37 51 1
37 54 -1
37 59 -1
38 4 1
38 6 1
38 16 1
38 28 -1
38 30 1
38 33 1
38 34 1
38 36 -1
38 41 -1
38 42 1
38 44 1
38 45 1
38 46 1
38 47 1
38 48 -1
39 3 -1
39 16 1
39 18 1
39 19 1
39 25 1
39 29 1
39 33 1
39 34 1
39 35 -1
39 37 1
39 40 1
39 44 1
39 45 1
39 46 1
39 47 1
39 48 1
40 9 -1
40 10 1
40 13 1
40 17 -1
40 34 1
40 35 -1
40 36 1
40 37 1
40 39 1
40 42 1
40 44 1
40 46 -1
40 47 1
40 48 1
40 55 1
40 57 1
41 15 1
41 27 1
41 33 1
41 34 1
41 35 -1
41 36 1
41 37 1
41 38 -1
41 42 1
41 43 1
41 46 1
41 48 -1
41 54 1
41 56 1
41 57 1
41 58 1
42 5 -1
42 15 1
42 19 -1
42 31 1
42 34 1
42 35 1
42 38 1
42 40 1
42 41 1
42 43 1
42 44 -1
42 45 1
42 47 1
42 48 1
42 57 1
43 1 -1
43 20 1
43 33 1
43 34 1
43 35 -1
43 36 -1
43 41 1
43 42 1
43 44 1
43 45 1
43 46 1
43 47 1
43 51 1
43 56 1
43 59 -1
43 63 1
44 12 1
44 18 -1
44 19 1
44 28 1
44 29 1
44 32 1
44 34 1
44 37 1
44 38 1
44 39 1
44 40 1
44 42 -1
44 43 1
44 45 1
44 47 1
44 48 1
45 3 1
45 5 -1
45 9 1
45 11 1
45 28 -1
45 36 -1
45 37 1
45 38 1
45 39 1
45 42 1
45 43 1
45 44 1
45 46 1
45 47 -1
45 48 1
45 63 -1
46 1 1
46 4 1
46 5 -1
46 12 1
46 27 1
46 35 1
46 36 1
46 37 1
46 38 1
46 39 1
46 40 -1
46 41 1
46 43 1
46 45 1
46 47 -1
46 51 1
47 2 1
47 8 1
47 10 1
47 17 -1
47 25 1
47 33 1
47 34 -1
47 38 1
47 39 1
47 40 1
47 42 1
47 43 1
47 44 1
47 45 -1
47 46 -1
47 53 1
48 1 1
48 19 1
48 26 1
48 28 1
48 30 1
48 33 1
48 36 1
48 37 1
48 38 -1
48 39 1
48 40 1
48 41 -1
48 42 1
48 44 1
48 45 1
49 7 1
49 11 1
49 13 1
49 23 1
49 30 1
49 50 1
49 53 1
49 54 1
49 57 1
49 58 -1
49 59 1
49 60 1
49 61 1
49 62 1
49 64 -1
50 5 1
50 7 1
50 15 1
50 16 1
50 29 -1
50 37 1
50 49 1
50 51 -1
50 52 1
50 53 1
50 54 1
50 55 1
50 56 1
50 61 1
50 62 1
50 64 1
51 3 1
51 11 -1
51 17 1
51 37 1
51 43 1
51 46 1
51 50 -1
51 53 1
51 55 -1
51 56 1
51 57 1
51 60 -1
51 61 1
51 62 1
51 63 1
51 64 -1
52 16 1
52 17 -1
52 20 -1
52 21 1
52 23 1
52 31 1
52 50 1
52 53 1
52 55 1
52 56 1
52 57 1
52 58 1
52 59 1
52 61 1
52 63 1
52 64 1
53 3 1
53 18 -1
53 20 1
53 25 1
53 29 1
53 47 1
53 49 1
53 50 1
53 51 1
53 52 1
53 54 1
53 55 1
53 56 1
53 57 -1
53 63 1
53 64 1
54 4 1
54 8 1
54 22 1
54 24 1
54 37 -1
54 41 1
54 49 1
54 50 1
54 53 1
54 57 -1
54 58 -1
54 59 1
54 60 -1
54 61 1
54 63 1
54 64 1
55 4 1
55 10 1
55 15 1
55 29 1
55 31 -1
55 40 1
55 50 1
55 51 -1
55 52 1
55 53 1
55 56 -1
55 57 -1
55 58 -1
55 59 1
55 60 1
55 62 1
56 6 1
56 19 1
56 26 1
56 41 1
56 43 1
56 50 1
56 51 1
56 52 1
56 53 1
56 55 -1
56 57 -1
56 60 1
56 61 -1
56 62 1
56 64 1
57 12 1
57 14 -1
57 16 1
57 40 1
57 41 1
57 42 1
57 49 1
57 51 1
57 52 1
57 53 -1
57 54 -1
57 55 -1
57 56 -1
57 58 1
57 59 1
57 63 1
58 2 1
58 6 -1
58 12 1
58 25 1
58 27 -1
58 41 1
58 49 -1
58 52 1
58 54 -1
58 55 -1
58 57 1
58 59 1
58 61 1
58 62 -1
58 63 1
58 64 -1
59 17 1
59 24 1
59 34 1
59 37 -1
59 43 -1
59 49 1
59 52 1
59 54 1
59 55 1
59 57 1
59 58 1
59 60 1
59 62 1
59 63 1
59 64 1
60 22 1
60 23 1
60 24 1
60 26 -1
60 30 1
60 49 1
60 51 -1
60 54 -1
60 55 1
60 56 1
60 59 1
60 61 1
60 62 1
60 63 -1
60 64 -1
61 3 1
61 8 -1
61 10 1
61 22 1
61 33 1
61 49 1
61 50 1
61 51 1
61 52 1
61 54 1
61 56 -1
61 58 1
61 60 1
61 62 -1
61 63 1
62 13 1
62 25 1
62 32 -1
62 49 1
62 50 1
62 51 1
62 55 1
62 56 1
62 58 -1
62 59 1
62 60 1
62 61 -1
62 63 1
63 7 1
63 8 1
63 15 1
63 20 1
63 43 1
63 45 -1
63 51 1
63 52 1
63 53 1
63 54 1
63 57 1
63 58 1
63 59 1
63 60 -1
63 61 1
63 62 1
64 2 1
64 6 1
64 13 1
64 21 1
64 33 1
64 35 -1
64 49 -1
64 50 1
64 51 -1
64 52 1
64 53 1
64 54 1
64 56 1
64 58 -1
64 59 1
64 60 -1
