1 3 -1
1 4 -1
1 6 -1
1 8 -1
1 10 -1
1 12 1
1 13 1
1 14 -1
1 15 1
1 16 1
1 27 1
1 40 1
1 44 1
1 45 -1
1 48 1
1 56 1
2 4 -1
2 5 1
2 6 -1
2 7 1
2 8 -1
2 9 -1
2 10 -1
2 14 1
2 15 1
2 16 -1
2 31 1
2 32 -1
2 48 -1
2 57 1
2 62 1
3 1 -1
3 4 1
3 5 1
3 6 -1
3 8 -1
3 9 1
3 10 -1
3 11 1
3 13 1
3 15 1
3 34 1
3 46 1
3 53 -1
3 54 1
3 60 -1
4 1 -1
4 2 -1
4 3 1
4 5 1
4 6 1
4 7 1
4 9 -1
4 11 1
4 13 -1
4 14 1
4 19 -1
4 33 -1
4 39 1
4 41 -1
4 53 -1
4 55 1
5 2 1
5 3 1
5 4 1
5 6 1
5 7 1
5 8 1
5 10 -1
5 11 -1
5 12 -1
5 15 -1
5 36 1
5 40 -1
5 47 1
5 57 1
5 62 -1
5 64 -1
6 1 -1
6 2 -1
6 3 -1
6 4 1
6 5 1
6 7 1
6 11 1
6 12 -1
6 15 1
6 16 -1
6 18 1
6 44 -1
6 49 -1
6 52 1
6 56 -1
7 2 1
7 4 1
7 5 1
7 6 1
7 9 -1
7 10 1
7 12 -1
7 13 -1
7 14 1
7 16 -1
7 26 1
7 27 -1
7 39 -1
7 48 1
7 61 -1
7 63 1
8 1 -1
8 2 -1
8 3 -1
8 5 1
8 9 1
8 11 1
8 12 1
8 13 1
8 14 1
8 15 -1
8 30 1
8 31 -1
8 32 1
8 57 1
8 60 -1
9 2 -1
9 3 1
9 4 -1
9 7 -1
9 8 1
9 11 -1
9 12 -1
9 13 -1
9 14 1
9 16 1
9 30 1
9 49 1
9 58 1
9 62 1
9 63 -1
10 1 -1
10 2 -1
10 3 -1
10 5 -1
10 7 1
10 11 -1
10 12 1
10 13 -1
10 14 1
10 16 -1
10 25 1
10 34 1
10 47 -1
10 51 -1
10 52 1
10 53 1
11 3 1
11 4 1
11 5 -1
11 6 1
11 8 1
11 9 -1
11 10 -1
11 12 -1
11 15 1
11 16 -1
11 39 1
11 42 1
11 43 -1
11 46 1
11 59 1
11 64 1
12 1 1
12 5 -1
12 6 -1
12 7 -1
12 8 1
12 9 -1
12 10 1
12 11 -1
12 14 1
12 16 1
12 30 -1
12 34 1
12 37 1
12 50 1
12 54 -1
12 60 1
13 1 1
13 3 1
13 4 -1
13 7 -1
13 8 1
13 9 -1
13 10 -1
13 14 1
13 15 1
13 16 1
13 19 1
13 29 1
13 32 1
13 37 -1
13 55 -1
14 1 -1
14 2 1
14 4 1
14 7 1
14 8 1
14 9 1
14 10 1
14 12 1
14 13 1
14 15 -1
14 29 1
14 42 -1
14 52 1
14 54 -1
14 56 -1
15 1 1
15 2 1
15 3 1
15 5 -1
15 6 1
15 8 -1
15 11 1
15 13 1
15 14 -1
15 16 1
15 22 -1
15 33 1
15 34 1
15 35 -1
15 45 1
15 58 1
16 1 1
16 2 -1
16 6 -1
16 7 -1
16 9 1
16 10 -1
16 11 -1
16 12 1
16 13 1
16 15 1
16 20 -1
16 22 1
16 31 -1
16 36 1
16 52 -1
17 18 1
17 19 -1
17 21 1
17 22 1
17 23 -1
17 25 -1
17 27 1
17 28 -1
17 29 -1
17 32 1
17 46 1
17 47 1
17 59 -1
17 61 -1
17 62 1
18 6 1
18 17 1
18 20 1
18 24 1
18 25 1
18 26 1
18 27 1
18 28 1
18 29 -1
18 30 -1
18 32 1
18 42 -1
18 44 -1
18 50 -1
18 51 1
19 4 -1
19 13 1
19 17 -1
19 20 -1
19 24 -1
19 25 1
19 26 1
19 27 1
19 28 1
19 29 -1
19 30 -1
19 31 -1
19 37 -1
19 56 1
19 59 1
19 61 -1
20 16 -1
20 18 1
20 19 -1
20 21 -1
20 22 -1
20 23 1
20 24 1
20 26 1
20 28 -1
20 30 -1
20 32 -1
20 41 1
20 42 -1
20 43 1
20 51 1
21 17 1
21 20 -1
21 22 1
21 24 -1
21 25 1
21 27 -1
21 28 1
21 30 1
21 31 -1
21 32 1
21 39 1
21 42 -1
21 45 1
21 46 -1
21 50 1
21 63 1
22 15 -1
22 16 1
22 17 1
22 20 -1
22 21 1
22 23 -1
22 26 1
22 27 1
22 29 1
22 30 1
22 31 1
22 32 1
22 36 -1
22 38 -1
22 62 -1
22 64 1
23 17 -1
23 20 1
23 22 -1
23 24 1
23 26 1
23 27 -1
23 29 -1
23 30 1
23 31 1
23 32 1
23 33 -1
23 36 1
23 44 -1
23 50 -1
23 52 -1
23 58 -1
24 18 1
24 19 -1
24 20 1
24 21 -1
24 23 1
24 26 1
24 27 -1
24 28 1
24 31 1
24 32 1
24 35 1
24 41 1
24 49 1
24 53 -1
25 10 1
25 17 -1
25 18 1
25 19 1
25 21 1
25 26 1
25 27 -1
25 28 -1
25 29 1
25 30 1
25 31 1
25 38 1
25 40 1
25 58 -1
25 62 -1
26 7 1
26 18 1
26 19 1
26 20 1
26 22 1
26 23 1
26 24 1
26 25 1
26 29 -1
26 31 -1
26 32 -1
26 35 -1
26 43 1
26 53 1
26 55 1
26 61 -1
27 1 1
27 7 -1
27 17 1
27 18 1
27 19 1
27 21 -1
27 22 1
27 23 -1
27 24 -1
27 25 -1
27 29 1
27 30 -1
27 35 1
27 46 -1
27 51 -1
27 59 1
28 17 -1
28 18 1
28 19 1
28 20 -1
28 21 1
28 24 1
28 25 -1
28 30 1
28 31 -1
28 32 1
28 33 1
28 38 1
28 42 -1
28 55 1
28 64 -1
29 13 1
29 14 1
29 17 -1
29 18 -1
29 19 -1
29 22 1
29 23 -1
29 25 1
29 26 -1
29 27 1
29 31 1
29 32 1
29 39 1
29 43 -1
29 54 1
30 8 1
30 9 1
30 12 -1
30 18 -1
30 19 -1
30 20 -1
30 21 1
30 22 1
30 23 1
30 25 1
30 27 -1
30 28 1
30 31 1
30 38 -1
30 52 1
31 2 1
31 8 -1
31 16 -1
31 19 -1
31 21 -1
31 22 1
31 23 1
31 24 1
31 25 1
31 26 -1
31 28 -1
31 29 1
31 30 1
31 44 1
31 46 1
31 56 1
32 2 -1
32 8 1
32 13 1
32 17 1
32 18 1
32 20 -1
32 21 1
32 22 1
32 23 1
32 24 1
32 26 -1
32 28 1
32 29 1
32 37 1
32 63 -1
33 4 -1
33 15 1
33 23 -1
33 28 1
33 34 1
33 36 1
33 38 1
33 40 -1
33 43 -1
33 44 1
33 45 1
33 46 1
33 47 1
33 48 1
33 54 1
33 60 -1
34 3 1
34 10 1
34 12 1
34 15 1
34 33 1
34 35 -1
34 37 1
34 39 -1
34 40 1
34 43 1
34 45 1
34 46 1
34 47 -1
34 48 1
34 59 -1
35 15 -1
35 24 1
35 26 -1
35 27 1
35 34 -1
35 37 1
35 38 -1
35 39 1
35 40 1
35 41 1
35 42 1
35 43 1
35 44 -1
35 46 -1
35 49 -1
36 5 1
36 16 1
36 22 -1
36 23 1
36 33 1
36 37 1
36 39 1
36 40 1
36 41 1
36 42 1
36 43 1
36 44 -1
36 45 1
36 46 1
36 57 -1
36 61 -1
37 12 1
37 13 -1
37 19 -1
37 32 1
37 34 1
37 35 1
37 36 1
37 39 1
37 40 -1
37 41 1
37 43 1
37 44 1
37 47 -1
37 48 -1
37 54 1
38 22 -1
38 25 1
38 28 1
38 30 -1
38 33 1
38 35 -1
38 39 -1
38 41 1
38 42 1
38 43 1
38 45 1
38 46 -1
38 47 1
38 48 1
38 59 1
39 4 1
39 7 -1
39 11 1
39 21 1
39 29 1
39 34 -1
39 35 1
39 36 1
39 37 1
39 38 -1
39 41 1
39 44 1
39 45 -1
39 47 1
39 48 1
39 60 -1
40 1 1
40 5 -1
40 25 1
40 33 -1
40 34 1
40 35 1
40 36 1
40 37 -1
40 42 1
40 43 -1
40 44 1
40 47 -1
40 48 -1
40 51 1
40 57 -1
41 4 -1
41 20 1
41 24 1
41 35 1
41 36 1
41 37 1
41 38 1
41 39 1
41 42 1
41 43 1
41 44 -1
41 45 -1
41 47 1
41 58 1
41 63 1
42 11 1
42 14 -1
42 18 -1
42 20 -1
42 21 -1
42 28 -1
42 35 1
42 36 1
42 38 1
42 40 1
42 41 1
42 43 1
42 44 -1
42 46 -1
42 47 1
42 48 -1
43 11 -1
43 20 1
43 26 1
43 29 -1
43 33 -1
43 34 1
43 35 1
43 36 1
43 37 1
43 38 1
43 40 -1
43 41 1
43 42 1
43 48 1
43 50 -1
43 64 1
44 1 1
44 6 -1
44 18 -1
44 23 -1
44 31 1
44 33 1
44 35 -1
44 36 -1
44 37 1
44 39 1
44 40 1
44 41 -1
44 42 -1
44 45 1
44 46 -1
45 1 -1
45 15 1
45 21 1
45 33 1
45 34 1
45 36 1
45 38 1
45 39 -1
45 41 -1
45 44 1
45 46 -1
45 47 1
45 48 1
45 53 1
45 55 1
45 63 -1
46 3 1
46 11 1
46 17 1
46 21 -1
46 27 -1
46 31 1
46 33 1
46 34 1
46 35 -1
46 36 1
46 38 -1
46 42 -1
46 44 -1
46 45 -1
46 47 1
46 48 1
47 5 1
47 10 -1
47 17 1
47 33 1
47 34 -1
47 37 -1
47 38 1
47 39 1
47 40 -1
47 41 1
47 42 1
47 45 1
47 46 1
47 57 1
47 60 -1
47 64 1
48 1 1
48 2 -1
48 7 1
48 33 1
48 34 1
48 37 -1
48 38 1
48 39 1
48 40 -1
48 42 -1
48 43 1
48 45 1
48 46 1
48 49 -1
48 55 1
49 6 -1
49 9 1
49 24 1
49 35 -1
49 48 -1
49 52 1
49 53 1
49 54 -1
49 55 -1
49 56 -1
49 58 -1
49 59 -1
49 60 1
49 61 1
49 63 -1
50 12 1
50 18 -1
50 21 1
50 23 -1
50 43 -1
50 51 1
50 52 1
50 54 -1
50 55 1
50 56 1
50 58 1
50 59 1
50 61 1
50 63 1
50 64 1
51 10 -1
51 18 1
51 20 1
51 27 -1
51 40 1
51 50 1
51 52 1
51 53 1
51 55 1
51 57 1
51 59 -1
51 60 1
51 61 1
51 63 1
51 64 -1
52 6 1
52 10 1
52 14 1
52 16 -1
52 23 -1
52 30 1
52 49 1
52 50 1
52 51 1
52 53 -1
52 54 -1
52 58 1
52 60 -1
52 62 -1
52 63 1
52 64 -1
53 3 -1
53 4 -1
53 10 1
53 24 -1
53 26 1
53 45 1
53 49 1
53 51 1
53 52 -1
53 55 -1
53 56 1
53 57 1
53 58 1
53 59 1
53 60 1
53 61 1
54 3 1
54 12 -1
54 14 -1
54 29 1
54 33 1
54 37 1
54 49 -1
54 50 -1
54 52 -1
54 55 1
54 57 -1
54 58 1
54 60 1
54 61 -1
54 62 -1
54 64 1
55 4 1
55 13 -1
55 26 1
55 28 1
55 45 1
55 48 1
55 49 -1
55 50 1
55 51 1
55 53 -1
55 54 1
55 57 1
55 59 1
55 61 1
55 62 -1
55 63 1
56 1 1
56 6 -1
56 14 -1
56 19 1
56 31 1
56 49 -1
56 50 1
56 53 1
56 58 1
56 59 1
56 60 -1
56 61 1
56 62 -1
56 63 1
56 64 1
57 2 1
57 5 1
57 8 1
57 36 -1
57 40 -1
57 47 1
57 51 1
57 53 1
57 54 -1
57 55 1
57 58 1
57 59 1
57 61 -1
57 62 -1
57 63 -1
57 64 1
58 9 1
58 15 1
58 23 -1
58 25 -1
58 41 1
58 49 -1
58 50 1
58 52 1
58 53 1
58 54 1
58 56 1
58 57 1
58 59 1
58 60 1
58 62 1
59 11 1
59 17 -1
59 19 1
59 27 1
59 34 -1
59 38 1
59 49 -1
59 50 1
59 51 -1
59 53 1
59 55 1
59 56 1
59 57 1
59 58 1
59 62 1
59 64 -1
60 3 -1
60 8 -1
60 12 1
60 33 -1
60 39 -1
60 47 -1
60 49 1
60 51 1
60 52 -1
60 53 1
60 54 1
60 56 -1
60 58 1
60 62 -1
60 63 1
60 64 -1
61 7 -1
61 17 -1
61 19 -1
61 26 -1
61 36 -1
61 49 1
61 50 1
61 51 1
61 53 1
61 54 -1
61 55 1
61 56 1
61 57 -1
61 63 1
61 64 1
62 2 1
62 5 -1
62 9 1
62 17 1
62 22 -1
62 25 -1
62 52 -1
62 54 -1
62 55 -1
62 56 -1
62 57 -1
62 58 1
62 59 1
62 60 -1
62 63 1
62 64 -1
63 7 1
63 9 -1
63 21 1
63 32 -1
63 41 1
63 45 -1
63 49 -1
63 50 1
63 51 1
63 52 1
63 55 1
63 56 1
63 57 -1
63 60 1
63 61 1
63 62 1
64 5 -1
64 11 1
64 22 1
64 28 -1
64 43 1
64 47 1
64 50 1
64 51 -1
64 52 -1
64 54 1
64 56 1
64 57 1
64 59 -1
64 60 -1
64 61 1
64 62 -1
