1 3 -1
1 4 1
1 6 1
1 8 -1
1 9 -1
1 10 1
1 12 1
1 14 -1
1 15 1
1 16 -1
1 30 1
1 46 -1
1 49 -1
1 53 -1
1 60 1
1 61 -1
2 3 -1
2 4 1
2 5 -1
2 6 -1
2 7 -1
2 8 -1
2 10 -1
2 12 -1
2 14 -1
2 16 -1
2 19 -1
2 20 1
2 28 1
2 30 -1
2 51 -1
2 55 -1
3 1 -1
3 2 -1
3 4 -1
3 5 -1
3 7 -1
3 8 1
3 10 -1
3 11 1
3 14 -1
3 15 -1
3 30 -1
3 32 -1
3 39 -1
3 41 -1
3 46 1
3 56 1
4 1 1
4 2 1
4 3 -1
4 7 -1
4 10 -1
4 11 -1
4 12 -1
4 13 -1
4 15 -1
4 16 -1
4 30 -1
4 34 -1
4 36 -1
4 38 -1
4 40 -1
4 56 -1
5 2 -1
5 3 -1
5 7 -1
5 8 -1
5 9 -1
5 10 -1
5 11 -1
5 12 -1
5 14 -1
5 16 -1
5 23 -1
5 25 1
5 28 -1
5 42 1
5 43 -1
5 59 -1
6 1 1
6 2 -1
6 7 -1
6 8 1
6 9 -1
6 11 -1
6 12 -1
6 13 -1
6 14 -1
6 16 -1
6 23 -1
6 26 1
6 36 -1
6 37 -1
6 52 -1
7 2 -1
7 3 -1
7 4 -1
7 5 -1
7 6 -1
7 11 -1
7 12 1
7 13 -1
7 15 -1
7 16 1
7 21 -1
7 32 -1
7 40 -1
7 53 -1
7 55 -1
8 1 -1
8 2 -1
8 3 1
8 5 -1
8 6 1
8 9 -1
8 10 -1
8 13 -1
8 14 -1
8 15 -1
8 18 1
8 22 -1
8 24 -1
8 34 -1
8 48 -1
8 63 -1
9 1 -1
9 5 -1
9 6 -1
9 8 -1
9 10 -1
9 11 1
9 13 -1
9 14 1
9 15 -1
9 16 -1
9 27 -1
9 31 -1
9 41 1
9 55 1
9 57 -1
9 58 -1
10 1 1
10 2 -1
10 3 -1
10 4 -1
10 5 -1
10 8 -1
10 9 -1
10 13 1
10 14 -1
10 15 -1
10 48 -1
10 52 -1
10 59 1
10 62 -1
10 64 -1
11 3 1
11 4 -1
11 5 -1
11 6 -1
11 7 -1
11 9 1
11 12 1
11 13 -1
11 14 -1
11 16 1
11 39 -1
11 42 -1
11 46 -1
11 51 -1
11 58 -1
12 1 1
12 2 -1
12 4 -1
12 5 -1
12 6 -1
12 7 1
12 11 1
12 13 -1
12 14 1
12 15 -1
12 43 -1
12 45 -1
12 47 -1
12 55 -1
12 62 -1
12 63 -1
13 4 -1
13 6 -1
13 7 -1
13 8 -1
13 9 -1
13 10 1
13 11 -1
13 12 -1
13 15 1
13 16 -1
13 24 -1
13 25 -1
13 28 -1
13 36 -1
13 38 -1
13 57 -1
14 1 -1
14 2 -1
14 3 -1
14 5 -1
14 6 -1
14 8 -1
14 9 1
14 10 -1
14 11 -1
14 12 1
14 22 -1
14 25 -1
14 32 -1
14 34 -1
14 39 -1
14 51 1
15 1 1
15 3 -1
15 4 -1
15 7 -1
15 8 -1
15 9 -1
15 10 -1
15 12 -1
15 13 1
15 16 -1
15 20 -1
15 24 1
15 37 -1
15 41 -1
15 52 -1
15 57 -1
16 1 -1
16 2 -1
16 4 -1
16 5 -1
16 6 -1
16 7 1
16 9 -1
16 11 1
16 13 -1
16 15 -1
16 33 1
16 50 -1
16 53 -1
16 55 -1
16 60 -1
16 61 -1
17 18 -1
17 19 -1
17 20 -1
17 21 -1
17 22 -1
17 23 -1
17 25 -1
17 26 -1
17 30 1
17 32 -1
17 38 1
17 45 -1
17 49 -1
17 52 1
17 54 -1
17 64 -1
18 8 1
18 17 -1
18 19 -1
18 21 -1
18 22 -1
18 23 -1
18 26 -1
18 27 1
18 29 -1
18 30 -1
18 32 -1
18 37 -1
18 44 -1
18 50 -1
18 62 -1
19 2 -1
19 17 -1
19 18 -1
19 21 -1
19 22 1
19 25 -1
19 26 -1
19 28 -1
19 30 -1
19 31 -1
19 32 -1
19 33 1
19 34 -1
19 47 1
19 48 -1
20 2 1
20 15 -1
20 17 -1
20 22 -1
20 23 -1
20 24 -1
20 26 -1
20 27 -1
20 28 1
20 29 1
20 30 -1
20 32 1
20 35 -1
20 45 -1
20 61 -1
21 7 -1
21 17 -1
21 18 -1
21 19 -1
21 22 -1
21 24 -1
21 27 1
21 29 -1
21 30 -1
21 31 1
21 32 -1
21 36 1
21 38 -1
21 54 -1
21 56 1
22 8 -1
22 14 -1
22 17 -1
22 18 -1
22 19 1
22 20 -1
22 21 -1
22 23 1
22 24 1
22 30 -1
22 31 -1
22 32 -1
22 35 -1
22 43 1
22 47 -1
22 57 -1
23 5 -1
23 6 -1
23 17 -1
23 18 -1
23 20 -1
23 22 1
23 24 -1
23 25 -1
23 27 -1
23 28 -1
23 29 -1
23 31 1
23 34 -1
23 61 -1
23 62 -1
23 64 -1
24 8 -1
24 13 -1
24 15 1
24 20 -1
24 21 -1
24 22 1
24 23 -1
24 25 -1
24 27 -1
24 28 -1
24 29 -1
24 30 -1
24 31 -1
24 48 -1
24 50 -1
24 52 1
25 5 1
25 13 -1
25 14 -1
25 17 -1
25 19 -1
25 23 -1
25 24 -1
25 26 1
25 27 -1
25 28 -1
25 29 -1
25 30 -1
25 31 -1
25 46 -1
25 54 -1
25 58 -1
26 6 1
26 17 -1
26 18 -1
26 19 -1
26 20 -1
26 25 1
26 27 -1
26 28 -1
26 29 -1
26 30 -1
26 31 -1
26 42 -1
26 50 -1
26 60 -1
27 9 -1
27 18 1
27 20 -1
27 21 1
27 23 -1
27 24 -1
27 25 -1
27 26 -1
27 28 1
27 29 -1
27 32 -1
27 39 -1
27 40 -1
27 41 1
27 44 1
27 56 -1
28 2 1
28 5 -1
28 13 -1
28 19 -1
28 20 1
28 23 -1
28 24 -1
28 25 -1
28 26 -1
28 27 1
28 29 -1
28 31 -1
28 32 -1
28 37 -1
28 43 -1
28 53 -1
29 18 -1
29 20 1
29 21 -1
29 23 -1
29 24 -1
29 25 -1
29 26 -1
29 27 -1
29 28 -1
29 31 -1
29 43 -1
29 45 -1
29 49 1
29 59 1
29 61 -1
29 63 -1
30 1 1
30 2 -1
30 3 -1
30 4 -1
30 17 1
30 18 -1
30 19 -1
30 20 -1
30 21 -1
30 22 -1
30 24 -1
30 25 -1
30 26 -1
30 32 -1
30 33 -1
30 63 -1
31 9 -1
31 19 -1
31 21 1
31 22 -1
31 23 1
31 24 -1
31 25 -1
31 26 -1
31 28 -1
31 29 -1
31 32 -1
31 36 -1
31 37 -1
31 42 -1
31 54 -1
31 59 1
32 3 -1
32 7 -1
32 14 -1
32 17 -1
32 18 -1
32 19 -1
32 20 1
32 21 -1
32 22 -1
32 27 -1
32 28 -1
32 30 -1
32 31 -1
32 37 1
32 49 1
32 55 1
33 16 1
33 19 1
33 30 -1
33 34 -1
33 36 -1
33 38 -1
33 39 -1
33 43 -1
33 44 -1
33 45 -1
33 46 1
33 47 -1
33 48 -1
33 49 -1
33 57 -1
34 4 -1
34 8 -1
34 14 -1
34 19 -1
34 23 -1
34 33 -1
34 35 -1
34 37 -1
34 38 -1
34 41 -1
34 43 -1
34 44 -1
34 45 -1
34 46 -1
34 47 -1
34 49 -1
35 20 -1
35 22 -1
35 34 -1
35 36 -1
35 37 -1
35 38 1
35 39 -1
35 41 -1
35 42 -1
35 43 -1
35 46 1
35 47 -1
35 54 -1
35 57 -1
35 64 -1
36 4 -1
36 6 -1
36 13 -1
36 21 1
36 31 -1
36 33 -1
36 35 -1
36 37 -1
36 39 -1
36 41 -1
36 42 -1
36 44 1
36 46 -1
36 47 -1
36 48 -1
36 53 -1
37 6 -1
37 15 -1
37 18 -1
37 28 -1
37 31 -1
37 32 1
37 34 -1
37 35 -1
37 36 -1
37 40 -1
37 41 -1
37 42 -1
37 43 -1
37 44 -1
37 45 -1
37 47 -1
38 4 -1
38 13 -1
38 17 1
38 21 -1
38 33 -1
38 34 -1
38 35 1
38 39 1
38 40 -1
38 41 -1
38 42 -1
38 43 -1
38 44 1
38 45 -1
38 51 -1
38 63 -1
39 3 -1
39 11 -1
39 14 -1
39 27 -1
39 33 -1
39 35 -1
39 36 -1
39 38 1
39 40 1
39 43 -1
39 44 -1
39 46 -1
39 47 -1
39 48 -1
39 59 -1
39 61 -1
40 4 -1
40 7 -1
40 27 -1
40 37 -1
40 38 -1
40 39 1
40 41 -1
40 42 -1
40 43 -1
40 45 -1
40 46 -1
40 47 1
40 48 -1
40 52 1
40 64 -1
41 3 -1
41 9 1
41 15 -1
41 27 1
41 34 -1
41 35 -1
41 36 -1
41 37 -1
41 38 -1
41 40 -1
41 44 -1
41 45 -1
41 46 -1
41 48 -1
41 56 1
41 60 -1
42 5 1
42 11 -1
42 26 -1
42 31 -1
42 35 -1
42 36 -1
42 37 -1
42 38 -1
42 40 -1
42 43 -1
42 44 -1
42 45 -1
42 46 1
42 47 -1
42 62 1
43 5 -1
43 12 -1
43 22 1
43 28 -1
43 29 -1
43 33 -1
43 34 -1
43 35 -1
43 37 -1
43 38 -1
43 39 -1
43 40 -1
43 42 -1
43 45 -1
43 48 -1
43 60 -1
44 18 -1
44 27 1
44 33 -1
44 34 -1
44 36 1
44 37 -1
44 38 1
44 39 -1
44 41 -1
44 42 -1
44 47 -1
44 48 -1
44 58 -1
45 12 -1
45 17 -1
45 20 -1
45 29 -1
45 33 -1
45 34 -1
45 37 -1
45 38 -1
45 40 -1
45 41 -1
45 42 -1
45 43 -1
45 46 1
45 48 1
45 50 -1
46 1 -1
46 3 1
46 11 -1
46 25 -1
46 33 1
46 34 -1
46 35 1
46 36 -1
46 39 -1
46 40 -1
46 41 -1
46 42 1
46 45 1
46 48 -1
46 51 -1
46 59 1
47 12 -1
47 19 1
47 22 -1
47 33 -1
47 34 -1
47 35 -1
47 36 -1
47 37 -1
47 39 -1
47 40 1
47 42 -1
47 44 -1
47 48 -1
47 51 -1
47 56 -1
47 62 -1
48 8 -1
48 10 -1
48 19 -1
48 24 -1
48 33 -1
48 36 -1
48 39 -1
48 40 -1
48 41 -1
48 43 -1
48 44 -1
48 45 1
48 46 -1
48 47 -1
48 63 -1
49 1 -1
49 17 -1
49 29 1
49 32 1
49 33 -1
49 34 -1
49 51 -1
49 52 -1
49 53 1
49 54 -1
49 56 -1
49 59 -1
49 60 -1
49 61 -1
49 62 -1
49 63 -1
50 16 -1
50 18 -1
50 24 -1
50 26 -1
50 45 -1
50 51 -1
50 52 -1
50 53 -1
50 54 1
50 55 -1
50 57 1
50 58 -1
50 59 -1
50 61 1
50 64 -1
51 2 -1
51 11 -1
51 14 1
51 38 -1
51 46 -1
51 47 -1
51 49 -1
51 50 -1
51 53 -1
51 55 -1
51 56 1
51 59 1
51 60 -1
51 61 1
51 62 1
51 63 -1
52 6 -1
52 10 -1
52 15 -1
52 17 1
52 24 1
52 40 1
52 49 -1
52 50 -1
52 53 -1
52 54 -1
52 56 -1
52 58 1
52 59 -1
52 61 -1
52 62 -1
52 63 -1
53 1 -1
53 7 -1
53 16 -1
53 28 -1
53 36 -1
53 49 1
53 50 -1
53 51 -1
53 52 -1
53 58 -1
53 60 -1
53 61 1
53 62 -1
53 63 1
53 64 -1
54 17 -1
54 21 -1
54 25 -1
54 31 -1
54 35 -1
54 49 -1
54 50 1
54 52 -1
54 55 -1
54 56 1
54 57 -1
54 58 -1
54 59 -1
54 63 1
54 64 -1
55 2 -1
55 7 -1
55 9 1
55 12 -1
55 16 -1
55 32 1
55 50 -1
55 51 -1
55 54 -1
55 56 -1
55 57 1
55 59 -1
55 60 1
55 62 -1
55 63 -1
55 64 1
56 3 1
56 4 -1
56 21 1
56 27 -1
56 41 1
56 47 -1
56 49 -1
56 51 1
56 52 -1
56 54 1
56 55 -1
56 57 -1
56 58 1
56 59 -1
56 63 1
56 64 -1
57 9 -1
57 13 -1
57 15 -1
57 22 -1
57 33 -1
57 35 -1
57 50 1
57 54 -1
57 55 1
57 56 -1
57 59 -1
57 60 -1
57 61 -1
57 62 -1
57 63 -1
57 64 1
58 9 -1
58 11 -1
58 25 -1
58 44 -1
58 50 -1
58 52 1
58 53 -1
58 54 -1
58 56 1
58 59 1
58 60 -1
58 61 -1
58 62 -1
58 64 1
59 5 -1
59 10 1
59 29 1
59 31 1
59 39 -1
59 46 1
59 49 -1
59 50 -1
59 51 1
59 52 -1
59 54 -1
59 55 -1
59 56 -1
59 57 -1
59 58 1
59 64 -1
60 1 1
60 16 -1
60 26 -1
60 41 -1
60 43 -1
60 49 -1
60 51 -1
60 53 -1
60 55 1
60 57 -1
60 58 -1
60 61 -1
60 62 -1
60 63 -1
60 64 -1
61 1 -1
61 16 -1
61 20 -1
61 23 -1
61 29 -1
61 39 -1
61 49 -1
61 50 1
61 51 1
61 52 -1
61 53 1
61 57 -1
61 58 -1
61 60 -1
61 62 -1
61 63 -1
62 10 -1
62 12 -1
62 18 -1
62 23 -1
62 42 1
62 47 -1
62 49 -1
62 51 1
62 52 -1
62 53 -1
62 55 -1
62 57 -1
62 58 -1
62 60 -1
62 61 -1
62 64 1
63 8 -1
63 12 -1
63 29 -1
63 30 -1
63 38 -1
63 48 -1
63 49 -1
63 51 -1
63 52 -1
63 53 1
63 54 1
63 55 -1
63 56 1
63 57 -1
63 60 -1
63 61 -1
64 10 -1
64 17 -1
64 23 -1
64 35 -1
64 40 -1
64 50 -1
64 53 -1
64 54 -1
64 55 1
64 56 -1
64 57 1
64 58 1
64 59 -1
64 60 -1
64 62 1
