1 2 1
1 4 1
1 5 1
1 6 -1
1 7 -1
1 8 1
1 11 1
1 12 -1
1 14 1
1 15 1
1 30 1
1 35 1
1 50 1
1 52 -1
1 54 1
1 60 -1
2 1 1
2 6 -1
2 9 1
2 10 -1
2 11 -1
2 12 -1
2 13 -1
2 14 1
2 15 -1
2 16 1
2 17 1
2 19 1
2 25 -1
2 30 -1
2 35 -1
2 46 1
3 4 -1
3 5 -1
3 6 1
3 7 1
3 8 1
3 9 1
3 12 -1
3 13 1
3 14 -1
3 15 -1
3 19 1
3 22 1
3 28 1
3 36 -1
3 52 -1
3 61 -1
4 1 1
4 3 -1
4 7 1
4 8 1
4 9 1
4 10 -1
4 11 1
4 12 1
4 14 1
4 15 -1
4 18 -1
4 26 1
4 36 -1
4 48 -1
4 54 1
4 62 -1
5 1 1
5 3 -1
5 6 -1
5 7 1
5 8 -1
5 10 1
5 11 -1
5 13 1
5 14 1
5 15 -1
5 26 1
5 27 1
5 38 1
5 41 -1
5 56 -1
5 57 1
6 1 -1
6 2 -1
6 3 1
6 5 -1
6 9 1
6 10 1
6 11 1
6 13 1
6 14 1
6 16 1
6 37 -1
6 38 1
6 42 -1
6 48 1
6 62 1
6 63 1
7 1 -1
7 3 1
7 4 1
7 5 1
7 8 1
7 9 -1
7 11 -1
7 12 -1
7 13 1
7 16 1
7 25 -1
7 32 1
7 34 -1
7 35 1
7 50 1
7 62 -1
8 1 1
8 3 1
8 4 1
8 5 -1
8 7 1
8 9 1
8 10 -1
8 11 1
8 12 -1
8 15 1
8 18 1
8 31 1
8 32 -1
8 44 -1
8 52 1
8 64 -1
9 2 1
9 3 1
9 4 1
9 6 1
9 7 -1
9 8 1
9 10 1
9 12 1
9 13 -1
9 16 -1
9 18 1
9 25 1
9 30 -1
9 40 1
9 44 -1
9 47 1
10 2 -1
10 4 -1
10 5 1
10 6 1
10 8 -1
10 9 1
10 11 -1
10 13 1
10 15 -1
10 16 1
10 28 1
10 36 -1
10 54 1
10 57 -1
10 64 1
11 1 1
11 2 -1
11 4 1
11 5 -1
11 6 1
11 7 -1
11 8 1
11 10 -1
11 12 1
11 16 1
11 30 -1
11 32 1
11 34 -1
11 40 1
11 44 1
12 1 -1
12 2 -1
12 3 -1
12 4 1
12 7 -1
12 8 -1
12 9 1
12 11 1
12 14 -1
12 16 1
12 25 1
12 29 -1
12 42 -1
12 46 -1
12 61 -1
12 63 1
13 2 -1
13 3 1
13 5 1
13 6 1
13 7 1
13 9 -1
13 10 1
13 14 1
13 15 -1
13 16 1
13 17 1
13 26 -1
13 30 -1
13 55 1
13 58 1
13 60 -1
14 1 1
14 2 1
14 3 -1
14 4 1
14 5 1
14 6 1
14 12 -1
14 13 1
14 15 1
14 16 1
14 17 1
14 19 -1
14 31 1
14 41 1
14 57 -1
14 62 1
15 1 1
15 2 -1
15 3 -1
15 4 -1
15 5 -1
15 8 1
15 10 -1
15 13 -1
15 14 1
15 16 -1
15 19 1
15 45 1
15 47 1
15 53 1
15 58 1
15 61 1
16 2 1
16 6 1
16 7 1
16 9 -1
16 10 1
16 11 1
16 12 1
16 13 1
16 14 1
16 15 -1
16 26 -1
16 33 1
16 50 1
16 58 1
17 2 1
17 13 1
17 14 1
17 18 1
17 19 1
17 20 -1
17 23 1
17 24 1
17 25 1
17 29 1
17 30 1
17 31 -1
17 32 1
17 37 1
17 61 1
17 63 -1
18 4 -1
18 8 1
18 9 1
18 17 1
18 19 1
18 22 -1
18 24 -1
18 25 1
18 26 1
18 28 1
18 29 1
18 30 1
18 31 1
18 41 -1
18 45 1
18 53 1
19 2 1
19 3 1
19 14 -1
19 15 1
19 17 1
19 18 1
19 22 1
19 23 -1
19 24 -1
19 26 1
19 27 1
19 28 1
19 30 1
19 31 1
19 51 -1
19 53 -1
20 17 -1
20 21 1
20 23 1
20 24 -1
20 25 -1
20 27 1
20 28 1
20 29 1
20 31 -1
20 32 -1
20 33 -1
20 36 1
20 37 1
20 39 -1
20 42 1
20 48 -1
21 20 1
21 22 1
21 25 1
21 26 1
21 27 -1
21 28 1
21 29 1
21 30 1
21 31 1
21 32 1
21 35 1
21 37 1
21 39 1
21 43 -1
21 55 -1
21 59 1
22 3 1
22 18 -1
22 19 1
22 21 1
22 23 1
22 24 1
22 25 1
22 27 -1
22 28 1
22 29 1
22 32 -1
22 36 1
22 47 1
22 48 -1
22 61 -1
22 64 1
23 17 1
23 19 -1
23 20 1
23 22 1
23 25 -1
23 26 1
23 27 -1
23 28 1
23 30 1
23 32 -1
23 33 1
23 41 1
23 46 1
23 51 -1
23 59 1
23 61 -1
24 17 1
24 18 -1
24 19 -1
24 20 -1
24 22 1
24 25 -1
24 26 1
24 27 -1
24 29 1
24 31 1
24 39 -1
24 49 1
24 53 -1
24 63 1
25 2 -1
25 7 -1
25 9 1
25 12 1
25 17 1
25 18 1
25 20 -1
25 21 1
25 22 1
25 23 -1
25 24 -1
25 29 1
25 30 -1
25 32 -1
25 45 -1
25 55 -1
26 4 1
26 5 1
26 13 -1
26 16 -1
26 18 1
26 19 1
26 21 1
26 23 1
26 24 1
26 28 1
26 29 -1
26 30 1
26 31 1
26 32 -1
26 59 -1
26 64 -1
27 5 1
27 19 1
27 20 1
27 21 -1
27 22 -1
27 23 -1
27 24 -1
27 28 1
27 30 1
27 31 1
27 32 -1
27 33 1
27 42 1
27 49 1
27 51 1
27 53 1
28 3 1
28 10 1
28 18 1
28 19 1
28 20 1
28 21 1
28 22 1
28 23 1
28 26 1
28 27 1
28 29 1
28 31 -1
28 42 1
28 49 1
28 50 -1
29 12 -1
29 17 1
29 18 1
29 20 1
29 21 1
29 22 1
29 24 1
29 25 1
29 26 -1
29 28 1
29 32 1
29 37 1
29 39 1
29 45 1
29 47 1
29 48 1
30 1 1
30 2 -1
30 9 -1
30 11 -1
30 13 -1
30 17 1
30 18 1
30 19 1
30 21 1
30 23 1
30 25 -1
30 26 1
30 27 1
30 31 -1
30 32 1
30 53 1
31 8 1
31 14 1
31 17 -1
31 18 1
31 19 1
31 20 -1
31 21 1
31 24 1
31 26 1
31 27 1
31 28 -1
31 30 -1
31 33 1
31 43 1
31 49 1
31 55 1
32 7 1
32 8 -1
32 11 1
32 17 1
32 20 -1
32 21 1
32 22 -1
32 23 -1
32 25 -1
32 26 -1
32 27 -1
32 29 1
32 30 1
32 34 -1
32 44 1
32 64 1
33 16 1
33 20 -1
33 23 1
33 27 1
33 31 1
33 35 -1
33 37 1
33 39 -1
33 40 1
33 43 -1
33 44 -1
33 45 -1
33 46 1
33 47 1
33 48 -1
33 51 1
34 7 -1
34 11 -1
34 32 -1
34 35 -1
34 36 -1
34 37 -1
34 38 1
34 39 -1
34 42 -1
34 44 1
34 46 -1
34 47 1
34 48 1
34 58 1
34 62 1
34 64 1
35 1 1
35 2 -1
35 7 1
35 21 1
35 33 -1
35 34 -1
35 37 -1
35 38 1
35 39 -1
35 41 -1
35 42 1
35 43 1
35 45 -1
35 47 -1
35 57 1
36 3 -1
36 4 -1
36 10 -1
36 20 1
36 22 1
36 34 -1
36 38 1
36 39 -1
36 40 -1
36 41 -1
36 43 1
36 44 -1
36 45 1
36 46 -1
36 48 -1
36 49 -1
37 6 -1
37 17 1
37 20 1
37 21 1
37 29 1
37 33 1
37 34 -1
37 35 -1
37 38 -1
37 39 1
37 40 1
37 42 1
37 43 -1
37 45 1
37 48 1
37 59 -1
38 5 1
38 6 1
38 34 1
38 35 1
38 36 1
38 37 -1
38 41 1
38 42 1
38 43 1
38 45 -1
38 46 1
38 47 1
38 50 1
38 52 1
38 54 1
38 60 -1
39 20 -1
39 21 1
39 24 -1
39 29 1
39 33 -1
39 34 -1
39 35 -1
39 36 -1
39 37 1
39 40 1
39 42 1
39 44 -1
39 45 -1
39 47 -1
39 55 1
39 62 -1
40 9 1
40 11 1
40 33 1
40 36 -1
40 37 1
40 39 1
40 41 1
40 42 -1
40 43 1
40 44 -1
40 46 -1
40 48 -1
40 54 1
40 60 1
41 5 -1
41 14 1
41 18 -1
41 23 1
41 35 -1
41 36 -1
41 38 1
41 40 1
41 42 -1
41 44 1
41 45 1
41 46 1
41 47 -1
41 48 -1
41 51 -1
41 56 1
42 6 -1
42 12 -1
42 20 1
42 27 1
42 28 1
42 34 -1
42 35 1
42 37 1
42 38 1
42 39 1
42 40 -1
42 41 -1
42 44 -1
42 46 1
42 48 -1
42 56 1
43 21 -1
43 31 1
43 33 -1
43 35 1
43 36 1
43 37 -1
43 38 1
43 40 1
43 44 -1
43 45 1
43 47 -1
43 48 -1
43 50 -1
43 51 1
43 59 1
43 63 1
44 8 -1
44 9 -1
44 11 1
44 32 1
44 33 -1
44 34 1
44 36 -1
44 39 -1
44 40 -1
44 41 1
44 42 -1
44 43 -1
44 45 -1
44 46 -1
44 56 1
44 57 -1
45 15 1
45 18 1
45 25 -1
45 29 1
45 33 -1
45 35 -1
45 36 1
45 37 1
45 38 -1
45 39 -1
45 41 1
45 43 1
45 44 -1
45 47 1
45 55 1
45 56 -1
46 2 1
46 12 -1
46 23 1
46 33 1
46 34 -1
46 36 -1
46 38 1
46 40 -1
46 41 1
46 42 1
46 44 -1
46 47 -1
46 48 -1
46 56 1
46 60 1
47 9 1
47 15 1
47 22 1
47 29 1
47 33 1
47 34 1
47 35 -1
47 38 1
47 39 -1
47 41 -1
47 43 -1
47 45 1
47 46 -1
47 48 1
47 52 -1
48 4 -1
48 6 1
48 20 -1
48 22 -1
48 29 1
48 33 -1
48 34 1
48 36 -1
48 37 1
48 40 -1
48 41 -1
48 42 -1
48 43 -1
48 46 -1
48 47 1
48 59 1
49 24 1
49 27 1
49 28 1
49 31 1
49 36 -1
49 50 1
49 52 1
49 53 -1
49 56 1
49 57 1
49 58 1
49 59 1
49 61 1
49 62 1
49 64 -1
50 1 1
50 7 1
50 16 1
50 28 -1
50 38 1
50 43 -1
50 49 1
50 51 1
50 52 1
50 53 -1
50 55 -1
50 56 1
50 57 1
50 60 1
50 61 -1
50 63 1
51 19 -1
51 23 -1
51 27 1
51 33 1
51 41 -1
51 43 1
51 50 1
51 52 1
51 53 1
51 54 1
51 55 1
51 56 1
51 57 -1
51 59 1
51 62 -1
51 64 1
52 1 -1
52 3 -1
52 8 1
52 38 1
52 47 -1
52 49 1
52 50 1
52 51 1
52 53 -1
52 56 1
52 57 1
52 60 1
52 61 1
52 62 1
52 64 1
53 15 1
53 18 1
53 19 -1
53 24 -1
53 27 1
53 30 1
53 49 -1
53 50 -1
53 51 1
53 52 -1
53 54 1
53 55 -1
53 58 -1
53 59 -1
53 61 1
53 62 1
54 1 1
54 4 1
54 10 1
54 38 1
54 40 1
54 51 1
54 53 1
54 55 -1
54 57 1
54 58 -1
54 59 -1
54 60 -1
54 61 1
54 62 1
54 64 -1
55 13 1
55 21 -1
55 25 -1
55 31 1
55 39 1
55 45 1
55 50 -1
55 51 1
55 53 -1
55 54 -1
55 56 1
55 57 1
55 58 -1
55 59 1
55 60 -1
55 63 -1
56 5 -1
56 41 1
56 42 1
56 44 1
56 45 -1
56 46 1
56 49 1
56 50 1
56 51 1
56 52 1
56 55 1
56 58 1
56 59 -1
56 61 -1
56 63 1
56 64 -1
57 5 1
57 10 -1
57 14 -1
57 35 1
57 44 -1
57 49 1
57 50 1
57 51 -1
57 52 1
57 54 1
57 55 1
57 60 1
57 61 1
57 62 -1
57 63 1
58 13 1
58 15 1
58 16 1
58 34 1
58 49 1
58 53 -1
58 54 -1
58 55 -1
58 56 1
58 59 1
58 60 -1
58 61 1
58 62 1
58 63 -1
59 21 1
59 23 1
59 26 -1
59 37 -1
59 43 1
59 48 1
59 49 1
59 51 1
59 53 -1
59 54 -1
59 55 1
59 56 -1
59 58 1
59 60 1
59 63 1
59 64 1
60 1 -1
60 13 -1
60 38 -1
60 40 1
60 46 1
60 50 1
60 52 1
60 54 -1
60 55 -1
60 57 1
60 58 -1
60 59 1
60 62 -1
60 63 1
60 64 -1
61 3 -1
61 12 -1
61 15 1
61 17 1
61 22 -1
61 23 -1
61 49 1
61 50 -1
61 52 1
61 53 1
61 54 1
61 56 -1
61 57 1
61 58 1
61 63 1
61 64 -1
62 4 -1
62 6 1
62 7 -1
62 14 1
62 34 1
62 39 -1
62 49 1
62 51 -1
62 52 1
62 53 1
62 54 1
62 57 -1
62 58 1
62 60 -1
62 63 1
62 64 -1
63 6 1
63 12 1
63 17 -1
63 24 1
63 43 1
63 50 1
63 55 -1
63 56 1
63 57 1
63 58 -1
63 59 1
63 60 1
63 61 1
63 62 1
63 64 -1
64 8 -1
64 10 1
64 22 1
64 26 -1
64 32 1
64 34 1
64 49 -1
64 51 1
64 52 1
64 54 -1
64 56 -1
64 59 1
64 60 -1
64 61 -1
64 62 -1
64 63 -1
