1 2 1
1 3 -1
1 4 -1
1 6 -1
1 8 -1
1 9 1
1 10 -1
1 12 -1
1 14 -1
1 15 -1
1 18 -1
1 22 1
1 29 1
1 37 -1
1 46 -1
1 54 -1
2 1 1
2 3 1
2 4 1
2 7 -1
2 8 1
2 9 -1
2 10 -1
2 13 1
2 14 -1
2 16 1
2 24 -1
2 29 1
2 34 1
2 39 -1
2 51 -1
3 1 -1
3 2 1
3 5 -1
3 6 -1
3 7 -1
3 10 1
3 11 -1
3 12 -1
3 13 -1
3 15 -1
3 19 -1
3 33 1
3 54 -1
3 59 -1
4 1 -1
4 2 1
4 5 -1
4 7 -1
4 8 1
4 9 1
4 11 1
4 12 1
4 15 -1
4 16 -1
4 20 1
4 31 -1
4 37 -1
4 49 1
4 54 -1
4 62 1
5 3 -1
5 4 -1
5 6 1
5 7 -1
5 8 1
5 10 -1
5 11 1
5 12 1
5 15 -1
5 16 -1
5 23 -1
5 24 -1
5 37 -1
5 39 -1
5 41 -1
5 60 1
6 1 -1
6 3 -1
6 5 1
6 7 -1
6 9 -1
6 10 1
6 11 1
6 12 -1
6 13 1
6 14 1
6 21 -1
6 22 1
6 44 -1
6 49 -1
6 60 -1
7 2 -1
7 3 -1
7 4 -1
7 5 -1
7 6 -1
7 9 -1
7 10 1
7 11 -1
7 13 -1
7 14 -1
7 20 -1
7 23 1
7 42 1
7 46 -1
7 56 -1
7 58 1
8 1 -1
8 2 1
8 4 1
8 5 1
8 9 -1
8 10 -1
8 13 -1
8 14 -1
8 15 1
8 16 1
8 17 -1
8 25 1
8 39 1
8 48 -1
8 52 1
8 62 -1
9 1 1
9 2 -1
9 4 1
9 6 -1
9 7 -1
9 8 -1
9 11 1
9 12 -1
9 15 -1
9 16 1
9 28 1
9 37 -1
9 41 1
9 45 -1
9 47 -1
10 1 -1
10 2 -1
10 3 1
10 5 -1
10 6 1
10 7 1
10 8 -1
10 11 -1
10 13 -1
10 16 1
10 19 -1
10 45 -1
10 52 1
10 54 1
10 58 -1
11 3 -1
11 4 1
11 5 1
11 6 1
11 7 -1
11 9 1
11 10 -1
11 13 1
11 14 -1
11 16 -1
11 27 -1
11 37 1
11 40 -1
11 42 -1
11 48 -1
11 64 -1
12 1 -1
12 3 -1
12 4 1
12 5 1
12 6 -1
12 9 -1
12 13 -1
12 14 1
12 15 -1
12 16 -1
12 27 -1
12 33 -1
12 48 1
12 50 1
12 55 1
12 62 -1
13 2 1
13 3 -1
13 6 1
13 7 -1
13 8 -1
13 10 -1
13 11 1
13 12 -1
13 14 1
13 15 1
13 23 1
13 24 -1
13 36 -1
13 40 1
13 41 -1
13 60 -1
14 1 -1
14 2 -1
14 6 1
14 7 -1
14 8 -1
14 11 -1
14 12 1
14 13 1
14 15 -1
14 16 -1
14 28 -1
14 31 -1
14 32 1
14 57 -1
14 62 1
14 64 -1
15 1 -1
15 3 -1
15 4 -1
15 5 -1
15 8 1
15 9 -1
15 12 -1
15 13 1
15 14 -1
15 16 -1
15 26 -1
15 27 1
15 38 -1
15 40 -1
15 45 -1
15 63 -1
16 2 1
16 4 -1
16 5 -1
16 8 1
16 9 1
16 10 1
16 11 -1
16 12 -1
16 14 -1
16 15 -1
16 22 -1
16 30 1
16 32 1
16 38 -1
16 48 1
16 62 1
17 8 -1
17 18 1
17 19 1
17 20 1
17 21 -1
17 23 -1
17 26 1
17 27 -1
17 29 1
17 31 1
17 32 1
17 39 -1
17 40 -1
17 42 -1
17 55 -1
17 56 -1
18 1 -1
18 17 1
18 19 -1
18 22 1
18 25 1
18 26 -1
18 27 -1
18 28 -1
18 29 1
18 31 -1
18 32 -1
18 36 1
18 38 -1
18 44 -1
18 48 -1
18 64 -1
19 3 -1
19 10 -1
19 17 1
19 18 -1
19 22 -1
19 23 -1
19 24 -1
19 25 -1
19 28 -1
19 29 1
19 31 -1
19 32 -1
19 51 -1
19 52 -1
19 56 -1
19 59 1
20 4 1
20 7 -1
20 17 1
20 22 -1
20 23 1
20 24 -1
20 25 1
20 26 -1
20 29 -1
20 30 -1
20 31 1
20 32 1
20 41 -1
20 53 -1
20 61 1
20 63 1
21 6 -1
21 17 -1
21 22 1
21 23 -1
21 24 -1
21 25 -1
21 27 1
21 28 1
21 30 -1
21 31 1
21 32 -1
21 35 1
21 41 -1
21 52 1
21 53 -1
21 56 1
22 1 1
22 6 1
22 16 -1
22 18 1
22 19 -1
22 20 -1
22 21 1
22 24 1
22 25 1
22 27 1
22 29 1
22 30 -1
22 31 -1
22 34 1
22 49 1
22 56 -1
23 5 -1
23 7 1
23 13 1
23 17 -1
23 19 -1
23 20 1
23 21 -1
23 25 -1
23 26 1
23 27 -1
23 28 1
23 30 -1
23 31 -1
23 42 -1
23 46 1
23 51 -1
24 2 -1
24 5 -1
24 13 -1
24 19 -1
24 20 -1
24 21 -1
24 22 1
24 25 1
24 26 -1
24 27 -1
24 30 -1
24 31 1
24 32 1
24 35 -1
24 41 -1
24 53 -1
25 8 1
25 18 1
25 19 -1
25 20 1
25 21 -1
25 22 1
25 23 -1
25 24 1
25 27 -1
25 28 -1
25 30 1
25 35 1
25 40 1
25 45 -1
25 53 -1
26 15 -1
26 17 1
26 18 -1
26 20 -1
26 23 1
26 24 -1
26 27 1
26 28 -1
26 29 1
26 30 -1
26 31 -1
26 34 -1
26 37 -1
26 38 -1
26 50 1
26 58 1
27 11 -1
27 12 -1
27 15 1
27 17 -1
27 18 -1
27 21 1
27 22 1
27 23 -1
27 24 -1
27 25 -1
27 26 1
27 28 -1
27 32 1
27 38 1
27 53 1
27 57 1
28 9 1
28 14 -1
28 18 -1
28 19 -1
28 21 1
28 23 1
28 25 -1
28 26 -1
28 27 -1
28 29 -1
28 30 -1
28 32 -1
28 36 -1
28 43 -1
28 52 -1
28 59 1
29 1 1
29 2 1
29 17 1
29 18 1
29 19 1
29 20 -1
29 22 1
29 26 1
29 28 -1
29 30 -1
29 31 -1
29 32 -1
29 36 -1
29 43 -1
29 50 -1
29 64 1
30 16 1
30 20 -1
30 21 -1
30 22 -1
30 23 -1
30 24 -1
30 25 1
30 26 -1
30 28 -1
30 29 -1
30 32 -1
30 35 -1
30 50 1
30 54 -1
30 56 1
30 64 1
31 4 -1
31 14 -1
31 17 1
31 18 -1
31 19 -1
31 20 1
31 21 1
31 22 -1
31 23 -1
31 24 1
31 26 -1
31 29 -1
31 33 -1
31 57 1
31 61 1
32 14 1
32 16 1
32 17 1
32 18 -1
32 19 -1
32 20 1
32 21 -1
32 24 1
32 27 1
32 28 -1
32 29 -1
32 30 -1
32 49 1
32 58 -1
32 60 -1
33 3 1
33 12 -1
33 31 -1
33 34 -1
33 35 -1
33 37 -1
33 39 -1
33 42 -1
33 43 1
33 44 -1
33 46 -1
33 47 1
33 48 1
33 53 -1
33 63 -1
34 2 1
34 22 1
34 26 -1
34 33 -1
34 36 1
34 37 -1
34 40 -1
34 41 1
34 43 1
34 44 1
34 45 -1
34 46 -1
34 48 -1
34 55 -1
34 61 1
34 63 1
35 21 1
35 24 -1
35 25 1
35 30 -1
35 33 -1
35 38 1
35 39 -1
35 40 -1
35 41 -1
35 42 1
35 44 1
35 45 1
35 46 -1
35 48 -1
35 55 -1
35 57 1
36 13 -1
36 18 1
36 28 -1
36 29 -1
36 34 1
36 37 -1
36 39 -1
36 40 1
36 41 -1
36 42 -1
36 43 -1
36 44 -1
36 45 1
36 48 1
36 50 1
37 1 -1
37 4 -1
37 5 -1
37 9 -1
37 11 1
37 26 -1
37 33 -1
37 34 -1
37 36 -1
37 38 -1
37 41 1
37 42 1
37 43 1
37 44 1
37 46 1
37 48 -1
38 15 -1
38 16 -1
38 18 -1
38 26 -1
38 27 1
38 35 1
38 37 -1
38 39 1
38 40 1
38 41 -1
38 42 1
38 43 -1
38 44 -1
38 47 -1
38 48 -1
38 59 1
39 2 -1
39 5 -1
39 8 1
39 17 -1
39 33 -1
39 35 -1
39 36 -1
39 38 1
39 40 1
39 41 1
39 45 1
39 46 1
39 47 -1
39 48 1
39 58 -1
40 11 -1
40 13 1
40 15 -1
40 17 -1
40 25 1
40 34 -1
40 35 -1
40 36 1
40 38 1
40 39 1
40 41 1
40 42 1
40 45 -1
40 46 -1
40 47 -1
40 55 -1
41 5 -1
41 9 1
41 13 -1
41 20 -1
41 21 -1
41 24 -1
41 34 1
41 35 -1
41 36 -1
41 37 1
41 38 -1
41 39 1
41 40 1
41 43 -1
41 46 1
41 48 1
42 7 1
42 11 -1
42 17 -1
42 23 -1
42 33 -1
42 35 1
42 36 -1
42 37 1
42 38 1
42 40 1
42 43 1
42 45 1
42 46 1
42 47 -1
42 51 -1
43 28 -1
43 29 -1
43 33 1
43 34 1
43 36 -1
43 37 1
43 38 -1
43 41 -1
43 42 1
43 44 1
43 45 -1
43 47 -1
43 52 -1
43 60 -1
43 64 1
44 6 -1
44 18 -1
44 33 -1
44 34 1
44 35 1
44 36 -1
44 37 1
44 38 -1
44 43 1
44 45 1
44 46 -1
44 47 -1
44 51 -1
44 55 -1
44 63 1
45 9 -1
45 10 -1
45 15 -1
45 25 -1
45 34 -1
45 35 1
45 36 1
45 39 1
45 40 -1
45 42 1
45 43 -1
45 44 1
45 47 1
45 48 1
45 62 1
46 1 -1
46 7 -1
46 23 1
46 33 -1
46 34 -1
46 35 -1
46 37 1
46 39 1
46 40 -1
46 41 1
46 42 1
46 44 -1
46 47 1
46 49 1
46 57 -1
46 59 -1
47 9 -1
47 33 1
47 38 -1
47 39 -1
47 40 -1
47 42 -1
47 43 -1
47 44 -1
47 45 1
47 46 1
47 48 -1
47 49 -1
47 57 -1
47 61 -1
48 8 -1
48 11 -1
48 12 1
48 16 1
48 18 -1
48 33 1
48 34 -1
48 35 -1
48 36 1
48 37 -1
48 38 -1
48 39 1
48 41 1
48 45 1
48 47 -1
48 63 1
49 4 1
49 6 -1
49 22 1
49 32 1
49 46 1
49 47 -1
49 50 -1
49 52 1
49 54 -1
49 55 -1
49 57 -1
49 59 1
49 60 -1
49 61 -1
49 62 -1
49 63 -1
50 12 1
50 26 1
50 29 -1
50 30 1
50 36 1
50 49 -1
50 51 -1
50 54 -1
50 56 -1
50 58 -1
50 59 -1
50 60 -1
50 61 -1
50 62 1
50 64 -1
51 2 -1
51 19 -1
51 23 -1
51 42 -1
51 44 -1
51 50 -1
51 53 -1
51 54 1
51 55 -1
51 56 -1
51 57 1
51 60 -1
51 61 -1
51 62 1
51 64 -1
52 8 1
52 10 1
52 19 -1
52 21 1
52 28 -1
52 43 -1
52 49 1
52 53 -1
52 54 -1
52 55 1
52 56 1
52 57 -1
52 58 -1
52 59 1
52 63 -1
52 64 1
53 20 -1
53 21 -1
53 24 -1
53 25 -1
53 27 1
53 33 -1
53 51 -1
53 52 -1
53 54 -1
53 55 1
53 56 -1
53 57 1
53 60 -1
53 62 -1
53 63 1
53 64 1
54 1 -1
54 3 -1
54 4 -1
54 10 1
54 30 -1
54 49 -1
54 50 -1
54 51 1
54 52 -1
54 53 -1
54 55 -1
54 56 1
54 58 -1
54 59 -1
54 63 1
55 12 1
55 17 -1
55 34 -1
55 35 -1
55 40 -1
55 44 -1
55 49 -1
55 51 -1
55 52 1
55 53 1
55 54 -1
55 56 -1
55 58 1
55 59 1
55 62 1
55 63 1
56 7 -1
56 17 -1
56 19 -1
56 21 1
56 22 -1
56 30 1
56 50 -1
56 51 -1
56 52 1
56 53 -1
56 54 1
56 55 -1
56 57 -1
56 60 -1
56 61 1
56 63 1
57 14 -1
57 27 1
57 31 1
57 35 1
57 46 -1
57 47 -1
57 49 -1
57 51 1
57 52 -1
57 53 1
57 56 -1
57 58 1
57 59 -1
57 60 -1
57 61 -1
57 64 1
58 7 1
58 10 -1
58 26 1
58 32 -1
58 39 -1
58 50 -1
58 52 -1
58 54 -1
58 55 1
58 57 1
58 59 1
58 61 1
58 62 -1
58 63 -1
58 64 -1
59 3 -1
59 19 1
59 28 1
59 38 1
59 46 -1
59 49 1
59 50 -1
59 52 1
59 54 -1
59 55 1
59 57 -1
59 58 1
59 61 -1
59 62 -1
59 64 -1
60 5 1
60 6 -1
60 13 -1
60 32 -1
60 43 -1
60 49 -1
60 50 -1
60 51 -1
60 53 -1
60 56 -1
60 57 -1
60 61 1
60 62 1
60 63 -1
60 64 -1
61 20 1
61 31 1
61 34 1
61 47 -1
61 49 -1
61 50 -1
61 51 -1
61 56 1
61 57 -1
61 58 1
61 59 -1
61 60 1
61 62 1
61 64 1
62 4 1
62 8 -1
62 12 -1
62 14 1
62 16 1
62 45 1
62 49 -1
62 50 1
62 51 1
62 53 -1
62 55 1
62 58 -1
62 59 -1
62 60 1
62 61 1
62 63 1
63 15 -1
63 20 1
63 33 -1
63 34 1
63 44 1
63 48 1
63 49 -1
63 52 -1
63 53 1
63 54 1
63 55 1
63 56 1
63 58 -1
63 60 -1
63 62 1
63 64 -1
64 11 -1
64 14 -1
64 18 -1
64 29 1
64 30 1
64 43 1
64 50 -1
64 51 -1
64 52 1
64 53 1
64 57 1
64 58 -1
64 59 -1
64 60 -1
64 61 1
64 63 -1
