1 2 -1
1 4 -1
1 5 -1
1 7 -1
1 8 1
1 9 -1
1 10 1
1 11 -1
1 13 1
1 15 1
1 26 -1
1 32 -1
1 34 -1
1 37 -1
1 38 -1
1 60 1
2 1 -1
2 3 -1
2 5 1
2 6 1
2 9 -1
2 11 -1
2 12 -1
2 13 -1
2 14 -1
2 15 -1
2 23 -1
2 42 1
2 46 -1
2 52 1
2 60 -1
3 2 -1
3 4 -1
3 5 -1
3 6 -1
3 7 1
3 8 1
3 9 -1
3 10 -1
3 13 -1
3 16 -1
3 17 -1
3 32 -1
3 37 -1
3 50 1
3 51 -1
3 59 -1
4 1 -1
4 3 -1
4 5 -1
4 7 1
4 8 -1
4 9 -1
4 12 -1
4 13 1
4 14 -1
4 15 -1
4 27 1
4 46 -1
4 53 -1
4 58 1
4 61 1
4 62 -1
5 1 -1
5 2 1
5 3 -1
5 4 -1
5 6 -1
5 8 -1
5 10 -1
5 12 -1
5 14 1
5 16 1
5 29 -1
5 33 -1
5 46 1
5 53 1
5 62 1
6 2 1
6 3 -1
6 5 -1
6 9 -1
6 10 1
6 11 -1
6 12 1
6 14 -1
6 15 -1
6 16 -1
6 17 -1
6 27 -1
6 40 -1
6 48 -1
6 50 -1
6 55 -1
7 1 -1
7 3 1
7 4 1
7 8 -1
7 10 1
7 11 1
7 12 -1
7 13 -1
7 14 -1
7 15 -1
7 17 -1
7 21 1
7 29 1
7 53 -1
7 55 -1
7 57 -1
8 1 1
8 3 1
8 4 -1
8 5 -1
8 7 -1
8 11 1
8 12 -1
8 13 1
8 14 1
8 15 1
8 30 -1
8 31 -1
8 36 -1
8 39 -1
8 45 -1
8 57 -1
9 1 -1
9 2 -1
9 3 -1
9 4 -1
9 6 -1
9 11 -1
9 12 -1
9 13 -1
9 15 -1
9 16 -1
9 29 -1
9 36 -1
9 42 -1
9 45 -1
9 56 -1
10 1 1
10 3 -1
10 5 -1
10 6 1
10 7 1
10 12 1
10 13 1
10 14 1
10 15 -1
10 16 1
10 19 1
10 32 -1
10 38 1
10 54 1
10 57 1
11 1 -1
11 2 -1
11 6 -1
11 7 1
11 8 1
11 9 -1
11 12 -1
11 13 1
11 14 -1
11 16 -1
11 17 -1
11 20 -1
11 23 -1
11 52 1
11 53 1
11 63 -1
12 2 -1
12 4 -1
12 5 -1
12 6 1
12 7 -1
12 8 -1
12 9 -1
12 10 1
12 11 -1
12 16 -1
12 18 1
12 25 1
12 46 -1
12 50 1
12 60 -1
13 1 1
13 2 -1
13 3 -1
13 4 1
13 7 -1
13 8 1
13 9 -1
13 10 1
13 11 1
13 16 -1
13 22 -1
13 32 1
13 33 1
13 44 -1
13 62 -1
13 64 -1
14 2 -1
14 4 -1
14 5 1
14 6 -1
14 7 -1
14 8 1
14 10 1
14 11 -1
14 15 1
14 16 1
14 25 1
14 31 -1
14 50 -1
14 55 -1
14 57 -1
14 63 -1
15 1 1
15 2 -1
15 4 -1
15 6 -1
15 7 -1
15 8 1
15 9 -1
15 10 -1
15 14 1
15 16 -1
15 19 -1
15 21 1
15 35 -1
15 45 -1
15 49 1
16 3 -1
16 5 1
16 6 -1
16 9 -1
16 10 1
16 11 -1
16 12 -1
16 13 -1
16 14 1
16 15 -1
16 17 1
16 23 1
16 24 -1
16 33 1
16 41 1
16 51 -1
17 3 -1
17 6 -1
17 7 -1
17 11 -1
17 16 1
17 18 1
17 19 1
17 20 -1
17 21 -1
17 22 1
17 23 -1
17 25 -1
17 27 -1
17 29 -1
17 31 1
17 34 -1
18 12 1
18 17 1
18 19 -1
18 21 1
18 22 1
18 23 -1
18 24 1
18 26 -1
18 29 1
18 30 1
18 32 -1
18 48 -1
18 51 -1
18 52 -1
18 53 -1
19 10 1
19 15 -1
19 17 1
19 18 -1
19 20 -1
19 23 -1
19 25 -1
19 26 -1
19 27 1
19 29 -1
19 31 1
19 32 -1
19 57 -1
19 63 1
19 64 -1
20 11 -1
20 17 -1
20 19 -1
20 21 1
20 22 1
20 26 1
20 27 1
20 29 1
20 30 -1
20 31 -1
20 32 -1
20 33 1
20 44 -1
20 46 -1
20 49 1
20 55 -1
21 7 1
21 15 1
21 17 -1
21 18 1
21 20 1
21 22 1
21 23 -1
21 24 -1
21 25 -1
21 26 -1
21 29 -1
21 30 -1
21 45 1
21 63 1
21 64 -1
22 13 -1
22 17 1
22 18 1
22 20 1
22 21 1
22 25 1
22 26 -1
22 27 1
22 28 1
22 30 1
22 31 -1
22 41 -1
22 43 -1
22 51 -1
22 55 1
22 59 -1
23 2 -1
23 11 -1
23 16 1
23 17 -1
23 18 -1
23 19 -1
23 21 -1
23 24 -1
23 27 -1
23 28 -1
23 30 -1
23 31 -1
23 32 -1
23 37 -1
23 44 -1
23 58 1
24 16 -1
24 18 1
24 21 -1
24 23 -1
24 25 1
24 26 1
24 27 -1
24 28 1
24 30 -1
24 31 -1
24 32 1
24 39 -1
24 44 -1
24 62 1
25 12 1
25 14 1
25 17 -1
25 19 -1
25 21 -1
25 22 1
25 24 1
25 26 -1
25 28 -1
25 29 -1
25 31 -1
25 32 -1
25 34 -1
25 50 1
25 54 -1
25 63 -1
26 1 -1
26 18 -1
26 19 -1
26 20 1
26 21 -1
26 22 -1
26 24 1
26 25 -1
26 27 -1
26 28 -1
26 30 1
26 34 1
26 35 -1
26 47 1
26 54 -1
26 58 -1
27 4 1
27 6 -1
27 17 -1
27 19 1
27 20 1
27 22 1
27 23 -1
27 24 -1
27 26 -1
27 28 1
27 29 -1
27 32 -1
27 41 -1
27 51 -1
27 54 -1
27 59 1
28 22 1
28 23 -1
28 24 1
28 25 -1
28 26 -1
28 27 1
28 29 1
28 30 1
28 31 -1
28 32 -1
28 34 -1
28 38 -1
28 53 -1
28 61 -1
29 5 -1
29 7 1
29 9 -1
29 17 -1
29 18 1
29 19 -1
29 20 1
29 21 -1
29 25 -1
29 27 -1
29 28 1
29 31 -1
29 32 1
29 35 -1
29 47 -1
29 56 -1
30 8 -1
30 18 1
30 20 -1
30 21 -1
30 22 1
30 23 -1
30 24 -1
30 26 1
30 28 1
30 31 -1
30 32 1
30 37 -1
30 38 -1
30 41 1
30 43 -1
30 47 -1
31 8 -1
31 14 -1
31 17 1
31 19 1
31 20 -1
31 22 -1
31 23 -1
31 24 -1
31 25 -1
31 28 -1
31 29 -1
31 30 -1
31 36 1
31 43 1
31 46 -1
31 64 -1
32 1 -1
32 3 -1
32 10 -1
32 13 1
32 18 -1
32 19 -1
32 20 -1
32 23 -1
32 24 1
32 25 -1
32 27 -1
32 28 -1
32 29 1
32 30 1
32 35 -1
32 41 1
33 5 -1
33 13 1
33 16 1
33 20 1
33 34 1
33 35 1
33 36 1
33 41 -1
33 42 -1
33 43 1
33 44 -1
33 45 -1
33 46 -1
33 47 -1
33 60 1
34 1 -1
34 17 -1
34 25 -1
34 26 1
34 28 -1
34 33 1
34 37 -1
34 38 -1
34 39 -1
34 40 -1
34 41 -1
34 43 -1
34 44 -1
34 46 -1
34 47 1
35 15 -1
35 26 -1
35 29 -1
35 32 -1
35 33 1
35 37 -1
35 39 -1
35 40 1
35 41 -1
35 42 1
35 43 -1
35 44 1
35 46 -1
35 47 -1
35 54 -1
35 60 -1
36 8 -1
36 9 -1
36 31 1
36 33 1
36 37 -1
36 39 1
36 41 -1
36 42 -1
36 43 1
36 44 -1
36 45 -1
36 46 -1
36 48 -1
36 56 -1
36 58 -1
36 63 -1
37 1 -1
37 3 -1
37 23 -1
37 30 -1
37 34 -1
37 35 -1
37 36 -1
37 39 -1
37 40 -1
37 42 -1
37 43 -1
37 45 -1
37 46 -1
37 47 -1
37 60 -1
37 62 -1
38 1 -1
38 10 1
38 28 -1
38 30 -1
38 34 -1
38 39 -1
38 40 1
38 41 1
38 42 -1
38 44 -1
38 45 -1
38 46 -1
38 47 -1
38 48 -1
38 51 -1
39 8 -1
39 24 -1
39 34 -1
39 35 -1
39 36 1
39 37 -1
39 38 -1
39 40 -1
39 42 1
39 45 -1
39 46 -1
39 48 -1
39 52 -1
39 61 1
39 64 -1
40 6 -1
40 34 -1
40 35 1
40 37 -1
40 38 1
40 39 -1
40 43 -1
40 44 1
40 45 -1
40 47 1
40 48 1
40 49 -1
40 50 1
40 56 -1
40 59 -1
41 16 1
41 22 -1
41 27 -1
41 30 1
41 32 1
41 33 -1
41 34 -1
41 35 -1
41 36 -1
41 38 1
41 43 -1
41 44 -1
41 45 -1
41 47 -1
41 48 -1
41 58 -1
42 2 1
42 9 -1
42 33 -1
42 35 1
42 36 -1
42 37 -1
42 38 -1
42 39 1
42 43 1
42 44 -1
42 45 -1
42 48 -1
42 49 -1
42 58 -1
43 22 -1
43 30 -1
43 31 1
43 33 1
43 34 -1
43 35 -1
43 36 1
43 37 -1
43 40 -1
43 41 -1
43 42 1
43 45 -1
43 48 -1
43 57 -1
43 61 -1
43 64 -1
44 13 -1
44 20 -1
44 23 -1
44 24 -1
44 33 -1
44 34 -1
44 35 1
44 36 -1
44 38 -1
44 40 1
44 41 -1
44 42 -1
44 46 -1
44 48 -1
45 8 -1
45 9 -1
45 15 -1
45 21 1
45 33 -1
45 36 -1
45 37 -1
45 38 -1
45 39 -1
45 40 -1
45 41 -1
45 42 -1
45 43 -1
45 47 1
45 54 -1
45 59 1
46 2 -1
46 4 -1
46 5 1
46 12 -1
46 20 -1
46 31 -1
46 33 -1
46 34 -1
46 35 -1
46 36 -1
46 37 -1
46 38 -1
46 39 -1
46 44 -1
46 47 -1
46 48 -1
47 26 1
47 29 -1
47 30 -1
47 33 -1
47 34 1
47 35 -1
47 37 -1
47 38 -1
47 40 1
47 41 -1
47 45 1
47 46 -1
47 48 -1
47 49 -1
47 55 -1
47 62 -1
48 6 -1
48 18 -1
48 36 -1
48 38 -1
48 39 -1
48 40 1
48 41 -1
48 42 -1
48 43 -1
48 44 -1
48 46 -1
48 47 -1
48 52 -1
48 59 1
48 61 -1
49 15 1
49 20 1
49 40 -1
49 42 -1
49 47 -1
49 51 -1
49 52 -1
49 53 1
49 55 -1
49 56 -1
49 58 1
49 59 1
49 61 -1
49 63 -1
49 64 -1
50 3 1
50 6 -1
50 12 1
50 14 -1
50 25 1
50 40 1
50 52 1
50 53 -1
50 55 -1
50 56 -1
50 58 -1
50 59 1
50 60 -1
50 62 1
50 63 -1
50 64 1
51 3 -1
51 16 -1
51 18 -1
51 22 -1
51 27 -1
51 38 -1
51 49 -1
51 53 -1
51 55 1
51 57 -1
51 58 -1
51 59 -1
51 60 -1
51 61 -1
51 62 -1
51 63 -1
52 2 1
52 11 1
52 18 -1
52 39 -1
52 48 -1
52 49 -1
52 50 1
52 53 1
52 54 1
52 56 1
52 58 1
52 60 -1
52 61 -1
52 62 -1
52 63 -1
53 4 -1
53 5 1
53 7 -1
53 11 1
53 18 -1
53 28 -1
53 49 1
53 50 -1
53 51 -1
53 52 1
53 56 1
53 57 -1
53 58 -1
53 61 1
53 63 -1
53 64 -1
54 10 1
54 25 -1
54 26 -1
54 27 -1
54 35 -1
54 45 -1
54 52 1
54 55 1
54 56 -1
54 57 -1
54 58 1
54 59 -1
54 60 -1
54 62 -1
54 63 -1
54 64 -1
55 6 -1
55 7 -1
55 14 -1
55 20 -1
55 22 1
55 47 -1
55 49 -1
55 50 -1
55 51 1
55 54 1
55 56 -1
55 57 -1
55 59 1
55 60 -1
55 63 -1
55 64 -1
56 9 -1
56 29 -1
56 36 -1
56 40 -1
56 49 -1
56 50 -1
56 52 1
56 53 1
56 54 -1
56 55 -1
56 57 1
56 60 -1
56 61 -1
56 62 1
57 7 -1
57 8 -1
57 10 1
57 14 -1
57 19 -1
57 43 -1
57 51 -1
57 53 -1
57 54 -1
57 55 -1
57 56 1
57 58 1
57 59 -1
57 61 -1
57 62 -1
57 64 -1
58 4 1
58 23 1
58 26 -1
58 36 -1
58 41 -1
58 42 -1
58 49 1
58 50 -1
58 51 -1
58 52 1
58 53 -1
58 54 1
58 57 1
58 59 -1
58 60 1
58 61 -1
59 3 -1
59 22 -1
59 27 1
59 40 -1
59 45 1
59 48 1
59 49 1
59 50 1
59 51 -1
59 54 -1
59 55 1
59 57 -1
59 58 -1
59 60 1
59 62 -1
59 63 -1
60 1 1
60 2 -1
60 12 -1
60 33 1
60 35 -1
60 37 -1
60 50 -1
60 51 -1
60 52 -1
60 54 -1
60 55 -1
60 56 -1
60 58 1
60 59 1
60 61 -1
60 64 -1
61 4 1
61 28 -1
61 39 1
61 43 -1
61 48 -1
61 49 -1
61 51 -1
61 52 -1
61 53 1
61 56 -1
61 57 -1
61 58 -1
61 60 -1
61 62 -1
61 64 -1
62 4 -1
62 5 1
62 13 -1
62 24 1
62 37 -1
62 47 -1
62 50 1
62 51 -1
62 52 -1
62 54 -1
62 56 1
62 57 -1
62 59 -1
62 61 -1
62 63 -1
62 64 1
63 11 -1
63 14 -1
63 19 1
63 21 1
63 25 -1
63 36 -1
63 49 -1
63 50 -1
63 51 -1
63 52 -1
63 53 -1
63 54 -1
63 55 -1
63 59 -1
63 62 -1
63 64 -1
64 13 -1
64 19 -1
64 21 -1
64 31 -1
64 39 -1
64 43 -1
64 49 -1
64 50 1
64 53 -1
64 54 -1
64 55 -1
64 57 -1
64 60 -1
64 61 -1
64 62 1
64 63 -1
