1 2 1
1 3 1
1 6 1
1 7 -1
1 8 1
1 9 -1
1 11 1
1 14 1
1 15 1
1 16 -1
1 28 1
1 34 1
1 36 1
1 42 1
1 46 1
1 52 1
2 1 1
2 4 1
2 5 1
2 7 1
2 10 1
2 11 1
2 12 1
2 13 1
2 14 1
2 15 -1
2 24 1
2 31 1
2 34 -1
2 44 -1
2 52 1
2 58 1
3 1 1
3 4 1
3 5 -1
3 7 1
3 9 1
3 10 1
3 11 1
3 12 1
3 15 1
3 16 1
3 21 1
3 22 1
3 30 1
3 34 1
3 39 1
3 63 1
4 2 1
4 3 1
4 5 1
4 6 1
4 7 1
4 10 1
4 11 1
4 12 1
4 13 1
4 14 1
4 21 1
4 24 1
4 25 1
4 30 1
4 36 1
4 44 1
5 2 1
5 3 -1
5 4 1
5 6 1
5 8 1
5 9 1
5 11 1
5 12 1
5 15 1
5 16 1
5 29 1
5 58 1
5 60 1
5 62 1
6 1 1
6 4 1
6 5 1
6 7 1
6 8 1
6 10 1
6 11 1
6 13 -1
6 14 1
6 15 1
6 23 1
6 31 1
6 38 1
6 40 1
6 50 1
6 59 1
7 1 -1
7 2 1
7 3 1
7 4 1
7 6 1
7 8 1
7 9 -1
7 12 1
7 13 1
7 14 1
7 22 -1
7 26 1
7 42 1
7 44 1
7 48 1
7 52 1
8 1 1
8 5 1
8 6 1
8 7 1
8 10 1
8 11 -1
8 12 1
8 13 1
8 14 1
8 16 1
8 29 1
8 40 -1
8 42 -1
8 45 1
8 46 1
8 60 1
9 1 -1
9 3 1
9 5 1
9 7 -1
9 10 1
9 11 1
9 12 1
9 14 1
9 15 1
9 16 1
9 42 1
9 44 1
9 51 -1
9 54 1
9 61 -1
10 2 1
10 3 1
10 4 1
10 6 1
10 8 1
10 9 1
10 12 1
10 13 1
10 15 1
10 16 1
10 35 -1
10 40 1
10 45 1
10 51 -1
10 54 1
10 58 1
11 1 1
11 2 1
11 3 1
11 4 1
11 5 1
11 6 1
11 8 -1
11 9 1
11 15 1
11 16 -1
11 28 1
11 34 1
11 46 -1
11 50 1
11 52 1
11 62 1
12 2 1
12 3 1
12 4 1
12 5 1
12 7 1
12 8 1
12 9 1
12 10 1
12 13 1
12 14 1
12 22 1
12 24 -1
12 28 1
12 39 -1
12 42 1
12 62 1
13 2 1
13 4 1
13 6 -1
13 7 1
13 8 1
13 10 1
13 12 1
13 14 1
13 15 1
13 16 1
13 21 1
13 26 1
13 50 -1
13 52 1
13 55 1
13 62 1
14 1 1
14 2 1
14 4 1
14 6 1
14 7 1
14 8 1
14 9 1
14 12 1
14 13 1
14 16 -1
14 24 1
14 29 1
14 32 1
14 39 -1
14 41 1
14 47 -1
15 1 1
15 2 -1
15 3 1
15 5 1
15 6 1
15 9 1
15 10 1
15 11 1
15 13 1
15 16 1
15 35 -1
15 37 1
15 43 -1
15 53 1
15 61 1
16 1 -1
16 3 1
16 5 1
16 8 1
16 9 1
16 10 1
16 11 -1
16 13 1
16 14 -1
16 15 1
16 24 -1
16 31 1
16 32 1
16 50 1
16 63 -1
17 18 1
17 19 1
17 20 1
17 22 1
17 24 1
17 25 -1
17 26 1
17 27 1
17 29 1
17 30 1
17 35 1
17 36 1
17 37 1
17 38 1
17 56 -1
17 58 1
18 17 1
18 19 1
18 20 1
18 22 1
18 23 1
18 24 1
18 25 1
18 28 1
18 29 1
18 31 1
18 41 1
18 47 1
18 55 1
18 57 1
18 59 1
19 17 1
19 18 1
19 20 -1
19 21 -1
19 22 1
19 23 1
19 24 -1
19 28 1
19 30 1
19 32 1
19 37 1
19 43 1
19 47 1
19 53 1
19 56 1
19 61 1
20 17 1
20 18 1
20 19 -1
20 23 -1
20 24 1
20 26 1
20 27 1
20 28 -1
20 30 1
20 32 1
20 41 -1
20 45 -1
20 47 1
20 49 -1
20 63 1
21 3 1
21 4 1
21 13 1
21 19 -1
21 22 1
21 24 1
21 25 1
21 27 1
21 28 -1
21 29 1
21 30 1
21 31 1
21 32 1
21 38 1
21 46 1
21 56 1
22 3 1
22 7 -1
22 12 1
22 17 1
22 18 1
22 19 1
22 21 1
22 24 1
22 25 1
22 26 1
22 29 1
22 30 1
22 31 -1
22 35 1
22 40 -1
22 53 1
23 6 1
23 18 1
23 19 1
23 20 -1
23 24 1
23 25 1
23 26 1
23 27 -1
23 28 1
23 30 1
23 31 1
23 36 1
23 41 1
23 43 1
23 45 1
23 54 1
24 2 1
24 4 1
24 12 -1
24 14 1
24 16 -1
24 17 1
24 18 1
24 19 -1
24 20 1
24 21 1
24 22 1
24 23 1
24 27 -1
24 28 1
24 32 1
24 61 -1
25 4 1
25 17 -1
25 18 1
25 21 1
25 22 1
25 23 1
25 26 1
25 27 1
25 29 1
25 30 1
25 31 -1
25 52 1
25 56 -1
25 60 1
25 64 1
26 7 1
26 13 1
26 17 1
26 20 1
26 22 1
26 23 1
26 25 1
26 27 -1
26 28 1
26 29 1
26 31 -1
26 32 1
26 39 1
26 49 -1
26 53 1
26 63 1
27 17 1
27 20 1
27 21 1
27 23 -1
27 24 -1
27 25 1
27 26 -1
27 29 1
27 31 1
27 32 -1
27 39 1
27 41 -1
27 42 1
27 54 -1
27 56 1
27 59 1
28 1 1
28 11 1
28 12 1
28 18 1
28 19 1
28 20 -1
28 21 -1
28 23 1
28 24 1
28 26 1
28 30 1
28 31 1
28 32 -1
28 38 1
28 57 1
28 62 -1
29 5 1
29 8 1
29 14 1
29 17 1
29 18 1
29 21 1
29 22 1
29 25 1
29 26 1
29 27 1
29 30 1
29 31 1
29 32 1
29 55 1
29 57 1
30 3 1
30 4 1
30 17 1
30 19 1
30 20 1
30 21 1
30 22 1
30 23 1
30 25 1
30 28 1
30 29 1
30 32 -1
30 38 1
30 40 -1
30 48 1
31 2 1
31 6 1
31 16 1
31 18 1
31 21 1
31 22 -1
31 23 1
31 25 -1
31 26 -1
31 27 1
31 28 1
31 29 1
31 32 1
31 51 1
31 57 1
31 62 1
32 14 1
32 16 1
32 19 1
32 20 1
32 21 1
32 24 1
32 26 1
32 27 -1
32 28 -1
32 29 1
32 30 -1
32 31 1
32 35 -1
32 48 1
32 60 1
32 64 1
33 34 1
33 36 1
33 37 1
33 39 1
33 40 1
33 41 -1
33 42 1
33 44 1
33 45 1
33 46 1
33 49 1
33 50 1
33 57 1
33 58 1
33 59 -1
34 1 1
34 2 -1
34 3 1
34 11 1
34 33 1
34 35 1
34 36 1
34 37 -1
34 38 -1
34 42 1
34 43 1
34 44 1
34 45 1
34 46 1
34 63 1
34 64 1
35 10 -1
35 15 -1
35 17 1
35 22 1
35 32 -1
35 34 1
35 36 1
35 38 1
35 41 1
35 42 1
35 43 1
35 45 -1
35 46 1
35 47 1
35 48 1
35 51 1
36 1 1
36 4 1
36 17 1
36 23 1
36 33 1
36 34 1
36 35 1
36 37 1
36 38 -1
36 39 1
36 40 1
36 42 1
36 47 1
36 48 1
36 53 1
36 59 1
37 15 1
37 17 1
37 19 1
37 33 1
37 34 -1
37 36 1
37 39 1
37 40 1
37 41 1
37 42 -1
37 43 1
37 45 1
37 46 1
37 54 1
37 64 1
38 6 1
38 17 1
38 21 1
38 28 1
38 30 1
38 34 -1
38 35 1
38 36 -1
38 39 -1
38 40 -1
38 41 -1
38 42 1
38 45 -1
38 47 -1
38 48 1
38 64 1
39 3 1
39 12 -1
39 14 -1
39 26 1
39 27 1
39 33 1
39 36 1
39 37 1
39 38 -1
39 43 1
39 44 1
39 45 1
39 46 1
39 47 1
39 48 1
39 60 1
40 6 1
40 8 -1
40 10 1
40 22 -1
40 30 -1
40 33 1
40 36 1
40 37 1
40 38 -1
40 41 1
40 42 -1
40 43 -1
40 44 1
40 45 1
40 48 1
40 63 1
41 14 1
41 18 1
41 20 -1
41 23 1
41 27 -1
41 33 -1
41 35 1
41 37 1
41 38 -1
41 40 1
41 43 1
41 44 -1
41 46 1
41 47 1
41 48 1
41 56 1
42 1 1
42 7 1
42 8 -1
42 9 1
42 12 1
42 27 1
42 33 1
42 34 1
42 35 1
42 36 1
42 37 -1
42 38 1
42 40 -1
42 44 1
42 47 1
42 48 -1
43 15 -1
43 19 1
43 23 1
43 34 1
43 35 1
43 37 1
43 39 1
43 40 -1
43 41 1
43 44 1
43 46 1
43 47 1
43 48 1
43 55 1
43 59 -1
43 61 -1
44 2 -1
44 4 1
44 7 1
44 9 1
44 33 1
44 34 1
44 39 1
44 40 1
44 41 -1
44 42 1
44 43 1
44 45 1
44 46 1
44 48 -1
44 51 1
44 57 1
45 8 1
45 10 1
45 20 -1
45 23 1
45 33 1
45 34 1
45 35 -1
45 37 1
45 38 -1
45 39 1
45 40 1
45 44 1
45 46 1
45 47 -1
45 51 1
45 55 1
46 1 1
46 8 1
46 11 -1
46 21 1
46 33 1
46 34 1
46 35 1
46 37 1
46 39 1
46 41 1
46 43 1
46 44 1
46 45 1
46 47 1
46 53 1
46 55 1
47 14 -1
47 18 1
47 19 1
47 20 1
47 35 1
47 36 1
47 38 -1
47 39 1
47 41 1
47 42 1
47 43 1
47 45 -1
47 46 1
47 48 -1
47 49 1
48 7 1
48 30 1
48 32 1
48 35 1
48 36 1
48 38 1
48 39 1
48 40 1
48 41 1
48 42 -1
48 43 1
48 44 -1
48 47 -1
48 61 -1
48 64 1
49 20 -1
49 26 -1
49 33 1
49 47 1
49 52 -1
49 53 1
49 54 1
49 55 -1
49 56 1
49 57 1
49 58 -1
49 60 1
49 61 1
49 63 -1
50 6 1
50 11 1
50 13 -1
50 16 1
50 33 1
50 51 1
50 52 1
50 55 1
50 58 1
50 59 -1
50 60 1
50 61 1
50 62 -1
50 63 1
50 64 1
51 9 -1
51 10 -1
51 31 1
51 35 1
51 44 1
51 45 1
51 50 1
51 52 1
51 53 1
51 54 -1
51 56 1
51 59 1
51 60 1
51 61 1
51 62 1
51 64 1
52 1 1
52 2 1
52 7 1
52 11 1
52 13 1
52 25 1
52 49 -1
52 50 1
52 51 1
52 54 1
52 56 1
52 57 -1
52 61 1
52 62 1
52 63 1
52 64 1
53 15 1
53 19 1
53 22 1
53 26 1
53 36 1
53 46 1
53 49 1
53 51 1
53 54 1
53 55 -1
53 56 1
53 57 1
53 59 1
53 60 1
53 63 -1
53 64 1
54 9 1
54 10 1
54 23 1
54 27 -1
54 37 1
54 49 1
54 51 -1
54 52 1
54 53 1
54 55 1
54 56 1
54 58 -1
54 61 1
54 62 1
54 64 1
55 13 1
55 18 1
55 29 1
55 43 1
55 45 1
55 46 1
55 49 -1
55 50 1
55 53 -1
55 54 1
55 56 1
55 57 1
55 58 -1
55 61 1
55 63 1
55 64 -1
56 17 -1
56 19 1
56 21 1
56 25 -1
56 27 1
56 41 1
56 49 1
56 51 1
56 52 1
56 53 1
56 54 1
56 55 1
56 57 1
56 58 -1
56 59 -1
56 62 -1
57 18 1
57 28 1
57 29 1
57 31 1
57 33 1
57 44 1
57 49 1
57 52 -1
57 53 1
57 55 1
57 56 1
57 58 -1
57 59 1
57 60 1
57 62 -1
57 63 -1
58 2 1
58 5 1
58 10 1
58 17 1
58 33 1
58 49 -1
58 50 1
58 54 -1
58 55 -1
58 56 -1
58 57 -1
58 59 1
58 60 1
58 62 1
58 64 1
59 6 1
59 18 1
59 27 1
59 33 -1
59 36 1
59 43 -1
59 50 -1
59 51 1
59 53 1
59 56 -1
59 57 1
59 58 1
59 60 1
59 61 1
59 62 1
59 64 1
60 5 1
60 8 1
60 25 1
60 32 1
60 39 1
60 49 1
60 50 1
60 51 1
60 53 1
60 57 1
60 58 1
60 59 1
60 61 1
60 63 1
60 64 1
61 9 -1
61 15 1
61 19 1
61 24 -1
61 43 -1
61 48 -1
61 49 1
61 50 1
61 51 1
61 52 1
61 54 1
61 55 1
61 59 1
61 60 1
61 62 -1
61 63 1
62 5 1
62 11 1
62 12 1
62 13 1
62 28 -1
62 31 1
62 50 -1
62 51 1
62 52 1
62 54 1
62 56 -1
62 57 -1
62 58 1
62 59 1
62 61 -1
62 63 1
63 3 1
63 16 -1
63 20 1
63 26 1
63 34 1
63 40 1
63 49 -1
63 50 1
63 52 1
63 53 -1
63 55 1
63 57 -1
63 60 1
63 61 1
63 62 1
63 64 1
64 25 1
64 32 1
64 34 1
64 37 1
64 38 1
64 48 1
64 50 1
64 51 1
64 52 1
64 53 1
64 54 1
64 55 -1
64 58 1
64 59 1
64 60 1
64 63 1
