1 2 1
1 3 -1
1 4 1
1 5 1
1 7 1
1 9 -1
1 10 -1
1 13 -1
1 15 -1
1 16 1
1 25 -1
1 33 1
1 37 -1
1 39 1
1 47 1
1 53 -1
2 1 1
2 3 1
2 4 -1
2 5 -1
2 6 1
2 7 -1
2 8 1
2 11 -1
2 13 1
2 15 -1
2 25 -1
2 34 -1
2 43 1
2 45 -1
2 46 -1
2 55 -1
3 1 -1
3 2 1
3 4 -1
3 5 -1
3 6 -1
3 9 1
3 13 -1
3 14 1
3 15 1
3 16 1
3 17 1
3 26 -1
3 35 -1
3 56 1
3 61 1
4 1 1
4 2 -1
4 3 -1
4 7 -1
4 8 -1
4 9 1
4 11 -1
4 13 -1
4 14 1
4 16 -1
4 37 1
4 42 1
4 44 -1
4 46 -1
4 53 -1
4 57 -1
5 1 1
5 2 -1
5 3 -1
5 8 1
5 10 -1
5 11 -1
5 12 -1
5 14 -1
5 15 -1
5 16 -1
5 23 -1
5 26 1
5 39 -1
5 40 1
5 46 -1
5 59 1
6 2 1
6 3 -1
6 7 -1
6 8 1
6 10 1
6 11 1
6 12 -1
6 13 1
6 14 -1
6 15 1
6 18 -1
6 20 1
6 25 -1
6 36 -1
6 40 -1
6 49 -1
7 1 1
7 2 -1
7 4 -1
7 6 -1
7 8 1
7 9 -1
7 12 1
7 13 1
7 14 -1
7 16 -1
7 19 -1
7 20 1
7 25 1
7 28 1
7 47 -1
8 2 1
8 4 -1
8 5 1
8 6 1
8 7 1
8 9 1
8 10 -1
8 11 -1
8 13 1
8 14 -1
8 26 -1
8 36 -1
8 45 -1
8 56 -1
8 64 -1
9 1 -1
9 3 1
9 4 1
9 7 -1
9 8 1
9 10 -1
9 11 1
9 12 -1
9 14 -1
9 16 -1
9 17 1
9 30 -1
9 36 -1
9 51 1
9 52 -1
9 61 -1
10 1 -1
10 5 -1
10 6 1
10 8 -1
10 9 -1
10 11 -1
10 12 1
10 13 1
10 14 -1
10 15 1
10 18 1
10 35 -1
10 49 1
10 51 -1
10 55 1
10 63 -1
11 2 -1
11 4 -1
11 5 -1
11 6 1
11 8 -1
11 9 1
11 10 -1
11 12 -1
11 15 -1
11 16 1
11 27 1
11 32 1
11 36 -1
11 45 1
11 49 1
11 52 1
12 5 -1
12 6 -1
12 7 1
12 9 -1
12 10 1
12 11 -1
12 13 -1
12 14 1
12 15 1
12 16 -1
12 18 -1
12 26 -1
12 36 1
12 46 1
12 47 1
12 62 1
13 1 -1
13 2 1
13 3 -1
13 4 -1
13 6 1
13 7 1
13 8 1
13 10 1
13 12 -1
13 15 1
13 18 1
13 19 -1
13 44 -1
13 56 -1
13 62 -1
13 63 -1
14 3 1
14 4 1
14 5 -1
14 6 -1
14 7 -1
14 8 -1
14 9 -1
14 10 -1
14 12 1
14 16 -1
14 20 -1
14 21 -1
14 28 -1
14 29 -1
14 57 -1
15 1 -1
15 2 -1
15 3 1
15 5 -1
15 6 1
15 10 1
15 11 -1
15 12 1
15 13 1
15 16 1
15 21 1
15 24 -1
15 30 -1
15 42 -1
15 49 -1
15 55 1
16 1 1
16 3 1
16 4 -1
16 5 -1
16 7 -1
16 9 -1
16 11 1
16 12 -1
16 14 -1
16 15 1
16 20 -1
16 35 1
16 45 -1
16 47 -1
16 48 -1
16 60 1
17 3 1
17 9 1
17 19 1
17 20 -1
17 21 -1
17 22 -1
17 23 -1
17 24 -1
17 27 -1
17 28 -1
17 29 -1
17 32 -1
17 35 1
17 38 -1
17 39 1
17 41 -1
18 6 -1
18 10 1
18 12 -1
18 13 1
18 19 1
18 20 1
18 22 -1
18 24 -1
18 25 -1
18 27 -1
18 28 -1
18 30 1
18 31 -1
18 32 -1
18 51 1
18 61 1
19 7 -1
19 13 -1
19 17 1
19 18 1
19 21 1
19 24 -1
19 25 -1
19 26 -1
19 28 -1
19 29 -1
19 30 1
19 32 1
19 36 1
19 40 1
19 46 1
19 63 1
20 6 1
20 7 1
20 14 -1
20 16 -1
20 17 -1
20 18 1
20 21 -1
20 22 1
20 24 1
20 26 -1
20 27 -1
20 28 1
20 30 -1
20 32 -1
20 41 1
20 64 1
21 14 -1
21 15 1
21 17 -1
21 19 1
21 20 -1
21 23 -1
21 25 1
21 26 1
21 27 -1
21 29 1
21 30 -1
21 31 1
21 34 -1
21 43 1
21 46 -1
21 56 1
22 17 -1
22 18 -1
22 20 1
22 23 1
22 24 -1
22 25 -1
22 29 1
22 30 -1
22 31 1
22 32 1
22 42 1
22 49 1
22 55 1
22 57 1
22 60 -1
22 62 -1
23 5 -1
23 17 -1
23 21 -1
23 22 1
23 24 -1
23 26 1
23 27 1
23 28 1
23 29 -1
23 30 -1
23 31 -1
23 37 -1
23 38 -1
23 42 -1
23 58 1
23 62 -1
24 15 -1
24 17 -1
24 18 -1
24 19 -1
24 20 1
24 22 -1
24 23 -1
24 26 1
24 27 -1
24 29 -1
24 31 1
24 34 -1
24 44 -1
24 50 -1
25 1 -1
25 2 -1
25 6 -1
25 7 1
25 18 -1
25 19 -1
25 21 1
25 22 -1
25 26 -1
25 28 -1
25 29 -1
25 30 1
25 31 -1
25 32 1
25 44 1
26 3 -1
26 5 1
26 8 -1
26 12 -1
26 19 -1
26 20 -1
26 21 1
26 23 1
26 24 1
26 25 -1
26 27 1
26 28 -1
26 29 -1
26 32 -1
26 51 1
26 61 -1
27 11 1
27 17 -1
27 18 -1
27 20 -1
27 21 -1
27 23 1
27 24 -1
27 26 1
27 28 -1
27 30 -1
27 32 1
27 35 1
27 45 1
27 53 -1
27 55 1
27 64 -1
28 7 1
28 14 -1
28 17 -1
28 18 -1
28 19 -1
28 20 1
28 23 1
28 25 -1
28 26 -1
28 27 -1
28 31 1
28 32 1
28 57 -1
28 59 -1
28 62 -1
29 14 -1
29 17 -1
29 19 -1
29 21 1
29 22 1
29 23 -1
29 24 -1
29 25 -1
29 26 -1
29 30 -1
29 31 1
29 38 -1
29 41 1
29 43 -1
29 52 -1
29 63 -1
30 9 -1
30 15 -1
30 18 1
30 19 1
30 20 -1
30 21 -1
30 22 -1
30 23 -1
30 25 1
30 27 -1
30 29 -1
30 31 1
30 43 1
30 59 -1
30 60 1
30 63 -1
31 18 -1
31 21 1
31 22 1
31 23 -1
31 24 1
31 25 -1
31 28 1
31 29 1
31 30 1
31 32 1
31 40 -1
31 41 1
31 58 -1
31 59 -1
31 60 1
31 61 -1
32 11 1
32 17 -1
32 18 -1
32 19 1
32 20 -1
32 22 1
32 25 1
32 26 -1
32 27 1
32 28 1
32 31 1
32 37 -1
32 40 1
32 50 -1
32 51 -1
32 54 -1
33 1 1
33 34 1
33 36 1
33 37 -1
33 39 -1
33 40 -1
33 42 1
33 43 -1
33 46 -1
33 47 1
33 48 -1
33 52 -1
33 54 -1
33 61 -1
33 62 -1
34 2 -1
34 21 -1
34 24 -1
34 33 1
34 35 -1
34 36 -1
34 37 -1
34 39 1
34 40 -1
34 41 -1
34 45 -1
34 46 -1
34 48 1
34 60 1
34 64 -1
35 3 -1
35 10 -1
35 16 1
35 17 1
35 27 1
35 34 -1
35 36 1
35 37 -1
35 38 -1
35 41 -1
35 42 1
35 44 -1
35 45 1
35 46 -1
35 48 -1
35 50 1
36 6 -1
36 8 -1
36 9 -1
36 11 -1
36 12 1
36 19 1
36 33 1
36 34 -1
36 35 1
36 38 1
36 39 1
36 41 -1
36 42 1
36 43 -1
36 47 -1
36 48 1
37 1 -1
37 4 1
37 23 -1
37 32 -1
37 33 -1
37 34 -1
37 35 -1
37 38 1
37 39 -1
37 41 -1
37 43 1
37 45 1
37 46 -1
37 48 1
37 50 -1
37 51 -1
38 17 -1
38 23 -1
38 29 -1
38 35 -1
38 36 1
38 37 1
38 40 -1
38 42 1
38 44 -1
38 45 -1
38 46 -1
38 47 1
38 48 -1
38 53 1
38 57 -1
38 59 -1
39 1 1
39 5 -1
39 17 1
39 33 -1
39 34 1
39 36 1
39 37 -1
39 40 -1
39 42 1
39 44 1
39 45 -1
39 47 -1
39 48 1
39 49 -1
39 54 1
40 5 1
40 6 -1
40 19 1
40 31 -1
40 32 1
40 33 -1
40 34 -1
40 38 -1
40 39 -1
40 41 -1
40 42 1
40 43 -1
40 44 -1
40 47 -1
40 48 -1
40 64 -1
41 17 -1
41 20 1
41 29 1
41 31 1
41 34 -1
41 35 -1
41 36 -1
41 37 -1
41 40 -1
41 42 1
41 43 -1
41 44 -1
41 46 -1
41 47 -1
41 56 1
41 58 1
42 4 1
42 15 -1
42 22 1
42 23 -1
42 33 1
42 35 1
42 36 1
42 38 1
42 39 1
42 40 1
42 41 1
42 43 -1
42 44 -1
42 45 -1
42 53 1
42 59 -1
43 2 1
43 21 1
43 29 -1
43 30 1
43 33 -1
43 36 -1
43 37 1
43 40 -1
43 41 -1
43 42 -1
43 44 1
43 45 -1
43 46 -1
43 47 -1
43 52 -1
43 63 1
44 4 -1
44 13 -1
44 24 -1
44 25 1
44 35 -1
44 38 -1
44 39 1
44 40 -1
44 41 -1
44 42 -1
44 43 1
44 45 -1
44 46 -1
44 47 1
44 55 -1
44 58 -1
45 2 -1
45 8 -1
45 11 1
45 16 -1
45 27 1
45 34 -1
45 35 1
45 37 1
45 38 -1
45 39 -1
45 42 -1
45 43 -1
45 44 -1
45 47 -1
45 48 -1
45 50 1
46 2 -1
46 4 -1
46 5 -1
46 12 1
46 19 1
46 21 -1
46 33 -1
46 34 -1
46 35 -1
46 37 -1
46 38 -1
46 41 -1
46 43 -1
46 44 -1
46 47 -1
46 48 1
47 1 1
47 7 -1
47 12 1
47 16 -1
47 33 1
47 36 -1
47 38 1
47 39 -1
47 40 -1
47 41 -1
47 43 -1
47 44 1
47 45 -1
47 46 -1
47 57 1
47 60 -1
48 16 -1
48 33 -1
48 34 1
48 35 -1
48 36 1
48 37 1
48 38 -1
48 39 1
48 40 -1
48 45 -1
48 46 1
48 53 -1
48 54 1
48 58 1
49 6 -1
49 10 1
49 11 1
49 15 -1
49 22 1
49 39 -1
49 50 1
49 51 1
49 52 -1
49 53 -1
49 55 1
49 56 -1
49 57 -1
49 58 -1
49 59 1
49 61 -1
50 24 -1
50 32 -1
50 35 1
50 37 -1
50 45 1
50 49 1
50 52 1
50 55 -1
50 56 -1
50 57 1
50 58 1
50 59 1
50 60 -1
50 62 -1
50 64 -1
51 9 1
51 10 -1
51 18 1
51 26 1
51 32 -1
51 37 -1
51 49 1
51 53 -1
51 54 -1
51 55 -1
51 56 -1
51 57 -1
51 60 -1
51 61 -1
51 62 1
51 63 -1
52 9 -1
52 11 1
52 29 -1
52 33 -1
52 43 -1
52 49 -1
52 50 1
52 54 1
52 55 1
52 56 -1
52 58 1
52 59 -1
52 60 -1
52 61 1
52 63 1
53 1 -1
53 4 -1
53 27 -1
53 38 1
53 42 1
53 48 -1
53 49 -1
53 51 -1
53 54 -1
53 55 1
53 57 1
53 60 -1
53 61 -1
53 62 -1
53 63 1
53 64 -1
54 32 -1
54 33 -1
54 39 1
54 48 1
54 51 -1
54 52 1
54 53 -1
54 55 -1
54 56 -1
54 58 1
54 59 -1
54 60 1
54 63 -1
54 64 -1
55 2 -1
55 10 1
55 15 1
55 22 1
55 27 1
55 44 -1
55 49 1
55 50 -1
55 51 -1
55 52 1
55 53 1
55 54 -1
55 58 1
55 60 -1
55 63 1
55 64 1
56 3 1
56 8 -1
56 13 -1
56 21 1
56 41 1
56 49 -1
56 50 -1
56 51 -1
56 52 -1
56 54 -1
56 57 -1
56 58 1
56 59 -1
56 62 1
56 64 1
57 4 -1
57 14 -1
57 22 1
57 28 -1
57 38 -1
57 47 1
57 49 -1
57 50 1
57 51 -1
57 53 1
57 56 -1
57 58 1
57 59 1
57 61 -1
57 62 -1
57 64 -1
58 23 1
58 31 -1
58 41 1
58 44 -1
58 48 1
58 49 -1
58 50 1
58 52 1
58 54 1
58 55 1
58 56 1
58 57 1
58 59 -1
58 61 -1
58 62 1
59 5 1
59 28 -1
59 30 -1
59 31 -1
59 38 -1
59 42 -1
59 49 1
59 50 1
59 52 -1
59 54 -1
59 56 -1
59 57 1
59 58 -1
59 60 -1
59 63 -1
59 64 -1
60 16 1
60 22 -1
60 30 1
60 31 1
60 34 1
60 47 -1
60 50 -1
60 51 -1
60 52 -1
60 53 -1
60 54 1
60 55 -1
60 59 -1
60 61 -1
60 62 -1
60 63 -1
61 3 1
61 9 -1
61 18 1
61 26 -1
61 31 -1
61 33 -1
61 49 -1
61 51 -1
61 52 1
61 53 -1
61 57 -1
61 58 -1
61 60 -1
61 62 1
61 63 1
61 64 1
62 12 1
62 13 -1
62 22 -1
62 23 -1
62 28 -1
62 33 -1
62 50 -1
62 51 1
62 53 -1
62 56 1
62 57 -1
62 58 1
62 60 -1
62 61 1
62 63 -1
62 64 1
63 10 -1
63 13 -1
63 19 1
63 29 -1
63 30 -1
63 43 1
63 51 -1
63 52 1
63 53 1
63 54 -1
63 55 1
63 59 -1
63 60 -1
63 61 1
63 62 -1
63 64 -1
64 8 -1
64 20 1
64 27 -1
64 34 -1
64 40 -1
64 50 -1
64 53 -1
64 54 -1
64 55 1
64 56 1
64 57 -1
64 59 -1
64 61 1
64 62 1
64 63 -1
