1 2 -1
1 3 -1
1 4 1
1 5 -1
1 6 -1
1 8 -1
1 11 -1
1 12 1
1 13 -1
1 15 1
1 37 1
1 39 -1
1 43 -1
1 55 -1
1 60 1
1 61 1
2 1 -1
2 3 -1
2 4 -1
2 7 -1
2 8 -1
2 11 1
2 12 -1
2 13 -1
2 14 -1
2 15 -1
2 21 -1
2 32 -1
2 36 1
2 37 1
2 44 1
2 62 -1
3 1 -1
3 2 -1
3 5 -1
3 6 -1
3 9 -1
3 10 1
3 12 -1
3 13 -1
3 14 -1
3 15 -1
3 19 -1
3 29 -1
3 49 -1
3 50 -1
3 53 1
3 58 1
4 1 1
4 2 -1
4 5 -1
4 7 -1
4 8 -1
4 9 -1
4 10 -1
4 11 -1
4 15 -1
4 16 -1
4 20 1
4 28 -1
4 30 -1
4 52 -1
4 54 -1
4 63 -1
5 1 -1
5 3 -1
5 4 -1
5 6 -1
5 8 -1
5 10 -1
5 11 1
5 12 -1
5 14 -1
5 16 -1
5 23 -1
5 31 -1
5 32 -1
5 36 1
5 45 -1
5 47 -1
6 1 -1
6 3 -1
6 5 -1
6 7 1
6 8 -1
6 9 1
6 10 -1
6 11 -1
6 12 -1
6 16 -1
6 41 -1
6 43 -1
6 49 -1
6 57 -1
6 59 -1
6 63 -1
7 2 -1
7 4 -1
7 6 1
7 8 -1
7 9 -1
7 11 -1
7 12 -1
7 13 1
7 14 -1
7 16 1
7 18 -1
7 25 1
7 30 1
7 52 -1
7 53 1
7 64 -1
8 1 -1
8 2 -1
8 4 -1
8 5 -1
8 6 -1
8 7 -1
8 9 -1
8 10 1
8 14 -1
8 15 -1
8 17 -1
8 21 -1
8 26 -1
8 42 1
8 46 1
8 55 -1
9 3 -1
9 4 -1
9 6 1
9 7 -1
9 8 -1
9 10 -1
9 12 1
9 13 -1
9 14 -1
9 16 1
9 26 -1
9 28 -1
9 41 -1
9 48 -1
9 61 -1
9 63 -1
10 3 1
10 4 -1
10 5 -1
10 6 -1
10 8 1
10 9 -1
10 11 -1
10 13 -1
10 15 -1
10 16 -1
10 21 -1
10 35 -1
10 44 -1
10 56 -1
10 57 -1
10 58 -1
11 1 -1
11 2 1
11 4 -1
11 5 1
11 6 -1
11 7 -1
11 10 -1
11 14 -1
11 15 1
11 16 1
11 21 -1
11 38 -1
11 52 -1
11 53 -1
11 56 -1
11 62 1
12 1 1
12 2 -1
12 3 -1
12 5 -1
12 6 -1
12 7 -1
12 9 1
12 13 1
12 14 -1
12 15 -1
12 19 -1
12 22 -1
12 27 -1
12 29 -1
12 39 1
12 40 -1
13 1 -1
13 2 -1
13 3 -1
13 7 1
13 9 -1
13 10 -1
13 12 1
13 14 -1
13 15 1
13 16 -1
13 28 -1
13 33 -1
13 36 -1
13 43 -1
13 48 -1
13 62 -1
14 2 -1
14 3 -1
14 5 -1
14 7 -1
14 8 -1
14 9 -1
14 11 -1
14 12 -1
14 13 -1
14 16 -1
14 37 -1
14 42 -1
14 54 1
14 56 -1
14 62 -1
14 64 -1
15 1 1
15 2 -1
15 3 -1
15 4 -1
15 8 -1
15 10 -1
15 11 1
15 12 -1
15 13 1
15 16 -1
15 26 1
15 48 -1
15 52 -1
15 53 -1
15 59 1
16 4 -1
16 5 -1
16 6 -1
16 7 1
16 9 1
16 10 -1
16 11 1
16 13 -1
16 14 -1
16 15 -1
16 21 -1
16 29 -1
16 32 -1
16 38 -1
16 63 -1
16 64 -1
17 8 -1
17 18 -1
17 20 -1
17 21 -1
17 23 -1
17 24 -1
17 27 -1
17 28 -1
17 30 -1
17 31 -1
17 32 1
17 38 1
17 47 -1
17 60 1
17 61 -1
17 64 -1
18 7 -1
18 17 -1
18 19 -1
18 20 -1
18 21 -1
18 23 -1
18 25 -1
18 28 1
18 29 -1
18 30 -1
18 31 1
18 42 1
18 46 -1
18 47 -1
18 50 -1
18 51 -1
19 3 -1
19 12 -1
19 18 -1
19 20 -1
19 22 -1
19 23 -1
19 24 1
19 25 -1
19 26 -1
19 27 -1
19 29 -1
19 32 -1
19 43 1
19 45 -1
19 46 -1
19 58 -1
20 4 1
20 17 -1
20 18 -1
20 19 -1
20 21 -1
20 22 1
20 23 1
20 25 -1
20 29 1
20 31 -1
20 32 1
20 45 1
20 46 -1
20 50 -1
20 51 -1
20 63 -1
21 2 -1
21 8 -1
21 10 -1
21 11 -1
21 16 -1
21 17 -1
21 18 -1
21 20 -1
21 23 -1
21 24 -1
21 25 -1
21 28 1
21 30 -1
21 31 -1
21 32 -1
21 64 -1
22 12 -1
22 19 -1
22 20 1
22 24 -1
22 25 -1
22 26 -1
22 27 -1
22 28 -1
22 29 -1
22 30 -1
22 31 -1
22 34 -1
22 38 -1
22 40 -1
22 58 1
23 5 -1
23 17 -1
23 18 -1
23 19 -1
23 20 1
23 21 -1
23 24 -1
23 26 1
23 30 -1
23 31 1
23 32 1
23 33 -1
23 41 -1
23 61 -1
23 64 -1
24 17 -1
24 19 1
24 21 -1
24 22 -1
24 23 -1
24 25 1
24 26 -1
24 27 -1
24 29 -1
24 31 -1
24 35 -1
24 43 -1
24 49 1
24 53 1
24 55 -1
24 63 -1
25 7 1
25 18 -1
25 19 -1
25 20 -1
25 21 -1
25 22 -1
25 24 1
25 26 1
25 28 -1
25 30 -1
25 32 -1
25 34 -1
25 35 1
25 45 -1
25 47 1
25 55 -1
26 8 -1
26 9 -1
26 15 1
26 19 -1
26 22 -1
26 23 1
26 24 -1
26 25 1
26 27 1
26 28 -1
26 29 1
26 30 -1
26 32 -1
26 37 1
26 57 -1
27 12 -1
27 17 -1
27 19 -1
27 22 -1
27 24 -1
27 26 1
27 28 -1
27 29 -1
27 30 1
27 31 -1
27 32 -1
27 36 -1
27 41 -1
27 42 -1
27 48 -1
27 62 -1
28 4 -1
28 9 -1
28 13 -1
28 17 -1
28 18 1
28 21 1
28 22 -1
28 25 -1
28 26 -1
28 27 -1
28 29 -1
28 30 -1
28 32 -1
28 35 -1
28 41 -1
28 57 1
29 3 -1
29 12 -1
29 16 -1
29 18 -1
29 19 -1
29 20 1
29 22 -1
29 24 -1
29 26 1
29 27 -1
29 28 -1
29 30 -1
29 31 -1
29 39 -1
29 52 1
29 56 -1
30 4 -1
30 7 1
30 17 -1
30 18 -1
30 21 -1
30 22 -1
30 23 -1
30 25 -1
30 26 -1
30 27 1
30 28 -1
30 29 -1
30 37 -1
30 42 -1
30 50 1
30 60 -1
31 5 -1
31 17 -1
31 18 1
31 20 -1
31 21 -1
31 22 -1
31 23 1
31 24 -1
31 27 -1
31 29 -1
31 32 -1
31 44 -1
31 47 -1
31 48 -1
31 50 1
32 2 -1
32 5 -1
32 16 -1
32 17 1
32 19 -1
32 20 1
32 21 -1
32 23 1
32 25 -1
32 26 -1
32 27 -1
32 28 -1
32 31 -1
32 33 -1
32 38 1
32 51 -1
33 13 -1
33 23 -1
33 32 -1
33 34 -1
33 35 -1
33 36 1
33 38 1
33 42 -1
33 43 1
33 44 -1
33 45 -1
33 47 -1
33 48 -1
33 49 -1
33 60 1
34 22 -1
34 25 -1
34 33 -1
34 35 -1
34 36 -1
34 39 -1
34 40 -1
34 42 -1
34 43 -1
34 44 -1
34 45 -1
34 48 1
34 54 1
34 56 -1
34 60 -1
35 10 -1
35 24 -1
35 25 1
35 28 -1
35 33 -1
35 34 -1
35 37 -1
35 39 -1
35 40 -1
35 42 -1
35 43 -1
35 44 -1
35 47 -1
35 48 -1
35 52 -1
35 59 -1
36 2 1
36 5 1
36 13 -1
36 27 -1
36 33 1
36 34 -1
36 37 -1
36 38 -1
36 39 -1
36 40 -1
36 41 -1
36 43 -1
36 44 -1
36 47 -1
36 54 1
36 58 -1
37 1 1
37 2 1
37 14 -1
37 26 1
37 30 -1
37 35 -1
37 36 -1
37 40 -1
37 41 -1
37 42 -1
37 43 -1
37 45 -1
37 46 -1
37 47 -1
37 48 -1
37 57 -1
38 11 -1
38 16 -1
38 17 1
38 22 -1
38 32 1
38 33 1
38 36 -1
38 39 1
38 40 1
38 41 -1
38 44 1
38 45 -1
38 46 -1
38 47 -1
38 48 -1
38 51 -1
39 1 -1
39 12 1
39 29 -1
39 34 -1
39 35 -1
39 36 -1
39 38 1
39 40 -1
39 41 -1
39 42 -1
39 43 -1
39 46 -1
39 48 -1
39 53 1
39 59 1
39 62 -1
40 12 -1
40 22 -1
40 34 -1
40 35 -1
40 36 -1
40 37 -1
40 38 1
40 39 -1
40 44 1
40 45 -1
40 46 -1
40 47 -1
40 54 -1
40 55 -1
40 61 -1
41 6 -1
41 9 -1
41 23 -1
41 27 -1
41 28 -1
41 36 -1
41 37 -1
41 38 -1
41 39 -1
41 42 -1
41 43 -1
41 44 -1
41 46 -1
41 47 1
41 48 -1
41 49 -1
42 8 1
42 14 -1
42 18 1
42 27 -1
42 30 -1
42 33 -1
42 34 -1
42 35 -1
42 37 -1
42 39 -1
42 41 -1
42 43 -1
42 44 -1
42 45 -1
42 46 -1
42 51 -1
43 1 -1
43 6 -1
43 13 -1
43 19 1
43 24 -1
43 33 1
43 34 -1
43 35 -1
43 36 -1
43 37 -1
43 39 -1
43 41 -1
43 42 -1
43 45 -1
43 46 -1
43 49 -1
44 2 1
44 10 -1
44 31 -1
44 33 -1
44 34 -1
44 35 -1
44 36 -1
44 38 1
44 40 1
44 41 -1
44 42 -1
44 45 -1
44 47 1
44 55 -1
44 56 -1
44 58 1
45 5 -1
45 19 -1
45 20 1
45 25 -1
45 33 -1
45 34 -1
45 37 -1
45 38 -1
45 40 -1
45 42 -1
45 43 -1
45 44 -1
45 46 -1
45 48 1
45 60 -1
45 61 -1
46 8 1
46 18 -1
46 19 -1
46 20 -1
46 37 -1
46 38 -1
46 39 -1
46 40 -1
46 41 -1
46 42 -1
46 43 -1
46 45 -1
46 47 -1
46 48 1
46 51 -1
46 59 -1
47 5 -1
47 17 -1
47 18 -1
47 25 1
47 31 -1
47 33 -1
47 35 -1
47 36 -1
47 37 -1
47 38 -1
47 40 -1
47 41 1
47 44 1
47 46 -1
47 48 -1
47 59 -1
48 9 -1
48 13 -1
48 15 -1
48 27 -1
48 31 -1
48 33 -1
48 34 1
48 35 -1
48 37 -1
48 38 -1
48 39 -1
48 41 -1
48 45 1
48 46 1
48 47 -1
48 57 -1
49 3 -1
49 6 -1
49 24 1
49 33 -1
49 41 -1
49 43 -1
49 51 -1
49 52 -1
49 53 1
49 56 -1
49 57 -1
49 58 -1
49 59 -1
49 62 -1
49 63 -1
49 64 -1
50 3 -1
50 18 -1
50 20 -1
50 30 1
50 31 1
50 51 1
50 52 1
50 53 1
50 55 -1
50 56 -1
50 57 -1
50 60 1
50 61 -1
50 62 -1
50 64 -1
51 18 -1
51 20 -1
51 32 -1
51 38 -1
51 42 -1
51 46 -1
51 49 -1
51 50 1
51 52 -1
51 54 -1
51 55 1
51 56 -1
51 57 1
51 61 -1
51 62 -1
51 63 -1
52 4 -1
52 7 -1
52 11 -1
52 15 -1
52 29 1
52 35 -1
52 49 -1
52 50 1
52 51 -1
52 53 -1
52 54 -1
52 57 -1
52 59 -1
52 60 -1
52 62 -1
52 64 1
53 3 1
53 7 1
53 11 -1
53 15 -1
53 24 1
53 39 1
53 49 1
53 50 1
53 52 -1
53 54 -1
53 55 -1
53 56 1
53 58 -1
53 59 -1
53 60 -1
53 63 -1
54 4 -1
54 14 1
54 34 1
54 36 1
54 40 -1
54 51 -1
54 52 -1
54 53 -1
54 56 -1
54 57 -1
54 58 -1
54 59 -1
54 60 -1
54 61 -1
54 64 -1
55 1 -1
55 8 -1
55 24 -1
55 25 -1
55 40 -1
55 44 -1
55 50 -1
55 51 1
55 53 -1
55 56 -1
55 58 -1
55 59 -1
55 61 -1
55 62 -1
55 63 -1
55 64 -1
56 10 -1
56 11 -1
56 14 -1
56 29 -1
56 34 -1
56 44 -1
56 49 -1
56 50 -1
56 51 -1
56 53 1
56 54 -1
56 55 -1
56 58 -1
56 61 1
56 63 -1
56 64 -1
57 6 -1
57 10 -1
57 26 -1
57 28 1
57 37 -1
57 48 -1
57 49 -1
57 50 -1
57 51 1
57 52 -1
57 54 -1
57 58 -1
57 59 -1
57 60 -1
57 62 -1
57 63 -1
58 3 1
58 10 -1
58 19 -1
58 22 1
58 36 -1
58 44 1
58 49 -1
58 53 -1
58 54 -1
58 55 -1
58 56 -1
58 57 -1
58 60 -1
58 61 -1
58 62 -1
58 64 1
59 6 -1
59 15 1
59 35 -1
59 39 1
59 46 -1
59 47 -1
59 49 -1
59 52 -1
59 53 -1
59 54 -1
59 55 -1
59 57 -1
59 60 1
59 61 -1
59 62 -1
59 63 -1
60 1 1
60 17 1
60 30 -1
60 33 1
60 34 -1
60 45 -1
60 50 1
60 52 -1
60 53 -1
60 54 -1
60 57 -1
60 58 -1
60 59 1
60 61 -1
60 63 -1
60 64 1
61 1 1
61 9 -1
61 17 -1
61 23 -1
61 40 -1
61 45 -1
61 50 -1
61 51 -1
61 54 -1
61 55 -1
61 56 1
61 58 -1
61 59 -1
61 60 -1
61 63 -1
61 64 1
62 2 -1
62 11 1
62 13 -1
62 14 -1
62 27 -1
62 39 -1
62 49 -1
62 50 -1
62 51 -1
62 52 -1
62 55 -1
62 57 -1
62 58 -1
62 59 -1
62 63 -1
62 64 -1
63 4 -1
63 6 -1
63 9 -1
63 16 -1
63 20 -1
63 24 -1
63 49 -1
63 51 -1
63 53 -1
63 55 -1
63 56 -1
63 57 -1
63 59 -1
63 60 -1
63 61 -1
63 62 -1
64 7 -1
64 14 -1
64 16 -1
64 17 -1
64 21 -1
64 23 -1
64 49 -1
64 50 -1
64 52 1
64 54 -1
64 55 -1
64 56 -1
64 58 1
64 60 1
64 61 1
64 62 -1
