1 2 -1
1 3 -1
1 4 -1
1 5 -1
1 7 -1
1 10 -1
1 11 -1
1 12 -1
1 15 -1
1 16 -1
1 21 -1
1 22 -1
1 24 -1
1 44 -1
1 54 -1
1 59 -1
2 1 -1
2 4 -1
2 6 -1
2 7 -1
2 8 -1
2 10 -1
2 11 -1
2 14 -1
2 15 -1
2 16 -1
2 21 -1
2 26 -1
2 28 -1
2 45 1
2 53 -1
2 57 1
3 1 -1
3 6 -1
3 7 -1
3 8 -1
3 9 1
3 10 -1
3 11 -1
3 13 -1
3 14 -1
3 16 -1
3 26 -1
3 31 -1
3 35 -1
3 62 -1
3 63 -1
4 1 -1
4 2 -1
4 5 -1
4 7 -1
4 10 1
4 11 -1
4 12 1
4 14 -1
4 15 -1
4 16 -1
4 32 -1
4 38 -1
4 44 -1
4 56 -1
4 58 -1
4 63 -1
5 1 -1
5 4 -1
5 6 -1
5 8 -1
5 9 -1
5 10 -1
5 12 -1
5 13 1
5 15 -1
5 16 -1
5 26 -1
5 49 -1
5 58 -1
5 61 1
5 64 -1
6 2 -1
6 3 -1
6 5 -1
6 7 -1
6 8 1
6 9 -1
6 11 -1
6 12 -1
6 13 -1
6 15 -1
6 26 -1
6 28 -1
6 29 1
6 37 -1
6 41 -1
6 59 -1
7 1 -1
7 2 -1
7 3 -1
7 4 -1
7 6 -1
7 8 -1
7 9 -1
7 10 -1
7 12 -1
7 13 -1
7 23 1
7 29 -1
7 36 -1
7 48 -1
7 57 -1
7 58 -1
8 2 -1
8 3 -1
8 5 -1
8 6 1
8 7 -1
8 9 -1
8 12 -1
8 14 -1
8 15 -1
8 16 -1
8 21 -1
8 22 -1
8 32 -1
8 34 1
8 36 -1
8 37 -1
9 3 1
9 5 -1
9 6 -1
9 7 -1
9 8 -1
9 10 -1
9 11 -1
9 14 -1
9 15 -1
9 16 -1
9 20 -1
9 30 -1
9 44 -1
9 47 -1
9 48 -1
9 56 -1
10 1 -1
10 2 -1
10 3 -1
10 4 1
10 5 -1
10 7 -1
10 9 -1
10 11 -1
10 13 -1
10 16 -1
10 18 -1
10 22 -1
10 35 -1
10 48 -1
10 62 -1
11 1 -1
11 2 -1
11 3 -1
11 4 -1
11 6 -1
11 9 -1
11 10 -1
11 12 -1
11 13 -1
11 14 -1
11 22 -1
11 23 -1
11 38 -1
11 42 -1
11 44 -1
12 1 -1
12 4 1
12 5 -1
12 6 -1
12 7 -1
12 8 -1
12 11 -1
12 13 -1
12 14 -1
12 15 -1
12 23 -1
12 26 1
12 34 -1
12 46 -1
12 50 1
13 3 -1
13 5 1
13 6 -1
13 7 -1
13 10 -1
13 11 -1
13 12 -1
13 14 -1
13 15 -1
13 16 -1
13 17 -1
13 29 -1
13 33 -1
13 39 -1
13 41 1
13 55 -1
14 2 -1
14 3 -1
14 4 -1
14 8 -1
14 9 -1
14 11 -1
14 12 -1
14 13 -1
14 15 -1
14 16 1
14 22 -1
14 29 -1
14 50 -1
14 57 -1
14 61 -1
14 62 -1
15 1 -1
15 2 -1
15 4 -1
15 5 -1
15 6 -1
15 8 -1
15 9 -1
15 12 -1
15 13 -1
15 14 -1
15 17 -1
15 18 1
15 21 -1
15 27 -1
15 28 1
15 57 -1
16 1 -1
16 2 -1
16 3 -1
16 4 -1
16 5 -1
16 8 -1
16 9 -1
16 10 -1
16 13 -1
16 14 1
16 28 1
16 38 -1
16 45 -1
16 50 -1
16 61 -1
16 62 -1
17 13 -1
17 15 -1
17 18 -1
17 19 -1
17 20 -1
17 21 -1
17 22 1
17 23 -1
17 27 -1
17 29 -1
17 30 -1
17 32 -1
17 36 -1
17 54 -1
17 56 -1
17 64 -1
18 10 -1
18 15 1
18 17 -1
18 19 -1
18 20 -1
18 21 -1
18 22 -1
18 25 -1
18 26 -1
18 27 1
18 29 -1
18 31 -1
18 36 1
18 59 -1
18 61 -1
19 17 -1
19 18 -1
19 22 -1
19 23 -1
19 25 -1
19 26 -1
19 28 -1
19 29 -1
19 30 -1
19 31 -1
19 39 -1
19 40 -1
19 42 -1
19 48 -1
19 49 -1
19 50 1
20 9 -1
20 17 -1
20 18 -1
20 21 1
20 24 -1
20 25 -1
20 26 1
20 27 -1
20 28 -1
20 30 -1
20 32 -1
20 44 -1
20 54 -1
20 56 -1
20 62 -1
20 63 -1
21 1 -1
21 2 -1
21 8 -1
21 15 -1
21 17 -1
21 18 -1
21 20 1
21 22 -1
21 24 -1
21 25 -1
21 26 -1
21 28 -1
21 29 -1
21 32 -1
21 42 1
21 51 -1
22 1 -1
22 8 -1
22 10 -1
22 11 -1
22 14 -1
22 17 1
22 18 -1
22 19 -1
22 21 -1
22 24 1
22 27 -1
22 28 -1
22 30 -1
22 31 -1
22 32 -1
22 40 -1
23 7 1
23 11 -1
23 12 -1
23 17 -1
23 19 -1
23 24 -1
23 25 -1
23 26 -1
23 27 -1
23 28 -1
23 29 -1
23 30 1
23 31 -1
23 40 -1
23 50 -1
24 1 -1
24 20 -1
24 21 -1
24 22 1
24 23 -1
24 26 1
24 27 -1
24 28 -1
24 29 -1
24 31 -1
24 32 1
24 33 -1
24 36 -1
24 52 1
24 53 -1
24 64 1
25 18 -1
25 19 -1
25 20 -1
25 21 -1
25 23 -1
25 26 -1
25 27 -1
25 28 -1
25 31 -1
25 32 -1
25 33 -1
25 40 -1
25 43 -1
25 57 -1
25 59 -1
25 63 -1
26 2 -1
26 3 -1
26 5 -1
26 6 -1
26 12 1
26 18 -1
26 19 -1
26 20 1
26 21 -1
26 23 -1
26 24 1
26 25 -1
26 28 -1
26 29 -1
26 32 -1
26 37 -1
27 15 -1
27 17 -1
27 18 1
27 20 -1
27 22 -1
27 23 -1
27 24 -1
27 25 -1
27 29 -1
27 30 1
27 32 -1
27 34 -1
27 35 -1
27 43 1
27 45 -1
27 55 -1
28 2 -1
28 6 -1
28 15 1
28 16 1
28 19 -1
28 20 -1
28 21 -1
28 22 -1
28 23 -1
28 24 -1
28 25 -1
28 26 -1
28 30 -1
28 31 -1
28 45 -1
28 47 -1
29 6 1
29 7 -1
29 13 -1
29 14 -1
29 17 -1
29 18 -1
29 19 -1
29 21 -1
29 23 -1
29 24 -1
29 26 -1
29 27 -1
29 30 -1
29 31 -1
29 40 -1
29 42 -1
30 9 -1
30 17 -1
30 19 -1
30 20 -1
30 22 -1
30 23 1
30 27 1
30 28 -1
30 29 -1
30 31 -1
30 32 -1
30 46 -1
30 49 -1
30 55 -1
30 61 -1
30 62 -1
31 3 -1
31 18 -1
31 19 -1
31 22 -1
31 23 -1
31 24 -1
31 25 -1
31 28 -1
31 29 -1
31 30 -1
31 32 -1
31 43 -1
31 47 -1
31 49 -1
31 53 1
32 4 -1
32 8 -1
32 17 -1
32 20 -1
32 21 -1
32 22 -1
32 24 1
32 25 -1
32 26 -1
32 27 -1
32 30 -1
32 31 -1
32 36 1
32 46 -1
32 52 -1
32 58 -1
33 13 -1
33 24 -1
33 25 -1
33 34 -1
33 36 -1
33 38 -1
33 39 1
33 40 1
33 41 -1
33 42 -1
33 44 -1
33 47 -1
33 48 -1
33 51 -1
33 52 -1
33 63 -1
34 8 1
34 12 -1
34 27 -1
34 33 -1
34 36 -1
34 37 -1
34 39 -1
34 40 -1
34 43 -1
34 45 -1
34 46 1
34 47 -1
34 48 -1
34 52 -1
34 64 -1
35 3 -1
35 10 -1
35 27 -1
35 36 -1
35 37 -1
35 38 -1
35 40 -1
35 41 -1
35 43 -1
35 44 -1
35 45 -1
35 46 -1
35 47 -1
35 56 -1
35 60 -1
36 7 -1
36 8 -1
36 17 -1
36 18 1
36 24 -1
36 32 1
36 33 -1
36 34 -1
36 35 -1
36 37 1
36 38 -1
36 42 -1
36 43 -1
36 45 -1
36 46 1
36 48 -1
37 6 -1
37 8 -1
37 26 -1
37 34 -1
37 35 -1
37 36 1
37 39 -1
37 40 1
37 41 -1
37 42 -1
37 43 -1
37 46 -1
37 48 -1
37 60 -1
38 4 -1
38 11 -1
38 16 -1
38 33 -1
38 35 -1
38 36 -1
38 39 -1
38 40 -1
38 42 -1
38 43 -1
38 44 -1
38 45 -1
38 46 -1
38 51 -1
38 54 -1
38 56 -1
39 13 -1
39 19 -1
39 33 1
39 34 -1
39 37 -1
39 38 -1
39 40 -1
39 41 -1
39 42 -1
39 44 -1
39 47 -1
39 48 -1
39 49 -1
39 53 -1
39 60 -1
40 19 -1
40 22 -1
40 23 -1
40 25 -1
40 29 -1
40 33 1
40 34 -1
40 35 -1
40 37 1
40 38 -1
40 39 -1
40 45 1
40 46 -1
40 47 -1
40 48 -1
40 54 -1
41 6 -1
41 13 1
41 33 -1
41 35 -1
41 37 -1
41 39 -1
41 42 -1
41 43 -1
41 44 -1
41 46 1
41 47 1
41 48 -1
41 51 -1
41 53 -1
41 55 -1
41 63 -1
42 11 -1
42 19 -1
42 21 1
42 29 -1
42 33 -1
42 36 -1
42 37 -1
42 38 -1
42 39 -1
42 41 -1
42 43 -1
42 44 -1
42 45 -1
42 47 -1
42 53 -1
43 25 -1
43 27 1
43 31 -1
43 34 -1
43 35 -1
43 36 -1
43 37 -1
43 38 -1
43 41 -1
43 42 -1
43 44 -1
43 45 -1
43 46 -1
43 50 -1
43 51 -1
43 52 -1
44 1 -1
44 4 -1
44 9 -1
44 11 -1
44 20 -1
44 33 -1
44 35 -1
44 38 -1
44 39 -1
44 41 -1
44 42 -1
44 43 -1
44 45 -1
44 46 -1
44 48 -1
44 55 -1
45 2 1
45 16 -1
45 27 -1
45 28 -1
45 34 -1
45 35 -1
45 36 -1
45 38 -1
45 40 1
45 42 -1
45 43 -1
45 44 -1
45 47 -1
45 48 -1
45 58 -1
45 61 -1
46 12 -1
46 30 -1
46 32 -1
46 34 1
46 35 -1
46 36 1
46 37 -1
46 38 -1
46 40 -1
46 41 1
46 43 -1
46 44 -1
46 47 -1
46 51 -1
46 55 -1
46 59 -1
47 9 -1
47 28 -1
47 31 -1
47 33 -1
47 34 -1
47 35 -1
47 39 -1
47 40 -1
47 41 1
47 42 -1
47 45 -1
47 46 -1
47 48 -1
47 52 -1
47 54 1
47 64 1
48 7 -1
48 9 -1
48 10 -1
48 19 -1
48 33 -1
48 34 -1
48 36 -1
48 37 -1
48 39 -1
48 40 -1
48 41 -1
48 44 -1
48 45 -1
48 47 -1
48 57 -1
48 59 -1
49 5 -1
49 19 -1
49 30 -1
49 31 -1
49 39 -1
49 50 -1
49 51 -1
49 52 -1
49 53 -1
49 54 -1
49 55 -1
49 58 -1
49 60 -1
49 63 -1
49 64 -1
50 12 1
50 14 -1
50 16 -1
50 19 1
50 23 -1
50 43 -1
50 49 -1
50 54 -1
50 55 -1
50 56 -1
50 57 -1
50 58 -1
50 59 -1
50 61 -1
50 63 -1
50 64 -1
51 21 -1
51 33 -1
51 38 -1
51 41 -1
51 43 -1
51 46 -1
51 49 -1
51 52 -1
51 54 -1
51 55 -1
51 57 -1
51 58 -1
51 59 -1
51 60 -1
51 62 -1
51 63 -1
52 24 1
52 32 -1
52 33 -1
52 34 -1
52 43 -1
52 47 -1
52 49 -1
52 51 -1
52 54 -1
52 56 -1
52 57 -1
52 58 -1
52 59 -1
52 61 1
52 62 -1
52 64 -1
53 2 -1
53 24 -1
53 31 1
53 39 -1
53 41 -1
53 42 -1
53 49 -1
53 54 -1
53 55 -1
53 56 -1
53 57 -1
53 59 -1
53 60 1
53 61 1
53 62 -1
53 64 -1
54 1 -1
54 17 -1
54 20 -1
54 38 -1
54 40 -1
54 47 1
54 49 -1
54 50 -1
54 51 -1
54 52 -1
54 53 -1
54 55 1
54 57 -1
54 58 -1
54 60 -1
54 64 -1
55 13 -1
55 27 -1
55 30 -1
55 41 -1
55 44 -1
55 46 -1
55 49 -1
55 50 -1
55 51 -1
55 53 -1
55 54 1
55 56 -1
55 58 -1
55 59 -1
55 61 -1
55 62 1
56 4 -1
56 9 -1
56 17 -1
56 20 -1
56 35 -1
56 38 -1
56 50 -1
56 52 -1
56 53 -1
56 55 -1
56 58 -1
56 59 -1
56 60 -1
56 61 -1
56 63 -1
56 64 -1
57 2 1
57 7 -1
57 14 -1
57 15 -1
57 25 -1
57 48 -1
57 50 -1
57 51 -1
57 52 -1
57 53 -1
57 54 -1
57 59 -1
57 61 -1
57 62 -1
57 63 -1
57 64 -1
58 4 -1
58 5 -1
58 7 -1
58 32 -1
58 45 -1
58 49 -1
58 50 -1
58 51 -1
58 52 -1
58 54 -1
58 55 -1
58 56 -1
58 60 -1
58 62 -1
58 63 -1
59 1 -1
59 6 -1
59 18 -1
59 25 -1
59 46 -1
59 48 -1
59 50 -1
59 51 -1
59 52 -1
59 53 -1
59 55 -1
59 56 -1
59 57 -1
59 60 -1
59 61 -1
59 64 -1
60 35 -1
60 37 -1
60 39 -1
60 49 -1
60 51 -1
60 53 1
60 54 -1
60 56 -1
60 58 -1
60 59 -1
60 61 -1
60 62 -1
60 63 -1
61 5 1
61 14 -1
61 16 -1
61 18 -1
61 30 -1
61 45 -1
61 50 -1
61 52 1
61 53 1
61 55 -1
61 56 -1
61 57 -1
61 59 -1
61 60 -1
61 62 -1
61 63 -1
62 3 -1
62 10 -1
62 14 -1
62 16 -1
62 20 -1
62 30 -1
62 51 -1
62 52 -1
62 53 -1
62 55 1
62 57 -1
62 58 -1
62 60 -1
62 61 -1
62 63 -1
62 64 -1
63 3 -1
63 4 -1
63 20 -1
63 25 -1
63 33 -1
63 41 -1
63 49 -1
63 50 -1
63 51 -1
63 56 -1
63 57 -1
63 58 -1
63 60 -1
63 61 -1
63 62 -1
63 64 -1
64 5 -1
64 17 -1
64 24 1
64 34 -1
64 47 1
64 49 -1
64 50 -1
64 52 -1
64 53 -1
64 54 -1
64 56 -1
64 57 -1
64 59 -1
64 62 -1
64 63 -1
