1 2 1
1 3 -1
1 4 -1
1 6 -1
1 7 1
1 10 -1
1 12 -1
1 13 1
1 14 1
1 16 1
1 20 1
1 25 1
1 38 1
1 41 1
1 46 1
1 48 1
2 1 1
2 3 1
2 5 1
2 7 1
2 10 1
2 11 1
2 12 1
2 13 -1
2 14 1
2 15 1
2 17 1
2 26 1
2 31 1
2 45 1
2 57 1
3 1 -1
3 2 1
3 5 -1
3 8 -1
3 9 1
3 10 1
3 11 1
3 12 1
3 13 1
3 15 1
3 21 1
3 39 1
3 48 1
3 49 1
3 54 1
4 1 -1
4 6 1
4 7 -1
4 8 1
4 9 1
4 10 1
4 11 1
4 13 1
4 14 1
4 15 1
4 30 1
4 37 1
4 44 1
4 45 1
4 46 1
4 64 1
5 2 1
5 3 -1
5 6 1
5 8 1
5 9 1
5 10 1
5 11 1
5 12 1
5 15 1
5 16 1
5 21 1
5 22 1
5 27 1
5 37 1
5 38 1
5 40 1
6 1 -1
6 4 1
6 5 1
6 7 1
6 9 1
6 11 -1
6 13 1
6 14 1
6 15 1
6 16 1
6 19 -1
6 29 1
6 40 1
6 41 1
6 58 1
6 62 1
7 1 1
7 2 1
7 4 -1
7 6 1
7 8 1
7 9 -1
7 11 1
7 13 1
7 14 1
7 16 1
7 27 1
7 31 1
7 32 1
7 43 1
7 55 1
7 58 1
8 3 -1
8 4 1
8 5 1
8 7 1
8 10 -1
8 11 1
8 12 -1
8 13 1
8 15 1
8 16 1
8 22 1
8 33 1
8 44 1
8 45 1
8 53 1
8 63 1
9 3 1
9 4 1
9 5 1
9 6 1
9 7 -1
9 10 1
9 12 1
9 13 1
9 14 1
9 16 1
9 17 1
9 20 1
9 22 1
9 32 1
9 44 1
10 1 -1
10 2 1
10 3 1
10 4 1
10 5 1
10 8 -1
10 9 1
10 12 1
10 14 1
10 15 1
10 23 1
10 24 1
10 30 1
10 46 1
10 53 -1
10 62 1
11 2 1
11 3 1
11 4 1
11 5 1
11 6 -1
11 7 1
11 8 1
11 12 1
11 15 -1
11 16 1
11 17 1
11 33 1
11 35 -1
11 36 1
11 41 -1
11 59 1
12 1 -1
12 2 1
12 3 1
12 5 1
12 8 -1
12 9 1
12 10 1
12 11 1
12 14 1
12 15 1
12 18 1
12 24 1
12 26 1
12 37 -1
12 48 -1
13 1 1
13 2 -1
13 3 1
13 4 1
13 6 1
13 7 1
13 8 1
13 9 1
13 14 1
13 16 1
13 20 1
13 28 1
13 29 1
13 33 1
13 38 1
14 1 1
14 2 1
14 4 1
14 6 1
14 7 1
14 9 1
14 10 1
14 12 1
14 13 1
14 16 1
14 33 1
14 40 1
14 42 1
14 48 1
14 53 1
14 62 1
15 2 1
15 3 1
15 4 1
15 5 1
15 6 1
15 8 1
15 10 1
15 11 -1
15 12 1
15 16 1
15 28 1
15 36 -1
15 45 1
15 48 -1
15 50 1
15 63 1
16 1 1
16 5 1
16 6 1
16 7 1
16 8 1
16 9 1
16 11 1
16 13 1
16 14 1
16 15 1
16 28 1
16 32 1
16 49 1
16 61 1
16 64 1
17 2 1
17 9 1
17 11 1
17 19 -1
17 22 1
17 23 1
17 25 1
17 26 1
17 28 1
17 29 1
17 30 1
17 31 1
17 32 1
17 34 1
17 56 1
17 64 1
18 12 1
18 20 -1
18 23 -1
18 24 1
18 25 1
18 27 1
18 28 1
18 29 1
18 30 -1
18 31 1
18 32 1
18 39 1
18 40 1
18 42 1
18 59 1
18 62 1
19 6 -1
19 17 -1
19 20 1
19 21 1
19 23 1
19 24 1
19 26 1
19 27 1
19 28 1
19 29 1
19 31 1
19 41 1
19 49 1
19 51 1
19 54 1
20 1 1
20 9 1
20 13 1
20 18 -1
20 19 1
20 21 1
20 22 1
20 23 1
20 24 -1
20 26 1
20 28 1
20 31 1
20 32 1
20 43 1
20 50 1
20 64 1
21 3 1
21 5 1
21 19 1
21 20 1
21 22 1
21 23 1
21 24 1
21 27 1
21 28 1
21 29 1
21 30 1
21 31 -1
21 40 1
21 51 1
21 55 1
21 56 -1
22 5 1
22 8 1
22 9 1
22 17 1
22 20 1
22 21 1
22 25 1
22 26 1
22 27 1
22 28 1
22 30 1
22 31 1
22 32 1
22 55 1
22 60 1
23 10 1
23 17 1
23 18 -1
23 19 1
23 20 1
23 21 1
23 24 1
23 25 1
23 27 1
23 30 1
23 32 1
23 34 1
23 56 1
23 60 1
24 10 1
24 12 1
24 18 1
24 19 1
24 20 -1
24 21 1
24 23 1
24 26 1
24 27 1
24 28 1
24 29 1
24 32 1
24 50 1
24 52 1
24 62 -1
25 1 1
25 17 1
25 18 1
25 22 1
25 23 1
25 26 1
25 28 1
25 29 1
25 30 1
25 31 1
25 32 -1
25 39 1
25 52 1
25 61 1
25 63 1
26 2 1
26 12 1
26 17 1
26 19 1
26 20 1
26 22 1
26 24 1
26 25 1
26 27 1
26 29 1
26 30 1
26 31 1
26 36 1
26 38 1
26 44 1
27 5 1
27 7 1
27 18 1
27 19 1
27 21 1
27 22 1
27 23 1
27 24 1
27 26 1
27 28 1
27 30 1
27 32 1
27 33 1
27 50 1
27 56 1
27 57 -1
28 13 1
28 15 1
28 16 1
28 17 1
28 18 1
28 19 1
28 20 1
28 21 1
28 22 1
28 24 1
28 25 1
28 27 1
28 29 -1
28 47 1
28 51 1
29 6 1
29 13 1
29 17 1
29 18 1
29 19 1
29 21 1
29 24 1
29 25 1
29 26 1
29 28 -1
29 30 1
29 32 1
29 34 1
29 46 1
29 53 1
29 55 1
30 4 1
30 10 1
30 17 1
30 18 -1
30 21 1
30 22 1
30 23 1
30 25 1
30 26 1
30 27 1
30 29 1
30 31 1
30 37 1
30 38 -1
30 50 1
30 61 1
31 2 1
31 7 1
31 17 1
31 18 1
31 19 1
31 20 1
31 21 -1
31 22 1
31 25 1
31 26 1
31 30 1
31 32 1
31 33 1
31 47 1
31 57 1
31 60 1
32 7 1
32 9 1
32 16 1
32 17 1
32 18 1
32 20 1
32 22 1
32 23 1
32 24 1
32 25 -1
32 27 1
32 29 1
32 31 1
32 60 1
33 8 1
33 11 1
33 13 1
33 14 1
33 27 1
33 31 1
33 34 1
33 36 1
33 37 1
33 40 1
33 41 1
33 44 1
33 45 1
33 46 1
33 47 1
33 48 1
34 17 1
34 23 1
34 29 1
34 33 1
34 35 1
34 37 1
34 38 1
34 39 1
34 43 1
34 45 -1
34 46 1
34 47 1
34 48 1
34 59 1
34 63 1
35 11 -1
35 34 1
35 38 1
35 39 1
35 40 1
35 41 1
35 42 1
35 43 -1
35 45 1
35 46 1
35 48 1
35 55 1
35 56 1
35 57 1
35 59 1
35 61 1
36 11 1
36 15 -1
36 26 1
36 33 1
36 37 1
36 38 1
36 40 1
36 41 1
36 43 1
36 44 1
36 45 1
36 46 1
36 47 1
36 49 -1
36 61 1
37 4 1
37 5 1
37 12 -1
37 30 1
37 33 1
37 34 1
37 36 1
37 38 1
37 39 1
37 42 1
37 43 1
37 44 1
37 46 1
37 48 1
37 54 1
37 63 1
38 1 1
38 5 1
38 13 1
38 26 1
38 30 -1
38 34 1
38 35 1
38 36 1
38 37 1
38 39 1
38 40 -1
38 42 1
38 43 1
38 44 1
38 47 1
38 60 1
39 3 1
39 18 1
39 25 1
39 34 1
39 35 1
39 37 1
39 38 1
39 41 1
39 42 -1
39 43 1
39 44 1
39 46 1
39 48 1
39 53 1
39 58 1
39 63 1
40 5 1
40 6 1
40 14 1
40 18 1
40 21 1
40 33 1
40 35 1
40 36 1
40 38 -1
40 41 1
40 42 1
40 44 1
40 45 1
40 46 1
40 47 1
40 51 1
41 1 1
41 6 1
41 11 -1
41 19 1
41 33 1
41 35 1
41 36 1
41 39 1
41 40 1
41 42 1
41 43 1
41 44 1
41 46 1
41 48 1
41 49 1
41 52 1
42 14 1
42 18 1
42 35 1
42 37 1
42 38 1
42 39 -1
42 40 1
42 41 1
42 45 1
42 46 1
42 47 1
42 48 1
42 50 1
42 52 1
42 53 1
42 54 1
43 7 1
43 20 1
43 34 1
43 35 -1
43 36 1
43 37 1
43 38 1
43 39 1
43 41 1
43 44 1
43 47 1
43 48 1
43 54 1
43 57 1
43 58 1
43 64 1
44 4 1
44 8 1
44 9 1
44 26 1
44 33 1
44 36 1
44 37 1
44 38 1
44 39 1
44 40 1
44 41 1
44 43 1
44 45 1
44 47 1
44 49 1
44 55 1
45 2 1
45 4 1
45 8 1
45 15 1
45 33 1
45 34 -1
45 35 1
45 36 1
45 40 1
45 42 1
45 44 1
45 46 1
45 47 1
45 48 1
45 58 1
45 64 1
46 1 1
46 4 1
46 10 1
46 29 1
46 33 1
46 34 1
46 35 1
46 36 1
46 37 1
46 39 1
46 40 1
46 41 1
46 42 1
46 45 1
46 59 1
46 61 1
47 28 1
47 31 1
47 33 1
47 34 1
47 36 1
47 38 1
47 40 1
47 42 1
47 43 1
47 44 1
47 45 1
47 48 1
47 51 1
47 52 1
47 58 1
47 59 1
48 1 1
48 3 1
48 12 -1
48 14 1
48 15 -1
48 33 1
48 34 1
48 35 1
48 37 1
48 39 1
48 41 1
48 42 1
48 43 1
48 45 1
48 47 1
49 3 1
49 16 1
49 19 1
49 36 -1
49 41 1
49 44 1
49 50 1
49 51 1
49 52 1
49 53 1
49 54 -1
49 55 1
49 56 1
49 60 1
49 61 -1
49 62 1
50 15 1
50 20 1
50 24 1
50 27 1
50 30 1
50 42 1
50 49 1
50 51 1
50 52 1
50 53 1
50 55 1
50 56 1
50 59 1
50 60 1
50 63 1
50 64 1
51 19 1
51 21 1
51 28 1
51 40 1
51 47 1
51 49 1
51 50 1
51 52 1
51 56 1
51 58 -1
51 59 1
51 60 1
51 61 1
51 63 1
51 64 1
52 24 1
52 25 1
52 41 1
52 42 1
52 47 1
52 49 1
52 50 1
52 51 1
52 53 1
52 55 1
52 56 1
52 60 1
52 61 1
52 62 1
52 63 1
53 8 1
53 10 -1
53 14 1
53 29 1
53 39 1
53 42 1
53 49 1
53 50 1
53 52 1
53 54 1
53 57 1
53 58 1
53 60 1
53 62 -1
53 63 1
53 64 1
54 3 1
54 19 1
54 37 1
54 42 1
54 43 1
54 49 -1
54 53 1
54 55 1
54 56 -1
54 57 1
54 59 1
54 61 1
54 62 -1
54 63 1
54 64 -1
55 7 1
55 21 1
55 22 1
55 29 1
55 35 1
55 44 1
55 49 1
55 50 1
55 52 1
55 54 1
55 57 1
55 59 1
55 60 1
55 61 1
55 62 1
55 63 1
56 17 1
56 21 -1
56 23 1
56 27 1
56 35 1
56 49 1
56 50 1
56 51 1
56 52 1
56 54 -1
56 57 1
56 58 1
56 59 -1
56 60 1
56 62 1
57 2 1
57 27 -1
57 31 1
57 35 1
57 43 1
57 53 1
57 54 1
57 55 1
57 56 1
57 58 1
57 59 1
57 60 1
57 61 1
57 63 1
57 64 1
58 6 1
58 7 1
58 39 1
58 43 1
58 45 1
58 47 1
58 51 -1
58 53 1
58 56 1
58 57 1
58 59 -1
58 60 1
58 61 1
58 62 1
58 63 1
58 64 1
59 11 1
59 18 1
59 34 1
59 35 1
59 46 1
59 47 1
59 50 1
59 51 1
59 54 1
59 55 1
59 56 -1
59 57 1
59 58 -1
59 61 -1
59 63 1
59 64 1
60 22 1
60 23 1
60 31 1
60 32 1
60 38 1
60 49 1
60 50 1
60 51 1
60 52 1
60 53 1
60 55 1
60 56 1
60 57 1
60 58 1
60 64 1
61 16 1
61 25 1
61 30 1
61 35 1
61 36 1
61 46 1
61 49 -1
61 51 1
61 52 1
61 54 1
61 55 1
61 57 1
61 58 1
61 59 -1
61 62 1
61 64 1
62 6 1
62 10 1
62 14 1
62 18 1
62 24 -1
62 49 1
62 52 1
62 53 -1
62 54 -1
62 55 1
62 56 1
62 58 1
62 61 1
62 63 1
62 64 1
63 8 1
63 15 1
63 25 1
63 34 1
63 37 1
63 39 1
63 50 1
63 51 1
63 52 1
63 53 1
63 54 1
63 55 1
63 57 1
63 58 1
63 59 1
63 62 1
64 4 1
64 16 1
64 17 1
64 20 1
64 43 1
64 45 1
64 50 1
64 51 1
64 53 1
64 54 -1
64 57 1
64 58 1
64 59 1
64 60 1
64 61 1
64 62 1
