1 2 -1
1 5 -1
1 7 -1
1 8 -1
1 9 -1
1 11 -1
1 12 -1
1 13 -1
1 14 -1
1 16 1
1 34 -1
1 45 -1
1 50 -1
1 62 -1
1 63 -1
2 1 -1
2 3 -1
2 5 -1
2 6 -1
2 8 -1
2 9 1
2 11 -1
2 12 1
2 13 -1
2 15 -1
2 19 -1
2 37 -1
2 46 1
2 47 -1
2 57 -1
2 63 -1
3 2 -1
3 6 -1
3 7 -1
3 8 -1
3 9 -1
3 11 -1
3 12 -1
3 14 1
3 15 1
3 16 -1
3 22 -1
3 26 -1
3 31 -1
3 53 -1
3 58 -1
3 62 -1
4 5 -1
4 6 -1
4 7 -1
4 9 -1
4 10 -1
4 11 -1
4 13 -1
4 14 1
4 15 -1
4 16 -1
4 35 -1
4 48 -1
4 50 -1
4 52 -1
4 58 -1
4 64 -1
5 1 -1
5 2 -1
5 4 -1
5 6 -1
5 7 -1
5 8 -1
5 10 -1
5 12 -1
5 13 -1
5 15 -1
5 23 -1
5 24 -1
5 26 -1
5 39 -1
5 45 -1
5 64 1
6 2 -1
6 3 -1
6 4 -1
6 5 -1
6 8 -1
6 9 -1
6 10 -1
6 13 -1
6 14 -1
6 16 -1
6 21 -1
6 23 -1
6 28 -1
6 40 -1
6 55 -1
6 63 -1
7 1 -1
7 3 -1
7 4 -1
7 5 -1
7 10 -1
7 11 -1
7 13 -1
7 14 -1
7 15 -1
7 16 -1
7 20 -1
7 21 -1
7 36 -1
7 39 -1
7 57 -1
8 1 -1
8 2 -1
8 3 -1
8 5 -1
8 6 -1
8 10 -1
8 11 -1
8 12 -1
8 15 -1
8 16 -1
8 19 -1
8 21 -1
8 22 -1
8 32 1
8 38 -1
8 47 -1
9 1 -1
9 2 1
9 3 -1
9 4 -1
9 6 -1
9 10 -1
9 11 -1
9 12 -1
9 14 -1
9 16 -1
9 24 -1
9 34 -1
9 35 -1
9 41 1
9 43 -1
9 49 -1
10 4 -1
10 5 -1
10 6 -1
10 7 -1
10 8 -1
10 9 -1
10 11 -1
10 14 -1
10 15 -1
10 16 -1
10 27 -1
10 30 -1
10 31 -1
10 42 -1
10 47 -1
10 50 -1
11 1 -1
11 2 -1
11 3 -1
11 4 -1
11 7 -1
11 8 -1
11 9 -1
11 10 -1
11 12 1
11 16 -1
11 21 -1
11 30 -1
11 34 -1
11 37 -1
11 54 -1
11 63 -1
12 1 -1
12 2 1
12 3 -1
12 5 -1
12 8 -1
12 9 -1
12 11 1
12 13 -1
12 14 1
12 15 -1
12 17 -1
12 21 -1
12 41 -1
12 49 1
12 54 -1
13 1 -1
13 2 -1
13 4 -1
13 5 -1
13 6 -1
13 7 -1
13 12 -1
13 14 1
13 15 -1
13 16 -1
13 20 -1
13 26 -1
13 32 -1
13 33 -1
13 39 -1
14 1 -1
14 3 1
14 4 1
14 6 -1
14 7 -1
14 9 -1
14 10 -1
14 12 1
14 13 1
14 15 -1
14 24 -1
14 36 -1
14 46 -1
14 50 -1
14 51 -1
15 2 -1
15 3 1
15 4 -1
15 5 -1
15 7 -1
15 8 -1
15 10 -1
15 12 -1
15 13 -1
15 14 -1
15 25 -1
15 30 -1
15 39 -1
15 48 -1
15 51 -1
15 57 -1
16 1 1
16 3 -1
16 4 -1
16 6 -1
16 7 -1
16 8 -1
16 9 -1
16 10 -1
16 11 -1
16 13 -1
16 17 -1
16 19 1
16 27 -1
16 29 -1
16 48 -1
16 54 -1
17 12 -1
17 16 -1
17 18 -1
17 20 -1
17 23 -1
17 24 -1
17 25 -1
17 26 -1
17 28 -1
17 29 -1
17 31 -1
17 32 -1
17 34 -1
17 54 1
17 58 -1
18 17 -1
18 19 -1
18 21 -1
18 22 -1
18 23 1
18 24 -1
18 25 -1
18 26 -1
18 27 -1
18 32 -1
18 36 -1
18 41 -1
18 48 1
18 58 -1
18 59 -1
18 62 -1
19 2 -1
19 8 -1
19 16 1
19 18 -1
19 20 -1
19 23 -1
19 25 1
19 26 -1
19 27 -1
19 28 1
19 30 -1
19 31 -1
19 32 -1
19 37 -1
19 51 -1
19 62 -1
20 7 -1
20 13 -1
20 17 -1
20 19 -1
20 22 -1
20 23 -1
20 25 -1
20 27 -1
20 28 -1
20 29 -1
20 30 1
20 31 -1
20 33 -1
20 61 -1
21 6 -1
21 7 -1
21 8 -1
21 11 -1
21 12 -1
21 18 -1
21 22 -1
21 23 -1
21 24 -1
21 25 -1
21 26 -1
21 28 -1
21 29 -1
21 31 -1
21 32 -1
21 52 -1
22 3 -1
22 8 -1
22 18 -1
22 20 -1
22 21 -1
22 24 1
22 25 -1
22 27 1
22 28 -1
22 29 -1
22 30 -1
22 32 -1
22 40 -1
22 58 -1
22 59 -1
22 62 -1
23 5 -1
23 6 -1
23 17 -1
23 18 1
23 19 -1
23 20 -1
23 21 -1
23 24 -1
23 26 -1
23 27 -1
23 28 -1
23 30 -1
23 37 1
23 38 -1
23 53 -1
23 59 -1
24 5 -1
24 9 -1
24 14 -1
24 17 -1
24 18 -1
24 21 -1
24 22 1
24 23 -1
24 25 -1
24 26 -1
24 30 -1
24 31 -1
24 32 1
24 33 -1
24 43 -1
25 15 -1
25 17 -1
25 18 -1
25 19 1
25 20 -1
25 21 -1
25 22 -1
25 24 -1
25 27 -1
25 30 -1
25 31 -1
25 44 -1
25 45 1
25 48 -1
25 52 -1
26 3 -1
26 5 -1
26 13 -1
26 17 -1
26 18 -1
26 19 -1
26 21 -1
26 23 -1
26 24 -1
26 27 -1
26 29 -1
26 31 -1
26 32 -1
26 49 -1
26 55 -1
26 61 -1
27 10 -1
27 16 -1
27 18 -1
27 19 -1
27 20 -1
27 22 1
27 23 -1
27 25 -1
27 26 -1
27 29 1
27 30 -1
27 31 -1
27 36 -1
27 48 -1
27 49 -1
27 64 -1
28 6 -1
28 17 -1
28 19 1
28 20 -1
28 21 -1
28 22 -1
28 23 -1
28 29 1
28 30 -1
28 31 -1
28 32 -1
28 33 -1
28 38 -1
28 45 -1
28 46 -1
28 60 -1
29 16 -1
29 17 -1
29 20 -1
29 21 -1
29 22 -1
29 26 -1
29 27 1
29 28 1
29 30 -1
29 31 -1
29 32 1
29 37 -1
29 49 1
29 51 -1
29 53 -1
29 63 -1
30 10 -1
30 11 -1
30 15 -1
30 19 -1
30 20 1
30 22 -1
30 23 -1
30 24 -1
30 25 -1
30 27 -1
30 28 -1
30 29 -1
30 32 -1
30 40 -1
30 60 -1
30 64 -1
31 3 -1
31 10 -1
31 17 -1
31 19 -1
31 20 -1
31 21 -1
31 24 -1
31 25 -1
31 26 -1
31 27 -1
31 28 -1
31 29 -1
31 36 -1
31 40 -1
31 46 -1
31 56 -1
32 8 1
32 13 -1
32 17 -1
32 18 -1
32 19 -1
32 21 -1
32 22 -1
32 24 1
32 26 -1
32 28 -1
32 29 1
32 30 -1
32 38 1
32 40 -1
32 64 -1
33 13 -1
33 20 -1
33 24 -1
33 28 -1
33 34 -1
33 37 -1
33 40 -1
33 41 -1
33 42 -1
33 43 -1
33 45 -1
33 46 -1
33 47 -1
33 48 -1
33 53 -1
33 54 -1
34 1 -1
34 9 -1
34 11 -1
34 17 -1
34 33 -1
34 35 -1
34 36 -1
34 37 -1
34 38 -1
34 39 -1
34 42 1
34 43 -1
34 44 1
34 45 -1
34 57 -1
34 61 -1
35 4 -1
35 9 -1
35 34 -1
35 36 -1
35 37 -1
35 41 -1
35 42 -1
35 43 -1
35 44 -1
35 45 -1
35 46 1
35 47 -1
35 52 -1
35 53 -1
35 54 -1
36 7 -1
36 14 -1
36 18 -1
36 27 -1
36 31 -1
36 34 -1
36 35 -1
36 38 -1
36 40 -1
36 42 -1
36 43 -1
36 44 -1
36 45 -1
36 46 -1
36 47 1
36 57 1
37 2 -1
37 11 -1
37 19 -1
37 23 1
37 29 -1
37 33 -1
37 34 -1
37 35 -1
37 38 1
37 39 -1
37 40 1
37 41 -1
37 45 -1
37 47 1
37 48 -1
37 56 -1
38 8 -1
38 23 -1
38 28 -1
38 32 1
38 34 -1
38 36 -1
38 37 1
38 40 -1
38 41 -1
38 43 -1
38 44 -1
38 45 -1
38 47 1
38 48 -1
38 60 -1
38 64 -1
39 5 -1
39 7 -1
39 13 -1
39 15 -1
39 34 -1
39 37 -1
39 40 -1
39 41 -1
39 42 1
39 43 -1
39 44 1
39 46 -1
39 47 -1
39 48 -1
39 56 -1
39 61 -1
40 6 -1
40 22 -1
40 30 -1
40 31 -1
40 32 -1
40 33 -1
40 36 -1
40 37 1
40 38 -1
40 39 -1
40 42 -1
40 43 -1
40 45 -1
40 46 -1
40 47 -1
40 60 -1
41 9 1
41 12 -1
41 18 -1
41 33 -1
41 35 -1
41 37 -1
41 38 -1
41 39 -1
41 42 -1
41 44 -1
41 46 -1
41 47 -1
41 48 -1
41 55 -1
41 56 -1
41 63 -1
42 10 -1
42 33 -1
42 34 1
42 35 -1
42 36 -1
42 39 1
42 40 -1
42 41 -1
42 44 -1
42 46 -1
42 48 1
42 51 -1
42 55 -1
42 59 -1
42 61 -1
43 9 -1
43 24 -1
43 33 -1
43 34 -1
43 35 -1
43 36 -1
43 38 -1
43 39 -1
43 40 -1
43 46 -1
43 47 -1
43 48 1
43 50 -1
43 55 -1
43 56 -1
43 59 -1
44 25 -1
44 34 1
44 35 -1
44 36 -1
44 38 -1
44 39 1
44 41 -1
44 42 -1
44 45 -1
44 46 -1
44 48 -1
44 49 -1
44 55 -1
44 57 1
44 59 -1
45 1 -1
45 5 -1
45 25 1
45 28 -1
45 33 -1
45 34 -1
45 35 -1
45 36 -1
45 37 -1
45 38 -1
45 40 -1
45 44 -1
45 46 -1
45 48 -1
45 50 -1
45 60 -1
46 2 1
46 14 -1
46 28 -1
46 31 -1
46 33 -1
46 35 1
46 36 -1
46 39 -1
46 40 -1
46 41 -1
46 42 -1
46 43 -1
46 44 -1
46 45 -1
46 53 -1
46 60 -1
47 2 -1
47 8 -1
47 10 -1
47 33 -1
47 35 -1
47 36 1
47 37 1
47 38 1
47 39 -1
47 40 -1
47 41 -1
47 43 -1
47 48 -1
47 52 -1
47 56 -1
47 58 -1
48 4 -1
48 15 -1
48 16 -1
48 18 1
48 25 -1
48 27 -1
48 33 -1
48 37 -1
48 38 -1
48 39 -1
48 41 -1
48 42 1
48 43 1
48 44 -1
48 45 -1
48 47 -1
49 9 -1
49 12 1
49 26 -1
49 27 -1
49 29 1
49 44 -1
49 51 -1
49 52 -1
49 55 -1
49 56 -1
49 57 -1
49 58 -1
49 59 -1
49 60 -1
49 62 -1
49 63 -1
50 1 -1
50 4 -1
50 10 -1
50 14 -1
50 43 -1
50 45 -1
50 51 -1
50 52 -1
50 53 -1
50 57 1
50 58 -1
50 60 -1
50 61 -1
50 62 -1
50 63 -1
50 64 -1
51 14 -1
51 15 -1
51 19 -1
51 29 -1
51 42 -1
51 49 -1
51 50 -1
51 53 -1
51 54 -1
51 55 -1
51 56 -1
51 57 -1
51 59 -1
51 60 -1
51 61 -1
52 4 -1
52 21 -1
52 25 -1
52 35 -1
52 47 -1
52 49 -1
52 50 -1
52 54 -1
52 56 -1
52 58 -1
52 59 -1
52 60 -1
52 61 -1
52 62 -1
52 64 -1
53 3 -1
53 23 -1
53 29 -1
53 33 -1
53 35 -1
53 46 -1
53 50 -1
53 51 -1
53 54 -1
53 56 -1
53 57 -1
53 59 -1
53 60 -1
53 61 -1
53 62 -1
53 64 -1
54 11 -1
54 12 -1
54 16 -1
54 17 1
54 33 -1
54 35 -1
54 51 -1
54 52 -1
54 53 -1
54 55 1
54 56 -1
54 57 -1
54 60 -1
54 61 -1
54 62 1
54 64 -1
55 6 -1
55 26 -1
55 41 -1
55 42 -1
55 43 -1
55 44 -1
55 49 -1
55 51 -1
55 54 1
55 56 -1
55 57 -1
55 58 -1
55 60 -1
55 62 1
55 63 -1
55 64 -1
56 31 -1
56 37 -1
56 39 -1
56 41 -1
56 43 -1
56 47 -1
56 49 -1
56 51 -1
56 52 -1
56 53 -1
56 54 -1
56 55 -1
56 58 -1
56 59 -1
56 61 -1
56 63 1
57 2 -1
57 7 -1
57 15 -1
57 34 -1
57 36 1
57 44 1
57 49 -1
57 50 1
57 51 -1
57 53 -1
57 54 -1
57 55 -1
57 59 -1
57 61 -1
57 63 -1
57 64 -1
58 3 -1
58 4 -1
58 17 -1
58 18 -1
58 22 -1
58 47 -1
58 49 -1
58 50 -1
58 52 -1
58 55 -1
58 56 -1
58 59 -1
58 60 -1
58 61 -1
58 62 -1
58 64 -1
59 18 -1
59 22 -1
59 23 -1
59 42 -1
59 43 -1
59 44 -1
59 49 -1
59 51 -1
59 52 -1
59 53 -1
59 56 -1
59 57 -1
59 58 -1
59 62 -1
59 63 1
59 64 -1
60 28 -1
60 30 -1
60 38 -1
60 40 -1
60 45 -1
60 46 -1
60 49 -1
60 50 -1
60 51 -1
60 52 -1
60 53 -1
60 54 -1
60 55 -1
60 58 -1
60 61 -1
60 63 -1
61 20 -1
61 26 -1
61 34 -1
61 39 -1
61 42 -1
61 50 -1
61 51 -1
61 52 -1
61 53 -1
61 54 -1
61 56 -1
61 57 -1
61 58 -1
61 60 -1
61 63 -1
62 1 -1
62 3 -1
62 18 -1
62 19 -1
62 22 -1
62 49 -1
62 50 -1
62 52 -1
62 53 -1
62 54 1
62 55 1
62 58 -1
62 59 -1
62 63 -1
62 64 -1
63 1 -1
63 2 -1
63 6 -1
63 11 -1
63 29 -1
63 41 -1
63 49 -1
63 50 -1
63 55 -1
63 56 1
63 57 -1
63 59 1
63 60 -1
63 61 -1
63 62 -1
63 64 -1
64 4 -1
64 5 1
64 27 -1
64 30 -1
64 32 -1
64 38 -1
64 50 -1
64 52 -1
64 53 -1
64 54 -1
64 55 -1
64 57 -1
64 58 -1
64 59 -1
64 62 -1
64 63 -1
