1 2 -1
1 3 1
1 5 -1
1 6 -1
1 7 -1
1 9 -1
1 10 -1
1 14 -1
1 15 -1
1 16 -1
1 35 1
1 36 -1
1 40 -1
1 45 1
1 59 -1
1 60 -1
2 1 -1
2 4 1
2 5 -1
2 6 -1
2 7 -1
2 8 -1
2 9 1
2 11 -1
2 12 -1
2 14 -1
2 19 -1
2 24 -1
2 36 -1
2 40 -1
2 53 -1
2 62 -1
3 1 1
3 4 -1
3 7 -1
3 8 -1
3 9 1
3 11 -1
3 13 -1
3 14 -1
3 15 -1
3 16 -1
3 30 -1
3 40 -1
3 44 -1
3 50 -1
3 51 -1
3 62 -1
4 2 1
4 3 -1
4 5 -1
4 6 -1
4 7 -1
4 8 -1
4 11 -1
4 12 -1
4 13 -1
4 16 -1
4 29 -1
4 36 -1
4 43 -1
4 44 -1
4 54 -1
4 62 -1
5 1 -1
5 2 -1
5 4 -1
5 6 -1
5 8 1
5 10 -1
5 13 -1
5 14 -1
5 15 1
5 16 -1
5 22 -1
5 36 -1
5 38 -1
5 43 -1
5 51 -1
6 1 -1
6 2 -1
6 4 -1
6 5 -1
6 9 -1
6 11 -1
6 12 -1
6 13 -1
6 14 1
6 15 -1
6 28 -1
6 47 -1
6 52 -1
6 53 -1
6 54 -1
7 1 -1
7 2 -1
7 3 -1
7 4 -1
7 10 -1
7 11 -1
7 12 -1
7 13 -1
7 15 -1
7 16 -1
7 17 -1
7 18 -1
7 23 -1
7 25 -1
7 41 -1
7 52 -1
8 2 -1
8 3 -1
8 4 -1
8 5 1
8 9 -1
8 10 -1
8 11 -1
8 13 -1
8 15 -1
8 16 -1
8 18 -1
8 19 -1
8 20 -1
8 21 -1
8 39 -1
9 1 -1
9 2 1
9 3 1
9 6 -1
9 8 -1
9 10 -1
9 12 -1
9 14 -1
9 15 -1
9 16 -1
9 17 -1
9 36 -1
9 38 -1
9 41 -1
9 51 -1
9 59 1
10 1 -1
10 5 -1
10 7 -1
10 8 -1
10 9 -1
10 11 -1
10 12 -1
10 13 -1
10 14 -1
10 15 -1
10 17 -1
10 22 -1
10 36 -1
10 39 -1
10 61 -1
11 2 -1
11 3 -1
11 4 -1
11 6 -1
11 7 -1
11 8 -1
11 10 -1
11 12 -1
11 13 1
11 16 -1
11 22 -1
11 38 -1
11 44 -1
11 45 -1
11 52 -1
12 2 -1
12 4 -1
12 6 -1
12 7 -1
12 9 -1
12 10 -1
12 11 -1
12 14 -1
12 15 -1
12 16 -1
12 17 -1
12 26 -1
12 34 1
12 46 -1
12 60 -1
12 63 -1
13 3 -1
13 4 -1
13 5 -1
13 6 -1
13 7 -1
13 8 -1
13 10 -1
13 11 1
13 14 1
13 15 -1
13 23 1
13 25 -1
13 29 -1
13 33 -1
13 51 -1
13 52 -1
14 1 -1
14 2 -1
14 3 -1
14 5 -1
14 6 1
14 9 -1
14 10 -1
14 12 -1
14 13 1
14 16 -1
14 28 1
14 30 -1
14 42 -1
14 61 -1
14 64 -1
15 1 -1
15 3 -1
15 5 1
15 6 -1
15 7 -1
15 8 -1
15 9 -1
15 10 -1
15 12 -1
15 13 -1
15 22 -1
15 27 -1
15 30 1
15 32 1
15 35 -1
15 57 -1
16 1 -1
16 3 -1
16 4 -1
16 5 -1
16 7 -1
16 8 -1
16 9 -1
16 11 -1
16 12 -1
16 14 -1
16 19 -1
16 23 -1
16 41 -1
16 61 -1
16 63 -1
17 7 -1
17 9 -1
17 10 -1
17 12 -1
17 18 -1
17 19 -1
17 21 -1
17 22 -1
17 23 -1
17 26 -1
17 27 1
17 28 -1
17 30 -1
17 31 -1
17 40 -1
17 45 -1
18 7 -1
18 8 -1
18 17 -1
18 19 -1
18 20 -1
18 21 -1
18 22 -1
18 23 -1
18 25 -1
18 27 -1
18 30 -1
18 32 -1
18 42 -1
18 50 -1
18 54 -1
18 55 -1
19 2 -1
19 8 -1
19 16 -1
19 17 -1
19 18 -1
19 22 -1
19 23 -1
19 24 -1
19 25 -1
19 28 -1
19 29 1
19 30 -1
19 31 -1
19 53 -1
19 60 -1
20 8 -1
20 18 -1
20 21 1
20 23 -1
20 25 -1
20 26 -1
20 27 -1
20 28 -1
20 29 -1
20 31 -1
20 32 1
20 33 -1
20 41 -1
20 48 -1
20 60 -1
21 8 -1
21 17 -1
21 18 -1
21 20 1
21 22 -1
21 25 -1
21 26 1
21 27 -1
21 28 -1
21 30 -1
21 32 -1
21 35 -1
21 45 -1
21 59 -1
21 63 1
22 5 -1
22 10 -1
22 11 -1
22 15 -1
22 17 -1
22 18 -1
22 19 -1
22 21 -1
22 24 -1
22 26 -1
22 29 -1
22 30 -1
22 31 1
22 32 -1
22 39 -1
23 7 -1
23 13 1
23 16 -1
23 17 -1
23 18 -1
23 19 -1
23 20 -1
23 25 -1
23 26 -1
23 27 -1
23 28 -1
23 29 -1
23 31 -1
23 46 1
23 56 -1
23 57 -1
24 2 -1
24 19 -1
24 22 -1
24 25 -1
24 26 -1
24 27 -1
24 28 -1
24 29 -1
24 30 -1
24 31 -1
24 32 -1
24 42 -1
24 50 -1
24 52 -1
24 59 -1
24 60 -1
25 7 -1
25 13 -1
25 18 -1
25 19 -1
25 20 -1
25 21 -1
25 23 -1
25 24 -1
25 27 -1
25 28 -1
25 29 -1
25 32 -1
25 41 -1
25 44 -1
25 52 -1
25 64 -1
26 12 -1
26 17 -1
26 20 -1
26 21 1
26 22 -1
26 23 -1
26 24 -1
26 27 -1
26 29 -1
26 31 -1
26 32 -1
26 34 -1
26 39 -1
26 42 -1
26 50 -1
27 15 -1
27 17 1
27 18 -1
27 20 -1
27 21 -1
27 23 -1
27 24 -1
27 25 -1
27 26 -1
27 29 -1
27 31 -1
27 38 -1
27 40 -1
27 46 -1
27 48 -1
27 58 -1
28 6 -1
28 14 1
28 17 -1
28 19 -1
28 20 -1
28 21 -1
28 23 -1
28 24 -1
28 25 -1
28 30 -1
28 31 -1
28 32 -1
28 43 -1
28 55 -1
28 57 -1
28 61 1
29 4 -1
29 13 -1
29 19 1
29 20 -1
29 22 -1
29 23 -1
29 24 -1
29 25 -1
29 26 -1
29 27 -1
29 30 -1
29 32 -1
29 41 -1
29 58 -1
29 60 -1
30 3 -1
30 14 -1
30 15 1
30 17 -1
30 18 -1
30 19 -1
30 21 -1
30 22 -1
30 24 -1
30 28 -1
30 29 -1
30 31 1
30 32 1
30 50 1
30 51 -1
30 64 -1
31 17 -1
31 19 -1
31 20 -1
31 22 1
31 23 -1
31 24 -1
31 26 -1
31 27 -1
31 28 -1
31 30 1
31 33 -1
31 34 1
31 35 -1
31 49 1
31 54 -1
31 62 -1
32 15 1
32 18 -1
32 20 1
32 21 -1
32 22 -1
32 24 -1
32 25 -1
32 26 -1
32 28 -1
32 29 -1
32 30 1
32 34 -1
32 48 -1
32 56 1
32 62 -1
32 64 1
33 13 -1
33 20 -1
33 31 -1
33 34 -1
33 37 -1
33 38 -1
33 39 -1
33 40 -1
33 41 -1
33 44 -1
33 45 -1
33 46 -1
33 47 -1
33 49 -1
33 50 -1
33 57 -1
34 12 1
34 26 -1
34 31 1
34 32 -1
34 33 -1
34 35 1
34 36 -1
34 37 -1
34 39 -1
34 42 -1
34 43 1
34 45 -1
34 46 -1
34 48 -1
34 53 -1
34 54 1
35 1 1
35 15 -1
35 21 -1
35 31 -1
35 34 1
35 36 -1
35 38 -1
35 40 -1
35 41 -1
35 42 -1
35 43 -1
35 44 -1
35 46 -1
35 47 -1
35 63 -1
35 64 -1
36 1 -1
36 2 -1
36 4 -1
36 5 -1
36 9 -1
36 10 -1
36 34 -1
36 35 -1
36 37 -1
36 38 -1
36 39 -1
36 41 -1
36 43 -1
36 45 -1
36 47 -1
36 48 -1
37 33 -1
37 34 -1
37 36 -1
37 38 -1
37 42 -1
37 43 -1
37 45 -1
37 46 1
37 47 -1
37 48 -1
37 49 -1
37 51 -1
37 57 -1
37 59 -1
38 5 -1
38 9 -1
38 11 -1
38 27 -1
38 33 -1
38 35 -1
38 36 -1
38 37 -1
38 39 -1
38 40 -1
38 41 -1
38 42 -1
38 44 -1
38 48 -1
38 57 -1
39 8 -1
39 10 -1
39 22 -1
39 26 -1
39 33 -1
39 34 -1
39 36 -1
39 38 -1
39 40 -1
39 41 -1
39 45 -1
39 46 -1
39 47 -1
39 48 -1
39 58 -1
40 1 -1
40 2 -1
40 3 -1
40 17 -1
40 27 -1
40 33 -1
40 35 -1
40 38 -1
40 39 -1
40 41 -1
40 42 -1
40 43 -1
40 44 -1
40 45 -1
40 46 -1
40 55 -1
41 7 -1
41 9 -1
41 16 -1
41 20 -1
41 25 -1
41 29 -1
41 33 -1
41 35 -1
41 36 -1
41 38 -1
41 39 -1
41 40 -1
41 42 -1
41 43 -1
41 44 -1
41 46 -1
42 14 -1
42 18 -1
42 24 -1
42 26 -1
42 34 -1
42 35 -1
42 37 -1
42 38 -1
42 40 -1
42 41 -1
42 43 1
42 44 -1
42 45 -1
42 48 -1
42 55 -1
42 63 -1
43 4 -1
43 5 -1
43 28 -1
43 34 1
43 35 -1
43 36 -1
43 37 -1
43 40 -1
43 41 -1
43 42 1
43 46 -1
43 47 -1
43 48 -1
43 54 -1
43 55 -1
43 61 -1
44 3 -1
44 4 -1
44 11 -1
44 25 -1
44 33 -1
44 35 -1
44 38 -1
44 40 -1
44 41 -1
44 42 -1
44 45 -1
44 46 -1
44 47 -1
44 48 -1
44 55 -1
45 1 1
45 11 -1
45 17 -1
45 21 -1
45 33 -1
45 34 -1
45 36 -1
45 37 -1
45 39 -1
45 40 -1
45 42 -1
45 44 -1
45 47 -1
45 48 -1
45 58 -1
45 64 -1
46 12 -1
46 23 1
46 27 -1
46 33 -1
46 34 -1
46 35 -1
46 37 1
46 39 -1
46 40 -1
46 41 -1
46 43 -1
46 44 -1
46 47 1
46 56 -1
47 6 -1
47 33 -1
47 35 -1
47 36 -1
47 37 -1
47 39 -1
47 43 -1
47 44 -1
47 45 -1
47 46 1
47 48 -1
47 49 -1
47 58 -1
47 59 -1
47 62 -1
47 63 -1
48 20 -1
48 27 -1
48 32 -1
48 34 -1
48 36 -1
48 37 -1
48 38 -1
48 39 -1
48 42 -1
48 43 -1
48 44 -1
48 45 -1
48 47 -1
48 53 -1
48 56 1
49 31 1
49 33 -1
49 37 -1
49 47 -1
49 51 -1
49 52 -1
49 53 1
49 56 -1
49 57 -1
49 60 1
49 61 -1
49 62 -1
49 63 -1
49 64 1
50 3 -1
50 18 -1
50 24 -1
50 26 -1
50 30 1
50 33 -1
50 51 1
50 53 -1
50 54 -1
50 55 -1
50 56 -1
50 57 -1
50 59 -1
50 61 -1
50 62 -1
50 63 -1
51 3 -1
51 5 -1
51 9 -1
51 13 -1
51 30 -1
51 37 -1
51 49 -1
51 50 1
51 52 -1
51 53 1
51 54 -1
51 56 1
51 57 -1
51 58 -1
51 61 -1
51 63 -1
52 6 -1
52 7 -1
52 11 -1
52 13 -1
52 24 -1
52 25 -1
52 49 -1
52 51 -1
52 53 -1
52 54 -1
52 55 -1
52 57 -1
52 58 -1
52 59 -1
52 63 1
52 64 -1
53 2 -1
53 6 -1
53 19 -1
53 34 -1
53 48 -1
53 49 1
53 50 -1
53 51 1
53 52 -1
53 55 -1
53 57 -1
53 59 1
53 60 -1
53 62 -1
53 64 -1
54 4 -1
54 6 -1
54 18 -1
54 31 -1
54 34 1
54 43 -1
54 50 -1
54 51 -1
54 52 -1
54 57 -1
54 58 -1
54 59 -1
54 60 -1
54 61 -1
54 63 -1
54 64 -1
55 18 -1
55 28 -1
55 40 -1
55 42 -1
55 43 -1
55 44 -1
55 50 -1
55 52 -1
55 53 -1
55 56 -1
55 57 -1
55 58 -1
55 60 -1
55 61 -1
55 63 -1
55 64 -1
56 23 -1
56 32 1
56 46 -1
56 48 1
56 49 -1
56 50 -1
56 51 1
56 55 -1
56 57 -1
56 58 -1
56 59 -1
56 60 -1
56 61 -1
56 62 -1
57 15 -1
57 23 -1
57 28 -1
57 33 -1
57 37 -1
57 38 -1
57 49 -1
57 50 -1
57 51 -1
57 52 -1
57 53 -1
57 54 -1
57 55 -1
57 56 -1
57 58 -1
57 64 -1
58 27 -1
58 29 -1
58 39 -1
58 45 -1
58 47 -1
58 51 -1
58 52 -1
58 54 -1
58 55 -1
58 56 -1
58 57 -1
58 60 -1
58 61 -1
58 62 -1
58 64 -1
59 1 -1
59 9 1
59 21 -1
59 24 -1
59 37 -1
59 47 -1
59 50 -1
59 52 -1
59 53 1
59 54 -1
59 56 -1
59 60 -1
59 61 -1
59 62 1
59 63 -1
59 64 -1
60 1 -1
60 12 -1
60 19 -1
60 20 -1
60 24 -1
60 29 -1
60 49 1
60 53 -1
60 54 -1
60 55 -1
60 56 -1
60 58 -1
60 59 -1
60 61 -1
60 62 -1
60 63 -1
61 10 -1
61 14 -1
61 16 -1
61 28 1
61 43 -1
61 49 -1
61 50 -1
61 51 -1
61 54 -1
61 55 -1
61 56 -1
61 58 -1
61 59 -1
61 60 -1
61 62 1
62 2 -1
62 3 -1
62 4 -1
62 31 -1
62 32 -1
62 47 -1
62 49 -1
62 50 -1
62 53 -1
62 56 -1
62 58 -1
62 59 1
62 60 -1
62 61 1
62 63 -1
62 64 -1
63 12 -1
63 16 -1
63 21 1
63 35 -1
63 42 -1
63 47 -1
63 49 -1
63 50 -1
63 51 -1
63 52 1
63 54 -1
63 55 -1
63 59 -1
63 60 -1
63 62 -1
63 64 -1
64 14 -1
64 25 -1
64 30 -1
64 32 1
64 35 -1
64 45 -1
64 49 1
64 52 -1
64 53 -1
64 54 -1
64 55 -1
64 57 -1
64 58 -1
64 59 -1
64 62 -1
64 63 -1
