1 3 1
1 4 1
1 6 -1
1 7 1
1 8 -1
1 10 -1
1 13 1
1 14 1
1 15 1
1 16 1
1 28 1
1 39 1
1 40 1
1 47 1
1 58 1
1 62 1
2 3 1
2 4 1
2 5 1
2 8 1
2 9 1
2 12 1
2 13 1
2 14 1
2 15 1
2 16 -1
2 17 1
2 31 1
2 37 1
2 47 1
2 48 1
2 50 1
3 1 1
3 2 1
3 4 1
3 5 1
3 7 1
3 8 1
3 11 -1
3 12 1
3 14 1
3 15 1
3 21 1
3 27 1
3 36 1
3 37 1
3 42 1
4 1 1
4 2 1
4 3 1
4 7 -1
4 8 1
4 10 1
4 11 1
4 13 -1
4 15 1
4 16 1
4 20 1
4 30 1
4 39 1
4 62 1
5 2 1
5 3 1
5 6 1
5 7 1
5 8 1
5 9 1
5 13 1
5 14 1
5 15 1
5 16 1
5 29 1
5 40 1
5 42 1
5 51 1
5 52 1
5 55 1
6 1 -1
6 5 1
6 7 1
6 8 1
6 9 1
6 11 1
6 12 1
6 13 1
6 14 1
6 16 1
6 32 -1
6 35 1
6 36 1
6 53 1
6 56 -1
7 1 1
7 3 1
7 4 -1
7 5 1
7 6 1
7 10 1
7 11 1
7 12 1
7 13 1
7 14 1
7 19 1
7 25 1
7 43 1
7 49 1
7 51 1
7 53 1
8 1 -1
8 2 1
8 3 1
8 4 1
8 5 1
8 6 1
8 10 1
8 11 1
8 13 1
8 16 1
8 19 1
8 45 1
8 47 1
8 57 1
8 59 1
8 61 1
9 2 1
9 5 1
9 6 1
9 10 1
9 11 1
9 12 1
9 13 1
9 14 1
9 15 1
9 16 1
9 19 1
9 31 1
9 47 1
10 1 -1
10 4 1
10 7 1
10 8 1
10 9 1
10 12 1
10 13 -1
10 14 1
10 15 1
10 16 1
10 34 1
10 36 1
10 45 1
10 49 1
10 53 -1
10 59 -1
11 3 -1
11 4 1
11 6 1
11 7 1
11 8 1
11 9 1
11 12 1
11 14 1
11 15 1
11 16 -1
11 34 1
11 40 1
11 48 1
11 59 1
11 63 1
12 2 1
12 3 1
12 6 1
12 7 1
12 9 1
12 10 1
12 11 1
12 14 1
12 15 1
12 16 -1
12 29 1
12 34 1
12 36 1
12 37 -1
12 39 1
12 61 1
13 1 1
13 2 1
13 4 -1
13 5 1
13 6 1
13 7 1
13 8 1
13 9 1
13 10 -1
13 15 1
13 20 1
13 21 1
13 41 1
13 51 1
13 55 1
14 1 1
14 2 1
14 3 1
14 5 1
14 6 1
14 7 1
14 9 1
14 10 1
14 11 1
14 12 1
14 20 1
14 22 1
14 48 1
14 50 1
14 55 1
15 1 1
15 2 1
15 3 1
15 4 1
15 5 1
15 9 1
15 10 1
15 11 1
15 12 1
15 13 1
15 26 1
15 37 1
15 50 1
15 54 1
15 55 1
15 60 1
16 1 1
16 2 -1
16 4 1
16 5 1
16 6 1
16 8 1
16 9 1
16 10 1
16 11 -1
16 12 -1
16 23 1
16 29 1
16 35 1
16 39 1
16 53 1
16 63 1
17 2 1
17 18 1
17 19 1
17 20 1
17 21 1
17 24 1
17 25 1
17 27 1
17 29 1
17 30 -1
17 32 1
17 35 1
17 41 1
17 49 1
17 53 1
17 57 1
18 17 1
18 19 1
18 22 -1
18 23 1
18 24 1
18 25 1
18 26 1
18 27 1
18 28 1
18 29 -1
18 33 1
18 56 1
18 63 1
18 64 1
19 7 1
19 8 1
19 9 1
19 17 1
19 18 1
19 21 1
19 24 1
19 25 1
19 26 1
19 28 1
19 30 1
19 31 1
19 32 1
19 33 1
19 35 1
19 60 1
20 4 1
20 13 1
20 14 1
20 17 1
20 22 1
20 23 1
20 24 -1
20 25 1
20 26 1
20 28 1
20 29 1
20 30 1
20 32 1
20 39 1
21 3 1
21 13 1
21 17 1
21 19 1
21 22 1
21 24 1
21 25 1
21 26 1
21 27 1
21 29 1
21 30 1
21 31 1
21 38 1
21 43 1
21 50 1
21 62 1
22 14 1
22 18 -1
22 20 1
22 21 1
22 23 1
22 27 1
22 28 1
22 29 1
22 30 1
22 31 1
22 32 1
22 34 1
22 47 1
22 52 1
22 60 1
22 61 1
23 16 1
23 18 1
23 20 1
23 22 1
23 25 1
23 26 1
23 27 1
23 29 1
23 30 1
23 31 -1
23 32 1
23 35 1
23 37 -1
23 51 1
24 17 1
24 18 1
24 19 1
24 20 -1
24 21 1
24 27 1
24 28 1
24 30 1
24 31 1
24 32 1
24 34 1
24 38 1
24 41 -1
24 48 1
24 49 1
24 60 1
25 7 1
25 17 1
25 18 1
25 19 1
25 20 1
25 21 1
25 23 1
25 27 1
25 30 1
25 31 1
25 32 1
25 41 1
25 43 1
25 46 1
25 50 1
25 58 1
26 15 1
26 18 1
26 19 1
26 20 1
26 21 1
26 23 1
26 27 1
26 28 1
26 30 1
26 31 1
26 32 1
26 36 1
26 38 1
26 46 1
26 49 1
26 59 1
27 3 1
27 17 1
27 18 1
27 21 1
27 22 1
27 23 1
27 24 1
27 25 1
27 26 1
27 28 1
27 31 1
27 38 1
27 47 1
27 57 1
27 60 1
28 1 1
28 18 1
28 19 1
28 20 1
28 22 1
28 24 1
28 26 1
28 27 1
28 29 -1
28 31 -1
28 32 1
28 44 -1
28 46 -1
28 52 1
28 60 1
28 63 1
29 5 1
29 12 1
29 16 1
29 17 1
29 18 -1
29 20 1
29 21 1
29 22 1
29 23 1
29 28 -1
29 30 1
29 31 1
29 32 1
29 42 -1
29 58 1
29 64 1
30 4 1
30 17 -1
30 19 1
30 20 1
30 21 1
30 22 1
30 23 1
30 24 1
30 25 1
30 26 1
30 29 1
30 33 1
30 44 1
30 62 -1
31 2 1
31 9 1
31 19 1
31 21 1
31 22 1
31 23 -1
31 24 1
31 25 1
31 26 1
31 27 1
31 28 -1
31 29 1
31 52 -1
32 6 -1
32 17 1
32 19 1
32 20 1
32 22 1
32 23 1
32 24 1
32 25 1
32 26 1
32 28 1
32 29 1
32 34 1
32 45 1
32 59 1
32 64 1
33 18 1
33 19 1
33 30 1
33 34 1
33 35 1
33 38 1
33 39 -1
33 40 1
33 41 1
33 42 1
33 43 1
33 45 1
33 48 -1
33 54 1
33 62 1
33 64 1
34 10 1
34 11 1
34 12 1
34 22 1
34 24 1
34 32 1
34 33 1
34 37 1
34 38 1
34 39 1
34 41 1
34 44 1
34 45 1
34 46 1
34 47 1
34 48 1
35 6 1
35 16 1
35 17 1
35 19 1
35 23 1
35 33 1
35 37 1
35 38 1
35 39 1
35 41 1
35 42 -1
35 43 1
35 46 1
35 47 1
35 48 1
36 3 1
36 6 1
36 10 1
36 12 1
36 26 1
36 37 1
36 38 1
36 39 1
36 40 1
36 41 1
36 42 1
36 44 1
36 45 1
36 47 1
36 48 1
36 57 1
37 2 1
37 3 1
37 12 -1
37 15 1
37 23 -1
37 34 1
37 35 1
37 36 1
37 40 1
37 42 1
37 43 1
37 44 1
37 45 1
37 47 1
37 48 1
37 52 1
38 21 1
38 24 1
38 26 1
38 27 1
38 33 1
38 34 1
38 35 1
38 36 1
38 39 1
38 40 -1
38 42 1
38 43 -1
38 45 -1
38 47 1
38 52 1
38 58 -1
39 1 1
39 4 1
39 12 1
39 16 1
39 20 1
39 33 -1
39 34 1
39 35 1
39 36 1
39 38 1
39 40 1
39 41 1
39 44 1
39 46 -1
39 47 1
39 54 1
40 1 1
40 5 1
40 11 1
40 33 1
40 36 1
40 37 1
40 38 -1
40 39 1
40 43 1
40 44 1
40 45 1
40 46 1
40 47 1
40 57 1
40 61 1
41 13 1
41 17 1
41 24 -1
41 25 1
41 33 1
41 34 1
41 35 1
41 36 1
41 39 1
41 42 1
41 45 1
41 46 1
41 47 1
41 48 1
41 51 1
41 54 1
42 3 1
42 5 1
42 29 -1
42 33 1
42 35 -1
42 36 1
42 37 1
42 38 1
42 41 1
42 43 1
42 44 1
42 45 1
42 46 1
42 49 1
42 55 1
42 59 1
43 7 1
43 21 1
43 25 1
43 33 1
43 35 1
43 37 1
43 38 -1
43 40 1
43 42 1
43 44 1
43 46 1
43 47 1
43 48 1
43 54 -1
43 61 1
44 28 -1
44 30 1
44 34 1
44 36 1
44 37 1
44 39 1
44 40 1
44 42 1
44 43 1
44 45 1
44 46 1
44 48 1
44 56 1
44 58 1
45 8 1
45 10 1
45 32 1
45 33 1
45 34 1
45 36 1
45 37 1
45 38 -1
45 40 1
45 41 1
45 42 1
45 44 1
45 48 1
45 50 1
45 61 1
45 62 1
46 25 1
46 26 1
46 28 -1
46 34 1
46 35 1
46 39 -1
46 40 1
46 41 1
46 42 1
46 43 1
46 44 1
46 47 1
46 48 1
46 56 -1
46 58 1
47 1 1
47 2 1
47 8 1
47 9 1
47 22 1
47 27 1
47 34 1
47 35 1
47 36 1
47 37 1
47 38 1
47 39 1
47 40 1
47 41 1
47 43 1
47 46 1
48 2 1
48 11 1
48 14 1
48 24 1
48 33 -1
48 34 1
48 35 1
48 36 1
48 37 1
48 41 1
48 43 1
48 44 1
48 45 1
48 46 1
48 57 1
48 63 1
49 7 1
49 10 1
49 17 1
49 24 1
49 26 1
49 42 1
49 50 1
49 51 1
49 52 1
49 53 1
49 54 1
49 55 1
49 57 1
49 59 1
49 61 1
49 63 -1
50 2 1
50 14 1
50 15 1
50 21 1
50 25 1
50 45 1
50 49 1
50 51 1
50 52 1
50 53 -1
50 55 1
50 57 -1
50 58 1
50 62 1
50 63 1
50 64 1
51 5 1
51 7 1
51 13 1
51 23 1
51 41 1
51 49 1
51 50 1
51 52 1
51 56 1
51 59 1
51 60 1
51 61 1
51 62 1
51 63 1
51 64 1
52 5 1
52 22 1
52 28 1
52 31 -1
52 37 1
52 38 1
52 49 1
52 50 1
52 51 1
52 55 1
52 58 1
52 59 1
52 61 1
52 62 1
52 63 1
52 64 1
53 6 1
53 7 1
53 10 -1
53 16 1
53 17 1
53 49 1
53 50 -1
53 54 1
53 55 -1
53 56 1
53 60 1
53 61 1
53 62 1
53 63 1
53 64 1
54 15 1
54 33 1
54 39 1
54 41 1
54 43 -1
54 49 1
54 53 1
54 55 1
54 56 1
54 57 1
54 59 1
54 60 1
54 61 1
54 62 1
54 64 1
55 5 1
55 13 1
55 14 1
55 15 1
55 42 1
55 49 1
55 50 1
55 52 1
55 53 -1
55 54 1
55 56 1
55 58 1
55 59 1
55 61 1
55 62 1
56 6 -1
56 18 1
56 44 1
56 46 -1
56 51 1
56 53 1
56 54 1
56 55 1
56 57 1
56 58 -1
56 59 1
56 61 -1
56 63 1
56 64 1
57 8 1
57 17 1
57 27 1
57 36 1
57 40 1
57 48 1
57 49 1
57 50 -1
57 54 1
57 56 1
57 58 1
57 59 1
57 60 1
57 62 1
57 63 -1
57 64 1
58 1 1
58 25 1
58 29 1
58 38 -1
58 44 1
58 46 1
58 50 1
58 52 1
58 55 1
58 56 -1
58 57 1
58 59 1
58 60 -1
58 61 1
58 63 1
58 64 1
59 8 1
59 10 -1
59 11 1
59 26 1
59 32 1
59 42 1
59 49 1
59 51 1
59 52 1
59 54 1
59 55 1
59 56 1
59 57 1
59 58 1
59 60 1
59 62 -1
60 15 1
60 19 1
60 22 1
60 24 1
60 27 1
60 28 1
60 51 1
60 53 1
60 54 1
60 57 1
60 58 -1
60 59 1
60 61 1
60 62 1
60 63 -1
60 64 1
61 8 1
61 12 1
61 22 1
61 40 1
61 43 1
61 45 1
61 49 1
61 51 1
61 52 1
61 53 1
61 54 1
61 55 1
61 56 -1
61 58 1
61 60 1
61 64 1
62 1 1
62 4 1
62 21 1
62 30 -1
62 33 1
62 45 1
62 50 1
62 51 1
62 52 1
62 53 1
62 54 1
62 55 1
62 57 1
62 59 -1
62 60 1
62 63 1
63 11 1
63 16 1
63 18 1
63 28 1
63 48 1
63 49 -1
63 50 1
63 51 1
63 52 1
63 53 1
63 56 1
63 57 -1
63 58 1
63 60 -1
63 62 1
64 18 1
64 29 1
64 32 1
64 33 1
64 50 1
64 51 1
64 52 1
64 53 1
64 54 1
64 56 1
64 57 1
64 58 1
64 60 1
64 61 1
