1 2 1
1 5 -1
1 6 1
1 7 -1
1 8 1
1 9 -1
1 10 1
1 12 1
1 13 -1
1 15 -1
1 20 1
1 36 1
1 51 1
1 53 -1
1 56 1
1 60 1
2 1 1
2 3 1
2 4 -1
2 5 1
2 6 1
2 7 1
2 9 -1
2 11 1
2 14 -1
2 15 1
2 18 1
2 19 1
2 24 1
2 26 1
2 47 1
2 52 1
3 2 1
3 4 1
3 6 1
3 7 1
3 9 -1
3 10 1
3 13 1
3 14 -1
3 15 1
3 16 1
3 22 1
3 29 1
3 40 1
3 53 1
3 55 1
3 62 -1
4 2 -1
4 3 1
4 5 -1
4 7 -1
4 8 1
4 10 1
4 11 1
4 13 1
4 14 1
4 15 1
4 17 1
4 19 1
4 25 1
4 31 1
4 50 1
4 54 1
5 1 -1
5 2 1
5 4 -1
5 6 1
5 8 1
5 9 1
5 11 -1
5 12 -1
5 13 -1
5 15 1
5 23 -1
5 31 1
5 32 1
5 35 1
5 44 1
5 57 1
6 1 1
6 2 1
6 3 1
6 5 1
6 8 1
6 10 -1
6 11 1
6 12 -1
6 15 1
6 16 -1
6 17 -1
6 19 1
6 21 1
6 29 1
6 59 1
6 62 1
7 1 -1
7 2 1
7 3 1
7 4 -1
7 8 1
7 10 -1
7 12 1
7 13 1
7 14 1
7 16 1
7 18 1
7 23 -1
7 29 -1
7 40 1
7 49 1
7 57 1
8 1 1
8 4 1
8 5 1
8 6 1
8 7 1
8 9 -1
8 10 1
8 11 1
8 12 1
8 16 1
8 29 1
8 31 1
8 41 1
8 48 1
8 49 -1
8 52 1
9 1 -1
9 2 -1
9 3 -1
9 5 1
9 8 -1
9 12 1
9 13 1
9 14 1
9 15 -1
9 16 1
9 39 1
9 51 1
9 54 1
9 56 -1
9 58 1
9 63 -1
10 1 1
10 3 1
10 4 1
10 6 -1
10 7 -1
10 8 1
10 11 -1
10 12 1
10 14 1
10 16 -1
10 25 1
10 27 -1
10 35 1
10 37 1
10 55 -1
10 59 1
11 2 1
11 4 1
11 5 -1
11 6 1
11 8 1
11 10 -1
11 12 1
11 13 1
11 14 1
11 16 -1
11 27 1
11 31 1
11 33 -1
11 37 1
11 42 -1
12 1 1
12 5 -1
12 6 -1
12 7 1
12 8 1
12 9 1
12 10 1
12 11 1
12 14 -1
12 15 1
12 17 1
12 18 1
12 28 -1
12 38 1
12 39 -1
12 45 1
13 1 -1
13 3 1
13 4 1
13 5 -1
13 7 1
13 9 1
13 11 1
13 14 1
13 15 -1
13 16 1
13 24 -1
13 28 -1
13 40 1
13 44 1
13 45 1
13 51 -1
14 2 -1
14 3 -1
14 4 1
14 7 1
14 9 1
14 10 1
14 11 1
14 12 -1
14 13 1
14 16 1
14 21 1
14 22 1
14 34 -1
14 35 1
14 36 1
14 63 1
15 1 -1
15 2 1
15 3 1
15 4 1
15 5 1
15 6 1
15 9 -1
15 12 1
15 13 -1
15 16 1
15 38 -1
15 40 -1
15 44 -1
15 50 -1
15 61 1
15 62 1
16 3 1
16 6 -1
16 7 1
16 8 1
16 9 1
16 10 -1
16 11 -1
16 13 1
16 14 1
16 15 1
16 27 1
16 38 -1
16 54 1
16 55 1
16 60 1
17 4 1
17 6 -1
17 12 1
17 18 1
17 19 -1
17 21 1
17 22 1
17 23 1
17 24 1
17 25 1
17 28 1
17 31 1
17 32 1
17 37 1
17 43 1
17 51 1
18 2 1
18 7 1
18 12 1
18 17 1
18 19 -1
18 20 1
18 21 1
18 22 1
18 23 -1
18 25 1
18 26 -1
18 27 1
18 28 -1
18 39 1
18 43 1
19 2 1
19 4 1
19 6 1
19 17 -1
19 18 -1
19 20 -1
19 21 -1
19 22 -1
19 26 -1
19 28 -1
19 29 -1
19 30 1
19 32 1
19 34 1
19 38 1
19 43 -1
20 1 1
20 18 1
20 19 -1
20 21 1
20 22 1
20 24 1
20 25 1
20 26 1
20 27 1
20 28 -1
20 29 1
20 34 1
20 45 -1
20 48 -1
20 52 1
20 54 1
21 6 1
21 14 1
21 17 1
21 18 1
21 19 -1
21 20 1
21 23 -1
21 28 1
21 29 1
21 30 -1
21 31 1
21 32 -1
21 39 -1
21 41 1
21 49 -1
22 3 1
22 14 1
22 17 1
22 18 1
22 19 -1
22 20 1
22 23 1
22 24 1
22 26 1
22 29 1
22 31 1
22 32 1
22 33 -1
22 41 1
22 45 1
23 5 -1
23 7 -1
23 17 1
23 18 -1
23 21 -1
23 22 1
23 24 -1
23 25 1
23 26 1
23 29 1
23 30 1
23 31 1
23 39 1
23 46 1
23 50 1
23 53 1
24 2 1
24 13 -1
24 17 1
24 20 1
24 22 1
24 23 -1
24 25 -1
24 27 1
24 28 1
24 29 1
24 30 -1
24 32 -1
24 38 -1
24 42 1
24 57 -1
24 58 1
25 4 1
25 10 1
25 17 1
25 18 1
25 20 1
25 23 1
25 24 -1
25 27 1
25 29 1
25 30 -1
25 31 1
25 32 1
25 42 1
25 52 1
25 57 1
25 62 1
26 2 1
26 18 -1
26 19 -1
26 20 1
26 22 1
26 23 1
26 27 1
26 28 -1
26 29 1
26 30 1
26 31 1
26 42 -1
26 52 -1
26 56 -1
26 60 1
27 10 -1
27 11 1
27 16 1
27 18 1
27 20 1
27 24 1
27 25 1
27 26 1
27 28 -1
27 29 1
27 30 -1
27 31 -1
27 32 -1
27 33 1
27 51 1
27 59 -1
28 12 -1
28 13 -1
28 17 1
28 18 -1
28 19 -1
28 20 -1
28 21 1
28 24 1
28 26 -1
28 27 -1
28 30 -1
28 31 -1
28 35 1
28 56 1
28 58 1
28 63 -1
29 3 1
29 6 1
29 7 -1
29 8 1
29 19 -1
29 20 1
29 21 1
29 22 1
29 23 1
29 24 1
29 25 1
29 26 1
29 27 1
29 32 1
29 60 1
29 61 -1
30 19 1
30 21 -1
30 23 1
30 24 -1
30 25 -1
30 26 1
30 27 -1
30 28 -1
30 31 -1
30 32 1
30 47 -1
30 53 -1
30 57 1
30 63 1
31 4 1
31 5 1
31 8 1
31 11 1
31 17 1
31 21 1
31 22 1
31 23 1
31 25 1
31 26 1
31 27 -1
31 28 -1
31 30 -1
31 32 1
31 44 1
31 64 -1
32 5 1
32 17 1
32 19 1
32 21 -1
32 22 1
32 24 -1
32 25 1
32 27 -1
32 29 1
32 30 1
32 31 1
32 33 1
32 34 1
32 42 1
32 48 -1
32 55 1
33 11 -1
33 22 -1
33 27 1
33 32 1
33 35 1
33 36 1
33 38 1
33 39 1
33 40 -1
33 41 -1
33 42 1
33 46 -1
33 47 1
33 48 1
33 56 -1
34 14 -1
34 19 1
34 20 1
34 32 1
34 35 1
34 37 -1
34 38 1
34 39 -1
34 40 1
34 41 -1
34 44 1
34 45 -1
34 46 1
34 48 -1
34 53 1
34 57 1
35 5 1
35 10 1
35 14 1
35 28 1
35 33 1
35 34 1
35 36 -1
35 37 -1
35 39 1
35 41 1
35 42 1
35 44 1
35 45 1
35 47 -1
35 50 1
35 64 1
36 1 1
36 14 1
36 33 1
36 35 -1
36 37 1
36 38 -1
36 39 1
36 41 1
36 43 1
36 45 -1
36 46 1
36 48 1
36 53 1
36 58 1
36 62 -1
37 10 1
37 11 1
37 17 1
37 34 -1
37 35 -1
37 36 1
37 40 1
37 42 1
37 43 -1
37 44 -1
37 46 1
37 47 -1
37 48 1
37 50 1
37 64 -1
38 12 1
38 15 -1
38 16 -1
38 19 1
38 24 -1
38 33 1
38 34 1
38 36 -1
38 39 1
38 40 1
38 41 -1
38 42 1
38 44 1
38 46 1
38 48 1
38 61 1
39 9 1
39 12 -1
39 18 1
39 21 -1
39 23 1
39 33 1
39 34 -1
39 35 1
39 36 1
39 38 1
39 41 1
39 42 -1
39 43 1
39 45 1
39 47 1
40 3 1
40 7 1
40 13 1
40 15 -1
40 33 -1
40 34 1
40 37 1
40 38 1
40 41 1
40 42 1
40 43 1
40 44 1
40 45 1
40 47 -1
40 58 1
40 60 1
41 8 1
41 21 1
41 22 1
41 33 -1
41 34 -1
41 35 1
41 36 1
41 38 -1
41 39 1
41 40 1
41 43 1
41 44 1
41 47 1
41 49 1
41 54 1
42 11 -1
42 24 1
42 25 1
42 26 -1
42 32 1
42 33 1
42 35 1
42 37 1
42 38 1
42 39 -1
42 40 1
42 43 1
42 44 -1
42 45 1
42 48 1
42 54 1
43 17 1
43 18 1
43 19 -1
43 36 1
43 37 -1
43 39 1
43 40 1
43 41 1
43 42 1
43 44 1
43 45 1
43 46 -1
43 47 1
43 50 1
43 55 -1
43 62 1
44 5 1
44 13 1
44 15 -1
44 31 1
44 34 1
44 35 1
44 37 -1
44 38 1
44 40 1
44 41 1
44 42 -1
44 43 1
44 46 1
44 48 -1
44 51 1
44 59 1
45 12 1
45 13 1
45 20 -1
45 22 1
45 34 -1
45 35 1
45 36 -1
45 39 1
45 40 1
45 42 1
45 43 1
45 46 -1
45 47 -1
45 48 1
45 59 1
45 63 1
46 23 1
46 33 -1
46 34 1
46 36 1
46 37 1
46 38 1
46 43 -1
46 44 1
46 45 -1
46 47 1
46 48 -1
46 49 1
46 55 1
46 59 1
46 61 1
47 2 1
47 30 -1
47 33 1
47 35 -1
47 37 -1
47 39 1
47 40 -1
47 41 1
47 43 1
47 45 -1
47 46 1
47 48 1
47 49 1
47 52 1
47 61 -1
48 8 1
48 20 -1
48 32 -1
48 33 1
48 34 -1
48 36 1
48 37 1
48 38 1
48 42 1
48 44 -1
48 45 1
48 46 -1
48 47 1
48 64 1
49 7 1
49 8 -1
49 21 -1
49 41 1
49 46 1
49 47 1
49 50 1
49 52 1
49 53 1
49 55 1
49 57 1
49 58 -1
49 59 1
49 60 1
49 63 -1
49 64 -1
50 4 1
50 15 -1
50 23 1
50 35 1
50 37 1
50 43 1
50 49 1
50 51 1
50 52 1
50 56 1
50 57 1
50 58 -1
50 61 1
50 62 -1
50 63 1
50 64 -1
51 1 1
51 9 1
51 13 -1
51 17 1
51 27 1
51 44 1
51 50 1
51 54 1
51 56 1
51 57 1
51 58 -1
51 59 1
51 61 1
51 62 -1
51 63 -1
51 64 1
52 2 1
52 8 1
52 20 1
52 25 1
52 26 -1
52 47 1
52 49 1
52 50 1
52 53 1
52 55 1
52 58 -1
52 59 1
52 60 1
52 62 1
52 63 1
52 64 1
53 1 -1
53 3 1
53 23 1
53 30 -1
53 34 1
53 36 1
53 49 1
53 52 1
53 54 1
53 55 -1
53 57 -1
53 58 1
53 60 1
53 62 -1
53 63 1
53 64 -1
54 4 1
54 9 1
54 16 1
54 20 1
54 41 1
54 42 1
54 51 1
54 53 1
54 56 1
54 57 1
54 59 1
54 60 1
54 61 -1
54 62 1
54 63 -1
54 64 -1
55 3 1
55 10 -1
55 16 1
55 32 1
55 43 -1
55 46 1
55 49 1
55 52 1
55 53 -1
55 56 -1
55 57 -1
55 59 1
55 60 1
55 61 1
55 62 -1
55 63 1
56 1 1
56 9 -1
56 26 -1
56 28 1
56 33 -1
56 50 1
56 51 1
56 54 1
56 55 -1
56 58 1
56 59 -1
56 61 -1
56 62 1
56 63 1
56 64 1
57 5 1
57 7 1
57 24 -1
57 25 1
57 30 1
57 34 1
57 49 1
57 50 1
57 51 1
57 53 -1
57 54 1
57 55 -1
57 59 1
57 61 1
57 62 1
57 64 -1
58 9 1
58 24 1
58 28 1
58 36 1
58 40 1
58 49 -1
58 50 -1
58 51 -1
58 52 -1
58 53 1
58 56 1
58 59 1
58 60 1
58 61 -1
58 62 1
59 6 1
59 10 1
59 27 -1
59 44 1
59 45 1
59 46 1
59 49 1
59 51 1
59 52 1
59 54 1
59 55 1
59 56 -1
59 57 1
59 58 1
59 60 1
59 61 1
60 1 1
60 16 1
60 26 1
60 29 1
60 40 1
60 49 1
60 52 1
60 53 1
60 54 1
60 55 1
60 58 1
60 59 1
60 61 1
60 63 1
60 64 1
61 15 1
61 29 -1
61 38 1
61 46 1
61 47 -1
61 50 1
61 51 1
61 54 -1
61 55 1
61 56 -1
61 57 1
61 58 -1
61 59 1
61 60 1
61 62 1
62 3 -1
62 6 1
62 15 1
62 25 1
62 36 -1
62 43 1
62 50 -1
62 51 -1
62 52 1
62 53 -1
62 54 1
62 55 -1
62 56 1
62 57 1
62 58 1
62 61 1
63 9 -1
63 14 1
63 28 -1
63 30 1
63 45 1
63 49 -1
63 50 1
63 51 -1
63 52 1
63 53 1
63 54 -1
63 55 1
63 56 1
63 60 1
63 64 1
64 31 -1
64 35 1
64 37 -1
64 48 1
64 49 -1
64 50 -1
64 51 1
64 52 1
64 53 -1
64 54 -1
64 56 1
64 57 -1
64 60 1
64 63 1
