1 3 -1
1 4 1
1 7 1
1 8 1
1 10 -1
1 11 1
1 13 -1
1 14 1
1 15 -1
1 16 1
1 21 -1
1 24 -1
1 28 -1
1 45 1
1 52 1
1 60 -1
2 3 1
2 4 -1
2 6 1
2 8 -1
2 9 1
2 10 -1
2 11 1
2 13 1
2 14 -1
2 16 -1
2 20 -1
2 21 1
2 27 1
2 40 -1
2 57 -1
2 58 1
3 1 -1
3 2 1
3 6 1
3 7 -1
3 8 -1
3 11 -1
3 12 -1
3 13 1
3 15 1
3 16 -1
3 17 -1
3 19 1
3 41 1
3 49 -1
3 54 1
3 61 -1
4 1 1
4 2 -1
4 5 1
4 7 1
4 8 -1
4 9 -1
4 10 -1
4 12 -1
4 15 -1
4 16 1
4 18 -1
4 34 -1
4 41 -1
4 44 1
4 52 1
4 56 -1
5 4 1
5 6 -1
5 7 -1
5 8 -1
5 9 1
5 11 -1
5 12 1
5 13 1
5 14 1
5 16 1
5 23 -1
5 33 -1
5 41 1
5 45 -1
5 51 -1
5 53 -1
6 2 1
6 3 1
6 5 -1
6 7 1
6 8 -1
6 9 -1
6 13 1
6 14 -1
6 15 1
6 16 -1
6 34 1
6 38 1
6 39 1
6 43 1
6 48 1
6 64 -1
7 1 1
7 3 -1
7 4 1
7 5 -1
7 6 1
7 10 -1
7 11 1
7 12 1
7 14 1
7 15 -1
7 39 -1
7 47 -1
7 52 -1
7 62 1
8 1 1
8 2 -1
8 3 -1
8 4 -1
8 5 -1
8 6 -1
8 9 -1
8 10 -1
8 12 -1
8 13 1
8 37 -1
8 50 1
8 60 -1
8 62 -1
8 64 -1
9 2 1
9 4 -1
9 5 1
9 6 -1
9 8 -1
9 10 1
9 11 1
9 12 -1
9 15 -1
9 16 -1
9 17 -1
9 37 -1
9 43 -1
9 47 1
9 52 -1
9 55 -1
10 1 -1
10 2 -1
10 4 -1
10 7 -1
10 8 -1
10 9 1
10 12 1
10 14 -1
10 15 -1
10 16 -1
10 26 1
10 28 -1
10 29 -1
10 48 -1
10 51 -1
11 1 1
11 2 1
11 3 -1
11 5 -1
11 7 1
11 9 1
11 12 -1
11 14 -1
11 15 1
11 16 1
11 18 -1
11 20 1
11 26 -1
11 50 -1
11 53 1
11 54 -1
12 3 -1
12 4 -1
12 5 1
12 7 1
12 8 -1
12 9 -1
12 10 1
12 11 -1
12 13 -1
12 14 1
12 23 -1
12 45 -1
12 49 -1
12 53 -1
12 59 1
13 1 -1
13 2 1
13 3 1
13 5 1
13 6 1
13 8 1
13 12 -1
13 14 1
13 15 -1
13 16 -1
13 19 -1
13 33 1
13 40 -1
13 45 -1
13 49 -1
13 59 -1
14 1 1
14 2 -1
14 5 1
14 6 -1
14 7 1
14 10 -1
14 11 -1
14 12 1
14 13 1
14 15 1
14 19 -1
14 22 -1
14 38 1
14 42 -1
14 45 -1
14 58 1
15 1 -1
15 3 1
15 4 -1
15 6 1
15 7 -1
15 9 -1
15 10 -1
15 11 1
15 13 -1
15 14 1
15 21 -1
15 27 1
15 31 -1
15 41 1
15 42 1
15 64 1
16 1 1
16 2 -1
16 3 -1
16 4 1
16 5 1
16 6 -1
16 9 -1
16 10 -1
16 11 1
16 13 -1
16 20 1
16 28 1
16 29 -1
16 35 1
16 58 1
16 60 -1
17 3 -1
17 9 -1
17 18 -1
17 20 1
17 21 1
17 23 -1
17 27 -1
17 28 -1
17 29 -1
17 30 1
17 31 1
17 32 -1
17 38 -1
17 42 1
17 44 -1
17 47 -1
18 4 -1
18 11 -1
18 17 -1
18 19 1
18 20 -1
18 23 1
18 25 1
18 28 -1
18 29 -1
18 30 1
18 31 -1
18 32 -1
18 40 1
18 46 -1
18 55 -1
18 63 -1
19 3 1
19 13 -1
19 14 -1
19 18 1
19 22 1
19 23 -1
19 24 -1
19 26 -1
19 27 1
19 28 1
19 29 -1
19 30 -1
19 31 1
19 42 1
19 47 1
19 58 -1
20 2 -1
20 11 1
20 16 1
20 17 1
20 18 -1
20 21 1
20 23 -1
20 24 -1
20 25 -1
20 26 -1
20 27 1
20 31 -1
20 32 1
20 37 1
20 53 1
20 63 1
21 1 -1
21 2 1
21 15 -1
21 17 1
21 20 1
21 22 1
21 23 1
21 25 -1
21 26 1
21 27 1
21 28 -1
21 29 -1
21 30 -1
21 33 -1
21 36 1
21 44 1
22 14 -1
22 19 1
22 21 1
22 23 -1
22 24 -1
22 25 -1
22 26 -1
22 29 -1
22 30 1
22 31 1
22 32 1
22 40 -1
22 50 1
22 52 -1
22 62 -1
23 5 -1
23 12 -1
23 17 -1
23 18 1
23 19 -1
23 20 -1
23 21 1
23 22 -1
23 24 -1
23 30 -1
23 31 -1
23 32 -1
23 34 -1
23 46 1
23 47 -1
23 60 1
24 1 -1
24 19 -1
24 20 -1
24 22 -1
24 23 -1
24 25 1
24 26 1
24 27 -1
24 28 -1
24 30 -1
24 31 -1
24 38 1
24 39 1
24 40 -1
24 55 -1
24 59 -1
25 18 1
25 20 -1
25 21 -1
25 22 -1
25 24 1
25 26 1
25 27 -1
25 28 -1
25 29 -1
25 32 1
25 36 1
25 37 1
25 46 -1
25 54 -1
25 64 -1
26 10 1
26 11 -1
26 19 -1
26 20 -1
26 21 1
26 22 -1
26 24 1
26 25 1
26 27 -1
26 28 1
26 30 -1
26 31 -1
26 34 1
26 56 1
26 60 1
27 2 1
27 15 1
27 17 -1
27 19 1
27 20 1
27 21 1
27 24 -1
27 25 -1
27 26 -1
27 28 1
27 31 -1
27 32 1
27 36 1
27 48 -1
27 54 -1
27 59 1
28 1 -1
28 10 -1
28 16 1
28 17 -1
28 18 -1
28 19 1
28 21 -1
28 24 -1
28 25 -1
28 26 1
28 27 1
28 29 -1
28 32 -1
28 50 1
28 56 1
28 58 -1
29 10 -1
29 16 -1
29 17 -1
29 18 -1
29 19 -1
29 21 -1
29 22 -1
29 25 -1
29 28 -1
29 30 -1
29 31 -1
29 32 -1
29 33 -1
29 36 1
29 59 1
29 61 -1
30 17 1
30 18 1
30 19 -1
30 21 -1
30 22 1
30 23 -1
30 24 -1
30 26 -1
30 29 -1
30 32 1
30 44 -1
30 48 -1
30 52 -1
30 56 1
30 60 1
30 63 1
31 15 -1
31 17 1
31 18 -1
31 19 1
31 20 -1
31 22 1
31 23 -1
31 24 -1
31 26 -1
31 27 -1
31 29 -1
31 36 1
31 48 -1
31 57 -1
31 58 1
31 64 -1
32 17 -1
32 18 -1
32 20 1
32 22 1
32 23 -1
32 25 1
32 27 1
32 28 -1
32 29 -1
32 30 1
32 35 -1
32 44 1
32 46 -1
32 48 -1
32 55 -1
32 63 1
33 5 -1
33 13 1
33 21 -1
33 29 -1
33 34 -1
33 35 -1
33 37 -1
33 38 -1
33 40 1
33 42 -1
33 43 1
33 45 -1
33 46 -1
33 48 -1
33 51 1
33 62 -1
34 4 -1
34 6 1
34 23 -1
34 26 1
34 33 -1
34 35 -1
34 36 -1
34 39 -1
34 40 -1
34 41 -1
34 43 -1
34 44 -1
34 47 1
34 48 -1
34 55 -1
35 16 1
35 32 -1
35 33 -1
35 34 -1
35 36 -1
35 39 1
35 41 1
35 42 1
35 43 -1
35 44 -1
35 46 1
35 48 -1
35 51 1
35 54 -1
35 57 1
35 59 1
36 21 1
36 25 1
36 27 1
36 29 1
36 31 1
36 34 -1
36 35 -1
36 37 -1
36 38 -1
36 40 -1
36 41 -1
36 44 -1
36 45 -1
36 46 -1
36 48 -1
36 63 -1
37 8 -1
37 9 -1
37 20 1
37 25 1
37 33 -1
37 36 -1
37 38 -1
37 39 -1
37 40 -1
37 41 1
37 42 -1
37 44 1
37 45 1
37 46 1
37 53 -1
37 61 1
38 6 1
38 14 1
38 17 -1
38 24 1
38 33 -1
38 36 -1
38 37 -1
38 39 1
38 42 -1
38 43 1
38 45 1
38 46 1
38 47 1
38 48 -1
38 49 1
38 63 1
39 6 1
39 7 -1
39 24 1
39 34 -1
39 35 1
39 37 -1
39 38 1
39 40 -1
39 42 1
39 43 -1
39 44 1
39 47 -1
39 48 1
39 56 -1
39 57 -1
40 2 -1
40 13 -1
40 18 1
40 22 -1
40 24 -1
40 33 1
40 34 -1
40 36 -1
40 37 -1
40 39 -1
40 41 -1
40 43 -1
40 44 1
40 47 -1
40 48 -1
41 3 1
41 4 -1
41 5 1
41 15 1
41 34 -1
41 35 1
41 36 -1
41 37 1
41 40 -1
41 42 -1
41 43 1
41 44 -1
41 45 1
41 48 -1
41 50 -1
41 51 -1
42 14 -1
42 15 1
42 17 1
42 19 1
42 33 -1
42 35 1
42 37 -1
42 38 -1
42 39 1
42 41 -1
42 44 -1
42 45 -1
42 46 -1
42 47 -1
42 57 -1
42 61 -1
43 6 1
43 9 -1
43 33 1
43 34 -1
43 35 -1
43 38 1
43 39 -1
43 40 -1
43 41 1
43 45 -1
43 46 -1
43 47 -1
43 49 1
43 53 1
43 57 -1
43 61 1
44 4 1
44 17 -1
44 21 1
44 30 -1
44 32 1
44 34 -1
44 35 -1
44 36 -1
44 37 1
44 39 1
44 40 1
44 41 -1
44 42 -1
44 45 -1
44 47 -1
44 62 -1
45 1 1
45 5 -1
45 12 -1
45 13 -1
45 14 -1
45 33 -1
45 36 -1
45 37 1
45 38 1
45 41 1
45 42 -1
45 43 -1
45 44 -1
45 46 1
45 47 -1
45 55 1
46 18 -1
46 23 1
46 25 -1
46 32 -1
46 33 -1
46 35 1
46 36 -1
46 37 1
46 38 1
46 42 -1
46 43 -1
46 45 1
46 47 1
46 48 -1
46 50 -1
46 61 1
47 7 -1
47 9 1
47 17 -1
47 19 1
47 23 -1
47 34 1
47 38 1
47 39 -1
47 40 -1
47 42 -1
47 43 -1
47 44 -1
47 45 -1
47 46 1
47 48 1
48 6 1
48 10 -1
48 27 -1
48 30 -1
48 31 -1
48 32 -1
48 33 -1
48 34 -1
48 35 -1
48 36 -1
48 38 -1
48 39 1
48 40 -1
48 41 -1
48 46 -1
48 47 1
49 3 -1
49 12 -1
49 13 -1
49 38 1
49 43 1
49 50 -1
49 51 -1
49 52 1
49 55 -1
49 56 -1
49 58 1
49 59 1
49 61 -1
49 63 1
49 64 -1
50 8 1
50 11 -1
50 22 1
50 28 1
50 41 -1
50 46 -1
50 49 -1
50 53 -1
50 54 1
50 55 1
50 56 -1
50 57 -1
50 60 -1
50 61 1
50 63 -1
50 64 -1
51 5 -1
51 10 -1
51 33 1
51 35 1
51 41 -1
51 49 -1
51 54 -1
51 55 1
51 56 -1
51 57 -1
51 58 -1
51 59 -1
51 62 -1
51 63 -1
51 64 -1
52 1 1
52 4 1
52 7 -1
52 9 -1
52 22 -1
52 30 -1
52 49 1
52 53 1
52 55 -1
52 58 1
52 59 -1
52 60 1
52 61 1
52 62 1
52 63 -1
52 64 1
53 5 -1
53 11 1
53 12 -1
53 20 1
53 37 -1
53 43 1
53 50 -1
53 52 1
53 54 1
53 55 1
53 56 -1
53 57 -1
53 58 1
53 59 1
53 60 1
53 64 -1
54 3 1
54 11 -1
54 25 -1
54 27 -1
54 35 -1
54 50 1
54 51 -1
54 53 1
54 55 -1
54 56 -1
54 57 1
54 58 1
54 59 1
54 61 -1
54 62 -1
55 9 -1
55 18 -1
55 24 -1
55 32 -1
55 34 -1
55 45 1
55 49 -1
55 50 1
55 51 1
55 52 -1
55 53 1
55 54 -1
55 56 -1
55 60 -1
55 61 1
55 62 -1
56 4 -1
56 26 1
56 28 1
56 30 1
56 39 -1
56 49 -1
56 50 -1
56 51 -1
56 53 -1
56 54 -1
56 55 -1
56 57 -1
56 60 1
56 62 -1
56 64 1
57 2 -1
57 31 -1
57 35 1
57 39 -1
57 42 -1
57 43 -1
57 50 -1
57 51 -1
57 53 -1
57 54 1
57 56 -1
57 58 -1
57 60 -1
57 61 -1
57 62 -1
57 63 -1
58 2 1
58 14 1
58 16 1
58 19 -1
58 28 -1
58 31 1
58 49 1
58 51 -1
58 52 1
58 53 1
58 54 1
58 57 -1
58 59 1
58 60 -1
58 61 1
58 63 -1
59 12 1
59 13 -1
59 24 -1
59 27 1
59 29 1
59 35 1
59 49 1
59 51 -1
59 52 -1
59 53 1
59 54 1
59 58 1
59 60 -1
59 62 -1
59 63 1
59 64 1
60 1 -1
60 8 -1
60 16 -1
60 23 1
60 26 1
60 30 1
60 50 -1
60 52 1
60 53 1
60 55 -1
60 56 1
60 57 -1
60 58 -1
60 59 -1
60 63 -1
60 64 1
61 3 -1
61 29 -1
61 37 1
61 42 -1
61 43 1
61 46 1
61 49 -1
61 50 1
61 52 1
61 54 -1
61 55 1
61 57 -1
61 58 1
61 62 -1
61 63 -1
61 64 1
62 7 1
62 8 -1
62 22 -1
62 33 -1
62 44 -1
62 51 -1
62 52 1
62 54 -1
62 55 -1
62 56 -1
62 57 -1
62 59 -1
62 61 -1
62 63 -1
62 64 1
63 18 -1
63 20 1
63 30 1
63 32 1
63 36 -1
63 38 1
63 49 1
63 50 -1
63 51 -1
63 52 -1
63 57 -1
63 58 -1
63 59 1
63 60 -1
63 61 -1
63 62 -1
64 6 -1
64 8 -1
64 15 1
64 25 -1
64 31 -1
64 49 -1
64 50 -1
64 51 -1
64 52 1
64 53 -1
64 56 1
64 59 1
64 60 1
64 61 1
64 62 1
