1 2 1
1 3 -1
1 4 1
1 5 1
1 6 1
1 7 1
1 9 1
1 10 -1
1 12 -1
1 13 -1
1 20 -1
1 21 -1
1 31 -1
1 41 -1
1 42 -1
1 64 -1
2 1 1
2 4 -1
2 7 1
2 8 1
2 10 -1
2 11 -1
2 12 -1
2 14 -1
2 15 -1
2 16 -1
2 22 1
2 27 -1
2 33 -1
2 41 1
2 46 -1
2 52 1
3 1 -1
3 4 -1
3 5 1
3 6 -1
3 9 1
3 10 -1
3 11 -1
3 13 -1
3 15 -1
3 16 -1
3 20 -1
3 26 1
3 36 1
3 42 -1
3 47 -1
3 54 -1
4 1 1
4 2 -1
4 3 -1
4 5 -1
4 6 1
4 7 1
4 13 -1
4 14 -1
4 15 1
4 16 -1
4 29 -1
4 46 -1
4 49 -1
4 57 -1
4 60 -1
4 62 -1
5 1 1
5 3 1
5 4 -1
5 6 -1
5 7 -1
5 8 1
5 9 1
5 10 -1
5 12 -1
5 14 -1
5 27 -1
5 36 -1
5 45 1
5 49 -1
5 51 1
5 58 1
6 1 1
6 3 -1
6 4 1
6 5 -1
6 7 -1
6 8 1
6 9 -1
6 11 -1
6 13 -1
6 16 -1
6 38 1
6 54 -1
6 60 1
6 62 1
7 1 1
7 2 1
7 4 1
7 5 -1
7 6 -1
7 9 -1
7 10 -1
7 13 1
7 14 -1
7 16 -1
7 21 1
7 29 1
7 38 -1
7 54 -1
7 58 -1
7 62 -1
8 2 1
8 5 1
8 6 1
8 9 1
8 11 -1
8 12 1
8 13 -1
8 14 -1
8 15 -1
8 16 1
8 17 -1
8 30 -1
8 32 -1
8 39 -1
8 41 1
8 50 1
9 1 1
9 3 1
9 5 1
9 6 -1
9 7 -1
9 8 1
9 11 1
9 12 -1
9 13 -1
9 15 1
9 20 -1
9 22 -1
9 36 1
9 48 -1
9 49 1
9 54 -1
10 1 -1
10 2 -1
10 3 -1
10 5 -1
10 7 -1
10 11 -1
10 12 1
10 14 -1
10 15 -1
10 16 -1
10 17 -1
10 37 -1
10 41 -1
10 43 -1
10 59 1
11 2 -1
11 3 -1
11 6 -1
11 8 -1
11 9 1
11 10 -1
11 12 -1
11 13 1
11 14 1
11 15 -1
11 31 1
11 45 -1
11 47 -1
11 50 1
11 55 -1
11 58 -1
12 1 -1
12 2 -1
12 5 -1
12 8 1
12 9 -1
12 10 1
12 11 -1
12 14 -1
12 15 1
12 16 -1
12 25 -1
12 33 -1
12 46 1
12 48 -1
12 51 1
12 62 -1
13 1 -1
13 3 -1
13 4 -1
13 6 -1
13 7 1
13 8 -1
13 9 -1
13 11 1
13 14 1
13 16 1
13 18 -1
13 19 -1
13 44 -1
13 52 -1
13 64 -1
14 2 -1
14 4 -1
14 5 -1
14 7 -1
14 8 -1
14 10 -1
14 11 1
14 12 -1
14 13 1
14 15 1
14 19 -1
14 24 -1
14 43 -1
14 47 -1
14 48 1
14 50 1
15 2 -1
15 3 -1
15 4 1
15 8 -1
15 9 1
15 10 -1
15 11 -1
15 12 1
15 14 1
15 16 -1
15 26 -1
15 28 1
15 32 -1
15 46 1
15 60 -1
16 2 -1
16 3 -1
16 4 -1
16 6 -1
16 7 -1
16 8 1
16 10 -1
16 12 -1
16 13 1
16 15 -1
16 31 -1
16 52 -1
16 54 1
16 55 -1
16 57 -1
16 60 -1
17 8 -1
17 10 -1
17 19 1
17 20 1
17 22 -1
17 23 -1
17 24 -1
17 26 1
17 27 -1
17 28 -1
17 29 -1
17 31 -1
17 36 -1
17 39 -1
17 40 -1
17 56 -1
18 13 -1
18 19 -1
18 20 1
18 22 -1
18 25 -1
18 26 1
18 28 -1
18 29 -1
18 30 1
18 31 -1
18 32 -1
18 39 -1
18 43 -1
18 50 -1
18 53 -1
18 57 -1
19 13 -1
19 14 -1
19 17 1
19 18 -1
19 22 -1
19 23 -1
19 24 1
19 26 1
19 27 -1
19 30 -1
19 31 1
19 32 -1
19 35 -1
19 44 1
19 45 -1
19 47 -1
20 1 -1
20 3 -1
20 9 -1
20 17 1
20 18 1
20 21 -1
20 22 1
20 23 1
20 24 -1
20 26 -1
20 27 -1
20 29 -1
20 32 -1
20 34 -1
20 52 -1
20 61 -1
21 1 -1
21 7 1
21 20 -1
21 22 -1
21 23 -1
21 24 -1
21 25 -1
21 26 1
21 27 -1
21 29 -1
21 30 1
21 32 1
21 48 1
21 51 -1
21 58 1
21 63 -1
22 2 1
22 9 -1
22 17 -1
22 18 -1
22 19 -1
22 20 1
22 21 -1
22 24 -1
22 25 -1
22 28 -1
22 30 -1
22 31 -1
22 37 -1
22 40 -1
22 46 -1
22 56 -1
23 17 -1
23 19 -1
23 20 1
23 21 -1
23 24 -1
23 25 -1
23 26 1
23 27 -1
23 30 -1
23 32 -1
23 35 -1
23 37 -1
23 58 -1
23 63 -1
23 64 1
24 14 -1
24 17 -1
24 19 1
24 20 -1
24 21 -1
24 22 -1
24 23 -1
24 26 1
24 28 1
24 31 -1
24 32 -1
24 40 1
24 46 -1
24 47 -1
24 55 -1
24 60 -1
25 12 -1
25 18 -1
25 21 -1
25 22 -1
25 23 -1
25 26 -1
25 27 -1
25 28 -1
25 29 1
25 30 -1
25 31 -1
25 35 -1
25 40 -1
25 44 -1
25 61 -1
25 62 -1
26 3 1
26 15 -1
26 17 1
26 18 1
26 19 1
26 20 -1
26 21 1
26 23 1
26 24 1
26 25 -1
26 28 1
26 29 1
26 39 -1
26 57 -1
26 61 -1
26 63 1
27 2 -1
27 5 -1
27 17 -1
27 19 -1
27 20 -1
27 21 -1
27 23 -1
27 25 -1
27 29 -1
27 30 1
27 31 -1
27 32 -1
27 41 1
27 51 -1
27 54 -1
27 60 -1
28 15 1
28 17 -1
28 18 -1
28 22 -1
28 24 1
28 25 -1
28 26 1
28 29 -1
28 30 -1
28 31 1
28 32 1
28 35 1
28 36 -1
28 45 -1
28 52 -1
28 53 -1
29 4 -1
29 7 1
29 17 -1
29 18 -1
29 20 -1
29 21 -1
29 25 1
29 26 1
29 27 -1
29 28 -1
29 30 -1
29 32 -1
29 52 -1
29 53 -1
29 57 1
29 59 -1
30 8 -1
30 18 1
30 19 -1
30 21 1
30 22 -1
30 23 -1
30 25 -1
30 27 1
30 28 -1
30 29 -1
30 31 -1
30 33 -1
30 36 -1
30 39 1
30 51 -1
30 56 1
31 1 -1
31 11 1
31 16 -1
31 17 -1
31 18 -1
31 19 1
31 22 -1
31 24 -1
31 25 -1
31 27 -1
31 28 1
31 30 -1
31 32 -1
31 47 1
31 48 -1
31 64 1
32 8 -1
32 15 -1
32 18 -1
32 19 -1
32 20 -1
32 21 1
32 23 -1
32 24 -1
32 27 -1
32 28 1
32 29 -1
32 31 -1
32 33 -1
32 34 -1
32 38 -1
33 2 -1
33 12 -1
33 30 -1
33 32 -1
33 36 1
33 37 1
33 38 -1
33 39 -1
33 40 1
33 42 1
33 43 -1
33 44 -1
33 45 1
33 47 -1
33 55 -1
33 59 -1
34 20 -1
34 32 -1
34 37 -1
34 38 -1
34 39 1
34 40 -1
34 41 -1
34 42 -1
34 43 1
34 45 1
34 47 1
34 48 1
34 55 1
34 56 -1
34 59 -1
34 61 -1
35 19 -1
35 23 -1
35 25 -1
35 28 1
35 36 -1
35 37 -1
35 38 1
35 41 -1
35 42 -1
35 43 -1
35 44 -1
35 45 -1
35 46 -1
35 48 1
35 58 -1
35 61 -1
36 3 1
36 5 -1
36 9 1
36 17 -1
36 28 -1
36 30 -1
36 33 1
36 35 -1
36 37 1
36 39 -1
36 40 -1
36 42 -1
36 43 -1
36 44 1
36 45 -1
36 46 1
37 10 -1
37 22 -1
37 23 -1
37 33 1
37 34 -1
37 35 -1
37 36 1
37 39 1
37 40 -1
37 41 -1
37 42 -1
37 45 -1
37 47 -1
37 50 1
37 53 -1
37 64 1
38 6 1
38 7 -1
38 32 -1
38 33 -1
38 34 -1
38 35 1
38 39 -1
38 40 1
38 43 -1
38 44 -1
38 45 1
38 46 1
38 47 -1
38 56 -1
39 8 -1
39 17 -1
39 18 -1
39 26 -1
39 30 1
39 33 -1
39 34 1
39 36 -1
39 37 1
39 38 -1
39 40 -1
39 42 1
39 44 -1
39 46 -1
39 48 1
39 50 -1
40 17 -1
40 22 -1
40 24 1
40 25 -1
40 33 1
40 34 -1
40 36 -1
40 37 -1
40 38 1
40 39 -1
40 41 -1
40 46 -1
40 47 -1
40 48 1
40 51 -1
40 63 -1
41 1 -1
41 2 1
41 8 1
41 10 -1
41 27 1
41 34 -1
41 35 -1
41 37 -1
41 40 -1
41 42 1
41 43 1
41 44 1
41 46 -1
41 47 -1
41 48 -1
42 1 -1
42 3 -1
42 33 1
42 34 -1
42 35 -1
42 36 -1
42 37 -1
42 39 1
42 41 1
42 45 -1
42 46 -1
42 47 -1
42 53 1
42 55 -1
42 61 -1
42 63 -1
43 10 -1
43 14 -1
43 18 -1
43 33 -1
43 34 1
43 35 -1
43 36 -1
43 38 -1
43 41 1
43 44 1
43 45 1
43 47 -1
43 48 -1
43 57 -1
43 59 -1
43 63 -1
44 13 -1
44 19 1
44 25 -1
44 33 -1
44 35 -1
44 36 1
44 38 -1
44 39 -1
44 41 1
44 43 1
44 45 -1
44 46 -1
44 48 1
44 49 -1
45 5 1
45 11 -1
45 19 -1
45 28 -1
45 33 1
45 34 1
45 35 -1
45 36 -1
45 37 -1
45 38 1
45 42 -1
45 43 1
45 44 -1
45 48 -1
45 49 -1
45 53 -1
46 2 -1
46 4 -1
46 12 1
46 15 1
46 22 -1
46 24 -1
46 35 -1
46 36 1
46 38 1
46 39 -1
46 40 -1
46 41 -1
46 42 -1
46 44 -1
46 47 -1
46 48 -1
47 3 -1
47 11 -1
47 14 -1
47 19 -1
47 24 -1
47 31 1
47 33 -1
47 34 1
47 37 -1
47 38 -1
47 40 -1
47 41 -1
47 42 -1
47 43 -1
47 46 -1
47 48 -1
48 9 -1
48 12 -1
48 14 1
48 21 1
48 31 -1
48 34 1
48 35 1
48 39 1
48 40 1
48 41 -1
48 43 -1
48 44 1
48 45 -1
48 46 -1
48 47 -1
48 59 1
49 4 -1
49 5 -1
49 9 1
49 44 -1
49 45 -1
49 51 1
49 54 -1
49 55 1
49 56 -1
49 58 -1
49 59 1
49 61 -1
49 62 -1
49 63 -1
49 64 -1
50 8 1
50 11 1
50 14 1
50 18 -1
50 37 1
50 39 -1
50 51 -1
50 52 -1
50 54 -1
50 55 1
50 56 -1
50 57 -1
50 61 1
50 62 -1
50 63 -1
50 64 -1
51 5 1
51 12 1
51 21 -1
51 27 -1
51 30 -1
51 40 -1
51 49 1
51 50 -1
51 52 -1
51 54 1
51 56 1
51 57 1
51 58 -1
51 59 -1
51 63 1
51 64 -1
52 2 1
52 13 -1
52 16 -1
52 20 -1
52 28 -1
52 29 -1
52 50 -1
52 51 -1
52 56 -1
52 57 -1
52 59 1
52 60 -1
52 61 -1
52 62 1
52 63 1
52 64 1
53 18 -1
53 28 -1
53 29 -1
53 37 -1
53 42 1
53 45 -1
53 54 1
53 55 -1
53 56 -1
53 58 -1
53 59 1
53 60 -1
53 61 -1
53 62 -1
53 63 1
53 64 1
54 3 -1
54 6 -1
54 7 -1
54 9 -1
54 16 1
54 27 -1
54 49 -1
54 50 -1
54 51 1
54 53 1
54 55 -1
54 57 -1
54 58 -1
54 59 -1
54 62 -1
54 64 -1
55 11 -1
55 16 -1
55 24 -1
55 33 -1
55 34 1
55 42 -1
55 49 1
55 50 1
55 53 -1
55 54 -1
55 56 -1
55 57 -1
55 58 -1
55 60 -1
55 61 -1
55 63 1
56 17 -1
56 22 -1
56 30 1
56 34 -1
56 38 -1
56 49 -1
56 50 -1
56 51 1
56 52 -1
56 53 -1
56 55 -1
56 58 1
56 59 -1
56 60 1
56 64 -1
57 4 -1
57 16 -1
57 18 -1
57 26 -1
57 29 1
57 43 -1
57 50 -1
57 51 1
57 52 -1
57 54 -1
57 55 -1
57 58 -1
57 59 -1
57 60 1
57 61 -1
57 62 1
58 5 1
58 7 -1
58 11 -1
58 21 1
58 23 -1
58 35 -1
58 49 -1
58 51 -1
58 53 -1
58 54 -1
58 55 -1
58 56 1
58 57 -1
58 59 -1
58 60 -1
58 63 1
59 10 1
59 29 -1
59 33 -1
59 34 -1
59 43 -1
59 48 1
59 49 1
59 51 -1
59 52 1
59 53 1
59 54 -1
59 56 -1
59 57 -1
59 58 -1
59 61 -1
59 62 1
60 4 -1
60 6 1
60 15 -1
60 16 -1
60 24 -1
60 27 -1
60 52 -1
60 53 -1
60 55 -1
60 56 1
60 57 1
60 58 -1
60 61 1
60 62 -1
60 63 -1
60 64 1
61 20 -1
61 25 -1
61 26 -1
61 34 -1
61 35 -1
61 42 -1
61 49 -1
61 50 1
61 52 -1
61 53 -1
61 55 -1
61 57 -1
61 59 -1
61 60 1
61 63 1
61 64 -1
62 4 -1
62 6 1
62 7 -1
62 12 -1
62 25 -1
62 49 -1
62 50 -1
62 52 1
62 53 -1
62 54 -1
62 57 1
62 59 1
62 60 -1
62 63 -1
62 64 -1
63 21 -1
63 23 -1
63 26 1
63 40 -1
63 42 -1
63 43 -1
63 49 -1
63 50 -1
63 51 1
63 52 1
63 53 1
63 55 1
63 58 1
63 60 -1
63 61 1
63 62 -1
64 1 -1
64 13 -1
64 23 1
64 31 1
64 37 1
64 49 -1
64 50 -1
64 51 -1
64 52 1
64 53 1
64 54 -1
64 56 -1
64 60 1
64 61 -1
64 62 -1
