1 2 -1
1 3 -1
1 4 -1
1 6 1
1 10 1
1 11 -1
1 12 -1
1 13 -1
1 14 1
1 16 1
1 24 1
1 27 -1
1 39 -1
1 45 -1
1 46 -1
1 64 1
2 1 -1
2 3 1
2 4 1
2 5 1
2 6 -1
2 7 1
2 10 1
2 12 -1
2 14 -1
2 16 1
2 21 -1
2 30 1
2 46 -1
2 52 -1
2 54 -1
2 60 1
3 1 -1
3 2 1
3 4 1
3 8 -1
3 10 -1
3 12 1
3 13 -1
3 14 1
3 15 1
3 16 1
3 22 -1
3 36 1
3 38 1
3 46 -1
3 48 1
3 61 -1
4 1 -1
4 2 1
4 3 1
4 5 -1
4 6 1
4 7 1
4 8 -1
4 9 1
4 11 -1
4 15 -1
4 19 -1
4 28 -1
4 34 -1
4 44 1
4 52 -1
4 64 1
5 2 1
5 4 -1
5 6 -1
5 7 -1
5 9 -1
5 10 1
5 11 1
5 12 -1
5 13 -1
5 14 -1
5 32 -1
5 38 1
5 41 1
5 42 -1
5 55 -1
5 59 1
6 1 1
6 2 -1
6 4 1
6 5 -1
6 7 -1
6 8 -1
6 9 1
6 11 1
6 13 1
6 15 1
6 23 -1
6 38 -1
6 39 1
6 41 1
6 57 1
6 59 -1
7 2 1
7 4 1
7 5 -1
7 6 -1
7 8 -1
7 9 -1
7 11 -1
7 12 -1
7 14 -1
7 16 -1
7 25 -1
7 29 1
7 31 -1
7 43 -1
7 47 1
7 51 -1
8 3 -1
8 4 -1
8 6 -1
8 7 -1
8 10 -1
8 12 1
8 13 1
8 14 -1
8 15 1
8 16 1
8 20 -1
8 46 -1
8 56 1
8 58 1
8 64 -1
9 4 1
9 5 -1
9 6 1
9 7 -1
9 10 1
9 11 -1
9 12 1
9 13 -1
9 14 1
9 15 1
9 17 -1
9 19 -1
9 27 1
9 35 1
9 53 1
9 60 1
10 1 1
10 2 1
10 3 -1
10 5 1
10 8 -1
10 9 1
10 11 1
10 13 -1
10 15 -1
10 16 -1
10 27 -1
10 36 -1
10 40 1
10 50 1
10 53 1
10 61 -1
11 1 -1
11 4 -1
11 5 1
11 6 1
11 7 -1
11 9 -1
11 10 1
11 12 1
11 14 1
11 16 -1
11 22 1
11 25 1
11 27 -1
11 34 -1
11 39 -1
11 48 -1
12 1 -1
12 2 -1
12 3 1
12 5 -1
12 7 -1
12 8 1
12 9 1
12 11 1
12 15 -1
12 16 -1
12 17 -1
12 18 -1
12 22 1
12 26 1
12 48 -1
12 55 -1
13 1 -1
13 3 -1
13 5 -1
13 6 1
13 8 1
13 9 -1
13 10 -1
13 14 -1
13 15 -1
13 16 -1
13 20 -1
13 30 -1
13 34 -1
13 44 -1
13 64 1
14 1 1
14 2 -1
14 3 1
14 5 -1
14 7 -1
14 8 -1
14 9 1
14 11 1
14 13 -1
14 15 1
14 31 1
14 32 1
14 36 -1
14 50 1
14 60 -1
14 63 -1
15 3 1
15 4 -1
15 6 1
15 8 1
15 9 1
15 10 -1
15 12 -1
15 13 -1
15 14 1
15 16 -1
15 22 -1
15 25 -1
15 47 1
15 49 -1
15 53 -1
16 1 1
16 2 1
16 3 1
16 7 -1
16 8 1
16 10 -1
16 11 -1
16 12 -1
16 13 -1
16 15 -1
16 17 -1
16 18 -1
16 22 1
16 49 -1
16 55 -1
16 61 -1
17 9 -1
17 12 -1
17 16 -1
17 21 -1
17 22 1
17 23 1
17 24 -1
17 26 1
17 27 1
17 28 1
17 29 1
17 30 -1
17 32 -1
17 41 1
17 45 -1
17 51 1
18 12 -1
18 16 -1
18 19 1
18 20 -1
18 22 -1
18 23 -1
18 24 -1
18 25 1
18 26 -1
18 28 1
18 31 1
18 32 -1
18 45 -1
18 47 -1
18 49 -1
18 60 -1
19 4 -1
19 9 -1
19 18 1
19 20 -1
19 21 -1
19 22 -1
19 25 1
19 26 -1
19 28 1
19 29 -1
19 30 -1
19 32 -1
19 37 -1
19 38 -1
19 52 -1
19 60 -1
20 8 -1
20 13 -1
20 18 -1
20 19 -1
20 21 1
20 22 1
20 24 -1
20 25 -1
20 26 1
20 28 1
20 30 -1
20 31 1
20 33 1
20 51 -1
21 2 -1
21 17 -1
21 19 -1
21 20 1
21 23 -1
21 24 -1
21 25 -1
21 27 -1
21 28 -1
21 29 -1
21 31 -1
21 35 1
21 50 1
21 55 1
21 57 1
21 63 -1
22 3 -1
22 11 1
22 12 1
22 15 -1
22 16 1
22 17 1
22 18 -1
22 19 -1
22 20 1
22 23 1
22 26 1
22 27 -1
22 28 -1
22 29 1
22 32 -1
22 51 -1
23 6 -1
23 17 1
23 18 -1
23 21 -1
23 22 1
23 24 -1
23 25 1
23 27 -1
23 30 -1
23 31 1
23 32 -1
23 39 -1
23 40 1
23 46 -1
23 52 1
23 60 -1
24 1 1
24 17 -1
24 18 -1
24 20 -1
24 21 -1
24 23 -1
24 25 1
24 26 -1
24 27 1
24 29 -1
24 30 1
24 33 1
24 37 -1
24 42 -1
24 56 1
24 64 -1
25 7 -1
25 11 1
25 15 -1
25 18 1
25 19 1
25 20 -1
25 21 -1
25 23 1
25 24 1
25 26 -1
25 29 -1
25 30 1
25 31 -1
25 34 1
25 52 -1
25 62 1
26 12 1
26 17 1
26 18 -1
26 19 -1
26 20 1
26 22 1
26 24 -1
26 25 -1
26 27 1
26 31 -1
26 32 1
26 36 -1
26 39 -1
26 54 -1
26 58 1
26 64 -1
27 1 -1
27 9 1
27 10 -1
27 11 -1
27 17 1
27 21 -1
27 22 -1
27 23 -1
27 24 1
27 26 1
27 28 1
27 29 -1
27 30 -1
27 31 -1
27 41 1
27 43 -1
28 4 -1
28 17 1
28 18 1
28 19 1
28 20 1
28 21 -1
28 22 -1
28 27 1
28 29 1
28 30 1
28 32 -1
28 36 -1
28 40 -1
28 42 1
28 53 1
28 62 1
29 7 1
29 17 1
29 19 -1
29 21 -1
29 22 1
29 24 -1
29 25 -1
29 27 -1
29 28 1
29 31 -1
29 32 1
29 43 1
29 45 1
29 55 1
29 61 1
29 63 -1
30 2 1
30 13 -1
30 17 -1
30 19 -1
30 20 -1
30 23 -1
30 24 1
30 25 1
30 27 -1
30 28 1
30 31 -1
30 32 1
30 41 -1
30 43 -1
30 57 -1
31 7 -1
31 14 1
31 18 1
31 20 1
31 21 -1
31 23 1
31 25 -1
31 26 -1
31 27 -1
31 29 -1
31 30 -1
31 32 -1
31 33 1
31 34 -1
31 46 1
31 50 1
32 5 -1
32 14 1
32 17 -1
32 18 -1
32 19 -1
32 22 -1
32 23 -1
32 26 1
32 28 -1
32 29 1
32 30 1
32 31 -1
32 33 1
32 41 -1
32 58 1
33 20 1
33 24 1
33 31 1
33 32 1
33 34 1
33 35 -1
33 37 1
33 39 1
33 42 1
33 43 -1
33 44 -1
33 45 -1
33 47 1
33 48 -1
33 55 -1
34 4 -1
34 11 -1
34 13 -1
34 25 1
34 31 -1
34 33 1
34 35 1
34 36 -1
34 37 -1
34 39 -1
34 42 -1
34 43 1
34 44 -1
34 45 1
34 46 -1
34 59 1
35 9 1
35 21 1
35 33 -1
35 34 1
35 36 -1
35 37 -1
35 40 -1
35 41 1
35 44 -1
35 46 -1
35 47 -1
35 48 -1
35 53 -1
35 54 1
35 63 -1
36 3 1
36 10 -1
36 14 -1
36 26 -1
36 28 -1
36 34 -1
36 35 -1
36 37 1
36 38 -1
36 39 -1
36 41 -1
36 43 -1
36 44 1
36 45 -1
36 46 1
36 59 -1
37 19 -1
37 24 -1
37 33 1
37 34 -1
37 35 -1
37 36 1
37 39 1
37 41 -1
37 42 -1
37 43 -1
37 45 -1
37 47 -1
37 49 1
37 56 1
37 57 -1
37 61 -1
38 3 1
38 5 1
38 6 -1
38 19 -1
38 36 -1
38 39 -1
38 40 -1
38 41 -1
38 42 1
38 44 -1
38 45 -1
38 46 -1
38 47 1
38 48 -1
38 51 -1
38 59 1
39 1 -1
39 6 1
39 11 -1
39 23 -1
39 26 -1
39 33 1
39 34 -1
39 36 -1
39 37 1
39 38 -1
39 40 1
39 43 -1
39 44 1
39 45 1
39 48 -1
39 62 -1
40 10 1
40 23 1
40 28 -1
40 35 -1
40 38 -1
40 39 1
40 41 -1
40 42 1
40 43 -1
40 44 1
40 46 -1
40 47 1
40 48 -1
40 54 1
40 56 1
40 63 1
41 5 1
41 6 1
41 17 1
41 27 1
41 30 -1
41 32 -1
41 35 1
41 36 -1
41 37 -1
41 38 -1
41 40 -1
41 42 1
41 43 1
41 46 -1
41 47 -1
41 48 -1
42 5 -1
42 24 -1
42 28 1
42 33 1
42 34 -1
42 37 -1
42 38 1
42 40 1
42 41 1
42 43 -1
42 45 -1
42 46 -1
42 48 1
42 54 1
42 58 -1
42 62 -1
43 7 -1
43 27 -1
43 29 1
43 30 -1
43 33 -1
43 34 1
43 36 -1
43 37 -1
43 39 -1
43 40 -1
43 41 1
43 42 -1
43 45 1
43 47 -1
43 50 -1
43 57 1
44 4 1
44 13 -1
44 33 -1
44 34 -1
44 35 -1
44 36 1
44 38 -1
44 39 1
44 40 1
44 45 1
44 47 1
44 48 -1
44 49 1
44 51 -1
44 59 1
44 63 -1
45 1 -1
45 17 -1
45 18 -1
45 29 1
45 33 -1
45 34 1
45 36 -1
45 37 -1
45 38 -1
45 39 1
45 42 -1
45 43 1
45 44 1
45 46 1
45 52 1
45 61 -1
46 1 -1
46 2 -1
46 3 -1
46 8 -1
46 23 -1
46 31 1
46 34 -1
46 35 -1
46 36 1
46 38 -1
46 40 -1
46 41 -1
46 42 -1
46 45 1
46 47 -1
46 48 -1
47 7 1
47 15 1
47 18 -1
47 33 1
47 35 -1
47 37 -1
47 38 1
47 40 1
47 41 -1
47 43 -1
47 44 1
47 46 -1
47 48 -1
47 50 -1
47 54 -1
47 62 -1
48 3 1
48 11 -1
48 12 -1
48 33 -1
48 35 -1
48 38 -1
48 39 -1
48 40 -1
48 41 -1
48 42 1
48 44 -1
48 46 -1
48 47 -1
48 56 1
48 62 -1
49 15 -1
49 16 -1
49 18 -1
49 37 1
49 44 1
49 51 -1
49 52 -1
49 53 1
49 55 1
49 56 1
49 57 -1
49 58 -1
49 59 -1
49 62 -1
49 64 1
50 10 1
50 14 1
50 21 1
50 31 1
50 43 -1
50 47 -1
50 51 1
50 53 1
50 54 -1
50 55 1
50 58 -1
50 59 1
50 60 1
50 61 -1
50 62 -1
50 63 -1
51 7 -1
51 17 1
51 20 -1
51 22 -1
51 38 -1
51 44 -1
51 49 -1
51 50 1
51 52 -1
51 53 1
51 54 -1
51 55 1
51 58 -1
51 60 1
51 63 -1
51 64 -1
52 2 -1
52 4 -1
52 19 -1
52 23 1
52 25 -1
52 45 1
52 49 -1
52 51 -1
52 53 -1
52 56 -1
52 58 1
52 59 1
52 61 -1
52 62 -1
52 63 -1
52 64 -1
53 9 1
53 10 1
53 15 -1
53 28 1
53 35 -1
53 49 1
53 50 1
53 51 1
53 52 -1
53 54 -1
53 55 -1
53 56 1
53 57 1
53 58 1
53 62 1
54 2 -1
54 26 -1
54 35 1
54 40 1
54 42 1
54 47 -1
54 50 -1
54 51 -1
54 53 -1
54 56 1
54 57 -1
54 58 -1
54 60 -1
54 61 -1
54 63 -1
54 64 -1
55 5 -1
55 12 -1
55 16 -1
55 21 1
55 29 1
55 33 -1
55 49 1
55 50 1
55 51 1
55 53 -1
55 56 1
55 57 -1
55 59 1
55 60 -1
55 61 -1
55 63 -1
56 8 1
56 24 1
56 37 1
56 40 1
56 48 1
56 49 1
56 52 -1
56 53 1
56 54 1
56 55 1
56 57 -1
56 59 -1
56 60 -1
56 62 -1
56 63 1
57 6 1
57 21 1
57 30 -1
57 37 -1
57 43 1
57 49 -1
57 53 1
57 54 -1
57 55 -1
57 56 -1
57 58 1
57 60 -1
57 62 -1
57 63 1
57 64 1
58 8 1
58 26 1
58 32 1
58 42 -1
58 49 -1
58 50 -1
58 51 -1
58 52 1
58 53 1
58 54 -1
58 57 1
58 59 1
58 61 -1
58 64 -1
59 5 1
59 6 -1
59 34 1
59 36 -1
59 38 1
59 44 1
59 49 -1
59 50 1
59 52 1
59 55 1
59 56 -1
59 58 1
59 60 -1
59 61 -1
59 62 -1
59 64 -1
60 2 1
60 9 1
60 14 -1
60 18 -1
60 19 -1
60 23 -1
60 50 1
60 51 1
60 54 -1
60 55 -1
60 56 -1
60 57 -1
60 59 -1
60 61 -1
60 62 -1
60 63 -1
61 3 -1
61 10 -1
61 16 -1
61 29 1
61 37 -1
61 45 -1
61 50 -1
61 52 -1
61 54 -1
61 55 -1
61 58 -1
61 59 -1
61 60 -1
61 62 1
61 63 -1
61 64 -1
62 25 1
62 28 1
62 39 -1
62 42 -1
62 47 -1
62 48 -1
62 49 -1
62 50 -1
62 52 -1
62 53 1
62 56 -1
62 57 -1
62 59 -1
62 60 -1
62 61 1
62 64 1
63 14 -1
63 21 -1
63 29 -1
63 35 -1
63 40 1
63 44 -1
63 50 -1
63 51 -1
63 52 -1
63 54 -1
63 55 -1
63 56 1
63 57 1
63 60 -1
63 61 -1
63 64 -1
64 1 1
64 4 1
64 8 -1
64 13 1
64 24 -1
64 26 -1
64 49 1
64 51 -1
64 52 -1
64 54 -1
64 57 1
64 58 -1
64 59 -1
64 61 -1
64 62 1
64 63 -1
