1 3 1
1 4 -1
1 7 1
1 8 -1
1 9 -1
1 10 1
1 11 -1
1 13 -1
1 15 1
1 16 -1
1 17 1
1 25 -1
1 33 1
1 44 -1
1 46 -1
1 47 -1
2 3 1
2 4 1
2 5 1
2 6 -1
2 7 -1
2 8 -1
2 10 -1
2 11 1
2 14 1
2 15 1
2 23 1
2 24 -1
2 26 1
2 48 -1
2 62 1
3 1 1
3 2 1
3 5 1
3 7 1
3 10 1
3 11 -1
3 12 1
3 13 1
3 14 1
3 16 1
3 20 1
3 24 1
3 48 1
3 54 -1
3 64 -1
4 1 -1
4 2 1
4 5 -1
4 6 -1
4 7 -1
4 9 -1
4 10 1
4 11 -1
4 12 -1
4 13 1
4 31 -1
4 33 -1
4 51 1
4 55 -1
4 61 1
5 2 1
5 3 1
5 4 -1
5 6 1
5 8 -1
5 9 1
5 11 1
5 13 -1
5 15 1
5 16 1
5 34 1
5 38 1
5 52 -1
5 58 1
5 62 1
6 2 -1
6 4 -1
6 5 1
6 8 -1
6 9 1
6 10 -1
6 12 1
6 13 1
6 14 1
6 15 1
6 17 -1
6 20 1
6 33 -1
6 34 -1
6 44 1
6 51 -1
7 1 1
7 2 -1
7 3 1
7 4 -1
7 8 1
7 11 -1
7 12 1
7 13 1
7 14 1
7 16 1
7 29 -1
7 34 1
7 40 -1
7 42 -1
7 52 1
7 64 -1
8 1 -1
8 2 -1
8 5 -1
8 6 -1
8 7 1
8 9 -1
8 11 1
8 14 -1
8 15 -1
8 16 -1
8 22 -1
8 35 -1
8 52 -1
8 58 1
8 61 -1
8 64 -1
9 1 -1
9 4 -1
9 5 1
9 6 1
9 8 -1
9 10 1
9 12 -1
9 13 -1
9 14 1
9 15 -1
9 18 -1
9 36 1
9 47 1
9 52 -1
9 56 1
9 58 1
10 1 1
10 2 -1
10 3 1
10 4 1
10 6 -1
10 9 1
10 12 -1
10 14 -1
10 15 -1
10 16 1
10 22 1
10 39 -1
10 40 1
10 47 1
10 49 1
10 61 -1
11 1 -1
11 2 1
11 3 -1
11 4 -1
11 5 1
11 7 -1
11 8 1
11 12 -1
11 14 -1
11 15 1
11 21 1
11 38 1
11 39 -1
11 48 1
11 56 -1
12 3 1
12 4 -1
12 6 1
12 7 1
12 9 -1
12 10 -1
12 11 -1
12 13 -1
12 15 -1
12 16 1
12 20 1
12 22 -1
12 28 -1
12 39 -1
12 58 -1
12 59 -1
13 1 -1
13 3 1
13 4 1
13 5 -1
13 6 1
13 7 1
13 9 -1
13 12 -1
13 14 1
13 16 1
13 27 1
13 33 -1
13 36 1
13 38 1
13 41 1
13 48 -1
14 2 1
14 3 1
14 6 1
14 7 1
14 8 -1
14 9 1
14 10 -1
14 11 -1
14 13 1
14 16 -1
14 35 -1
14 46 -1
14 48 1
14 49 1
14 50 1
14 58 -1
15 1 1
15 2 1
15 5 1
15 6 1
15 8 -1
15 9 -1
15 10 -1
15 11 1
15 12 -1
15 16 1
15 23 1
15 29 1
15 51 1
15 63 -1
16 1 -1
16 3 1
16 5 1
16 7 1
16 8 -1
16 10 1
16 12 1
16 13 1
16 14 -1
16 15 1
16 22 1
16 30 1
16 45 1
16 46 -1
16 54 -1
16 62 -1
17 1 1
17 6 -1
17 19 -1
17 21 -1
17 22 1
17 24 1
17 25 1
17 26 1
17 27 1
17 28 -1
17 31 -1
17 32 1
17 35 -1
17 38 1
17 40 1
17 64 -1
18 9 -1
18 19 -1
18 21 -1
18 22 -1
18 23 1
18 24 1
18 25 -1
18 27 1
18 29 -1
18 30 1
18 31 -1
18 33 1
18 37 -1
18 39 1
18 53 1
18 55 -1
19 17 -1
19 18 -1
19 20 -1
19 21 -1
19 24 -1
19 25 -1
19 26 1
19 30 -1
19 31 1
19 32 1
19 36 -1
19 45 -1
19 49 -1
19 50 -1
19 56 -1
20 3 1
20 6 1
20 12 1
20 19 -1
20 22 1
20 23 1
20 24 -1
20 26 -1
20 27 1
20 28 1
20 29 -1
20 30 1
20 32 -1
20 35 -1
20 43 1
21 11 1
21 17 -1
21 18 -1
21 19 -1
21 22 -1
21 23 -1
21 24 -1
21 25 1
21 28 -1
21 29 -1
21 31 -1
21 35 1
21 37 -1
21 39 -1
21 44 -1
22 8 -1
22 10 1
22 12 -1
22 16 1
22 17 1
22 18 -1
22 20 1
22 21 -1
22 23 -1
22 25 1
22 27 -1
22 28 1
22 29 1
22 32 1
22 40 1
22 45 1
23 2 1
23 15 1
23 18 1
23 20 1
23 21 -1
23 22 -1
23 25 -1
23 26 -1
23 29 -1
23 30 1
23 31 1
23 32 1
23 38 1
23 41 -1
23 46 1
23 50 -1
24 2 -1
24 3 1
24 17 1
24 18 1
24 19 -1
24 20 -1
24 21 -1
24 27 1
24 28 -1
24 29 -1
24 30 1
24 32 1
24 45 1
24 59 -1
24 61 1
25 1 -1
25 17 1
25 18 -1
25 19 -1
25 21 1
25 22 1
25 23 -1
25 26 -1
25 29 -1
25 30 -1
25 31 1
25 44 -1
25 45 -1
25 53 1
25 57 -1
25 61 1
26 2 1
26 17 1
26 19 1
26 20 -1
26 23 -1
26 25 -1
26 27 1
26 28 -1
26 30 1
26 31 1
26 32 1
26 43 -1
26 55 1
26 57 -1
26 59 1
27 13 1
27 17 1
27 18 1
27 20 1
27 22 -1
27 24 1
27 26 1
27 28 -1
27 29 1
27 31 1
27 32 1
27 40 1
27 49 1
27 50 1
27 61 1
28 12 -1
28 17 -1
28 20 1
28 21 -1
28 22 1
28 24 -1
28 26 -1
28 27 -1
28 30 -1
28 31 1
28 32 1
28 37 -1
28 53 1
28 59 -1
28 60 1
29 7 -1
29 15 1
29 18 -1
29 20 -1
29 21 -1
29 22 1
29 23 -1
29 24 -1
29 25 -1
29 27 1
29 30 -1
29 32 -1
29 43 1
29 46 -1
29 56 1
29 60 -1
30 16 1
30 18 1
30 19 -1
30 20 1
30 23 1
30 24 1
30 25 -1
30 26 1
30 28 -1
30 29 -1
30 31 -1
30 41 1
30 50 -1
30 57 1
30 60 1
30 63 -1
31 4 -1
31 17 -1
31 18 -1
31 19 1
31 21 -1
31 23 1
31 25 1
31 26 1
31 27 1
31 28 1
31 30 -1
31 49 -1
31 55 -1
31 57 -1
31 59 -1
31 63 -1
32 17 1
32 19 1
32 20 -1
32 22 1
32 23 1
32 24 1
32 26 1
32 27 1
32 28 1
32 29 -1
32 34 -1
32 36 1
32 42 1
32 48 -1
32 57 -1
33 1 1
33 4 -1
33 6 -1
33 13 -1
33 18 1
33 34 -1
33 36 1
33 38 1
33 39 -1
33 41 1
33 43 -1
33 44 1
33 45 1
33 46 1
33 48 -1
33 62 -1
34 5 1
34 6 -1
34 7 1
34 32 -1
34 33 -1
34 35 -1
34 39 -1
34 40 -1
34 41 1
34 42 -1
34 43 1
34 44 -1
34 45 1
34 48 -1
34 54 1
34 60 -1
35 8 -1
35 14 -1
35 17 -1
35 20 -1
35 21 1
35 34 -1
35 37 1
35 39 1
35 41 1
35 42 1
35 44 -1
35 45 -1
35 46 -1
35 47 1
35 48 1
35 54 1
36 9 1
36 13 1
36 19 -1
36 32 1
36 33 1
36 37 -1
36 38 1
36 39 1
36 40 1
36 42 -1
36 43 -1
36 44 1
36 46 -1
36 47 1
36 54 1
37 18 -1
37 21 -1
37 28 -1
37 35 1
37 36 -1
37 38 -1
37 39 1
37 40 1
37 41 1
37 42 -1
37 43 1
37 45 -1
37 47 1
37 51 1
37 55 -1
37 56 1
38 5 1
38 11 1
38 13 1
38 17 1
38 23 1
38 33 1
38 36 1
38 37 -1
38 40 -1
38 41 1
38 43 1
38 44 1
38 46 -1
38 47 1
38 48 -1
39 10 -1
39 11 -1
39 12 -1
39 18 1
39 21 -1
39 33 -1
39 34 -1
39 35 1
39 36 1
39 37 1
39 40 -1
39 43 -1
39 44 1
39 45 1
39 48 -1
39 56 -1
40 7 -1
40 10 1
40 17 1
40 22 1
40 27 1
40 34 -1
40 36 1
40 37 1
40 38 -1
40 39 -1
40 44 1
40 45 -1
40 46 -1
40 47 -1
40 48 -1
40 63 1
41 13 1
41 23 -1
41 30 1
41 33 1
41 34 1
41 35 1
41 37 1
41 38 1
41 42 1
41 43 -1
41 44 -1
41 45 -1
41 48 1
41 49 1
41 55 -1
41 58 -1
42 7 -1
42 32 1
42 34 -1
42 35 1
42 36 -1
42 37 -1
42 41 1
42 43 -1
42 44 -1
42 46 1
42 47 -1
42 48 -1
42 54 -1
42 60 -1
42 62 -1
42 64 -1
43 20 1
43 26 -1
43 29 1
43 33 -1
43 34 1
43 36 -1
43 37 1
43 38 1
43 39 -1
43 41 -1
43 42 -1
43 45 1
43 46 -1
43 52 -1
43 60 -1
43 62 1
44 1 -1
44 6 1
44 21 -1
44 25 -1
44 33 1
44 34 -1
44 35 -1
44 36 1
44 38 1
44 39 1
44 40 1
44 41 -1
44 42 -1
44 47 1
44 53 1
45 16 1
45 19 -1
45 22 1
45 24 1
45 25 -1
45 33 1
45 34 1
45 35 -1
45 37 -1
45 39 1
45 40 -1
45 41 -1
45 43 1
45 46 1
45 47 -1
46 1 -1
46 14 -1
46 16 -1
46 23 1
46 29 -1
46 33 1
46 35 -1
46 36 -1
46 38 -1
46 40 -1
46 42 1
46 43 -1
46 45 1
46 47 1
46 48 -1
46 53 1
47 1 -1
47 9 1
47 10 1
47 35 1
47 36 1
47 37 1
47 38 1
47 40 -1
47 42 -1
47 44 1
47 45 -1
47 46 1
47 48 1
47 53 1
47 63 -1
47 64 -1
48 2 -1
48 3 1
48 11 1
48 13 -1
48 14 1
48 32 -1
48 33 -1
48 34 -1
48 35 1
48 38 -1
48 39 -1
48 40 -1
48 41 1
48 42 -1
48 46 -1
48 47 1
49 10 1
49 14 1
49 19 -1
49 27 1
49 31 -1
49 41 1
49 50 1
49 51 -1
49 53 1
49 54 -1
49 55 1
49 56 -1
49 57 -1
49 59 1
49 60 1
49 62 -1
50 14 1
50 19 -1
50 23 -1
50 27 1
50 30 -1
50 49 1
50 51 1
50 57 -1
50 58 -1
50 59 1
50 60 -1
50 61 1
50 62 -1
50 63 -1
50 64 1
51 4 1
51 6 -1
51 15 1
51 37 1
51 49 -1
51 50 1
51 52 1
51 54 1
51 57 -1
51 58 1
51 59 -1
51 60 1
51 61 1
51 62 -1
52 5 -1
52 7 1
52 8 -1
52 9 -1
52 43 -1
52 51 1
52 53 -1
52 55 1
52 56 1
52 57 1
52 58 1
52 60 1
52 62 1
52 63 -1
52 64 1
53 18 1
53 25 1
53 28 1
53 44 1
53 46 1
53 47 1
53 49 1
53 52 -1
53 54 -1
53 55 -1
53 56 1
53 58 1
53 59 1
53 60 1
53 61 1
53 64 -1
54 3 -1
54 16 -1
54 34 1
54 35 1
54 36 1
54 42 -1
54 49 -1
54 51 1
54 53 -1
54 55 -1
54 56 -1
54 58 1
54 59 -1
54 61 -1
54 62 1
54 63 -1
55 4 -1
55 18 -1
55 26 1
55 31 -1
55 37 -1
55 41 -1
55 49 1
55 52 1
55 53 -1
55 54 -1
55 56 1
55 58 -1
55 59 -1
55 61 -1
55 62 1
55 64 1
56 9 1
56 11 -1
56 19 -1
56 29 1
56 37 1
56 39 -1
56 49 -1
56 52 1
56 53 1
56 54 -1
56 55 1
56 57 -1
56 59 1
56 61 1
56 63 1
56 64 -1
57 25 -1
57 26 -1
57 30 1
57 31 -1
57 32 -1
57 49 -1
57 50 -1
57 51 -1
57 52 1
57 56 -1
57 58 1
57 59 -1
57 61 1
57 63 -1
57 64 -1
58 5 1
58 8 1
58 9 1
58 12 -1
58 14 -1
58 41 -1
58 50 -1
58 51 1
58 52 1
58 53 1
58 54 1
58 55 -1
58 57 1
58 60 1
58 62 -1
58 63 -1
59 12 -1
59 24 -1
59 26 1
59 28 -1
59 31 -1
59 49 1
59 50 1
59 51 -1
59 53 1
59 54 -1
59 55 -1
59 56 1
59 57 -1
59 60 1
59 64 -1
60 28 1
60 29 -1
60 30 1
60 34 -1
60 42 -1
60 43 -1
60 49 1
60 50 -1
60 51 1
60 52 1
60 53 1
60 58 1
60 59 1
60 61 1
60 63 1
60 64 1
61 4 1
61 8 -1
61 10 -1
61 24 1
61 25 1
61 27 1
61 50 1
61 51 1
61 53 1
61 54 -1
61 55 -1
61 56 1
61 57 1
61 60 1
61 62 1
61 63 1
62 2 1
62 5 1
62 16 -1
62 33 -1
62 42 -1
62 43 1
62 49 -1
62 50 -1
62 51 -1
62 52 1
62 54 1
62 55 1
62 58 -1
62 61 1
62 63 -1
62 64 -1
63 15 -1
63 30 -1
63 31 -1
63 40 1
63 47 -1
63 50 -1
63 52 -1
63 54 -1
63 56 1
63 57 -1
63 58 -1
63 60 1
63 61 1
63 62 -1
63 64 -1
64 3 -1
64 7 -1
64 8 -1
64 17 -1
64 42 -1
64 47 -1
64 50 1
64 52 1
64 53 -1
64 55 1
64 56 -1
64 57 -1
64 59 -1
64 60 1
64 62 -1
64 63 -1
