1 2 -1
1 3 -1
1 6 1
1 7 1
1 11 1
1 12 -1
1 13 -1
1 14 1
1 15 1
1 16 1
1 25 -1
1 37 -1
1 45 1
1 59 1
1 62 1
1 63 -1
2 1 -1
2 4 1
2 5 -1
2 8 1
2 9 1
2 10 -1
2 11 1
2 12 1
2 14 1
2 15 1
2 24 1
2 26 1
2 27 -1
2 33 -1
2 37 1
2 54 1
3 1 -1
3 4 1
3 5 1
3 7 1
3 8 -1
3 9 1
3 12 1
3 13 1
3 15 -1
3 16 1
3 21 1
3 22 -1
3 33 1
3 46 -1
3 58 1
3 60 -1
4 2 1
4 3 1
4 5 -1
4 6 1
4 7 -1
4 8 1
4 9 -1
4 10 1
4 13 1
4 14 -1
4 19 -1
4 33 -1
4 34 1
4 53 -1
4 59 -1
5 2 -1
5 3 1
5 4 -1
5 6 -1
5 7 1
5 8 1
5 11 1
5 12 1
5 14 1
5 15 1
5 42 -1
5 50 1
5 54 1
5 59 1
5 60 1
5 64 1
6 1 1
6 4 1
6 5 -1
6 8 1
6 9 -1
6 10 1
6 11 1
6 13 1
6 14 1
6 15 1
6 22 1
6 27 1
6 39 1
6 48 1
6 63 -1
7 1 1
7 3 1
7 4 -1
7 5 1
7 9 1
7 10 1
7 11 1
7 13 1
7 14 1
7 16 1
7 26 1
7 34 1
7 40 1
7 55 -1
7 57 1
7 60 1
8 2 1
8 3 -1
8 4 1
8 5 1
8 6 1
8 10 1
8 12 -1
8 13 1
8 15 -1
8 16 1
8 20 1
8 25 1
8 28 1
8 29 1
8 43 1
8 50 -1
9 2 1
9 3 1
9 4 -1
9 6 -1
9 7 1
9 10 1
9 11 1
9 12 -1
9 14 1
9 16 -1
9 24 1
9 30 1
9 43 1
9 45 1
9 47 -1
9 55 -1
10 2 -1
10 4 1
10 6 1
10 7 1
10 8 1
10 9 1
10 13 1
10 14 1
10 15 1
10 16 1
10 21 1
10 38 1
10 42 1
10 57 -1
10 59 1
10 60 -1
11 1 1
11 2 1
11 5 1
11 6 1
11 7 1
11 9 1
11 12 1
11 14 1
11 15 1
11 16 -1
11 22 1
11 24 1
11 26 1
11 52 1
11 54 1
11 61 1
12 1 -1
12 2 1
12 3 1
12 5 1
12 8 -1
12 9 -1
12 11 1
12 13 1
12 15 1
12 16 1
12 17 1
12 19 1
12 33 1
12 47 1
12 57 1
12 61 1
13 1 -1
13 3 1
13 4 1
13 6 1
13 7 1
13 8 1
13 10 1
13 12 1
13 14 1
13 16 -1
13 17 -1
13 24 -1
13 35 1
13 36 -1
13 38 1
13 44 1
14 1 1
14 2 1
14 4 -1
14 5 1
14 6 1
14 7 1
14 9 1
14 10 1
14 11 1
14 13 1
14 20 1
14 25 -1
14 36 1
14 39 1
14 60 1
14 64 1
15 1 1
15 2 1
15 3 -1
15 5 1
15 6 1
15 8 -1
15 10 1
15 11 1
15 12 1
15 16 1
15 17 -1
15 18 1
15 35 -1
15 44 -1
15 53 -1
16 1 1
16 3 1
16 7 1
16 8 1
16 9 -1
16 10 1
16 11 -1
16 12 1
16 13 -1
16 15 1
16 25 1
16 46 -1
16 50 -1
16 53 -1
16 54 1
17 12 1
17 13 -1
17 15 -1
17 19 1
17 20 -1
17 22 1
17 23 1
17 24 1
17 26 1
17 27 -1
17 29 1
17 30 1
17 31 1
17 51 1
17 61 -1
18 15 1
18 19 1
18 21 -1
18 23 -1
18 24 -1
18 25 -1
18 28 -1
18 29 1
18 30 1
18 31 -1
18 32 1
18 37 -1
18 45 1
18 47 1
18 49 1
18 63 1
19 4 -1
19 12 1
19 17 1
19 18 1
19 20 1
19 21 1
19 22 -1
19 26 1
19 28 1
19 30 1
19 31 1
19 32 1
19 44 1
19 51 1
19 54 1
20 8 1
20 14 1
20 17 -1
20 19 1
20 21 -1
20 22 -1
20 23 -1
20 24 -1
20 25 1
20 27 1
20 28 -1
20 29 1
20 34 1
20 48 -1
20 55 -1
20 58 -1
21 3 1
21 10 1
21 18 -1
21 19 1
21 20 -1
21 22 1
21 23 1
21 24 1
21 25 -1
21 27 -1
21 31 -1
21 32 1
21 37 -1
21 56 1
21 58 1
21 62 1
22 3 -1
22 6 1
22 11 1
22 17 1
22 19 -1
22 20 -1
22 21 1
22 23 1
22 25 -1
22 26 1
22 27 -1
22 28 1
22 29 1
22 37 -1
22 45 1
22 53 -1
23 17 1
23 18 -1
23 20 -1
23 21 1
23 22 1
23 24 -1
23 26 -1
23 27 1
23 30 -1
23 31 -1
23 35 -1
23 39 -1
23 41 -1
23 47 -1
23 49 1
23 55 1
24 2 1
24 9 1
24 11 1
24 13 -1
24 17 1
24 18 -1
24 20 -1
24 21 1
24 23 -1
24 26 1
24 28 1
24 29 1
24 30 1
24 32 1
24 46 1
24 60 1
25 1 -1
25 8 1
25 14 -1
25 16 1
25 18 -1
25 20 1
25 21 -1
25 22 -1
25 26 1
25 27 1
25 28 -1
25 29 -1
25 31 -1
25 32 -1
25 40 1
25 43 -1
26 2 1
26 7 1
26 11 1
26 17 1
26 19 1
26 22 1
26 23 -1
26 24 1
26 25 1
26 27 -1
26 28 1
26 29 -1
26 30 -1
26 41 1
26 58 1
27 2 -1
27 6 1
27 17 -1
27 20 1
27 21 -1
27 22 -1
27 23 1
27 25 1
27 26 -1
27 28 -1
27 31 1
27 32 1
27 38 -1
27 50 -1
27 54 -1
27 61 1
28 8 1
28 18 -1
28 19 1
28 20 -1
28 22 1
28 24 1
28 25 -1
28 26 1
28 27 -1
28 30 1
28 32 1
28 33 -1
28 36 -1
28 40 1
28 57 -1
28 61 -1
29 8 1
29 17 1
29 18 1
29 20 1
29 22 1
29 24 1
29 25 -1
29 26 -1
29 30 -1
29 31 1
29 32 1
29 33 1
29 39 1
29 41 1
29 52 -1
30 9 1
30 17 1
30 18 1
30 19 1
30 23 -1
30 24 1
30 26 -1
30 28 1
30 29 -1
30 31 1
30 32 1
30 36 1
30 38 -1
30 46 -1
30 47 -1
30 64 1
31 17 1
31 18 -1
31 19 1
31 21 -1
31 23 -1
31 25 -1
31 27 1
31 29 1
31 30 1
31 32 -1
31 34 -1
31 38 1
31 44 1
31 49 -1
31 52 1
31 56 1
32 18 1
32 19 1
32 21 1
32 24 1
32 25 -1
32 27 1
32 28 1
32 29 1
32 30 1
32 31 -1
32 43 -1
32 51 -1
32 55 -1
32 58 -1
32 62 1
33 2 -1
33 3 1
33 4 -1
33 12 1
33 28 -1
33 29 1
33 34 1
33 35 -1
33 37 1
33 38 -1
33 39 1
33 40 -1
33 41 -1
33 42 1
33 43 -1
33 47 -1
34 4 1
34 7 1
34 20 1
34 31 -1
34 33 1
34 37 1
34 38 -1
34 40 1
34 41 1
34 43 1
34 44 -1
34 45 1
34 46 -1
34 47 1
34 51 1
34 53 1
35 13 1
35 15 -1
35 23 -1
35 33 -1
35 36 1
35 38 1
35 39 -1
35 41 -1
35 43 1
35 44 1
35 46 1
35 47 -1
35 48 -1
35 52 -1
35 62 1
36 13 -1
36 14 1
36 28 -1
36 30 1
36 35 1
36 37 -1
36 38 1
36 39 -1
36 40 -1
36 41 -1
36 42 1
36 43 -1
36 44 -1
36 47 1
36 59 1
36 63 1
37 1 -1
37 2 1
37 18 -1
37 21 -1
37 22 -1
37 33 1
37 34 1
37 36 -1
37 38 1
37 40 1
37 42 1
37 43 -1
37 44 -1
37 45 1
37 48 1
37 64 1
38 10 1
38 13 1
38 27 -1
38 30 -1
38 31 1
38 33 -1
38 34 -1
38 35 1
38 36 1
38 37 1
38 39 1
38 44 1
38 45 1
38 47 -1
38 48 1
38 50 1
39 6 1
39 14 1
39 23 -1
39 29 1
39 33 1
39 35 -1
39 36 -1
39 38 1
39 40 1
39 41 1
39 42 1
39 43 -1
39 46 -1
39 48 -1
39 55 -1
39 57 1
40 7 1
40 25 1
40 28 1
40 33 -1
40 34 1
40 36 -1
40 37 1
40 39 1
40 43 1
40 44 1
40 45 1
40 46 -1
40 48 -1
40 51 -1
40 59 -1
40 63 1
41 23 -1
41 26 1
41 29 1
41 33 -1
41 34 1
41 35 -1
41 36 -1
41 39 1
41 42 1
41 43 1
41 45 1
41 46 -1
41 48 -1
41 49 -1
41 64 1
42 5 -1
42 10 1
42 33 1
42 36 1
42 37 1
42 39 1
42 41 1
42 44 1
42 45 -1
42 46 1
42 47 -1
42 48 -1
42 50 1
42 56 1
42 58 -1
43 8 1
43 9 1
43 25 -1
43 32 -1
43 33 -1
43 34 1
43 35 1
43 36 -1
43 37 -1
43 39 -1
43 40 1
43 41 1
43 44 -1
43 47 1
43 61 1
43 62 1
44 13 1
44 15 -1
44 19 1
44 31 1
44 34 -1
44 35 1
44 36 -1
44 37 -1
44 38 1
44 40 1
44 42 1
44 43 -1
44 45 -1
44 46 -1
44 49 -1
44 51 1
45 1 1
45 9 1
45 18 1
45 22 1
45 34 1
45 37 1
45 38 1
45 40 1
45 41 1
45 42 -1
45 44 -1
45 46 -1
45 47 -1
45 48 1
45 53 -1
45 64 1
46 3 -1
46 16 -1
46 24 1
46 30 -1
46 34 -1
46 35 1
46 39 -1
46 40 -1
46 41 -1
46 42 1
46 44 -1
46 45 -1
46 47 1
46 48 -1
46 63 1
47 9 -1
47 12 1
47 18 1
47 23 -1
47 30 -1
47 33 -1
47 34 1
47 35 -1
47 36 1
47 38 -1
47 42 -1
47 43 1
47 45 -1
47 46 1
47 48 1
47 57 1
48 6 1
48 20 -1
48 35 -1
48 37 1
48 38 1
48 39 -1
48 40 -1
48 41 -1
48 42 -1
48 45 1
48 46 -1
48 47 1
48 49 1
48 56 -1
49 18 1
49 23 1
49 31 -1
49 41 -1
49 44 -1
49 48 1
49 50 -1
49 51 -1
49 54 1
49 55 -1
49 56 1
49 57 1
49 58 -1
49 59 1
49 60 -1
49 61 -1
50 5 1
50 8 -1
50 16 -1
50 27 -1
50 38 1
50 42 1
50 49 -1
50 53 -1
50 54 -1
50 55 -1
50 57 1
50 59 1
50 60 -1
50 61 -1
50 63 -1
50 64 -1
51 17 1
51 19 1
51 32 -1
51 34 1
51 40 -1
51 44 1
51 49 -1
51 52 1
51 53 -1
51 55 -1
51 56 1
51 58 1
51 59 -1
51 60 1
51 61 -1
51 62 1
52 11 1
52 29 -1
52 31 1
52 35 -1
52 51 1
52 54 1
52 55 1
52 57 1
52 58 1
52 59 1
52 60 1
52 62 -1
52 63 -1
52 64 -1
53 4 -1
53 15 -1
53 16 -1
53 22 -1
53 34 1
53 45 -1
53 50 -1
53 51 -1
53 54 -1
53 55 1
53 56 -1
53 57 -1
53 60 -1
53 62 1
53 63 1
53 64 1
54 2 1
54 5 1
54 11 1
54 16 1
54 19 1
54 27 -1
54 49 1
54 50 -1
54 52 1
54 53 -1
54 57 1
54 60 -1
54 61 -1
54 62 1
54 63 -1
54 64 -1
55 7 -1
55 9 -1
55 20 -1
55 23 1
55 32 -1
55 39 -1
55 49 -1
55 50 -1
55 51 -1
55 52 1
55 53 1
55 56 -1
55 58 1
55 59 -1
55 62 -1
55 63 1
56 21 1
56 31 1
56 42 1
56 48 -1
56 49 1
56 51 1
56 53 -1
56 55 -1
56 58 1
56 59 1
56 60 1
56 62 1
56 63 -1
56 64 1
57 7 1
57 10 -1
57 12 1
57 28 -1
57 39 1
57 47 1
57 49 1
57 50 1
57 52 1
57 53 -1
57 54 1
57 58 -1
57 59 1
57 61 1
57 62 1
57 64 1
58 3 1
58 20 -1
58 21 1
58 26 1
58 32 -1
58 42 -1
58 49 -1
58 51 1
58 52 1
58 55 1
58 56 1
58 57 -1
58 59 -1
58 61 -1
58 63 -1
58 64 1
59 1 1
59 4 -1
59 5 1
59 10 1
59 36 1
59 40 -1
59 49 1
59 50 1
59 51 -1
59 52 1
59 55 -1
59 56 1
59 57 1
59 58 -1
59 60 1
59 61 1
60 3 -1
60 5 1
60 7 1
60 10 -1
60 14 1
60 24 1
60 49 -1
60 50 -1
60 51 1
60 52 1
60 53 -1
60 54 -1
60 56 1
60 59 1
60 62 -1
60 63 -1
61 11 1
61 12 1
61 17 -1
61 27 1
61 28 -1
61 43 1
61 49 -1
61 50 -1
61 51 -1
61 54 -1
61 57 1
61 58 -1
61 59 1
61 62 1
61 63 -1
61 64 1
62 1 1
62 21 1
62 32 1
62 35 1
62 43 1
62 51 1
62 52 -1
62 53 1
62 54 1
62 55 -1
62 56 1
62 57 1
62 60 -1
62 61 1
62 64 1
63 1 -1
63 6 -1
63 18 1
63 36 1
63 40 1
63 46 1
63 50 -1
63 52 -1
63 53 1
63 54 -1
63 55 1
63 56 -1
63 58 -1
63 60 -1
63 61 -1
63 64 1
64 5 1
64 14 1
64 30 1
64 37 1
64 41 1
64 45 1
64 50 -1
64 52 -1
64 53 1
64 54 -1
64 56 1
64 57 1
64 58 1
64 61 1
64 62 1
64 63 1
