1 3 1
1 4 -1
1 5 -1
1 6 -1
1 7 -1
1 8 -1
1 9 -1
1 14 -1
1 15 -1
1 16 -1
1 18 -1
1 20 -1
1 26 -1
1 39 -1
1 43 -1
1 62 -1
2 4 -1
2 5 -1
2 7 -1
2 8 -1
2 9 -1
2 10 -1
2 11 -1
2 13 -1
2 14 -1
2 16 -1
2 17 1
2 24 -1
2 41 -1
2 55 -1
2 58 -1
3 1 1
3 4 -1
3 7 -1
3 8 -1
3 9 -1
3 10 -1
3 11 -1
3 13 -1
3 14 1
3 15 -1
3 22 -1
3 37 -1
3 39 -1
3 47 -1
3 58 -1
4 1 -1
4 2 -1
4 3 -1
4 5 1
4 8 -1
4 10 -1
4 12 -1
4 13 -1
4 15 -1
4 16 -1
4 27 -1
4 29 -1
4 43 -1
4 49 -1
4 61 -1
5 1 -1
5 2 -1
5 4 1
5 6 -1
5 8 -1
5 9 -1
5 10 -1
5 11 -1
5 14 1
5 15 -1
5 21 -1
5 35 -1
5 38 -1
5 46 -1
5 62 -1
6 1 -1
6 5 -1
6 7 -1
6 9 -1
6 10 -1
6 11 -1
6 13 -1
6 14 -1
6 15 -1
6 16 -1
6 27 -1
6 31 -1
6 34 -1
6 37 -1
6 55 -1
6 60 -1
7 1 -1
7 2 -1
7 3 -1
7 6 -1
7 9 -1
7 10 -1
7 12 -1
7 13 1
7 15 -1
7 16 -1
7 31 -1
7 32 -1
7 40 -1
7 43 -1
7 59 -1
7 62 -1
8 1 -1
8 2 -1
8 3 -1
8 4 -1
8 5 -1
8 10 -1
8 11 -1
8 12 -1
8 14 -1
8 16 -1
8 20 1
8 24 -1
8 40 -1
8 43 -1
8 50 -1
8 58 1
9 1 -1
9 2 -1
9 3 -1
9 5 -1
9 6 -1
9 7 -1
9 12 -1
9 13 -1
9 14 -1
9 16 -1
9 23 -1
9 42 -1
9 43 -1
9 54 -1
9 56 -1
9 57 -1
10 2 -1
10 3 -1
10 4 -1
10 5 -1
10 6 -1
10 7 -1
10 8 -1
10 11 -1
10 12 -1
10 13 -1
10 30 -1
10 40 -1
10 45 1
10 51 -1
10 57 -1
10 64 1
11 2 -1
11 3 -1
11 5 -1
11 6 -1
11 8 -1
11 10 -1
11 12 -1
11 13 -1
11 15 -1
11 16 -1
11 29 -1
11 37 1
11 42 -1
11 53 1
11 59 -1
12 4 -1
12 7 -1
12 8 -1
12 9 -1
12 10 -1
12 11 -1
12 13 -1
12 14 1
12 15 1
12 16 -1
12 17 -1
12 18 -1
12 19 -1
12 37 -1
12 45 1
12 60 -1
13 2 -1
13 3 -1
13 4 -1
13 6 -1
13 7 1
13 9 -1
13 10 -1
13 11 -1
13 12 -1
13 14 -1
13 18 -1
13 19 -1
13 21 -1
13 26 -1
13 47 1
13 56 -1
14 1 -1
14 2 -1
14 3 1
14 5 1
14 6 -1
14 8 -1
14 9 -1
14 12 1
14 13 -1
14 15 -1
14 25 -1
14 47 -1
14 53 -1
14 54 -1
14 56 -1
14 61 -1
15 1 -1
15 3 -1
15 4 -1
15 5 -1
15 6 -1
15 7 -1
15 11 -1
15 12 1
15 14 -1
15 16 -1
15 31 -1
15 33 -1
15 38 -1
15 56 -1
15 62 -1
15 63 1
16 1 -1
16 2 -1
16 4 -1
16 6 -1
16 7 -1
16 8 -1
16 9 -1
16 11 -1
16 12 -1
16 15 -1
16 40 -1
16 42 -1
16 54 -1
16 56 -1
16 60 -1
16 64 -1
17 2 1
17 12 -1
17 18 1
17 19 -1
17 20 1
17 21 1
17 22 -1
17 24 -1
17 26 -1
17 28 -1
17 30 -1
17 31 -1
17 33 1
17 36 -1
17 44 -1
17 46 -1
18 1 -1
18 12 -1
18 13 -1
18 17 1
18 19 -1
18 22 -1
18 23 -1
18 24 -1
18 25 -1
18 26 1
18 29 -1
18 30 1
18 32 1
18 45 -1
18 46 -1
18 64 -1
19 12 -1
19 13 -1
19 17 -1
19 18 -1
19 20 -1
19 22 -1
19 24 -1
19 25 -1
19 26 -1
19 28 -1
19 30 -1
19 31 -1
19 34 -1
19 46 -1
19 51 -1
19 60 -1
20 1 -1
20 8 1
20 17 1
20 19 -1
20 21 -1
20 22 -1
20 24 -1
20 25 -1
20 27 -1
20 29 -1
20 31 -1
20 32 -1
20 33 -1
20 37 1
20 46 -1
20 48 -1
21 5 -1
21 13 -1
21 17 1
21 20 -1
21 25 -1
21 26 -1
21 27 -1
21 28 -1
21 29 -1
21 30 -1
21 31 -1
21 32 -1
21 44 -1
21 45 -1
21 61 -1
22 3 -1
22 17 -1
22 18 -1
22 19 -1
22 20 -1
22 23 -1
22 26 -1
22 27 -1
22 28 -1
22 30 -1
22 32 -1
22 42 1
22 50 -1
22 51 -1
22 61 -1
22 63 1
23 9 -1
23 18 -1
23 22 -1
23 24 -1
23 25 -1
23 26 -1
23 27 -1
23 29 -1
23 30 -1
23 31 -1
23 32 -1
23 35 -1
23 38 -1
23 42 -1
23 47 -1
23 53 -1
24 2 -1
24 8 -1
24 17 -1
24 18 -1
24 19 -1
24 20 -1
24 23 -1
24 25 -1
24 26 -1
24 27 -1
24 29 -1
24 31 1
24 39 -1
24 49 -1
25 14 -1
25 18 -1
25 19 -1
25 20 -1
25 21 -1
25 23 -1
25 24 -1
25 28 -1
25 29 -1
25 31 -1
25 32 -1
25 33 -1
25 51 -1
25 55 -1
25 59 -1
26 1 -1
26 13 -1
26 17 -1
26 18 1
26 19 -1
26 21 -1
26 22 -1
26 23 -1
26 24 -1
26 28 -1
26 29 -1
26 32 -1
26 35 -1
26 36 -1
26 41 -1
26 46 -1
27 4 -1
27 6 -1
27 20 -1
27 21 -1
27 22 -1
27 23 -1
27 24 -1
27 28 -1
27 29 -1
27 30 -1
27 31 -1
27 32 -1
27 40 -1
27 43 -1
27 54 -1
28 17 -1
28 19 -1
28 21 -1
28 22 -1
28 25 -1
28 26 -1
28 27 -1
28 29 -1
28 30 -1
28 32 -1
28 36 -1
28 49 -1
28 50 -1
28 51 -1
28 57 1
29 4 -1
29 11 -1
29 18 -1
29 20 -1
29 21 -1
29 23 -1
29 24 -1
29 25 -1
29 26 -1
29 27 -1
29 28 -1
29 31 -1
29 38 1
29 54 1
29 57 -1
29 64 -1
30 10 -1
30 17 -1
30 18 1
30 19 -1
30 21 -1
30 22 -1
30 23 -1
30 27 -1
30 28 -1
30 31 -1
30 32 -1
30 42 -1
30 52 -1
30 53 -1
30 59 -1
30 63 -1
31 6 -1
31 7 -1
31 15 -1
31 17 -1
31 19 -1
31 20 -1
31 21 -1
31 23 -1
31 24 1
31 25 -1
31 27 -1
31 29 -1
31 30 -1
31 35 1
31 50 -1
31 63 -1
32 7 -1
32 18 1
32 20 -1
32 21 -1
32 22 -1
32 23 -1
32 25 -1
32 26 -1
32 27 -1
32 28 -1
32 30 -1
32 44 1
32 48 -1
32 49 1
32 58 -1
32 61 1
33 15 -1
33 17 1
33 20 -1
33 25 -1
33 34 -1
33 35 -1
33 37 -1
33 38 -1
33 39 -1
33 43 -1
33 44 -1
33 45 1
33 47 -1
33 48 -1
33 60 1
33 62 -1
34 6 -1
34 19 -1
34 33 -1
34 35 -1
34 37 -1
34 38 -1
34 39 -1
34 41 -1
34 42 -1
34 43 -1
34 45 -1
34 46 -1
34 51 -1
34 59 -1
34 63 -1
35 5 -1
35 23 -1
35 26 -1
35 31 1
35 33 -1
35 34 -1
35 36 -1
35 39 -1
35 40 -1
35 42 -1
35 43 -1
35 44 -1
35 46 -1
35 48 -1
35 52 -1
36 17 -1
36 26 -1
36 28 -1
36 35 -1
36 37 -1
36 38 -1
36 39 1
36 41 -1
36 42 -1
36 43 -1
36 44 -1
36 46 1
36 47 -1
36 50 1
36 53 -1
36 58 -1
37 3 -1
37 6 -1
37 11 1
37 12 -1
37 20 1
37 33 -1
37 34 -1
37 36 -1
37 40 -1
37 41 -1
37 43 -1
37 44 -1
37 45 -1
37 46 -1
37 48 -1
38 5 -1
38 15 -1
38 23 -1
38 29 1
38 33 -1
38 34 -1
38 36 -1
38 39 -1
38 40 -1
38 41 -1
38 42 -1
38 44 1
38 47 -1
38 48 -1
38 55 -1
39 1 -1
39 3 -1
39 24 -1
39 33 -1
39 34 -1
39 35 -1
39 36 1
39 38 -1
39 40 -1
39 42 -1
39 45 -1
39 46 -1
39 47 1
39 63 -1
39 64 -1
40 7 -1
40 8 -1
40 10 -1
40 16 -1
40 27 -1
40 35 -1
40 37 -1
40 38 -1
40 39 -1
40 41 -1
40 42 -1
40 44 -1
40 45 -1
40 46 -1
40 48 -1
40 55 -1
41 2 -1
41 26 -1
41 34 -1
41 36 -1
41 37 -1
41 38 -1
41 40 -1
41 42 -1
41 43 -1
41 44 -1
41 47 -1
41 48 -1
41 49 -1
41 58 -1
41 60 1
41 61 -1
42 9 -1
42 11 -1
42 16 -1
42 22 1
42 23 -1
42 30 -1
42 34 -1
42 35 -1
42 36 -1
42 38 -1
42 39 -1
42 40 -1
42 41 -1
42 45 -1
42 47 -1
42 48 -1
43 1 -1
43 4 -1
43 7 -1
43 8 -1
43 9 -1
43 27 -1
43 33 -1
43 34 -1
43 35 -1
43 36 -1
43 37 -1
43 41 -1
43 44 -1
43 45 -1
43 46 -1
43 47 -1
44 17 -1
44 21 -1
44 32 1
44 33 -1
44 35 -1
44 36 -1
44 37 -1
44 38 1
44 40 -1
44 41 -1
44 43 -1
44 45 1
44 46 -1
44 50 -1
44 64 -1
45 10 1
45 12 1
45 18 -1
45 21 -1
45 33 1
45 34 -1
45 37 -1
45 39 -1
45 40 -1
45 42 -1
45 43 -1
45 44 1
45 47 -1
45 48 -1
45 57 -1
45 62 -1
46 5 -1
46 17 -1
46 18 -1
46 19 -1
46 20 -1
46 26 -1
46 34 -1
46 35 -1
46 36 1
46 37 -1
46 39 -1
46 40 -1
46 43 -1
46 44 -1
46 47 -1
46 48 1
47 3 -1
47 13 1
47 14 -1
47 23 -1
47 33 -1
47 36 -1
47 38 -1
47 39 1
47 41 -1
47 42 -1
47 43 -1
47 45 -1
47 46 -1
47 48 -1
47 56 -1
48 20 -1
48 32 -1
48 33 -1
48 35 -1
48 37 -1
48 38 -1
48 40 -1
48 41 -1
48 42 -1
48 45 -1
48 46 1
48 47 -1
48 52 -1
48 53 -1
49 4 -1
49 24 -1
49 28 -1
49 32 1
49 41 -1
49 50 -1
49 52 -1
49 53 -1
49 55 -1
49 57 -1
49 59 -1
49 60 -1
49 61 -1
49 62 -1
49 63 1
50 8 -1
50 22 -1
50 28 -1
50 31 -1
50 36 1
50 44 -1
50 49 -1
50 51 -1
50 52 -1
50 53 -1
50 57 -1
50 58 -1
50 59 -1
50 60 -1
50 61 -1
50 64 -1
51 10 -1
51 19 -1
51 22 -1
51 25 -1
51 28 -1
51 34 -1
51 50 -1
51 54 -1
51 55 -1
51 58 -1
51 59 -1
51 60 -1
51 61 -1
51 62 -1
51 63 -1
51 64 -1
52 30 -1
52 35 -1
52 48 -1
52 49 -1
52 50 -1
52 53 -1
52 54 -1
52 55 1
52 56 1
52 58 -1
52 61 -1
52 62 -1
52 63 -1
53 11 1
53 14 -1
53 23 -1
53 30 -1
53 36 -1
53 48 -1
53 49 -1
53 50 -1
53 52 -1
53 56 -1
53 57 -1
53 58 -1
53 59 -1
53 60 -1
53 63 -1
53 64 -1
54 9 -1
54 14 -1
54 16 -1
54 27 -1
54 29 1
54 51 -1
54 52 -1
54 56 -1
54 57 -1
54 58 -1
54 59 -1
54 60 -1
54 61 -1
54 62 -1
54 64 -1
55 2 -1
55 6 -1
55 25 -1
55 38 -1
55 40 -1
55 49 -1
55 51 -1
55 52 1
55 56 -1
55 57 -1
55 58 -1
55 59 -1
55 61 -1
55 62 -1
55 64 -1
56 9 -1
56 13 -1
56 14 -1
56 15 -1
56 16 -1
56 47 -1
56 52 1
56 53 -1
56 54 -1
56 55 -1
56 57 -1
56 58 -1
56 59 -1
56 60 -1
56 63 -1
56 64 -1
57 9 -1
57 10 -1
57 28 1
57 29 -1
57 45 -1
57 49 -1
57 50 -1
57 53 -1
57 54 -1
57 55 -1
57 56 -1
57 59 -1
57 61 1
57 62 -1
57 63 -1
58 2 -1
58 3 -1
58 8 1
58 32 -1
58 36 -1
58 41 -1
58 50 -1
58 51 -1
58 52 -1
58 53 -1
58 54 -1
58 55 -1
58 56 -1
58 60 -1
58 62 1
58 63 -1
59 7 -1
59 11 -1
59 25 -1
59 30 -1
59 34 -1
59 49 -1
59 50 -1
59 51 -1
59 53 -1
59 54 -1
59 55 -1
59 56 -1
59 57 -1
59 61 -1
59 62 -1
60 6 -1
60 12 -1
60 16 -1
60 19 -1
60 33 1
60 41 1
60 49 -1
60 50 -1
60 51 -1
60 53 -1
60 54 -1
60 56 -1
60 58 -1
60 61 -1
60 63 -1
60 64 -1
61 4 -1
61 14 -1
61 21 -1
61 22 -1
61 32 1
61 41 -1
61 49 -1
61 50 -1
61 51 -1
61 52 -1
61 54 -1
61 55 -1
61 57 1
61 59 -1
61 60 -1
61 64 -1
62 1 -1
62 5 -1
62 7 -1
62 15 -1
62 33 -1
62 45 -1
62 49 -1
62 51 -1
62 52 -1
62 54 -1
62 55 -1
62 57 -1
62 58 1
62 59 -1
62 63 -1
62 64 -1
63 15 1
63 22 1
63 30 -1
63 31 -1
63 34 -1
63 39 -1
63 49 1
63 51 -1
63 52 -1
63 53 -1
63 56 -1
63 57 -1
63 58 -1
63 60 -1
63 62 -1
63 64 -1
64 10 1
64 16 -1
64 18 -1
64 29 -1
64 39 -1
64 44 -1
64 50 -1
64 51 -1
64 53 -1
64 54 -1
64 55 -1
64 56 -1
64 60 -1
64 61 -1
64 62 -1
64 63 -1
