1 2 1
1 3 1
1 5 1
1 7 1
1 8 1
1 9 1
1 11 1
1 14 1
1 15 1
1 16 1
1 28 1
1 29 -1
1 31 1
1 42 1
1 45 1
1 54 -1
2 1 1
2 5 1
2 6 1
2 8 1
2 10 1
2 11 1
2 12 1
2 13 -1
2 15 -1
2 16 1
2 20 1
2 27 1
2 29 1
2 35 1
2 36 1
2 52 1
3 1 1
3 4 1
3 5 -1
3 8 1
3 9 1
3 10 1
3 11 1
3 12 1
3 13 1
3 14 1
3 19 -1
3 28 1
3 34 1
3 44 1
3 60 1
4 3 1
4 5 1
4 6 1
4 7 1
4 8 1
4 10 1
4 11 1
4 12 1
4 15 1
4 16 1
4 22 -1
4 39 1
4 44 1
4 45 -1
4 46 1
4 52 1
5 1 1
5 2 1
5 3 -1
5 4 1
5 6 1
5 8 1
5 12 1
5 14 1
5 15 1
5 16 1
5 27 1
5 32 1
5 35 1
5 45 1
5 47 1
5 57 1
6 2 1
6 4 1
6 5 1
6 7 1
6 8 1
6 9 1
6 11 1
6 12 1
6 15 1
6 16 1
6 17 1
6 25 1
6 42 1
6 48 1
6 61 1
7 1 1
7 4 1
7 6 1
7 9 1
7 10 1
7 11 1
7 12 1
7 13 1
7 14 1
7 15 1
7 22 -1
7 36 1
7 40 1
7 43 -1
7 50 1
7 54 1
8 1 1
8 2 1
8 3 1
8 4 1
8 5 1
8 6 1
8 13 1
8 14 1
8 15 1
8 16 1
8 19 1
8 41 1
8 51 1
8 61 1
8 63 1
8 64 1
9 1 1
9 3 1
9 6 1
9 7 1
9 10 1
9 11 1
9 12 1
9 13 1
9 14 1
9 16 -1
9 20 1
9 35 1
9 37 1
9 42 1
9 53 1
9 61 1
10 2 1
10 3 1
10 4 1
10 7 1
10 9 1
10 11 1
10 12 1
10 14 1
10 15 1
10 16 1
10 23 1
10 31 1
10 33 1
10 37 -1
10 53 1
11 1 1
11 2 1
11 3 1
11 4 1
11 6 1
11 7 1
11 9 1
11 10 1
11 13 1
11 14 1
11 18 1
11 34 1
11 38 1
11 43 1
11 48 1
11 55 1
12 2 1
12 3 1
12 4 1
12 5 1
12 6 1
12 7 1
12 9 1
12 10 1
12 13 -1
12 16 1
12 17 1
12 18 1
12 24 1
12 37 1
12 38 1
12 51 1
13 2 -1
13 3 1
13 7 1
13 8 1
13 9 1
13 11 1
13 12 -1
13 14 1
13 15 1
13 16 1
13 22 1
13 33 1
13 37 1
13 55 1
13 56 1
14 1 1
14 3 1
14 5 1
14 7 1
14 8 1
14 9 1
14 10 1
14 11 1
14 13 1
14 15 1
14 19 1
14 28 1
14 31 1
14 47 -1
14 56 1
14 63 1
15 1 1
15 2 -1
15 4 1
15 5 1
15 6 1
15 7 1
15 8 1
15 10 1
15 13 1
15 14 1
15 17 1
15 27 1
15 31 1
15 32 1
15 34 1
15 51 1
16 1 1
16 2 1
16 4 1
16 5 1
16 6 1
16 8 1
16 9 -1
16 10 1
16 12 1
16 13 1
16 24 1
16 32 1
16 35 1
16 36 1
16 57 1
16 59 1
17 6 1
17 12 1
17 15 1
17 18 1
17 19 1
17 20 1
17 21 1
17 25 1
17 26 1
17 27 1
17 29 1
17 31 1
17 32 -1
17 44 1
17 59 1
17 64 1
18 11 1
18 12 1
18 17 1
18 20 -1
18 22 1
18 23 1
18 24 1
18 26 1
18 27 1
18 28 1
18 29 1
18 31 1
18 41 1
18 56 1
18 57 1
18 62 1
19 3 -1
19 8 1
19 14 1
19 17 1
19 20 -1
19 21 1
19 22 1
19 24 1
19 25 1
19 27 1
19 28 1
19 30 1
19 32 -1
19 34 1
19 41 1
19 59 1
20 2 1
20 9 1
20 17 1
20 18 -1
20 19 -1
20 21 1
20 22 1
20 24 1
20 25 1
20 28 1
20 31 -1
20 32 1
20 34 1
20 40 1
20 52 1
20 54 1
21 17 1
21 19 1
21 20 1
21 22 1
21 23 1
21 25 1
21 26 1
21 28 1
21 30 1
21 31 1
21 39 1
21 43 -1
21 47 1
21 49 1
21 55 1
21 57 1
22 4 -1
22 7 -1
22 13 1
22 18 1
22 19 1
22 20 1
22 21 1
22 23 -1
22 24 1
22 26 1
22 27 1
22 30 -1
22 32 1
22 51 1
22 55 1
22 61 1
23 10 1
23 18 1
23 21 1
23 22 -1
23 24 1
23 26 1
23 28 1
23 29 1
23 30 1
23 31 1
23 32 1
23 41 1
23 45 1
23 53 1
23 55 1
23 63 -1
24 12 1
24 16 1
24 18 1
24 19 1
24 20 1
24 22 1
24 23 1
24 25 1
24 28 1
24 29 -1
24 30 1
24 31 1
24 45 1
24 47 1
24 60 1
25 6 1
25 17 1
25 19 1
25 20 1
25 21 1
25 24 1
25 26 1
25 27 1
25 29 1
25 31 1
25 32 1
25 36 1
25 38 1
25 41 1
25 49 1
26 17 1
26 18 1
26 21 1
26 22 1
26 23 1
26 25 1
26 27 1
26 28 1
26 29 1
26 30 1
26 38 1
26 56 1
26 59 1
26 64 1
27 2 1
27 5 1
27 15 1
27 17 1
27 18 1
27 19 1
27 22 1
27 25 1
27 26 1
27 29 -1
27 30 1
27 31 1
27 32 1
27 38 1
27 42 1
27 58 1
28 1 1
28 3 1
28 14 1
28 18 1
28 19 1
28 20 1
28 21 1
28 23 1
28 24 1
28 26 1
28 29 1
28 31 1
28 32 1
28 42 1
28 43 1
28 62 -1
29 1 -1
29 2 1
29 17 1
29 18 1
29 23 1
29 24 -1
29 25 1
29 26 1
29 27 -1
29 28 1
29 30 1
29 32 -1
29 46 1
29 50 1
29 63 1
29 64 1
30 19 1
30 21 1
30 22 -1
30 23 1
30 24 1
30 26 1
30 27 1
30 29 1
30 31 1
30 32 1
30 40 1
30 51 1
30 52 1
30 55 1
30 56 1
30 60 1
31 1 1
31 10 1
31 14 1
31 15 1
31 17 1
31 18 1
31 20 -1
31 21 1
31 23 1
31 24 1
31 25 1
31 27 1
31 28 1
31 30 1
31 52 1
31 58 1
32 5 1
32 15 1
32 16 1
32 17 -1
32 19 -1
32 20 1
32 22 1
32 23 1
32 25 1
32 27 1
32 28 1
32 29 -1
32 30 1
32 40 1
32 49 1
32 59 1
33 10 1
33 13 1
33 34 1
33 35 1
33 36 1
33 39 1
33 41 1
33 42 1
33 43 1
33 44 1
33 45 1
33 47 1
33 49 1
33 52 1
33 53 1
33 59 1
34 3 1
34 11 1
34 15 1
34 19 1
34 20 1
34 33 1
34 35 1
34 36 1
34 39 1
34 40 -1
34 41 1
34 42 1
34 43 1
34 45 1
34 46 -1
34 53 1
35 2 1
35 5 1
35 9 1
35 16 1
35 33 1
35 34 1
35 37 1
35 38 1
35 41 -1
35 43 1
35 44 1
35 46 1
35 47 1
35 48 1
35 58 1
35 64 1
36 2 1
36 7 1
36 16 1
36 25 1
36 33 1
36 34 1
36 38 1
36 40 1
36 42 1
36 43 -1
36 45 1
36 46 1
36 47 1
36 48 1
36 49 1
37 9 1
37 10 -1
37 12 1
37 13 1
37 35 1
37 38 1
37 40 1
37 41 1
37 42 1
37 43 1
37 44 1
37 45 1
37 46 1
37 47 1
38 11 1
38 12 1
38 25 1
38 26 1
38 27 1
38 35 1
38 36 1
38 37 1
38 39 1
38 41 1
38 42 1
38 44 1
38 45 -1
38 47 -1
38 48 1
39 4 1
39 21 1
39 33 1
39 34 1
39 38 1
39 40 1
39 41 -1
39 42 1
39 44 1
39 46 1
39 47 1
39 48 -1
39 51 1
39 56 1
39 58 -1
39 63 -1
40 7 1
40 20 1
40 30 1
40 32 1
40 34 -1
40 36 1
40 37 1
40 39 1
40 42 1
40 43 1
40 44 1
40 45 1
40 46 1
40 48 1
40 50 1
40 63 1
41 8 1
41 18 1
41 19 1
41 23 1
41 25 1
41 33 1
41 34 1
41 35 -1
41 37 1
41 38 1
41 39 -1
41 42 1
41 44 -1
41 45 1
41 46 1
41 54 1
42 1 1
42 6 1
42 9 1
42 27 1
42 28 1
42 33 1
42 34 1
42 36 1
42 37 1
42 38 1
42 39 1
42 40 1
42 41 1
42 47 1
42 48 1
42 54 1
43 7 -1
43 11 1
43 21 -1
43 28 1
43 33 1
43 34 1
43 35 1
43 36 -1
43 37 1
43 40 1
43 45 1
43 46 -1
43 47 1
43 48 1
43 57 1
43 58 1
44 3 1
44 4 1
44 17 1
44 33 1
44 35 1
44 37 1
44 38 1
44 39 1
44 40 1
44 41 -1
44 46 1
44 47 1
44 48 1
44 54 1
44 57 1
44 60 1
45 1 1
45 4 -1
45 5 1
45 23 1
45 24 1
45 33 1
45 34 1
45 36 1
45 37 1
45 38 -1
45 40 1
45 41 1
45 43 1
45 46 1
45 48 1
45 58 1
46 4 1
46 29 1
46 34 -1
46 35 1
46 36 1
46 37 1
46 39 1
46 40 1
46 41 1
46 43 -1
46 44 1
46 45 1
46 50 1
46 62 1
47 5 1
47 14 -1
47 21 1
47 24 1
47 33 1
47 35 1
47 36 1
47 37 1
47 38 -1
47 39 1
47 42 1
47 43 1
47 44 1
47 48 1
47 49 1
47 61 1
48 6 1
48 11 1
48 35 1
48 36 1
48 38 1
48 39 -1
48 40 1
48 42 1
48 43 1
48 44 1
48 45 1
48 47 1
48 50 1
48 53 1
48 62 1
49 21 1
49 25 1
49 32 1
49 33 1
49 36 1
49 47 1
49 52 1
49 55 1
49 56 1
49 57 -1
49 58 1
49 60 1
49 61 1
49 62 1
49 63 1
49 64 1
50 7 1
50 29 1
50 40 1
50 46 1
50 48 1
50 52 1
50 53 1
50 54 1
50 55 1
50 56 1
50 58 1
50 59 1
50 62 -1
50 63 -1
50 64 1
51 8 1
51 12 1
51 15 1
51 22 1
51 30 1
51 39 1
51 53 1
51 54 1
51 55 1
51 57 1
51 58 1
51 59 1
51 60 1
51 61 1
51 62 1
51 63 1
52 2 1
52 4 1
52 20 1
52 30 1
52 31 1
52 33 1
52 49 1
52 50 1
52 53 1
52 54 1
52 55 1
52 56 1
52 57 1
52 58 1
52 61 1
52 63 1
53 9 1
53 10 1
53 23 1
53 33 1
53 34 1
53 48 1
53 50 1
53 51 1
53 52 1
53 54 1
53 57 1
53 58 1
53 59 1
53 61 1
53 63 1
53 64 -1
54 1 -1
54 7 1
54 20 1
54 41 1
54 42 1
54 44 1
54 50 1
54 51 1
54 52 1
54 53 1
54 55 1
54 57 1
54 58 1
54 60 -1
54 61 -1
54 64 1
55 11 1
55 13 1
55 21 1
55 22 1
55 23 1
55 30 1
55 49 1
55 50 1
55 51 1
55 52 1
55 54 1
55 56 1
55 57 1
55 60 1
55 61 1
55 64 1
56 13 1
56 14 1
56 18 1
56 26 1
56 30 1
56 39 1
56 49 1
56 50 1
56 52 1
56 55 1
56 57 1
56 59 1
56 60 1
56 61 1
56 62 1
56 63 1
57 5 1
57 16 1
57 18 1
57 21 1
57 43 1
57 44 1
57 49 -1
57 51 1
57 52 1
57 53 1
57 54 1
57 55 1
57 56 1
57 59 -1
57 60 1
57 64 1
58 27 1
58 31 1
58 35 1
58 39 -1
58 43 1
58 45 1
58 49 1
58 50 1
58 51 1
58 52 1
58 53 1
58 54 1
58 59 1
58 60 1
58 62 -1
58 63 1
59 16 1
59 17 1
59 19 1
59 26 1
59 32 1
59 33 1
59 50 1
59 51 1
59 53 1
59 56 1
59 57 -1
59 58 1
59 60 -1
59 61 1
59 62 1
59 64 -1
60 3 1
60 24 1
60 30 1
60 44 1
60 49 1
60 51 1
60 54 -1
60 55 1
60 56 1
60 57 1
60 58 1
60 59 -1
60 62 1
60 63 1
61 6 1
61 8 1
61 9 1
61 22 1
61 47 1
61 49 1
61 51 1
61 52 1
61 53 1
61 54 -1
61 55 1
61 56 1
61 59 1
61 62 -1
61 64 1
62 18 1
62 28 -1
62 46 1
62 48 1
62 49 1
62 50 -1
62 51 1
62 56 1
62 58 -1
62 59 1
62 60 1
62 61 -1
62 63 1
62 64 1
63 8 1
63 14 1
63 23 -1
63 29 1
63 39 -1
63 40 1
63 49 1
63 50 -1
63 51 1
63 52 1
63 53 1
63 56 1
63 58 1
63 60 1
63 62 1
63 64 1
64 8 1
64 17 1
64 26 1
64 29 1
64 35 1
64 49 1
64 50 1
64 53 -1
64 54 1
64 55 1
64 57 1
64 59 -1
64 61 1
64 62 1
64 63 1
