1 4 1
1 5 1
1 6 1
1 7 -1
1 10 -1
1 11 -1
1 12 1
1 13 -1
1 15 1
1 16 -1
1 17 1
1 34 -1
1 42 -1
1 50 -1
1 55 -1
2 3 -1
2 5 1
2 6 -1
2 8 -1
2 9 -1
2 11 -1
2 12 -1
2 14 1
2 15 -1
2 16 -1
2 25 -1
2 26 -1
2 27 1
2 34 -1
2 35 -1
2 45 -1
3 2 -1
3 4 1
3 7 -1
3 8 -1
3 9 1
3 10 -1
3 11 1
3 14 -1
3 15 -1
3 16 -1
3 21 1
3 29 -1
3 49 -1
3 51 1
4 1 1
4 3 1
4 5 1
4 6 1
4 7 -1
4 8 -1
4 11 -1
4 12 -1
4 13 -1
4 16 1
4 17 -1
4 28 1
4 30 -1
4 33 -1
4 47 -1
4 64 -1
5 1 1
5 2 1
5 4 1
5 6 1
5 8 -1
5 9 -1
5 10 -1
5 12 -1
5 13 -1
5 14 -1
5 38 1
5 43 1
5 54 -1
5 58 -1
5 60 -1
5 62 -1
6 1 1
6 2 -1
6 4 1
6 5 1
6 9 1
6 10 1
6 11 -1
6 13 -1
6 14 -1
6 16 -1
6 19 1
6 27 -1
6 28 1
6 37 1
6 43 -1
6 44 1
7 1 -1
7 3 -1
7 4 -1
7 9 1
7 10 1
7 12 1
7 13 -1
7 14 1
7 15 -1
7 16 -1
7 27 1
7 30 1
7 48 1
7 52 1
7 53 -1
7 55 -1
8 2 -1
8 3 -1
8 4 -1
8 5 -1
8 9 -1
8 10 1
8 12 1
8 14 1
8 15 1
8 16 -1
8 19 -1
8 25 -1
8 29 -1
8 47 -1
8 55 -1
9 2 -1
9 3 1
9 5 -1
9 6 1
9 7 1
9 8 -1
9 10 1
9 11 1
9 13 1
9 15 1
9 31 -1
9 45 -1
9 53 1
9 54 -1
9 56 -1
9 62 1
10 1 -1
10 3 -1
10 5 -1
10 6 1
10 7 1
10 8 1
10 9 1
10 11 1
10 13 -1
10 15 1
10 20 1
10 22 -1
10 33 -1
10 41 1
10 56 -1
10 58 -1
11 1 -1
11 2 -1
11 3 1
11 4 -1
11 6 -1
11 9 1
11 10 1
11 12 -1
11 14 -1
11 16 -1
11 24 -1
11 30 -1
11 32 -1
11 33 -1
11 44 -1
11 48 -1
12 1 1
12 2 -1
12 4 -1
12 5 -1
12 7 1
12 8 1
12 11 -1
12 14 1
12 15 -1
12 16 1
12 24 -1
12 28 -1
12 34 -1
12 35 -1
12 42 -1
12 49 1
13 1 -1
13 4 -1
13 5 -1
13 6 -1
13 7 -1
13 9 1
13 10 -1
13 14 -1
13 15 -1
13 16 1
13 25 1
13 29 -1
13 38 -1
13 45 -1
13 48 -1
13 63 1
14 2 1
14 3 -1
14 5 -1
14 6 -1
14 7 1
14 8 1
14 11 -1
14 12 1
14 13 -1
14 15 -1
14 24 -1
14 32 1
14 39 1
14 43 -1
14 50 -1
14 61 -1
15 1 1
15 2 -1
15 3 -1
15 7 -1
15 8 1
15 9 1
15 10 1
15 12 -1
15 13 -1
15 14 -1
15 38 1
15 47 1
15 48 1
15 50 1
15 57 1
15 58 -1
16 1 -1
16 2 -1
16 3 -1
16 4 1
16 6 -1
16 7 -1
16 8 -1
16 11 -1
16 12 1
16 13 1
16 21 -1
16 31 -1
16 33 -1
16 52 1
16 59 -1
16 60 1
17 1 1
17 4 -1
17 18 -1
17 19 -1
17 20 1
17 24 -1
17 25 -1
17 26 -1
17 27 1
17 29 -1
17 30 1
17 32 1
17 34 -1
17 36 1
17 54 -1
17 64 -1
18 17 -1
18 19 1
18 20 1
18 21 1
18 23 -1
18 25 1
18 27 1
18 28 -1
18 30 1
18 32 1
18 40 -1
18 42 -1
18 43 1
18 47 -1
18 60 -1
18 63 -1
19 6 1
19 8 -1
19 17 -1
19 18 1
19 20 -1
19 21 1
19 23 -1
19 24 1
19 26 1
19 30 -1
19 31 -1
19 32 1
19 35 -1
19 37 1
19 40 1
19 50 -1
20 10 1
20 17 1
20 18 1
20 19 -1
20 23 1
20 24 -1
20 25 -1
20 27 1
20 29 1
20 30 1
20 31 -1
20 46 1
20 56 1
20 62 -1
21 3 1
21 16 -1
21 18 1
21 19 1
21 22 1
21 23 1
21 24 1
21 26 1
21 27 -1
21 28 1
21 30 1
21 31 1
21 38 1
21 54 1
21 62 -1
22 10 -1
22 21 1
22 23 -1
22 24 -1
22 25 1
22 26 -1
22 27 -1
22 28 -1
22 29 1
22 31 -1
22 32 -1
22 56 1
22 59 -1
22 60 -1
22 62 -1
23 18 -1
23 19 -1
23 20 1
23 21 1
23 22 -1
23 24 -1
23 28 -1
23 29 1
23 30 1
23 31 1
23 35 -1
23 37 -1
23 38 1
23 48 -1
23 55 -1
23 59 -1
24 11 -1
24 12 -1
24 14 -1
24 17 -1
24 19 1
24 20 -1
24 21 1
24 22 -1
24 23 -1
24 25 -1
24 26 -1
24 28 -1
24 29 -1
24 47 1
24 52 -1
25 2 -1
25 8 -1
25 13 1
25 17 -1
25 18 1
25 20 -1
25 22 1
25 24 -1
25 27 1
25 28 1
25 29 1
25 30 -1
25 32 -1
25 52 -1
25 58 -1
26 2 -1
26 17 -1
26 19 1
26 21 1
26 22 -1
26 24 -1
26 27 -1
26 28 -1
26 30 1
26 31 1
26 32 -1
26 40 -1
26 42 -1
26 44 1
26 60 1
27 2 1
27 6 -1
27 7 1
27 17 1
27 18 1
27 20 1
27 21 -1
27 22 -1
27 25 1
27 26 -1
27 29 1
27 31 -1
27 32 -1
27 38 -1
27 45 -1
27 49 -1
28 4 1
28 6 1
28 12 -1
28 18 -1
28 21 1
28 22 -1
28 23 -1
28 24 -1
28 25 1
28 26 -1
28 29 -1
28 31 -1
28 32 1
28 36 1
28 40 -1
28 43 -1
29 3 -1
29 8 -1
29 13 -1
29 17 -1
29 20 1
29 22 1
29 23 1
29 24 -1
29 25 1
29 27 1
29 28 -1
29 31 -1
29 32 -1
29 52 -1
29 56 1
29 61 1
30 4 -1
30 7 1
30 11 -1
30 17 1
30 18 1
30 19 -1
30 20 1
30 21 1
30 23 1
30 25 -1
30 26 1
30 31 -1
30 32 -1
30 44 -1
30 45 1
30 51 1
31 9 -1
31 16 -1
31 19 -1
31 20 -1
31 21 1
31 22 -1
31 23 1
31 26 1
31 27 -1
31 28 -1
31 29 -1
31 30 -1
31 41 1
31 56 -1
31 57 -1
31 61 -1
32 11 -1
32 14 1
32 17 1
32 18 1
32 19 1
32 22 -1
32 25 -1
32 26 -1
32 27 -1
32 28 1
32 29 -1
32 30 -1
32 46 1
32 58 1
32 59 -1
32 63 -1
33 4 -1
33 10 -1
33 11 -1
33 16 -1
33 34 1
33 36 -1
33 37 1
33 39 -1
33 41 -1
33 42 -1
33 44 1
33 45 -1
33 46 -1
33 47 -1
33 53 1
33 64 -1
34 1 -1
34 2 -1
34 12 -1
34 17 -1
34 33 1
34 36 -1
34 37 1
34 39 -1
34 40 1
34 41 -1
34 45 -1
34 46 1
34 47 -1
34 48 -1
34 61 -1
35 2 -1
35 12 -1
35 19 -1
35 23 -1
35 36 -1
35 37 1
35 40 -1
35 41 1
35 43 -1
35 44 -1
35 45 -1
35 46 1
35 47 1
35 48 -1
35 49 1
35 57 1
36 17 1
36 28 1
36 33 -1
36 34 -1
36 35 -1
36 38 -1
36 39 -1
36 40 1
36 42 -1
36 43 -1
36 46 -1
36 47 1
36 51 -1
36 58 -1
36 60 1
37 6 1
37 19 1
37 23 -1
37 33 1
37 34 1
37 35 1
37 38 -1
37 41 -1
37 42 -1
37 43 -1
37 44 -1
37 47 -1
37 48 1
37 53 -1
37 64 -1
38 5 1
38 13 -1
38 15 1
38 21 1
38 23 1
38 27 -1
38 36 -1
38 37 -1
38 39 1
38 42 1
38 43 -1
38 44 1
38 45 -1
38 46 -1
38 47 -1
38 48 -1
39 14 1
39 33 -1
39 34 -1
39 36 -1
39 38 1
39 40 -1
39 43 1
39 45 -1
39 46 -1
39 47 1
39 48 -1
39 51 -1
39 55 1
39 57 1
39 61 1
40 18 -1
40 19 1
40 26 -1
40 28 -1
40 34 1
40 35 -1
40 36 1
40 39 -1
40 41 1
40 42 1
40 43 -1
40 44 -1
40 46 -1
40 48 1
40 64 -1
41 10 1
41 31 1
41 33 -1
41 34 -1
41 35 1
41 37 -1
41 40 1
41 42 -1
41 43 1
41 44 1
41 47 -1
41 48 -1
41 53 -1
41 54 1
41 63 -1
42 1 -1
42 12 -1
42 18 -1
42 26 -1
42 33 -1
42 36 -1
42 37 -1
42 38 1
42 40 1
42 41 -1
42 44 -1
42 45 -1
42 46 -1
42 48 -1
42 49 -1
42 57 -1
43 5 1
43 6 -1
43 14 -1
43 18 1
43 28 -1
43 35 -1
43 36 -1
43 37 -1
43 38 -1
43 39 1
43 40 -1
43 41 1
43 44 1
43 46 -1
43 48 1
43 63 1
44 6 1
44 11 -1
44 26 1
44 30 -1
44 33 1
44 35 -1
44 37 -1
44 38 1
44 40 -1
44 41 1
44 42 -1
44 43 1
44 45 -1
44 47 1
44 61 1
44 64 -1
45 2 -1
45 9 -1
45 13 -1
45 27 -1
45 30 1
45 33 -1
45 34 -1
45 35 -1
45 38 -1
45 39 -1
45 42 -1
45 44 -1
45 46 -1
45 47 -1
45 48 -1
45 54 -1
46 20 1
46 32 1
46 33 -1
46 34 1
46 35 1
46 36 -1
46 38 -1
46 39 -1
46 40 -1
46 42 -1
46 43 -1
46 45 -1
46 50 1
46 59 1
47 4 -1
47 8 -1
47 15 1
47 18 -1
47 24 1
47 33 -1
47 34 -1
47 35 1
47 36 1
47 37 -1
47 38 -1
47 39 1
47 41 -1
47 44 1
47 45 -1
47 51 -1
48 7 1
48 11 -1
48 13 -1
48 15 1
48 23 -1
48 34 -1
48 35 -1
48 37 1
48 38 -1
48 39 -1
48 40 1
48 41 -1
48 42 -1
48 43 1
48 45 -1
48 55 -1
49 3 -1
49 12 1
49 27 -1
49 35 1
49 42 -1
49 50 1
49 53 -1
49 54 1
49 55 1
49 56 -1
49 58 -1
49 59 1
49 61 -1
49 62 -1
49 63 -1
50 1 -1
50 14 -1
50 15 1
50 19 -1
50 46 1
50 49 1
50 51 -1
50 52 -1
50 54 1
50 55 -1
50 56 -1
50 58 1
50 61 -1
50 62 1
50 63 -1
51 3 1
51 30 1
51 36 -1
51 39 -1
51 47 -1
51 50 -1
51 52 1
51 53 1
51 54 -1
51 55 1
51 57 1
51 58 -1
51 59 1
51 60 -1
51 61 1
52 7 1
52 16 1
52 24 -1
52 25 -1
52 29 -1
52 50 -1
52 51 1
52 53 1
52 56 -1
52 57 1
52 58 1
52 59 -1
52 60 -1
52 61 1
52 64 1
53 7 -1
53 9 1
53 33 1
53 37 -1
53 41 -1
53 49 -1
53 51 1
53 52 1
53 56 -1
53 57 1
53 58 -1
53 59 1
53 61 1
53 63 -1
53 64 -1
54 5 -1
54 9 -1
54 17 -1
54 21 1
54 41 1
54 45 -1
54 49 1
54 50 1
54 51 -1
54 55 -1
54 57 -1
54 58 -1
54 60 -1
54 62 1
54 63 -1
54 64 -1
55 1 -1
55 7 -1
55 8 -1
55 23 -1
55 39 1
55 48 -1
55 49 1
55 50 -1
55 51 1
55 54 -1
55 57 1
55 59 1
55 60 1
55 62 1
55 63 1
55 64 1
56 9 -1
56 10 -1
56 20 1
56 22 1
56 29 1
56 31 -1
56 49 -1
56 50 -1
56 52 -1
56 53 -1
56 57 1
56 59 1
56 61 -1
56 62 -1
56 63 -1
56 64 -1
57 15 1
57 31 -1
57 35 1
57 39 1
57 42 -1
57 51 1
57 52 1
57 53 1
57 54 -1
57 55 1
57 56 1
57 59 1
57 60 -1
57 61 -1
57 64 1
58 5 -1
58 10 -1
58 15 -1
58 25 -1
58 32 1
58 36 -1
58 49 -1
58 50 1
58 51 -1
58 52 1
58 53 -1
58 54 -1
58 59 1
58 60 -1
58 62 1
58 63 -1
59 16 -1
59 22 -1
59 23 -1
59 32 -1
59 46 1
59 49 1
59 51 1
59 52 -1
59 53 1
59 55 1
59 56 1
59 57 1
59 58 1
59 60 -1
59 62 -1
60 5 -1
60 16 1
60 18 -1
60 22 -1
60 26 1
60 36 1
60 51 -1
60 52 -1
60 54 -1
60 55 1
60 57 -1
60 58 -1
60 59 -1
60 61 -1
60 62 1
60 64 -1
61 14 -1
61 29 1
61 31 -1
61 34 -1
61 39 1
61 44 1
61 49 -1
61 50 -1
61 51 1
61 52 1
61 53 1
61 56 -1
61 57 -1
61 60 -1
61 63 1
61 64 1
62 5 -1
62 9 1
62 20 -1
62 21 -1
62 22 -1
62 49 -1
62 50 1
62 54 1
62 55 1
62 56 -1
62 58 1
62 59 -1
62 60 1
62 63 1
62 64 1
63 13 1
63 18 -1
63 32 -1
63 41 -1
63 43 1
63 49 -1
63 50 -1
63 53 -1
63 54 -1
63 55 1
63 56 -1
63 58 -1
63 61 1
63 62 1
63 64 -1
64 4 -1
64 17 -1
64 33 -1
64 37 -1
64 40 -1
64 44 -1
64 52 1
64 53 -1
64 54 -1
64 55 1
64 56 -1
64 57 1
64 60 -1
64 61 1
64 62 1
64 63 -1
