1 2 -1
1 3 -1
1 5 -1
1 6 -1
1 7 -1
1 9 -1
1 10 -1
1 11 -1
1 14 -1
1 16 -1
1 17 -1
1 25 -1
1 29 -1
1 38 -1
1 39 -1
1 52 -1
2 1 -1
2 4 -1
2 5 -1
2 8 -1
2 11 -1
2 12 -1
2 13 -1
2 14 -1
2 15 -1
2 16 -1
2 24 -1
2 36 -1
2 37 -1
2 39 -1
2 56 -1
2 61 -1
3 1 -1
3 6 -1
3 7 -1
3 8 -1
3 11 -1
3 12 -1
3 13 -1
3 14 -1
3 15 -1
3 16 -1
3 22 -1
3 23 1
3 34 -1
3 48 -1
3 53 -1
3 64 -1
4 2 -1
4 6 -1
4 7 -1
4 9 1
4 10 -1
4 11 -1
4 12 -1
4 13 -1
4 15 -1
4 16 -1
4 24 -1
4 28 -1
4 42 -1
4 48 -1
4 49 -1
5 1 -1
5 2 -1
5 7 1
5 8 -1
5 9 -1
5 10 -1
5 11 -1
5 12 -1
5 14 1
5 15 -1
5 19 -1
5 23 -1
5 37 -1
5 39 1
5 63 1
6 1 -1
6 3 -1
6 4 -1
6 7 -1
6 8 -1
6 9 -1
6 11 -1
6 12 -1
6 15 -1
6 16 -1
6 29 -1
6 42 -1
6 46 -1
6 60 -1
7 1 -1
7 3 -1
7 4 -1
7 5 1
7 6 -1
7 8 -1
7 9 -1
7 10 -1
7 13 -1
7 14 -1
7 24 1
7 43 -1
7 44 1
7 45 -1
7 54 -1
8 2 -1
8 3 -1
8 5 -1
8 6 -1
8 7 -1
8 9 1
8 10 1
8 11 -1
8 12 -1
8 16 -1
8 23 -1
8 43 -1
8 46 -1
8 54 -1
8 55 -1
8 63 -1
9 1 -1
9 4 1
9 5 -1
9 6 -1
9 7 -1
9 8 1
9 10 -1
9 12 -1
9 13 -1
9 15 -1
9 18 -1
9 32 -1
9 34 -1
9 50 -1
9 56 -1
9 61 -1
10 1 -1
10 4 -1
10 5 -1
10 7 -1
10 8 1
10 9 -1
10 12 -1
10 13 -1
10 14 -1
10 15 1
10 17 -1
10 21 -1
10 27 -1
10 32 -1
10 40 -1
10 41 1
11 1 -1
11 2 -1
11 3 -1
11 4 -1
11 5 -1
11 6 -1
11 8 -1
11 13 -1
11 14 -1
11 16 1
11 32 -1
11 33 -1
11 34 -1
11 35 -1
11 47 -1
11 57 -1
12 2 -1
12 3 -1
12 4 -1
12 5 -1
12 6 -1
12 8 -1
12 9 -1
12 10 -1
12 13 -1
12 15 1
12 30 -1
12 42 -1
12 46 -1
12 48 -1
12 55 -1
12 64 1
13 2 -1
13 3 -1
13 4 -1
13 7 -1
13 9 -1
13 10 -1
13 11 -1
13 12 -1
13 14 1
13 16 -1
13 39 -1
13 41 -1
13 43 -1
13 49 -1
13 54 -1
14 1 -1
14 2 -1
14 3 -1
14 5 1
14 7 -1
14 10 -1
14 11 -1
14 13 1
14 15 -1
14 16 -1
14 26 -1
14 29 -1
14 33 1
14 42 -1
14 52 -1
14 62 -1
15 2 -1
15 3 -1
15 4 -1
15 5 -1
15 6 -1
15 9 -1
15 10 1
15 12 1
15 14 -1
15 16 -1
15 17 -1
15 23 1
15 25 -1
15 47 -1
15 53 -1
16 1 -1
16 2 -1
16 3 -1
16 4 -1
16 6 -1
16 8 -1
16 11 1
16 13 -1
16 14 -1
16 15 -1
16 21 -1
16 22 -1
16 25 -1
16 35 -1
16 55 -1
16 64 -1
17 1 -1
17 10 -1
17 15 -1
17 21 -1
17 22 -1
17 23 -1
17 24 -1
17 25 -1
17 26 -1
17 27 -1
17 29 -1
17 31 -1
17 32 -1
17 52 -1
17 60 -1
18 9 -1
18 19 -1
18 20 -1
18 21 -1
18 23 -1
18 24 -1
18 27 1
18 28 -1
18 29 1
18 30 -1
18 32 -1
18 35 -1
18 37 -1
18 55 -1
18 59 -1
18 61 1
19 5 -1
19 18 -1
19 20 -1
19 22 -1
19 23 -1
19 25 -1
19 26 -1
19 27 -1
19 28 -1
19 30 -1
19 31 -1
19 39 -1
19 43 -1
19 49 -1
19 63 -1
20 18 -1
20 19 -1
20 24 -1
20 25 -1
20 26 -1
20 27 -1
20 28 1
20 29 -1
20 31 -1
20 32 -1
20 38 -1
20 41 -1
20 57 -1
20 60 -1
21 10 -1
21 16 -1
21 17 -1
21 18 -1
21 22 -1
21 23 -1
21 25 -1
21 26 -1
21 28 -1
21 29 -1
21 30 -1
21 31 -1
21 45 -1
21 58 -1
21 62 -1
21 64 -1
22 3 -1
22 16 -1
22 17 -1
22 19 -1
22 21 -1
22 23 1
22 24 -1
22 25 -1
22 27 -1
22 28 -1
22 31 -1
22 32 -1
22 40 -1
22 46 -1
22 55 -1
22 62 -1
23 3 1
23 5 -1
23 8 -1
23 15 1
23 17 -1
23 18 -1
23 19 -1
23 21 -1
23 22 1
23 24 -1
23 25 1
23 27 -1
23 29 -1
23 30 -1
23 36 1
23 40 -1
24 2 -1
24 4 -1
24 7 1
24 17 -1
24 18 -1
24 20 -1
24 22 -1
24 23 -1
24 27 -1
24 29 -1
24 30 -1
24 31 -1
24 32 -1
24 38 1
24 40 -1
24 61 1
25 1 -1
25 15 -1
25 16 -1
25 17 -1
25 19 -1
25 20 -1
25 21 -1
25 22 -1
25 23 1
25 28 -1
25 29 -1
25 31 -1
25 32 -1
25 40 -1
25 58 -1
25 64 -1
26 14 -1
26 17 -1
26 19 -1
26 20 -1
26 21 -1
26 27 -1
26 28 -1
26 29 -1
26 30 -1
26 31 -1
26 32 -1
26 35 -1
26 36 -1
26 44 -1
26 50 -1
26 62 1
27 10 -1
27 17 -1
27 18 1
27 19 -1
27 20 -1
27 22 -1
27 23 -1
27 24 -1
27 26 -1
27 30 1
27 32 -1
27 33 1
27 45 -1
27 50 1
27 51 -1
27 53 -1
28 4 -1
28 18 -1
28 19 -1
28 20 1
28 21 -1
28 22 -1
28 25 -1
28 26 -1
28 29 -1
28 31 -1
28 32 -1
28 50 -1
28 53 1
28 62 -1
29 1 -1
29 6 -1
29 14 -1
29 17 -1
29 18 1
29 20 -1
29 21 -1
29 23 -1
29 24 -1
29 25 -1
29 26 -1
29 28 -1
29 30 -1
29 35 -1
29 42 -1
29 58 -1
30 12 -1
30 18 -1
30 19 -1
30 21 -1
30 23 -1
30 24 -1
30 26 -1
30 27 1
30 29 -1
30 31 -1
30 32 -1
30 38 -1
30 48 -1
30 51 -1
30 56 -1
30 59 -1
31 17 -1
31 19 -1
31 20 -1
31 21 -1
31 22 -1
31 24 -1
31 25 -1
31 26 -1
31 28 -1
31 30 -1
31 44 -1
31 52 -1
31 56 -1
31 57 -1
31 58 -1
31 59 1
32 9 -1
32 10 -1
32 11 -1
32 17 -1
32 18 -1
32 20 -1
32 22 -1
32 24 -1
32 25 -1
32 26 -1
32 27 -1
32 28 -1
32 30 -1
32 38 -1
32 45 -1
32 53 -1
33 11 -1
33 14 1
33 27 1
33 34 -1
33 35 -1
33 39 -1
33 40 -1
33 41 -1
33 43 1
33 44 -1
33 45 -1
33 47 -1
33 48 -1
33 49 -1
33 54 -1
33 60 -1
34 3 -1
34 9 -1
34 11 -1
34 33 -1
34 35 -1
34 36 -1
34 37 -1
34 39 -1
34 40 1
34 44 -1
34 45 -1
34 46 -1
34 47 -1
34 53 -1
34 59 -1
34 63 -1
35 11 -1
35 16 -1
35 18 -1
35 26 -1
35 29 -1
35 33 -1
35 34 -1
35 36 1
35 37 1
35 38 -1
35 40 -1
35 42 -1
35 43 -1
35 45 -1
35 48 -1
35 61 1
36 2 -1
36 23 1
36 26 -1
36 34 -1
36 35 1
36 37 -1
36 38 -1
36 39 1
36 40 -1
36 41 -1
36 43 -1
36 46 -1
36 48 1
36 51 -1
36 52 -1
36 59 1
37 2 -1
37 5 -1
37 18 -1
37 34 -1
37 35 1
37 36 -1
37 38 -1
37 39 -1
37 42 -1
37 45 -1
37 46 -1
37 47 -1
37 48 -1
37 51 -1
37 61 -1
37 62 -1
38 1 -1
38 20 -1
38 24 1
38 30 -1
38 32 -1
38 35 -1
38 36 -1
38 37 -1
38 41 1
38 42 -1
38 43 -1
38 44 -1
38 45 -1
38 46 -1
38 48 -1
38 63 -1
39 1 -1
39 2 -1
39 5 1
39 13 -1
39 19 -1
39 33 -1
39 34 -1
39 36 1
39 37 -1
39 41 -1
39 42 -1
39 43 1
39 44 -1
39 46 -1
39 47 1
39 64 -1
40 10 -1
40 22 -1
40 23 -1
40 24 -1
40 25 -1
40 33 -1
40 34 1
40 35 -1
40 36 -1
40 41 -1
40 42 -1
40 43 -1
40 44 -1
40 46 -1
40 48 -1
40 51 -1
41 10 1
41 13 -1
41 20 -1
41 33 -1
41 36 -1
41 38 1
41 39 -1
41 40 -1
41 43 -1
41 44 -1
41 45 -1
41 47 -1
41 48 -1
41 57 -1
41 58 -1
42 4 -1
42 6 -1
42 12 -1
42 14 -1
42 29 -1
42 35 -1
42 37 -1
42 38 -1
42 39 -1
42 40 -1
42 43 -1
42 45 -1
42 46 -1
42 47 -1
42 48 -1
43 7 -1
43 8 -1
43 13 -1
43 19 -1
43 33 1
43 35 -1
43 36 -1
43 38 -1
43 39 1
43 40 -1
43 41 -1
43 42 -1
43 44 -1
43 47 1
43 49 -1
44 7 1
44 26 -1
44 31 -1
44 33 -1
44 34 -1
44 38 -1
44 39 -1
44 40 -1
44 41 -1
44 43 -1
44 45 -1
44 46 -1
44 47 -1
44 57 -1
44 63 -1
45 7 -1
45 21 -1
45 27 -1
45 32 -1
45 33 -1
45 34 -1
45 35 -1
45 37 -1
45 38 -1
45 41 -1
45 42 -1
45 44 -1
45 47 -1
45 48 -1
45 54 1
45 55 -1
46 6 -1
46 8 -1
46 12 -1
46 22 -1
46 34 -1
46 36 -1
46 37 -1
46 38 -1
46 39 -1
46 40 -1
46 42 -1
46 44 -1
46 47 -1
46 48 -1
46 56 -1
46 59 -1
47 11 -1
47 15 -1
47 33 -1
47 34 -1
47 37 -1
47 39 1
47 41 -1
47 42 -1
47 43 1
47 44 -1
47 45 -1
47 46 -1
47 49 -1
47 50 -1
47 51 -1
47 54 -1
48 3 -1
48 4 -1
48 12 -1
48 30 -1
48 33 -1
48 35 -1
48 36 1
48 37 -1
48 38 -1
48 40 -1
48 41 -1
48 42 -1
48 45 -1
48 46 -1
48 52 -1
48 56 -1
49 4 -1
49 13 -1
49 19 -1
49 33 -1
49 43 -1
49 47 -1
49 50 -1
49 52 -1
49 55 -1
49 56 -1
49 57 -1
49 58 -1
49 59 -1
49 60 -1
49 61 -1
49 62 -1
50 9 -1
50 26 -1
50 27 1
50 28 -1
50 47 -1
50 49 -1
50 51 -1
50 53 -1
50 54 -1
50 55 -1
50 56 -1
50 57 -1
50 59 -1
50 60 -1
50 63 -1
51 27 -1
51 30 -1
51 36 -1
51 37 -1
51 40 -1
51 47 -1
51 50 -1
51 52 -1
51 53 1
51 54 -1
51 56 -1
51 57 -1
51 59 -1
51 61 -1
51 63 -1
51 64 -1
52 1 -1
52 14 -1
52 17 -1
52 31 -1
52 36 -1
52 48 -1
52 49 -1
52 51 -1
52 53 -1
52 54 -1
52 55 -1
52 58 -1
52 60 -1
52 61 -1
52 62 -1
52 64 -1
53 3 -1
53 15 -1
53 27 -1
53 28 1
53 32 -1
53 34 -1
53 50 -1
53 51 1
53 52 -1
53 55 -1
53 57 1
53 59 -1
53 60 -1
53 62 -1
53 63 -1
53 64 -1
54 7 -1
54 8 -1
54 13 -1
54 33 -1
54 45 1
54 47 -1
54 50 -1
54 51 -1
54 52 -1
54 55 -1
54 57 -1
54 58 -1
54 59 -1
54 60 -1
54 61 -1
54 64 1
55 8 -1
55 12 -1
55 16 -1
55 18 -1
55 22 -1
55 45 -1
55 49 -1
55 50 -1
55 52 -1
55 53 -1
55 54 -1
55 59 -1
55 60 -1
55 62 -1
55 63 -1
55 64 -1
56 2 -1
56 9 -1
56 30 -1
56 31 -1
56 46 -1
56 48 -1
56 49 -1
56 50 -1
56 51 -1
56 58 -1
56 59 -1
56 60 -1
56 61 -1
56 62 -1
56 63 -1
56 64 -1
57 11 -1
57 20 -1
57 31 -1
57 41 -1
57 44 -1
57 49 -1
57 50 -1
57 51 -1
57 53 1
57 54 -1
57 58 -1
57 61 -1
57 62 -1
57 63 -1
57 64 -1
58 21 -1
58 25 -1
58 29 -1
58 31 -1
58 41 -1
58 49 -1
58 52 -1
58 54 -1
58 56 -1
58 57 -1
58 59 -1
58 61 1
58 62 -1
58 63 -1
58 64 -1
59 18 -1
59 30 -1
59 31 1
59 34 -1
59 36 1
59 46 -1
59 49 -1
59 50 -1
59 51 -1
59 53 -1
59 54 -1
59 55 -1
59 56 -1
59 58 -1
59 60 -1
59 61 -1
60 6 -1
60 17 -1
60 20 -1
60 33 -1
60 49 -1
60 50 -1
60 52 -1
60 53 -1
60 54 -1
60 55 -1
60 56 -1
60 59 -1
60 62 -1
60 63 1
61 2 -1
61 9 -1
61 18 1
61 24 1
61 35 1
61 37 -1
61 49 -1
61 51 -1
61 52 -1
61 54 -1
61 56 -1
61 57 -1
61 58 1
61 59 -1
61 62 -1
61 64 -1
62 14 -1
62 21 -1
62 22 -1
62 26 1
62 28 -1
62 37 -1
62 49 -1
62 52 -1
62 53 -1
62 55 -1
62 56 -1
62 57 -1
62 58 -1
62 60 -1
62 61 -1
62 63 -1
63 5 1
63 8 -1
63 19 -1
63 34 -1
63 38 -1
63 44 -1
63 50 -1
63 51 -1
63 53 -1
63 55 -1
63 56 -1
63 57 -1
63 58 -1
63 60 1
63 62 -1
63 64 -1
64 3 -1
64 12 1
64 16 -1
64 21 -1
64 25 -1
64 39 -1
64 51 -1
64 52 -1
64 53 -1
64 54 1
64 55 -1
64 56 -1
64 57 -1
64 58 -1
64 61 -1
64 63 -1
