1 2 -1
1 3 1
1 6 1
1 7 1
1 8 1
1 9 1
1 12 1
1 13 1
1 14 -1
1 15 -1
1 18 -1
1 24 -1
1 42 1
1 49 1
1 52 -1
1 59 1
2 1 -1
2 3 -1
2 7 1
2 9 -1
2 10 1
2 12 1
2 13 1
2 14 -1
2 15 1
2 16 1
2 20 1
2 21 1
2 23 -1
2 26 1
2 30 -1
3 1 1
3 2 -1
3 4 1
3 5 1
3 6 1
3 7 1
3 10 1
3 12 1
3 13 1
3 15 1
3 20 -1
3 38 1
3 47 -1
3 48 1
3 58 1
3 63 -1
4 3 1
4 5 1
4 6 1
4 7 1
4 9 -1
4 10 -1
4 11 1
4 13 -1
4 14 -1
4 16 1
4 18 -1
4 25 1
4 29 -1
4 45 1
4 49 -1
4 58 1
5 3 1
5 4 1
5 6 1
5 7 1
5 9 1
5 10 -1
5 11 -1
5 12 1
5 15 1
5 16 1
5 24 1
5 38 1
5 43 1
5 47 -1
5 57 -1
5 63 -1
6 1 1
6 3 1
6 4 1
6 5 1
6 7 1
6 8 1
6 11 1
6 12 -1
6 14 1
6 15 -1
6 21 -1
6 39 -1
6 41 1
6 56 1
6 60 1
6 64 1
7 1 1
7 2 1
7 3 1
7 4 1
7 5 1
7 6 1
7 8 1
7 11 -1
7 13 -1
7 14 1
7 17 -1
7 19 -1
7 29 1
7 31 1
7 45 1
8 1 1
8 6 1
8 7 1
8 9 1
8 10 1
8 11 1
8 12 1
8 14 -1
8 15 -1
8 16 -1
8 19 1
8 28 -1
8 39 1
8 40 -1
8 41 1
8 58 -1
9 1 1
9 2 -1
9 4 -1
9 5 1
9 8 1
9 10 -1
9 11 1
9 12 -1
9 13 1
9 16 -1
9 20 1
9 32 -1
9 39 -1
9 46 -1
9 62 -1
10 2 1
10 3 1
10 4 -1
10 5 -1
10 8 1
10 9 -1
10 13 1
10 14 -1
10 15 -1
10 16 1
10 18 1
10 21 -1
10 36 1
10 37 1
10 53 -1
10 63 -1
11 4 1
11 5 -1
11 6 1
11 7 -1
11 8 1
11 9 1
11 12 -1
11 13 -1
11 15 -1
11 16 1
11 33 1
11 38 1
11 42 -1
11 44 -1
11 59 1
12 1 1
12 2 1
12 3 1
12 5 1
12 6 -1
12 8 1
12 9 -1
12 11 -1
12 14 1
12 16 1
12 23 -1
12 24 -1
12 45 1
12 49 -1
12 54 1
13 1 1
13 2 1
13 3 1
13 4 -1
13 7 -1
13 9 1
13 10 1
13 11 -1
13 14 -1
13 16 1
13 19 -1
13 22 -1
13 25 1
13 35 1
13 37 -1
13 55 -1
14 1 -1
14 2 -1
14 4 -1
14 6 1
14 7 1
14 8 -1
14 10 -1
14 12 1
14 13 -1
14 15 1
14 32 1
14 35 1
14 38 1
14 52 -1
14 56 1
14 57 1
15 1 -1
15 2 1
15 3 1
15 5 1
15 6 -1
15 8 -1
15 10 -1
15 11 -1
15 14 1
15 16 -1
15 19 1
15 20 1
15 26 -1
15 30 1
15 33 -1
15 51 -1
16 2 1
16 4 1
16 5 1
16 8 -1
16 9 -1
16 10 1
16 11 1
16 12 1
16 13 1
16 15 -1
16 27 1
16 28 -1
16 42 1
16 49 -1
16 52 1
16 62 -1
17 7 -1
17 18 1
17 19 -1
17 20 -1
17 22 1
17 26 1
17 27 -1
17 29 1
17 30 1
17 31 1
17 32 -1
17 50 1
17 53 1
17 54 1
17 55 -1
17 58 1
18 1 -1
18 4 -1
18 10 1
18 17 1
18 19 -1
18 20 -1
18 25 -1
18 26 -1
18 27 -1
18 28 -1
18 29 1
18 30 -1
18 32 1
18 38 -1
18 41 -1
18 64 1
19 7 -1
19 8 1
19 13 -1
19 15 1
19 17 -1
19 18 -1
19 22 -1
19 24 1
19 27 1
19 28 -1
19 29 1
19 30 1
19 31 1
19 32 1
19 34 1
19 60 1
20 2 1
20 3 -1
20 9 1
20 15 1
20 17 -1
20 18 -1
20 21 -1
20 22 -1
20 23 -1
20 24 1
20 25 -1
20 26 -1
20 29 1
20 31 1
20 33 1
21 2 1
21 6 -1
21 10 -1
21 20 -1
21 22 1
21 23 1
21 24 -1
21 27 -1
21 28 1
21 29 -1
21 30 -1
21 31 -1
21 32 1
21 34 1
21 43 1
21 64 -1
22 13 -1
22 17 1
22 19 -1
22 20 -1
22 21 1
22 23 -1
22 24 1
22 25 -1
22 29 -1
22 30 -1
22 32 1
22 36 1
22 48 -1
22 51 1
22 59 -1
22 61 1
23 2 -1
23 12 -1
23 20 -1
23 21 1
23 22 -1
23 25 1
23 26 -1
23 27 -1
23 28 1
23 29 1
23 30 -1
23 31 1
23 34 1
23 52 -1
23 54 -1
24 1 -1
24 5 1
24 12 -1
24 19 1
24 20 1
24 21 -1
24 22 1
24 25 -1
24 26 1
24 28 -1
24 30 -1
24 31 1
24 32 -1
24 35 1
24 61 -1
25 4 1
25 13 1
25 18 -1
25 20 -1
25 22 -1
25 23 1
25 24 -1
25 28 1
25 29 -1
25 30 -1
25 31 1
25 32 -1
25 41 -1
25 44 -1
25 57 1
25 60 1
26 2 1
26 15 -1
26 17 1
26 18 -1
26 20 -1
26 23 -1
26 24 1
26 27 1
26 28 -1
26 29 -1
26 31 -1
26 32 -1
26 35 1
26 37 1
26 42 -1
26 43 -1
27 16 1
27 17 -1
27 18 -1
27 19 1
27 21 -1
27 23 -1
27 26 1
27 28 -1
27 29 -1
27 30 -1
27 32 1
27 36 -1
27 44 -1
27 45 -1
27 51 1
27 59 -1
28 8 -1
28 16 -1
28 18 -1
28 19 -1
28 21 1
28 23 1
28 24 -1
28 25 1
28 26 -1
28 27 -1
28 31 -1
28 32 -1
28 35 1
28 37 -1
28 40 1
28 49 -1
29 4 -1
29 7 1
29 17 1
29 18 1
29 19 1
29 20 1
29 21 -1
29 22 -1
29 23 1
29 25 -1
29 26 -1
29 27 -1
29 36 -1
29 47 -1
29 61 -1
30 2 -1
30 15 1
30 17 1
30 18 -1
30 19 1
30 21 -1
30 22 -1
30 23 -1
30 24 -1
30 25 -1
30 27 -1
30 31 -1
30 43 -1
30 50 -1
30 57 1
30 63 1
31 7 1
31 17 1
31 19 1
31 20 1
31 21 -1
31 23 1
31 24 1
31 25 1
31 26 -1
31 28 -1
31 30 -1
31 36 -1
31 46 1
31 51 1
31 61 1
31 62 -1
32 9 -1
32 14 1
32 17 -1
32 18 1
32 19 1
32 21 1
32 22 1
32 24 -1
32 25 -1
32 26 -1
32 27 1
32 28 -1
32 46 1
32 56 -1
32 60 1
33 11 1
33 15 -1
33 20 1
33 35 1
33 36 -1
33 38 -1
33 39 1
33 41 -1
33 42 -1
33 44 -1
33 46 1
33 47 1
33 48 1
33 50 1
33 58 1
33 59 -1
34 19 1
34 21 1
34 23 1
34 35 1
34 36 -1
34 38 -1
34 39 1
34 40 -1
34 41 1
34 42 -1
34 43 1
34 46 1
34 47 1
34 53 -1
34 55 1
34 57 -1
35 13 1
35 14 1
35 24 1
35 26 1
35 28 1
35 33 1
35 34 1
35 36 1
35 37 -1
35 38 1
35 40 -1
35 41 -1
35 43 1
35 46 1
35 47 -1
36 10 1
36 22 1
36 27 -1
36 29 -1
36 31 -1
36 33 -1
36 34 -1
36 35 1
36 39 -1
36 40 1
36 42 1
36 43 1
36 44 1
36 46 -1
36 48 -1
36 64 -1
37 10 1
37 13 -1
37 26 1
37 28 -1
37 35 -1
37 39 -1
37 40 1
37 41 -1
37 42 -1
37 44 -1
37 45 1
37 46 -1
37 47 -1
37 48 -1
37 58 1
37 60 1
38 3 1
38 5 1
38 11 1
38 14 1
38 18 -1
38 33 -1
38 34 -1
38 35 1
38 40 -1
38 41 1
38 43 1
38 44 -1
38 45 1
38 46 -1
38 48 -1
38 62 1
39 6 -1
39 8 1
39 9 -1
39 33 1
39 34 1
39 36 -1
39 37 -1
39 40 -1
39 41 -1
39 43 -1
39 44 1
39 45 -1
39 47 -1
39 49 -1
39 51 -1
39 61 -1
40 8 -1
40 28 1
40 34 -1
40 35 -1
40 36 1
40 37 1
40 38 -1
40 39 -1
40 44 -1
40 45 1
40 47 1
40 48 -1
40 52 -1
40 55 1
40 56 1
40 60 -1
41 6 1
41 8 1
41 18 -1
41 25 -1
41 33 -1
41 34 1
41 35 -1
41 37 -1
41 38 1
41 39 -1
41 42 -1
41 43 -1
41 45 1
41 48 -1
41 54 -1
41 61 1
42 1 1
42 11 -1
42 16 1
42 26 -1
42 33 -1
42 34 -1
42 36 1
42 37 -1
42 41 -1
42 44 -1
42 45 1
42 46 -1
42 47 1
42 48 -1
42 50 1
42 63 1
43 5 1
43 21 1
43 26 -1
43 30 -1
43 34 1
43 35 1
43 36 1
43 38 1
43 39 -1
43 41 -1
43 44 -1
43 45 1
43 46 1
43 48 1
43 53 -1
43 62 -1
44 11 -1
44 25 -1
44 27 -1
44 33 -1
44 36 1
44 37 -1
44 38 -1
44 39 1
44 40 -1
44 42 -1
44 43 -1
44 45 -1
44 47 1
44 53 -1
44 54 1
44 55 -1
45 4 1
45 7 1
45 12 1
45 27 -1
45 37 1
45 38 1
45 39 -1
45 40 1
45 41 1
45 42 1
45 43 1
45 44 -1
45 46 -1
45 48 1
45 51 1
45 62 -1
46 9 -1
46 31 1
46 32 1
46 33 1
46 34 1
46 35 1
46 36 -1
46 37 -1
46 38 -1
46 42 -1
46 43 1
46 45 -1
46 47 -1
46 50 -1
46 56 -1
46 64 1
47 3 -1
47 5 -1
47 29 -1
47 33 1
47 34 1
47 35 -1
47 37 -1
47 39 -1
47 40 1
47 42 1
47 44 1
47 46 -1
47 48 1
47 55 -1
47 57 1
47 63 -1
48 3 1
48 22 -1
48 33 1
48 36 -1
48 37 -1
48 38 -1
48 40 -1
48 41 -1
48 42 -1
48 43 1
48 45 1
48 47 1
48 50 1
48 53 -1
48 56 -1
48 64 -1
49 1 1
49 4 -1
49 12 -1
49 16 -1
49 28 -1
49 39 -1
49 50 -1
49 52 1
49 53 1
49 55 1
49 56 -1
49 59 1
49 60 1
49 61 1
49 62 1
49 63 -1
50 17 1
50 30 -1
50 33 1
50 42 1
50 46 -1
50 48 1
50 49 -1
50 51 1
50 53 1
50 54 -1
50 55 1
50 58 1
50 59 1
50 60 -1
50 62 -1
50 64 -1
51 15 -1
51 22 1
51 27 1
51 31 1
51 39 -1
51 45 1
51 50 1
51 52 1
51 53 -1
51 54 -1
51 57 1
51 58 1
51 61 1
51 62 -1
51 63 -1
51 64 -1
52 1 -1
52 14 -1
52 16 1
52 23 -1
52 40 -1
52 49 1
52 51 1
52 53 1
52 54 -1
52 55 1
52 56 -1
52 57 1
52 58 -1
52 60 -1
52 61 -1
53 10 -1
53 17 1
53 34 -1
53 43 -1
53 44 -1
53 48 -1
53 49 1
53 50 1
53 51 -1
53 52 1
53 55 -1
53 56 -1
53 58 -1
53 60 -1
53 62 1
53 64 1
54 12 1
54 17 1
54 23 -1
54 41 -1
54 44 1
54 50 -1
54 51 -1
54 52 -1
54 55 1
54 56 -1
54 57 1
54 59 1
54 60 -1
54 61 -1
54 64 -1
55 13 -1
55 17 -1
55 34 1
55 40 1
55 44 -1
55 47 -1
55 49 1
55 50 1
55 52 1
55 53 -1
55 54 1
55 56 1
55 58 -1
55 59 -1
55 63 -1
55 64 -1
56 6 1
56 14 1
56 32 -1
56 40 1
56 46 -1
56 48 -1
56 49 -1
56 52 -1
56 53 -1
56 54 -1
56 55 1
56 57 -1
56 61 1
56 62 1
56 63 -1
56 64 1
57 5 -1
57 14 1
57 25 1
57 30 1
57 34 -1
57 47 1
57 51 1
57 52 1
57 54 1
57 56 -1
57 58 -1
57 60 -1
57 61 1
57 62 1
57 63 1
57 64 1
58 3 1
58 4 1
58 8 -1
58 17 1
58 33 1
58 37 1
58 50 1
58 51 1
58 52 -1
58 53 -1
58 55 -1
58 57 -1
58 59 1
58 61 -1
58 62 1
58 63 -1
59 1 1
59 11 1
59 22 -1
59 27 -1
59 33 -1
59 49 1
59 50 1
59 54 1
59 55 -1
59 58 1
59 60 1
59 61 1
59 62 -1
59 63 1
59 64 -1
60 6 1
60 19 1
60 25 1
60 32 1
60 37 1
60 40 -1
60 49 1
60 50 -1
60 52 -1
60 53 -1
60 54 -1
60 57 -1
60 59 1
60 62 1
60 63 1
60 64 -1
61 22 1
61 24 -1
61 29 -1
61 31 1
61 39 -1
61 41 1
61 49 1
61 51 1
61 52 -1
61 54 -1
61 56 1
61 57 1
61 58 -1
61 59 1
61 62 -1
61 63 1
62 9 -1
62 16 -1
62 31 -1
62 38 1
62 43 -1
62 45 -1
62 49 1
62 50 -1
62 51 -1
62 53 1
62 56 1
62 57 1
62 58 1
62 59 -1
62 60 1
62 61 -1
63 3 -1
63 5 -1
63 10 -1
63 30 1
63 42 1
63 47 -1
63 49 -1
63 51 -1
63 55 -1
63 56 -1
63 57 1
63 58 -1
63 59 1
63 60 1
63 61 1
63 64 1
64 6 1
64 18 1
64 21 -1
64 36 -1
64 46 1
64 48 -1
64 50 -1
64 51 -1
64 53 1
64 54 -1
64 55 -1
64 56 1
64 57 1
64 59 -1
64 60 -1
64 63 1
