1 2 -1
1 4 1
1 5 1
1 7 1
1 8 -1
1 9 1
1 12 1
1 14 1
1 15 -1
1 16 -1
1 17 1
1 27 -1
1 50 -1
1 52 -1
1 58 1
1 61 -1
2 1 -1
2 3 1
2 5 -1
2 6 1
2 8 -1
2 9 -1
2 10 -1
2 12 -1
2 13 -1
2 14 -1
2 43 -1
2 45 1
2 47 1
2 55 -1
2 61 -1
3 2 1
3 4 1
3 5 -1
3 6 -1
3 7 -1
3 8 -1
3 9 -1
3 13 1
3 14 1
3 16 -1
3 25 -1
3 28 -1
3 30 -1
3 33 -1
3 49 -1
3 63 -1
4 1 1
4 3 1
4 5 -1
4 7 1
4 9 1
4 10 -1
4 13 1
4 14 -1
4 15 -1
4 16 -1
4 18 -1
4 20 -1
4 28 -1
4 36 -1
4 52 -1
4 60 -1
5 1 1
5 2 -1
5 3 -1
5 4 -1
5 7 -1
5 8 -1
5 10 1
5 11 1
5 12 -1
5 14 1
5 20 1
5 32 1
5 34 1
5 36 -1
5 38 -1
5 48 -1
6 2 1
6 3 -1
6 8 -1
6 9 -1
6 10 -1
6 11 1
6 13 -1
6 14 1
6 15 -1
6 16 -1
6 18 1
6 21 -1
6 41 -1
6 44 -1
6 57 -1
6 62 1
7 1 1
7 3 -1
7 4 1
7 5 -1
7 8 1
7 9 -1
7 11 -1
7 13 -1
7 14 1
7 15 -1
7 29 -1
7 40 -1
7 48 -1
7 51 1
7 52 -1
7 62 -1
8 1 -1
8 2 -1
8 3 -1
8 5 -1
8 6 -1
8 7 1
8 10 -1
8 12 1
8 14 -1
8 15 -1
8 20 1
8 23 -1
8 32 -1
8 35 1
8 52 -1
8 59 1
9 1 1
9 2 -1
9 3 -1
9 4 1
9 6 -1
9 7 -1
9 10 -1
9 11 -1
9 12 1
9 13 1
9 23 -1
9 34 1
9 38 -1
9 58 -1
9 59 -1
10 2 -1
10 4 -1
10 5 1
10 6 -1
10 8 -1
10 9 -1
10 11 1
10 12 -1
10 15 -1
10 16 -1
10 28 -1
10 30 1
10 36 -1
10 41 -1
10 43 1
10 63 1
11 5 1
11 6 1
11 7 -1
11 9 -1
11 10 1
11 12 -1
11 13 -1
11 14 -1
11 15 -1
11 16 1
11 19 1
11 21 -1
11 25 1
11 43 -1
11 50 -1
11 55 -1
12 1 1
12 2 -1
12 5 -1
12 8 1
12 9 1
12 10 -1
12 11 -1
12 13 1
12 15 -1
12 16 -1
12 27 -1
12 31 -1
12 33 -1
12 40 1
12 55 -1
13 2 -1
13 3 1
13 4 1
13 6 -1
13 7 -1
13 9 1
13 11 -1
13 12 1
13 15 -1
13 16 -1
13 21 1
13 29 -1
13 38 -1
13 43 -1
13 49 -1
13 50 -1
14 1 1
14 2 -1
14 3 1
14 4 -1
14 5 1
14 6 1
14 7 1
14 8 -1
14 11 -1
14 16 -1
14 37 -1
14 47 1
14 51 1
14 53 -1
14 59 -1
14 61 -1
15 1 -1
15 4 -1
15 6 -1
15 7 -1
15 8 -1
15 10 -1
15 11 -1
15 12 -1
15 13 -1
15 16 -1
15 22 -1
15 23 1
15 38 -1
15 56 -1
15 58 -1
15 59 -1
16 1 -1
16 3 -1
16 4 -1
16 6 -1
16 10 -1
16 11 1
16 12 -1
16 13 -1
16 14 -1
16 15 -1
16 17 -1
16 24 -1
16 30 -1
16 40 -1
16 48 -1
16 57 -1
17 1 1
17 16 -1
17 18 1
17 19 1
17 20 -1
17 21 -1
17 24 -1
17 25 -1
17 26 -1
17 27 1
17 28 1
17 31 -1
17 37 1
17 41 1
17 45 1
17 55 -1
18 4 -1
18 6 1
18 17 1
18 20 1
18 22 -1
18 24 -1
18 25 1
18 28 1
18 29 -1
18 30 -1
18 31 -1
18 32 1
18 37 -1
18 45 1
18 51 -1
19 11 1
19 17 1
19 22 -1
19 23 -1
19 24 -1
19 25 1
19 26 -1
19 27 1
19 28 -1
19 29 1
19 32 -1
19 49 1
19 50 -1
19 56 -1
19 64 -1
20 4 -1
20 5 1
20 8 1
20 17 -1
20 18 1
20 21 -1
20 22 -1
20 23 1
20 25 -1
20 27 -1
20 28 1
20 31 1
20 32 -1
20 39 1
20 44 -1
20 51 -1
21 6 -1
21 11 -1
21 13 1
21 17 -1
21 20 -1
21 22 -1
21 23 -1
21 24 -1
21 28 -1
21 29 -1
21 30 -1
21 31 1
21 32 -1
21 33 -1
21 41 -1
21 60 -1
22 15 -1
22 18 -1
22 19 -1
22 20 -1
22 21 -1
22 23 -1
22 25 -1
22 26 -1
22 30 -1
22 31 -1
22 32 1
22 42 -1
22 46 1
22 48 -1
22 56 -1
22 58 1
23 8 -1
23 9 -1
23 15 1
23 19 -1
23 20 1
23 21 -1
23 22 -1
23 25 1
23 26 1
23 27 -1
23 28 -1
23 30 -1
23 31 1
23 57 1
23 60 -1
24 16 -1
24 17 -1
24 18 -1
24 19 -1
24 21 -1
24 25 1
24 27 -1
24 28 -1
24 29 1
24 30 -1
24 32 1
24 33 -1
24 34 -1
24 57 1
24 61 -1
24 62 -1
25 3 -1
25 11 1
25 17 -1
25 18 1
25 19 1
25 20 -1
25 22 -1
25 23 1
25 24 1
25 26 -1
25 31 -1
25 32 -1
25 37 -1
25 39 -1
25 41 -1
25 52 1
26 17 -1
26 19 -1
26 22 -1
26 23 1
26 25 -1
26 27 1
26 29 1
26 30 -1
26 31 -1
26 32 -1
26 34 -1
26 36 -1
26 44 -1
26 46 1
26 48 -1
26 54 1
27 1 -1
27 12 -1
27 17 1
27 19 1
27 20 -1
27 23 -1
27 24 -1
27 26 1
27 28 -1
27 29 -1
27 30 -1
27 32 -1
27 37 -1
27 44 -1
27 47 -1
28 3 -1
28 4 -1
28 10 -1
28 17 1
28 18 1
28 19 -1
28 20 1
28 21 -1
28 23 -1
28 24 -1
28 27 -1
28 29 1
28 30 -1
28 38 -1
28 62 -1
28 63 -1
29 7 -1
29 13 -1
29 18 -1
29 19 1
29 21 -1
29 24 1
29 26 1
29 27 -1
29 28 1
29 30 -1
29 31 -1
29 32 -1
29 45 -1
29 51 -1
29 55 -1
29 64 1
30 3 -1
30 10 1
30 16 -1
30 18 -1
30 21 -1
30 22 -1
30 23 -1
30 24 -1
30 26 -1
30 27 -1
30 28 -1
30 29 -1
30 31 -1
30 35 -1
30 60 -1
30 64 -1
31 12 -1
31 17 -1
31 18 -1
31 20 1
31 21 1
31 22 -1
31 23 1
31 25 -1
31 26 -1
31 29 -1
31 30 -1
31 35 -1
31 46 -1
31 61 1
32 5 1
32 8 -1
32 18 1
32 19 -1
32 20 -1
32 21 -1
32 22 1
32 24 1
32 25 -1
32 26 -1
32 27 -1
32 29 -1
32 43 -1
32 46 1
32 51 1
32 56 1
33 3 -1
33 12 -1
33 21 -1
33 24 -1
33 34 -1
33 37 -1
33 38 -1
33 40 1
33 42 1
33 43 -1
33 45 -1
33 46 1
33 47 -1
33 48 -1
33 53 -1
33 56 -1
34 5 1
34 9 1
34 24 -1
34 26 -1
34 33 -1
34 36 1
34 37 -1
34 40 -1
34 41 -1
34 42 -1
34 43 -1
34 46 -1
34 47 -1
34 48 1
34 53 -1
34 54 -1
35 8 1
35 30 -1
35 31 -1
35 36 -1
35 38 1
35 39 -1
35 40 -1
35 43 -1
35 44 1
35 45 1
35 46 -1
35 47 -1
35 48 -1
35 49 -1
35 55 -1
36 4 -1
36 5 -1
36 10 -1
36 26 -1
36 34 1
36 35 -1
36 37 -1
36 39 -1
36 41 1
36 42 -1
36 44 1
36 45 -1
36 46 -1
36 47 -1
36 50 -1
36 60 -1
37 14 -1
37 17 1
37 18 -1
37 25 -1
37 27 -1
37 33 -1
37 34 -1
37 36 -1
37 38 -1
37 40 -1
37 41 -1
37 42 1
37 45 1
37 47 1
37 48 1
38 5 -1
38 9 -1
38 13 -1
38 15 -1
38 28 -1
38 33 -1
38 35 1
38 37 -1
38 40 -1
38 41 -1
38 42 -1
38 44 -1
38 46 -1
38 47 -1
38 48 -1
38 56 -1
39 20 1
39 25 -1
39 35 -1
39 36 -1
39 40 -1
39 41 1
39 42 -1
39 43 -1
39 44 -1
39 45 -1
39 46 -1
39 48 1
39 50 1
39 52 -1
39 54 1
39 63 1
40 7 -1
40 12 1
40 16 -1
40 33 1
40 34 -1
40 35 -1
40 37 -1
40 38 -1
40 39 -1
40 43 1
40 45 -1
40 46 -1
40 47 -1
40 54 -1
40 58 -1
40 62 -1
41 6 -1
41 10 -1
41 17 1
41 21 -1
41 25 -1
41 34 -1
41 36 1
41 37 -1
41 38 -1
41 39 1
41 43 -1
41 44 1
41 45 -1
41 46 1
41 48 -1
41 53 1
42 22 -1
42 33 1
42 34 -1
42 36 -1
42 37 1
42 38 -1
42 39 -1
42 43 -1
42 45 1
42 47 1
42 48 -1
42 53 1
42 62 -1
42 63 -1
42 64 1
43 2 -1
43 10 1
43 11 -1
43 13 -1
43 32 -1
43 33 -1
43 34 -1
43 35 -1
43 39 -1
43 40 1
43 41 -1
43 42 -1
43 44 -1
43 46 1
43 47 -1
43 57 -1
44 6 -1
44 20 -1
44 26 -1
44 27 -1
44 35 1
44 36 1
44 38 -1
44 39 -1
44 41 1
44 43 -1
44 45 -1
44 46 1
44 47 1
44 48 -1
44 54 -1
44 58 -1
45 2 1
45 17 1
45 18 1
45 29 -1
45 33 -1
45 35 1
45 36 -1
45 37 1
45 39 -1
45 40 -1
45 41 -1
45 42 1
45 44 -1
45 48 1
45 54 -1
46 22 1
46 26 1
46 31 -1
46 32 1
46 33 1
46 34 -1
46 35 -1
46 36 -1
46 38 -1
46 39 -1
46 40 -1
46 41 1
46 43 1
46 44 1
46 57 -1
46 64 -1
47 2 1
47 14 1
47 27 -1
47 33 -1
47 34 -1
47 35 -1
47 36 -1
47 37 1
47 38 -1
47 40 -1
47 42 1
47 43 -1
47 44 1
47 49 -1
47 53 -1
48 5 -1
48 7 -1
48 16 -1
48 22 -1
48 26 -1
48 33 -1
48 34 1
48 35 -1
48 37 1
48 38 -1
48 39 1
48 41 -1
48 42 -1
48 44 -1
48 45 1
48 59 1
49 3 -1
49 13 -1
49 19 1
49 35 -1
49 47 -1
49 50 1
49 51 -1
49 52 -1
49 53 -1
49 54 -1
49 57 1
49 59 1
49 61 1
49 63 1
49 64 1
50 1 -1
50 11 -1
50 13 -1
50 19 -1
50 36 -1
50 39 1
50 49 1
50 52 -1
50 54 1
50 55 1
50 56 -1
50 59 -1
50 60 1
50 62 -1
50 63 -1
50 64 -1
51 7 1
51 14 1
51 18 -1
51 20 -1
51 29 -1
51 32 1
51 49 -1
51 53 -1
51 54 1
51 58 -1
51 59 1
51 60 1
51 61 -1
51 62 1
51 63 -1
51 64 -1
52 1 -1
52 4 -1
52 7 -1
52 8 -1
52 25 1
52 39 -1
52 49 -1
52 50 -1
52 54 1
52 55 1
52 56 -1
52 58 -1
52 60 -1
52 61 -1
52 62 1
52 64 -1
53 14 -1
53 33 -1
53 34 -1
53 41 1
53 42 1
53 47 -1
53 49 -1
53 51 -1
53 54 -1
53 55 -1
53 56 -1
53 57 1
53 59 -1
53 60 -1
53 62 -1
53 63 1
54 26 1
54 34 -1
54 39 1
54 40 -1
54 44 -1
54 45 -1
54 49 -1
54 50 1
54 51 1
54 52 1
54 53 -1
54 55 -1
54 57 -1
54 58 -1
54 62 -1
54 63 1
55 2 -1
55 11 -1
55 12 -1
55 17 -1
55 29 -1
55 35 -1
55 50 1
55 52 1
55 53 -1
55 54 -1
55 56 -1
55 58 -1
55 60 -1
55 61 -1
55 62 1
55 63 1
56 15 -1
56 19 -1
56 22 -1
56 32 1
56 33 -1
56 38 -1
56 50 -1
56 52 -1
56 53 -1
56 55 -1
56 58 -1
56 59 -1
56 61 -1
56 62 -1
56 63 -1
56 64 1
57 6 -1
57 16 -1
57 23 1
57 24 1
57 43 -1
57 46 -1
57 49 1
57 53 1
57 54 -1
57 58 -1
57 59 -1
57 60 -1
57 61 -1
57 62 -1
57 63 1
57 64 -1
58 1 1
58 9 -1
58 15 -1
58 22 1
58 40 -1
58 44 -1
58 51 -1
58 52 -1
58 54 -1
58 55 -1
58 56 -1
58 57 -1
58 59 -1
58 60 -1
58 61 -1
58 62 -1
59 8 1
59 9 -1
59 14 -1
59 15 -1
59 48 1
59 49 1
59 50 -1
59 51 1
59 53 -1
59 56 -1
59 57 -1
59 58 -1
59 61 -1
59 63 1
59 64 -1
60 4 -1
60 21 -1
60 23 -1
60 30 -1
60 36 -1
60 50 1
60 51 1
60 52 -1
60 53 -1
60 55 -1
60 57 -1
60 58 -1
60 61 -1
60 62 -1
60 64 1
61 1 -1
61 2 -1
61 14 -1
61 24 -1
61 31 1
61 49 1
61 51 -1
61 52 -1
61 55 -1
61 56 -1
61 57 -1
61 58 -1
61 59 -1
61 60 -1
61 64 -1
62 6 1
62 7 -1
62 24 -1
62 28 -1
62 40 -1
62 42 -1
62 50 -1
62 51 1
62 52 1
62 53 -1
62 54 -1
62 55 1
62 56 -1
62 57 -1
62 58 -1
62 60 -1
63 3 -1
63 10 1
63 28 -1
63 39 1
63 42 -1
63 49 1
63 50 -1
63 51 -1
63 53 1
63 54 1
63 55 1
63 56 -1
63 57 1
63 59 1
63 64 -1
64 19 -1
64 29 1
64 30 -1
64 42 1
64 46 -1
64 49 1
64 50 -1
64 51 -1
64 52 -1
64 56 1
64 57 -1
64 59 -1
64 60 1
64 61 -1
64 63 -1
