1 2 -1
1 5 1
1 6 1
1 7 -1
1 8 -1
1 9 -1
1 10 -1
1 12 -1
1 14 -1
1 15 1
1 23 -1
1 27 1
1 39 -1
1 49 1
1 61 1
1 63 -1
2 1 -1
2 3 -1
2 4 1
2 7 -1
2 8 1
2 9 1
2 11 1
2 13 1
2 14 -1
2 16 -1
2 27 1
2 35 -1
2 40 1
2 53 1
2 54 -1
2 63 1
3 2 -1
3 4 -1
3 5 1
3 6 1
3 7 -1
3 8 -1
3 12 -1
3 13 1
3 14 1
3 16 1
3 24 -1
3 34 -1
3 48 1
3 49 -1
3 61 -1
4 2 1
4 3 -1
4 5 -1
4 7 -1
4 9 1
4 10 -1
4 12 -1
4 13 1
4 15 1
4 16 -1
4 20 -1
4 36 -1
4 39 -1
4 50 -1
4 52 -1
4 53 -1
5 1 1
5 3 1
5 4 -1
5 7 1
5 8 -1
5 9 1
5 11 -1
5 12 1
5 13 1
5 15 -1
5 18 -1
5 22 -1
5 36 1
5 40 1
5 41 -1
5 60 -1
6 1 1
6 3 1
6 7 1
6 8 -1
6 9 -1
6 10 -1
6 11 1
6 12 -1
6 14 1
6 15 1
6 18 -1
6 26 -1
6 41 1
6 50 1
6 54 -1
7 1 -1
7 2 -1
7 3 -1
7 4 -1
7 5 1
7 6 1
7 10 1
7 11 -1
7 13 1
7 14 -1
7 31 -1
7 37 -1
7 41 -1
7 43 1
7 47 1
7 58 1
8 1 -1
8 2 1
8 3 -1
8 5 -1
8 6 -1
8 9 1
8 12 1
8 14 1
8 15 -1
8 16 -1
8 25 1
8 26 -1
8 32 1
8 42 -1
8 60 -1
9 1 -1
9 2 1
9 4 1
9 5 1
9 6 -1
9 8 1
9 10 -1
9 11 -1
9 14 1
9 16 -1
9 23 -1
9 24 -1
9 35 1
9 47 -1
9 48 1
9 57 -1
10 1 -1
10 4 -1
10 6 -1
10 7 1
10 9 -1
10 11 1
10 12 1
10 14 -1
10 15 -1
10 16 1
10 25 -1
10 37 1
10 45 1
10 46 -1
10 53 1
10 54 -1
11 2 1
11 5 -1
11 6 1
11 7 -1
11 9 -1
11 10 1
11 12 1
11 13 -1
11 15 -1
11 16 -1
11 29 -1
11 38 -1
11 56 -1
11 57 -1
11 58 1
11 59 1
12 1 -1
12 3 -1
12 4 -1
12 5 1
12 6 -1
12 8 1
12 10 1
12 11 1
12 13 -1
12 15 1
12 19 -1
12 23 1
12 25 -1
12 29 -1
12 37 -1
12 59 1
13 2 1
13 3 1
13 4 1
13 5 1
13 7 1
13 11 -1
13 12 -1
13 14 -1
13 15 -1
13 16 1
13 27 -1
13 37 -1
13 43 1
13 51 1
13 59 -1
13 63 -1
14 1 -1
14 2 -1
14 3 1
14 6 1
14 7 -1
14 8 1
14 9 1
14 10 -1
14 13 -1
14 16 -1
14 32 -1
14 34 -1
14 41 -1
14 43 -1
14 54 -1
14 55 1
15 1 1
15 4 1
15 5 -1
15 6 1
15 8 -1
15 10 -1
15 11 -1
15 12 1
15 13 -1
15 16 -1
15 29 -1
15 46 -1
15 49 -1
15 64 1
16 2 -1
16 3 1
16 4 -1
16 8 -1
16 9 -1
16 10 1
16 11 -1
16 13 1
16 14 -1
16 15 -1
16 28 -1
16 36 -1
16 48 -1
16 50 -1
16 60 1
17 18 1
17 19 1
17 22 -1
17 23 1
17 24 -1
17 25 -1
17 26 -1
17 27 -1
17 29 -1
17 30 -1
17 42 -1
17 45 -1
17 55 -1
17 61 -1
17 64 1
18 5 -1
18 6 -1
18 17 1
18 19 -1
18 21 1
18 22 1
18 23 -1
18 25 -1
18 27 -1
18 28 1
18 29 -1
18 32 1
18 37 -1
18 43 -1
18 45 1
18 63 1
19 12 -1
19 17 1
19 18 -1
19 23 -1
19 25 1
19 26 1
19 27 1
19 29 1
19 30 1
19 31 -1
19 32 1
19 36 -1
19 40 -1
19 42 -1
19 47 -1
19 52 -1
20 4 -1
20 21 1
20 22 -1
20 25 1
20 26 -1
20 27 -1
20 28 -1
20 29 1
20 30 1
20 31 -1
20 32 -1
20 41 -1
20 42 1
20 54 -1
20 55 1
20 60 1
21 18 1
21 20 1
21 22 1
21 24 -1
21 26 -1
21 27 -1
21 28 -1
21 29 -1
21 30 -1
21 31 -1
21 33 1
21 51 1
21 52 1
21 55 1
21 56 -1
22 5 -1
22 17 -1
22 18 1
22 20 -1
22 21 1
22 23 -1
22 24 -1
22 27 1
22 29 1
22 30 -1
22 32 1
22 46 -1
22 48 -1
22 56 -1
22 58 -1
22 61 1
23 1 -1
23 9 -1
23 12 1
23 17 1
23 18 -1
23 19 -1
23 22 -1
23 24 1
23 25 1
23 26 -1
23 28 -1
23 31 1
23 32 -1
23 35 -1
23 45 1
23 64 -1
24 3 -1
24 9 -1
24 17 -1
24 21 -1
24 22 -1
24 23 1
24 25 -1
24 26 1
24 27 1
24 29 1
24 30 -1
24 31 1
24 35 1
24 44 -1
24 46 -1
25 8 1
25 10 -1
25 12 -1
25 17 -1
25 18 -1
25 19 1
25 20 1
25 23 1
25 24 -1
25 27 -1
25 28 -1
25 30 -1
25 31 -1
25 36 1
25 40 1
25 56 -1
26 6 -1
26 8 -1
26 17 -1
26 19 1
26 20 -1
26 21 -1
26 23 -1
26 24 1
26 28 -1
26 29 1
26 31 -1
26 32 1
26 39 -1
26 53 1
27 1 1
27 2 1
27 13 -1
27 17 -1
27 18 -1
27 19 1
27 20 -1
27 21 -1
27 22 1
27 24 1
27 25 -1
27 31 -1
27 32 -1
27 50 -1
27 57 -1
27 63 1
28 16 -1
28 18 1
28 20 -1
28 21 -1
28 23 -1
28 25 -1
28 26 -1
28 29 1
28 30 1
28 31 1
28 32 -1
28 46 1
28 52 1
28 53 -1
28 60 -1
29 11 -1
29 12 -1
29 15 -1
29 17 -1
29 18 -1
29 19 1
29 20 1
29 21 -1
29 22 1
29 24 1
29 26 1
29 28 1
29 30 -1
29 34 1
29 38 1
29 56 1
30 17 -1
30 19 1
30 20 1
30 21 -1
30 22 -1
30 24 -1
30 25 -1
30 28 1
30 29 -1
30 32 1
30 33 -1
30 34 -1
30 44 1
30 47 -1
30 62 1
31 7 -1
31 19 -1
31 20 -1
31 21 -1
31 23 1
31 24 1
31 25 -1
31 26 -1
31 27 -1
31 28 1
31 32 1
31 38 -1
31 42 -1
31 44 1
31 49 1
31 58 -1
32 8 1
32 14 -1
32 18 1
32 19 1
32 20 -1
32 22 1
32 23 -1
32 26 1
32 27 -1
32 28 -1
32 30 1
32 31 1
32 41 1
32 47 1
32 51 -1
32 59 1
33 21 1
33 30 -1
33 36 -1
33 37 -1
33 38 -1
33 39 -1
33 40 -1
33 41 1
33 42 -1
33 43 -1
33 47 -1
33 48 -1
33 50 -1
33 51 -1
33 52 -1
33 56 -1
34 3 -1
34 14 -1
34 29 1
34 30 -1
34 37 -1
34 38 1
34 39 -1
34 42 -1
34 43 1
34 44 -1
34 45 1
34 46 -1
34 47 -1
34 48 1
34 62 1
35 2 -1
35 9 1
35 23 -1
35 24 1
35 37 -1
35 39 1
35 40 -1
35 41 -1
35 43 -1
35 44 -1
35 45 -1
35 46 1
35 47 1
35 48 1
35 52 -1
35 58 -1
36 4 -1
36 5 1
36 16 -1
36 19 -1
36 25 1
36 33 -1
36 37 -1
36 38 -1
36 40 1
36 41 1
36 42 1
36 44 1
36 45 -1
36 46 -1
36 48 -1
36 57 -1
37 7 -1
37 10 1
37 12 -1
37 13 -1
37 18 -1
37 33 -1
37 34 -1
37 35 -1
37 36 -1
37 39 -1
37 40 -1
37 41 1
37 42 1
37 43 -1
37 44 1
37 57 1
38 11 -1
38 29 1
38 31 -1
38 33 -1
38 34 1
38 36 -1
38 40 -1
38 41 1
38 42 1
38 44 -1
38 45 -1
38 46 -1
38 48 1
38 51 -1
38 59 -1
38 61 -1
39 1 -1
39 4 -1
39 26 -1
39 33 -1
39 34 -1
39 35 1
39 37 -1
39 40 1
39 42 -1
39 43 -1
39 44 1
39 45 1
39 47 1
39 49 -1
39 58 -1
39 62 1
40 2 1
40 5 1
40 19 -1
40 25 1
40 33 -1
40 35 -1
40 36 1
40 37 -1
40 38 -1
40 39 1
40 41 1
40 46 -1
40 47 1
40 48 -1
40 61 1
40 63 -1
41 5 -1
41 6 1
41 7 -1
41 14 -1
41 20 -1
41 32 1
41 33 1
41 35 -1
41 36 1
41 37 1
41 38 1
41 40 1
41 42 -1
41 46 -1
41 47 -1
41 48 1
42 8 -1
42 17 -1
42 19 -1
42 20 1
42 31 -1
42 33 -1
42 34 -1
42 36 1
42 37 1
42 38 1
42 39 -1
42 41 -1
42 45 -1
42 46 -1
42 47 1
42 51 1
43 7 1
43 13 1
43 14 -1
43 18 -1
43 33 -1
43 34 1
43 35 -1
43 37 -1
43 39 -1
43 44 1
43 45 -1
43 46 -1
43 47 -1
43 48 -1
43 54 1
43 64 1
44 24 -1
44 30 1
44 31 1
44 34 -1
44 35 -1
44 36 1
44 37 1
44 38 -1
44 39 1
44 43 1
44 45 -1
44 46 -1
44 48 -1
44 62 -1
45 10 1
45 17 -1
45 18 1
45 23 1
45 34 1
45 35 -1
45 36 -1
45 38 -1
45 39 1
45 42 -1
45 43 -1
45 44 -1
45 46 1
45 47 1
45 59 -1
45 64 -1
46 10 -1
46 15 -1
46 22 -1
46 24 -1
46 28 1
46 34 -1
46 35 1
46 36 -1
46 38 -1
46 40 -1
46 41 -1
46 42 -1
46 43 -1
46 44 -1
46 45 1
46 57 -1
47 7 1
47 9 -1
47 19 -1
47 30 -1
47 32 1
47 33 -1
47 34 -1
47 35 1
47 39 1
47 40 1
47 41 -1
47 42 1
47 43 -1
47 45 1
47 48 1
47 50 -1
48 3 1
48 9 1
48 16 -1
48 22 -1
48 33 -1
48 34 1
48 35 1
48 36 -1
48 38 1
48 40 -1
48 41 1
48 43 -1
48 44 -1
48 47 1
48 53 -1
49 1 1
49 3 -1
49 15 -1
49 31 1
49 39 -1
49 50 1
49 51 -1
49 52 -1
49 55 1
49 56 -1
49 57 -1
49 58 -1
49 60 -1
49 61 -1
49 62 -1
50 4 -1
50 6 1
50 16 -1
50 27 -1
50 33 -1
50 47 -1
50 49 1
50 51 -1
50 54 -1
50 55 -1
50 56 -1
50 58 1
50 59 1
50 61 -1
50 63 -1
50 64 -1
51 13 1
51 21 1
51 32 -1
51 33 -1
51 38 -1
51 42 1
51 49 -1
51 50 -1
51 52 1
51 53 -1
51 54 -1
51 56 -1
51 57 -1
51 58 1
51 59 -1
51 61 -1
52 4 -1
52 19 -1
52 21 1
52 28 1
52 33 -1
52 35 -1
52 49 -1
52 51 1
52 53 -1
52 55 -1
52 56 -1
52 58 -1
52 59 -1
52 61 1
52 62 1
52 64 -1
53 2 1
53 4 -1
53 10 1
53 26 1
53 28 -1
53 48 -1
53 51 -1
53 52 -1
53 54 1
53 55 -1
53 56 -1
53 57 1
53 59 -1
53 60 -1
53 62 1
53 63 1
54 2 -1
54 6 -1
54 10 -1
54 14 -1
54 20 -1
54 43 1
54 50 -1
54 51 -1
54 53 1
54 55 -1
54 57 1
54 58 -1
54 60 -1
54 61 1
54 62 1
54 63 -1
55 14 1
55 17 -1
55 20 1
55 21 1
55 49 1
55 50 -1
55 52 -1
55 53 -1
55 54 -1
55 58 -1
55 59 1
55 62 -1
55 63 1
55 64 -1
56 11 -1
56 21 -1
56 22 -1
56 25 -1
56 29 1
56 33 -1
56 49 -1
56 50 -1
56 51 -1
56 52 -1
56 53 -1
56 57 1
56 60 -1
56 61 1
56 62 -1
56 63 -1
57 9 -1
57 11 -1
57 27 -1
57 36 -1
57 37 1
57 46 -1
57 49 -1
57 51 -1
57 53 1
57 54 1
57 56 1
57 58 -1
57 59 -1
57 60 1
57 62 -1
57 64 1
58 7 1
58 11 1
58 22 -1
58 31 -1
58 35 -1
58 39 -1
58 49 -1
58 50 1
58 51 1
58 52 -1
58 54 -1
58 55 -1
58 57 -1
58 61 -1
58 63 1
58 64 1
59 11 1
59 12 1
59 13 -1
59 32 1
59 38 -1
59 45 -1
59 50 1
59 51 -1
59 52 -1
59 53 -1
59 55 1
59 57 -1
59 60 1
59 61 -1
59 63 -1
59 64 1
60 5 -1
60 8 -1
60 16 1
60 20 1
60 28 -1
60 49 -1
60 53 -1
60 54 -1
60 56 -1
60 57 1
60 59 1
60 61 1
60 62 1
60 63 -1
60 64 1
61 1 1
61 3 -1
61 17 -1
61 22 1
61 38 -1
61 40 1
61 49 -1
61 50 -1
61 51 -1
61 52 1
61 54 1
61 56 1
61 58 -1
61 59 -1
61 60 1
61 64 1
62 30 1
62 34 1
62 39 1
62 44 -1
62 49 -1
62 52 1
62 53 1
62 54 1
62 55 -1
62 56 -1
62 57 -1
62 60 1
62 63 1
62 64 -1
63 1 -1
63 2 1
63 13 -1
63 18 1
63 27 1
63 40 -1
63 50 -1
63 53 1
63 54 -1
63 55 1
63 56 -1
63 58 1
63 59 -1
63 60 -1
63 62 1
63 64 1
64 15 1
64 17 1
64 23 -1
64 43 1
64 45 -1
64 50 -1
64 52 -1
64 55 -1
64 57 1
64 58 1
64 59 1
64 60 1
64 61 1
64 62 -1
64 63 1
