1 3 -1
1 5 -1
1 6 1
1 7 -1
1 8 1
1 9 -1
1 11 -1
1 12 -1
1 13 -1
1 16 -1
1 27 1
1 37 -1
1 43 -1
1 45 1
2 3 -1
2 4 -1
2 5 1
2 8 -1
2 9 -1
2 11 1
2 13 -1
2 14 1
2 15 -1
2 16 -1
2 17 -1
2 21 1
2 40 -1
2 42 -1
2 55 -1
2 59 -1
3 1 -1
3 2 -1
3 4 1
3 5 -1
3 6 -1
3 8 -1
3 9 -1
3 10 1
3 13 -1
3 16 1
3 17 -1
3 32 -1
3 35 -1
3 52 -1
3 54 -1
3 60 -1
4 2 -1
4 3 1
4 6 -1
4 7 -1
4 8 1
4 9 -1
4 11 1
4 12 -1
4 13 1
4 15 -1
4 27 -1
4 43 -1
4 45 -1
4 59 -1
4 61 -1
5 1 -1
5 2 1
5 3 -1
5 6 -1
5 7 -1
5 8 1
5 9 -1
5 10 -1
5 12 -1
5 14 -1
5 24 -1
5 47 -1
5 54 -1
5 57 -1
5 62 -1
5 64 1
6 1 1
6 3 -1
6 4 -1
6 5 -1
6 7 1
6 9 1
6 10 1
6 12 1
6 15 -1
6 16 -1
6 22 -1
6 42 -1
6 51 -1
6 59 -1
6 60 1
6 61 1
7 1 -1
7 4 -1
7 5 -1
7 6 1
7 9 -1
7 10 -1
7 11 1
7 12 -1
7 13 1
7 14 1
7 21 -1
7 28 -1
7 29 1
7 31 1
7 40 -1
7 64 -1
8 1 1
8 2 -1
8 3 -1
8 4 1
8 5 1
8 9 1
8 11 -1
8 12 -1
8 14 1
8 15 -1
8 19 -1
8 44 -1
8 57 -1
8 62 -1
9 1 -1
9 2 -1
9 3 -1
9 4 -1
9 5 -1
9 6 1
9 7 -1
9 8 1
9 10 -1
9 11 -1
9 25 -1
9 43 -1
9 48 1
9 56 -1
10 3 1
10 5 -1
10 6 1
10 7 -1
10 9 -1
10 11 -1
10 13 -1
10 14 -1
10 15 -1
10 16 -1
10 21 -1
10 26 -1
10 28 1
10 48 1
10 60 -1
10 63 1
11 1 -1
11 2 1
11 4 1
11 7 1
11 8 -1
11 9 -1
11 10 -1
11 14 -1
11 15 -1
11 16 -1
11 19 -1
11 27 -1
11 29 -1
11 33 -1
11 39 -1
11 41 1
12 1 -1
12 4 -1
12 5 -1
12 6 1
12 7 -1
12 8 -1
12 13 -1
12 14 -1
12 15 -1
12 16 -1
12 31 -1
12 44 -1
12 46 1
12 55 -1
12 60 -1
13 1 -1
13 2 -1
13 3 -1
13 4 1
13 7 1
13 10 -1
13 12 -1
13 14 -1
13 15 -1
13 16 -1
13 21 -1
13 23 1
13 26 -1
13 39 -1
13 54 1
13 63 -1
14 2 1
14 5 -1
14 7 1
14 8 1
14 10 -1
14 11 -1
14 12 -1
14 13 -1
14 15 -1
14 16 -1
14 22 -1
14 24 -1
14 38 1
14 47 -1
14 50 -1
14 60 -1
15 2 -1
15 4 -1
15 6 -1
15 8 -1
15 10 -1
15 11 -1
15 12 -1
15 13 -1
15 14 -1
15 16 1
15 23 1
15 24 1
15 26 -1
15 33 1
15 37 -1
15 49 -1
16 1 -1
16 2 -1
16 3 1
16 6 -1
16 10 -1
16 11 -1
16 12 -1
16 13 -1
16 14 -1
16 15 1
16 23 -1
16 30 -1
16 35 -1
16 40 -1
16 41 1
16 55 -1
17 2 -1
17 3 -1
17 18 -1
17 20 -1
17 21 -1
17 22 -1
17 23 -1
17 26 -1
17 27 -1
17 28 1
17 30 -1
17 31 -1
17 41 -1
17 51 1
17 57 -1
17 59 -1
18 17 -1
18 21 1
18 22 1
18 23 1
18 25 -1
18 26 -1
18 27 -1
18 28 -1
18 29 1
18 30 1
18 36 -1
18 42 -1
18 46 -1
18 47 -1
18 50 1
19 8 -1
19 11 -1
19 21 -1
19 22 -1
19 23 1
19 24 -1
19 25 -1
19 26 -1
19 27 -1
19 28 -1
19 29 -1
19 31 -1
19 37 1
19 39 -1
19 51 1
20 17 -1
20 21 -1
20 23 -1
20 24 -1
20 26 -1
20 27 -1
20 28 -1
20 30 -1
20 31 -1
20 32 -1
20 36 -1
20 38 1
20 43 -1
20 48 -1
20 50 -1
20 52 -1
21 2 1
21 7 -1
21 10 -1
21 13 -1
21 17 -1
21 18 1
21 19 -1
21 20 -1
21 22 1
21 25 1
21 26 -1
21 28 -1
21 29 1
21 30 1
21 39 -1
21 49 -1
22 6 -1
22 14 -1
22 17 -1
22 18 1
22 19 -1
22 21 1
22 23 -1
22 24 -1
22 25 1
22 30 1
22 31 -1
22 32 -1
22 48 1
22 50 1
22 58 -1
22 62 -1
23 13 1
23 15 1
23 16 -1
23 17 -1
23 18 1
23 19 1
23 20 -1
23 22 -1
23 25 1
23 27 1
23 29 -1
23 30 -1
23 32 1
23 50 -1
23 55 -1
23 63 -1
24 5 -1
24 14 -1
24 15 1
24 19 -1
24 20 -1
24 22 -1
24 25 -1
24 26 1
24 27 -1
24 29 -1
24 30 -1
24 31 1
24 32 1
24 34 1
24 36 -1
24 38 -1
25 9 -1
25 18 -1
25 19 -1
25 21 1
25 22 1
25 23 1
25 24 -1
25 26 1
25 28 -1
25 29 -1
25 32 1
25 34 1
25 40 -1
25 44 -1
25 58 1
26 10 -1
26 13 -1
26 15 -1
26 17 -1
26 18 -1
26 19 -1
26 20 -1
26 21 -1
26 24 1
26 25 1
26 28 -1
26 31 -1
26 32 -1
26 45 -1
26 61 -1
26 64 -1
27 1 1
27 4 -1
27 11 -1
27 17 -1
27 18 -1
27 19 -1
27 20 -1
27 23 1
27 24 -1
27 29 -1
27 30 -1
27 31 -1
27 32 1
27 49 -1
27 53 -1
28 7 -1
28 10 1
28 17 1
28 18 -1
28 19 -1
28 20 -1
28 21 -1
28 25 -1
28 26 -1
28 29 1
28 31 -1
28 32 -1
28 51 -1
28 54 1
28 55 -1
28 62 -1
29 7 1
29 11 -1
29 18 1
29 19 -1
29 21 1
29 23 -1
29 24 -1
29 25 -1
29 27 -1
29 28 1
29 31 1
29 32 1
29 33 -1
29 47 -1
29 52 -1
29 53 -1
30 16 -1
30 17 -1
30 18 1
30 20 -1
30 21 1
30 22 1
30 23 -1
30 24 -1
30 27 -1
30 31 1
30 32 1
30 41 -1
30 46 -1
30 52 1
30 54 -1
30 58 -1
31 7 1
31 12 -1
31 17 -1
31 19 -1
31 20 -1
31 22 -1
31 24 1
31 26 -1
31 27 -1
31 28 -1
31 29 1
31 30 1
31 33 1
31 44 -1
31 52 1
32 3 -1
32 20 -1
32 22 -1
32 23 1
32 24 1
32 25 1
32 26 -1
32 27 1
32 28 -1
32 29 1
32 30 1
32 35 1
32 41 -1
32 42 -1
32 50 -1
32 53 -1
33 11 -1
33 15 1
33 29 -1
33 31 1
33 34 1
33 37 -1
33 38 1
33 42 -1
33 43 -1
33 44 -1
33 45 -1
33 46 -1
33 47 1
33 48 -1
33 49 -1
33 56 1
34 24 1
34 25 1
34 33 1
34 35 -1
34 37 1
34 38 1
34 39 -1
34 40 -1
34 41 -1
34 43 1
34 44 1
34 45 1
34 61 -1
34 62 -1
34 64 -1
35 3 -1
35 16 -1
35 32 1
35 34 -1
35 36 -1
35 37 1
35 38 -1
35 39 -1
35 42 1
35 43 -1
35 44 1
35 46 -1
35 48 1
35 52 -1
35 54 1
35 56 1
36 18 -1
36 20 -1
36 24 -1
36 35 -1
36 37 -1
36 39 1
36 40 -1
36 41 -1
36 42 1
36 45 -1
36 46 1
36 47 -1
36 48 1
36 53 -1
36 57 1
37 1 -1
37 15 -1
37 19 1
37 33 -1
37 34 1
37 35 1
37 36 -1
37 39 -1
37 40 -1
37 42 -1
37 43 1
37 44 -1
37 48 -1
37 56 1
37 64 -1
38 14 1
38 20 1
38 24 -1
38 33 1
38 34 1
38 35 -1
38 39 -1
38 40 -1
38 41 -1
38 45 -1
38 46 1
38 47 -1
38 48 -1
38 53 -1
38 57 -1
38 63 -1
39 11 -1
39 13 -1
39 19 -1
39 21 -1
39 34 -1
39 35 -1
39 36 1
39 37 -1
39 38 -1
39 40 1
39 41 -1
39 44 1
39 46 -1
39 47 1
39 59 -1
39 63 -1
40 2 -1
40 7 -1
40 16 -1
40 25 -1
40 34 -1
40 36 -1
40 37 -1
40 38 -1
40 39 1
40 41 -1
40 42 -1
40 44 -1
40 45 1
40 47 -1
40 49 -1
41 11 1
41 16 1
41 17 -1
41 30 -1
41 32 -1
41 34 -1
41 36 -1
41 38 -1
41 39 -1
41 40 -1
41 42 -1
41 43 1
41 44 1
41 45 1
41 47 -1
41 60 -1
42 2 -1
42 6 -1
42 18 -1
42 32 -1
42 33 -1
42 35 1
42 36 1
42 37 -1
42 40 -1
42 41 -1
42 43 1
42 44 -1
42 46 1
42 48 -1
42 58 -1
42 62 -1
43 1 -1
43 4 -1
43 9 -1
43 20 -1
43 33 -1
43 34 1
43 35 -1
43 37 1
43 41 1
43 42 1
43 45 1
43 46 -1
43 47 1
43 48 -1
43 63 -1
43 64 1
44 8 -1
44 12 -1
44 25 -1
44 31 -1
44 33 -1
44 34 1
44 35 1
44 37 -1
44 39 1
44 40 -1
44 41 1
44 42 -1
44 46 1
44 48 -1
44 57 -1
45 1 1
45 4 -1
45 26 -1
45 33 -1
45 34 1
45 36 -1
45 38 -1
45 40 1
45 41 1
45 43 1
45 46 -1
45 47 -1
45 48 -1
45 51 -1
45 61 -1
46 12 1
46 18 -1
46 30 -1
46 33 -1
46 35 -1
46 36 1
46 38 1
46 39 -1
46 42 1
46 43 -1
46 44 1
46 45 -1
46 47 1
46 55 -1
46 58 -1
47 5 -1
47 14 -1
47 18 -1
47 29 -1
47 33 1
47 36 -1
47 38 -1
47 39 1
47 40 -1
47 41 -1
47 43 1
47 45 -1
47 46 1
47 48 -1
47 51 -1
47 59 -1
48 9 1
48 10 1
48 20 -1
48 22 1
48 33 -1
48 35 1
48 36 1
48 37 -1
48 38 -1
48 42 -1
48 43 -1
48 44 -1
48 45 -1
48 47 -1
48 49 -1
48 53 1
49 15 -1
49 21 -1
49 27 -1
49 33 -1
49 40 -1
49 48 -1
49 51 1
49 52 1
49 54 1
49 55 1
49 58 -1
49 59 -1
49 60 -1
49 61 -1
49 62 -1
49 63 -1
50 14 -1
50 18 1
50 20 -1
50 22 1
50 23 -1
50 32 -1
50 51 1
50 52 1
50 53 -1
50 54 -1
50 55 1
50 56 -1
50 57 1
50 59 -1
50 60 -1
50 64 -1
51 6 -1
51 17 1
51 19 1
51 28 -1
51 45 -1
51 47 -1
51 49 1
51 50 1
51 53 1
51 54 -1
51 55 -1
51 58 1
51 59 1
51 61 -1
51 63 -1
51 64 1
52 3 -1
52 20 -1
52 29 -1
52 30 1
52 31 1
52 35 -1
52 49 1
52 50 1
52 53 -1
52 56 1
52 57 1
52 58 -1
52 60 -1
52 61 -1
52 62 -1
52 64 -1
53 27 -1
53 29 -1
53 32 -1
53 36 -1
53 38 -1
53 48 1
53 50 -1
53 51 1
53 52 -1
53 55 -1
53 56 -1
53 57 -1
53 61 1
53 62 -1
53 63 1
53 64 1
54 3 -1
54 5 -1
54 13 1
54 28 1
54 30 -1
54 35 1
54 49 1
54 50 -1
54 51 -1
54 56 1
54 57 -1
54 58 -1
54 59 1
54 60 -1
54 61 -1
54 62 1
55 2 -1
55 12 -1
55 16 -1
55 23 -1
55 28 -1
55 46 -1
55 49 1
55 50 1
55 51 -1
55 53 -1
55 57 -1
55 60 -1
55 61 -1
55 62 -1
55 63 -1
55 64 -1
56 9 -1
56 33 1
56 35 1
56 37 1
56 50 -1
56 52 1
56 53 -1
56 54 1
56 57 -1
56 59 -1
56 60 -1
56 62 1
56 63 1
56 64 -1
57 5 -1
57 8 -1
57 17 -1
57 36 1
57 38 -1
57 44 -1
57 50 1
57 52 1
57 53 -1
57 54 -1
57 55 -1
57 56 -1
57 58 1
57 60 1
57 62 -1
57 63 1
58 22 -1
58 25 1
58 30 -1
58 42 -1
58 46 -1
58 49 -1
58 51 1
58 52 -1
58 54 -1
58 57 1
58 59 -1
58 60 -1
58 61 -1
58 63 1
58 64 -1
59 2 -1
59 4 -1
59 6 -1
59 17 -1
59 39 -1
59 47 -1
59 49 -1
59 50 -1
59 51 1
59 54 1
59 56 -1
59 58 -1
59 60 -1
59 62 -1
59 63 -1
59 64 -1
60 3 -1
60 6 1
60 10 -1
60 12 -1
60 14 -1
60 41 -1
60 49 -1
60 50 -1
60 52 -1
60 54 -1
60 55 -1
60 56 -1
60 57 1
60 58 -1
60 59 -1
60 61 -1
61 4 -1
61 6 1
61 26 -1
61 34 -1
61 45 -1
61 49 -1
61 51 -1
61 52 -1
61 53 1
61 54 -1
61 55 -1
61 58 -1
61 60 -1
61 62 -1
61 64 -1
62 5 -1
62 8 -1
62 22 -1
62 28 -1
62 34 -1
62 42 -1
62 49 -1
62 52 -1
62 53 -1
62 54 1
62 55 -1
62 56 1
62 57 -1
62 59 -1
62 61 -1
62 63 -1
63 10 1
63 13 -1
63 23 -1
63 38 -1
63 39 -1
63 43 -1
63 49 -1
63 51 -1
63 53 1
63 55 -1
63 56 1
63 57 1
63 58 1
63 59 -1
63 62 -1
63 64 1
64 5 1
64 7 -1
64 26 -1
64 34 -1
64 37 -1
64 43 1
64 50 -1
64 51 1
64 52 -1
64 53 1
64 55 -1
64 56 -1
64 58 -1
64 59 -1
64 61 -1
64 63 1
