1 3 1
1 5 -1
1 7 -1
1 8 -1
1 9 -1
1 11 1
1 12 -1
1 13 -1
1 15 1
1 16 -1
1 24 -1
1 32 -1
1 47 -1
1 50 1
1 61 -1
2 3 -1
2 5 -1
2 7 -1
2 8 -1
2 9 -1
2 10 -1
2 11 -1
2 13 -1
2 14 -1
2 16 -1
2 37 -1
2 39 -1
2 45 -1
2 51 -1
2 61 1
2 62 -1
3 1 1
3 2 -1
3 5 -1
3 6 -1
3 8 -1
3 9 -1
3 11 -1
3 12 -1
3 14 -1
3 15 -1
3 40 -1
3 47 -1
3 56 -1
3 57 -1
3 60 -1
4 5 -1
4 6 -1
4 7 -1
4 8 -1
4 10 -1
4 11 -1
4 13 -1
4 14 -1
4 15 -1
4 16 -1
4 18 -1
4 30 -1
4 44 -1
4 50 1
4 59 -1
5 1 -1
5 2 -1
5 3 -1
5 4 -1
5 6 -1
5 8 -1
5 9 -1
5 11 1
5 13 -1
5 15 -1
5 17 -1
5 33 1
5 38 1
5 44 -1
5 48 -1
5 58 1
6 3 -1
6 4 -1
6 5 -1
6 10 -1
6 11 -1
6 12 -1
6 13 -1
6 14 -1
6 15 1
6 16 1
6 17 -1
6 21 -1
6 38 -1
6 52 -1
6 63 1
6 64 1
7 1 -1
7 2 -1
7 4 -1
7 8 -1
7 9 -1
7 10 -1
7 11 -1
7 12 1
7 13 -1
7 14 1
7 26 -1
7 37 -1
7 41 -1
7 46 -1
7 52 -1
8 1 -1
8 2 -1
8 3 -1
8 4 -1
8 5 -1
8 7 -1
8 9 -1
8 10 1
8 11 -1
8 16 -1
8 20 -1
8 36 1
8 37 -1
8 42 1
8 53 -1
8 55 -1
9 1 -1
9 2 -1
9 3 -1
9 5 -1
9 7 -1
9 8 -1
9 11 -1
9 12 -1
9 15 -1
9 16 -1
9 24 -1
9 27 -1
9 32 -1
9 41 -1
9 46 -1
9 58 1
10 2 -1
10 4 -1
10 6 -1
10 7 -1
10 8 1
10 12 -1
10 13 -1
10 14 -1
10 15 1
10 16 -1
10 24 -1
10 32 -1
10 36 -1
10 40 -1
10 54 -1
10 62 -1
11 1 1
11 2 -1
11 3 -1
11 4 -1
11 5 1
11 6 -1
11 7 -1
11 8 -1
11 9 -1
11 12 -1
11 31 -1
11 44 -1
11 46 -1
11 55 -1
11 61 -1
11 64 -1
12 1 -1
12 3 -1
12 6 -1
12 7 1
12 9 -1
12 10 -1
12 11 -1
12 13 -1
12 14 -1
12 15 -1
12 28 -1
12 39 1
12 49 -1
12 56 -1
12 59 -1
12 63 -1
13 1 -1
13 2 -1
13 4 -1
13 5 -1
13 6 -1
13 7 -1
13 10 -1
13 12 -1
13 14 1
13 16 -1
13 20 -1
13 23 -1
13 35 -1
13 42 -1
13 51 1
13 57 -1
14 2 -1
14 3 -1
14 4 -1
14 6 -1
14 7 1
14 10 -1
14 12 -1
14 13 1
14 15 -1
14 16 1
14 21 -1
14 30 -1
14 34 -1
14 50 -1
14 57 -1
14 64 -1
15 1 1
15 3 -1
15 4 -1
15 5 -1
15 6 1
15 9 -1
15 10 1
15 12 -1
15 14 -1
15 16 -1
15 27 -1
15 31 -1
15 42 -1
15 53 1
15 56 -1
15 57 -1
16 1 -1
16 2 -1
16 4 -1
16 6 1
16 8 -1
16 9 -1
16 10 -1
16 13 -1
16 14 1
16 15 -1
16 31 -1
16 32 -1
16 33 -1
16 34 -1
16 55 1
16 59 -1
17 5 -1
17 6 -1
17 20 1
17 21 1
17 22 -1
17 23 1
17 24 -1
17 25 -1
17 26 -1
17 27 1
17 30 1
17 32 -1
17 42 -1
17 47 -1
17 52 1
17 60 -1
18 4 -1
18 19 1
18 20 -1
18 23 -1
18 25 -1
18 26 -1
18 27 -1
18 29 -1
18 30 -1
18 31 -1
18 32 -1
18 36 1
18 43 -1
18 45 -1
18 50 -1
19 18 1
19 20 1
19 22 -1
19 24 1
19 26 1
19 28 -1
19 29 -1
19 30 -1
19 31 1
19 32 -1
19 36 -1
19 42 -1
19 44 -1
19 49 -1
19 53 -1
19 60 1
20 8 -1
20 13 -1
20 17 1
20 18 -1
20 19 1
20 21 -1
20 22 1
20 23 -1
20 27 1
20 28 -1
20 29 1
20 30 -1
20 38 1
20 43 -1
20 46 -1
20 62 -1
21 6 -1
21 14 -1
21 17 1
21 20 -1
21 22 -1
21 23 -1
21 24 1
21 26 -1
21 28 -1
21 29 -1
21 30 -1
21 32 -1
21 47 -1
21 50 -1
21 60 -1
21 61 1
22 17 -1
22 19 -1
22 20 1
22 21 -1
22 24 -1
22 25 -1
22 26 -1
22 27 -1
22 29 1
22 32 -1
22 34 -1
22 38 -1
22 46 -1
22 50 -1
22 52 -1
22 62 -1
23 13 -1
23 17 1
23 18 -1
23 20 -1
23 21 -1
23 24 -1
23 25 -1
23 26 -1
23 28 -1
23 31 1
23 32 1
23 44 -1
23 48 -1
23 55 -1
23 58 1
23 63 -1
24 1 -1
24 9 -1
24 10 -1
24 17 -1
24 19 1
24 21 1
24 22 -1
24 23 -1
24 25 -1
24 26 -1
24 27 1
24 29 -1
24 32 -1
24 40 -1
24 63 -1
25 17 -1
25 18 -1
25 22 -1
25 23 -1
25 24 -1
25 26 -1
25 27 1
25 29 -1
25 30 -1
25 31 -1
25 33 -1
25 37 1
25 38 -1
25 43 -1
25 46 -1
25 53 -1
26 7 -1
26 17 -1
26 18 -1
26 19 1
26 21 -1
26 22 -1
26 23 -1
26 24 -1
26 25 -1
26 28 -1
26 31 -1
26 40 -1
26 51 1
26 53 1
26 54 -1
27 9 -1
27 15 -1
27 17 1
27 18 -1
27 20 1
27 22 -1
27 24 1
27 25 1
27 28 -1
27 30 -1
27 31 1
27 32 -1
27 35 -1
27 36 -1
27 48 -1
27 58 -1
28 12 -1
28 19 -1
28 20 -1
28 21 -1
28 23 -1
28 26 -1
28 27 -1
28 29 -1
28 30 -1
28 31 -1
28 32 1
28 40 1
28 49 1
28 59 -1
28 62 -1
28 63 -1
29 18 -1
29 19 -1
29 20 1
29 21 -1
29 22 1
29 24 -1
29 25 -1
29 28 -1
29 30 -1
29 31 -1
29 33 -1
29 35 -1
29 39 -1
29 44 -1
29 51 -1
29 61 -1
30 4 -1
30 14 -1
30 17 1
30 18 -1
30 19 -1
30 20 -1
30 21 -1
30 25 -1
30 27 -1
30 28 -1
30 29 -1
30 31 -1
30 41 1
30 51 -1
30 61 -1
30 62 -1
31 11 -1
31 15 -1
31 16 -1
31 18 -1
31 19 1
31 23 1
31 25 -1
31 26 -1
31 27 1
31 28 -1
31 29 -1
31 30 -1
31 32 -1
31 37 -1
31 41 1
32 1 -1
32 9 -1
32 10 -1
32 16 -1
32 17 -1
32 18 -1
32 19 -1
32 21 -1
32 22 -1
32 23 1
32 24 -1
32 27 -1
32 28 1
32 31 -1
32 47 -1
32 48 -1
33 5 1
33 16 -1
33 25 -1
33 29 -1
33 34 -1
33 36 -1
33 37 -1
33 38 -1
33 40 -1
33 41 -1
33 43 -1
33 44 1
33 45 -1
33 47 -1
33 52 -1
33 54 1
34 14 -1
34 16 -1
34 22 -1
34 33 -1
34 35 -1
34 37 1
34 38 -1
34 39 1
34 41 -1
34 43 1
34 44 -1
34 45 -1
34 48 -1
34 56 -1
34 57 1
34 59 -1
35 13 -1
35 27 -1
35 29 -1
35 34 -1
35 36 -1
35 39 1
35 40 -1
35 42 -1
35 43 1
35 44 1
35 45 -1
35 46 1
35 47 -1
35 49 -1
35 52 -1
35 63 -1
36 8 1
36 10 -1
36 18 1
36 19 -1
36 27 -1
36 33 -1
36 35 -1
36 37 1
36 39 -1
36 41 -1
36 42 -1
36 43 -1
36 45 -1
36 46 1
36 48 -1
36 55 -1
37 2 -1
37 7 -1
37 8 -1
37 25 1
37 31 -1
37 33 -1
37 34 1
37 36 1
37 40 -1
37 41 -1
37 42 -1
37 44 1
37 45 -1
37 47 1
37 48 -1
37 58 -1
38 5 1
38 6 -1
38 20 1
38 22 -1
38 25 -1
38 33 -1
38 34 -1
38 40 -1
38 41 -1
38 42 -1
38 43 -1
38 44 -1
38 46 -1
38 47 -1
38 48 -1
38 59 -1
39 2 -1
39 12 1
39 29 -1
39 34 1
39 35 1
39 36 -1
39 40 -1
39 41 -1
39 42 -1
39 44 -1
39 45 -1
39 46 -1
39 47 1
39 49 -1
39 53 1
39 54 1
40 3 -1
40 10 -1
40 24 -1
40 26 -1
40 28 1
40 33 -1
40 35 -1
40 37 -1
40 38 -1
40 39 -1
40 41 -1
40 42 -1
40 43 1
40 46 -1
40 48 -1
40 54 -1
41 7 -1
41 9 -1
41 30 1
41 31 1
41 33 -1
41 34 -1
41 36 -1
41 37 -1
41 38 -1
41 39 -1
41 40 -1
41 44 -1
41 46 1
41 47 -1
41 49 -1
42 8 1
42 13 -1
42 15 -1
42 17 -1
42 19 -1
42 35 -1
42 36 -1
42 37 -1
42 38 -1
42 39 -1
42 40 -1
42 43 -1
42 45 1
42 47 -1
42 48 -1
42 57 -1
43 18 -1
43 20 -1
43 25 -1
43 33 -1
43 34 1
43 35 1
43 36 -1
43 38 -1
43 40 1
43 42 -1
43 44 1
43 47 -1
43 48 1
43 54 -1
43 58 -1
43 64 -1
44 4 -1
44 5 -1
44 11 -1
44 19 -1
44 23 -1
44 29 -1
44 33 1
44 34 -1
44 35 1
44 37 1
44 38 -1
44 39 -1
44 41 -1
44 43 1
44 45 -1
44 46 -1
45 2 -1
45 18 -1
45 33 -1
45 34 -1
45 35 -1
45 36 -1
45 37 -1
45 39 -1
45 42 1
45 44 -1
45 46 1
45 48 -1
45 51 -1
45 55 -1
45 60 1
45 64 -1
46 7 -1
46 9 -1
46 11 -1
46 20 -1
46 22 -1
46 25 -1
46 35 1
46 36 1
46 38 -1
46 39 -1
46 40 -1
46 41 1
46 44 -1
46 45 1
46 47 -1
46 48 -1
47 1 -1
47 3 -1
47 17 -1
47 21 -1
47 32 -1
47 33 -1
47 35 -1
47 37 1
47 38 -1
47 39 1
47 41 -1
47 42 -1
47 43 -1
47 46 -1
47 48 -1
47 64 1
48 5 -1
48 23 -1
48 27 -1
48 32 -1
48 34 -1
48 36 -1
48 37 -1
48 38 -1
48 40 -1
48 42 -1
48 43 1
48 45 -1
48 46 -1
48 47 -1
48 56 -1
49 12 -1
49 19 -1
49 28 1
49 35 -1
49 39 -1
49 41 -1
49 50 -1
49 51 -1
49 52 -1
49 54 1
49 56 -1
49 57 1
49 59 -1
49 61 -1
49 63 -1
49 64 -1
50 1 1
50 4 1
50 14 -1
50 18 -1
50 21 -1
50 22 -1
50 49 -1
50 51 -1
50 52 -1
50 53 -1
50 58 -1
50 60 -1
50 61 -1
50 62 1
50 63 -1
50 64 -1
51 2 -1
51 13 1
51 26 1
51 29 -1
51 30 -1
51 45 -1
51 49 -1
51 50 -1
51 54 -1
51 55 -1
51 56 -1
51 58 -1
51 60 -1
51 62 1
51 63 -1
51 64 -1
52 6 -1
52 7 -1
52 17 1
52 22 -1
52 33 -1
52 35 -1
52 49 -1
52 50 -1
52 53 -1
52 54 -1
52 57 -1
52 59 -1
52 61 -1
52 62 -1
52 63 -1
52 64 -1
53 8 -1
53 15 1
53 19 -1
53 25 -1
53 26 1
53 39 1
53 50 -1
53 52 -1
53 54 -1
53 55 -1
53 56 -1
53 57 -1
53 58 1
53 59 -1
53 60 1
53 64 -1
54 10 -1
54 26 -1
54 33 1
54 39 1
54 40 -1
54 43 -1
54 49 1
54 51 -1
54 52 -1
54 53 -1
54 55 -1
54 57 -1
54 59 1
54 60 -1
54 62 -1
54 63 -1
55 8 -1
55 11 -1
55 16 1
55 23 -1
55 36 -1
55 45 -1
55 51 -1
55 53 -1
55 54 -1
55 56 1
55 58 -1
55 59 1
55 60 -1
55 61 -1
55 63 -1
55 64 -1
56 3 -1
56 12 -1
56 15 -1
56 34 -1
56 48 -1
56 49 -1
56 51 -1
56 53 -1
56 55 1
56 57 -1
56 58 1
56 59 -1
56 60 1
56 61 -1
56 62 -1
57 3 -1
57 13 -1
57 14 -1
57 15 -1
57 34 1
57 42 -1
57 49 1
57 52 -1
57 53 -1
57 54 -1
57 56 -1
57 58 -1
57 60 -1
57 61 -1
57 62 1
57 63 1
58 5 1
58 9 1
58 23 1
58 27 -1
58 37 -1
58 43 -1
58 50 -1
58 51 -1
58 53 1
58 55 -1
58 56 1
58 57 -1
58 60 -1
58 61 -1
58 62 -1
58 64 1
59 4 -1
59 12 -1
59 16 -1
59 28 -1
59 34 -1
59 38 -1
59 49 -1
59 52 -1
59 53 -1
59 54 1
59 55 1
59 56 -1
59 61 -1
59 62 1
59 63 -1
59 64 -1
60 3 -1
60 17 -1
60 19 1
60 21 -1
60 45 1
60 50 -1
60 51 -1
60 53 1
60 54 -1
60 55 -1
60 56 1
60 57 -1
60 58 -1
60 62 -1
60 64 -1
61 1 -1
61 2 1
61 11 -1
61 21 1
61 29 -1
61 30 -1
61 49 -1
61 50 -1
61 52 -1
61 55 -1
61 56 -1
61 57 -1
61 58 -1
61 59 -1
61 63 -1
61 64 -1
62 2 -1
62 10 -1
62 20 -1
62 22 -1
62 28 -1
62 30 -1
62 50 1
62 51 1
62 52 -1
62 54 -1
62 56 -1
62 57 1
62 58 -1
62 59 1
62 60 -1
62 63 1
63 6 1
63 12 -1
63 23 -1
63 24 -1
63 28 -1
63 35 -1
63 49 -1
63 50 -1
63 51 -1
63 52 -1
63 54 -1
63 55 -1
63 57 1
63 59 -1
63 61 -1
63 62 1
64 6 1
64 11 -1
64 14 -1
64 43 -1
64 45 -1
64 47 1
64 49 -1
64 50 -1
64 51 -1
64 52 -1
64 53 -1
64 55 -1
64 58 1
64 59 -1
64 60 -1
64 61 -1
