1 3 1
1 4 1
1 6 1
1 8 1
1 9 1
1 10 1
1 12 1
1 13 1
1 14 1
1 16 -1
1 26 1
1 39 1
1 42 1
1 60 1
1 64 1
2 4 -1
2 5 1
2 7 1
2 8 1
2 9 1
2 10 -1
2 11 1
2 12 -1
2 13 1
2 15 1
2 21 1
2 25 1
2 26 1
2 32 1
2 53 1
2 56 1
3 1 1
3 4 1
3 5 1
3 6 -1
3 7 1
3 9 1
3 10 1
3 12 1
3 13 1
3 16 1
3 19 1
3 27 1
3 36 -1
3 44 1
3 52 1
3 64 1
4 1 1
4 2 -1
4 3 1
4 5 1
4 6 1
4 7 1
4 9 -1
4 10 1
4 11 -1
4 13 1
4 20 1
4 30 1
4 34 1
4 40 1
4 62 1
5 2 1
5 3 1
5 4 1
5 7 1
5 9 1
5 11 1
5 12 1
5 13 1
5 14 1
5 15 1
5 26 1
5 28 1
5 47 1
5 54 -1
5 64 1
6 1 1
6 3 -1
6 4 1
6 7 1
6 8 1
6 9 1
6 11 1
6 12 1
6 14 1
6 16 1
6 25 1
6 40 1
6 56 1
6 57 1
6 60 -1
7 2 1
7 3 1
7 4 1
7 5 1
7 6 1
7 10 1
7 12 1
7 13 1
7 14 1
7 15 -1
7 24 1
7 45 1
7 46 1
7 51 1
7 57 1
7 58 1
8 1 1
8 2 1
8 6 1
8 9 1
8 10 1
8 12 1
8 13 1
8 14 1
8 15 1
8 16 1
8 23 1
8 24 1
8 28 1
8 29 1
8 31 1
8 58 1
9 1 1
9 2 1
9 3 1
9 4 -1
9 5 1
9 6 1
9 8 1
9 11 1
9 13 1
9 15 -1
9 33 1
9 43 1
9 47 1
9 53 1
9 55 1
9 63 1
10 1 1
10 2 -1
10 3 1
10 4 1
10 7 1
10 8 1
10 11 -1
10 14 1
10 15 1
10 16 1
10 23 1
10 42 1
10 43 1
10 44 1
10 53 -1
10 58 1
11 2 1
11 4 -1
11 5 1
11 6 1
11 9 1
11 10 -1
11 12 1
11 14 1
11 15 1
11 16 1
11 21 -1
11 39 1
11 47 1
11 57 1
11 61 1
11 63 1
12 1 1
12 2 -1
12 3 1
12 5 1
12 6 1
12 7 1
12 8 1
12 11 1
12 14 1
12 16 1
12 17 1
12 36 1
12 56 1
12 58 1
12 59 1
12 62 1
13 1 1
13 2 1
13 3 1
13 4 1
13 5 1
13 7 1
13 8 1
13 9 1
13 15 1
13 16 1
13 37 1
13 44 1
13 45 1
13 50 1
13 54 1
13 60 1
14 1 1
14 5 1
14 6 1
14 7 1
14 8 1
14 10 1
14 11 1
14 12 1
14 15 -1
14 16 1
14 17 1
14 28 1
14 30 1
14 34 1
14 48 1
15 2 1
15 5 1
15 7 -1
15 8 1
15 9 -1
15 10 1
15 11 1
15 13 1
15 14 -1
15 16 1
15 28 1
15 32 1
15 39 1
15 53 1
15 60 1
16 1 -1
16 3 1
16 6 1
16 8 1
16 10 1
16 11 1
16 12 1
16 13 1
16 14 1
16 15 1
16 18 1
16 42 1
16 46 1
16 48 1
16 49 1
16 61 1
17 12 1
17 14 1
17 18 1
17 20 -1
17 21 1
17 22 1
17 24 1
17 25 1
17 28 1
17 30 -1
17 31 1
17 32 1
17 45 1
17 53 1
17 59 1
17 60 1
18 16 1
18 17 1
18 19 1
18 20 1
18 21 1
18 23 1
18 25 -1
18 26 -1
18 28 1
18 29 1
18 31 1
18 35 1
18 42 1
18 43 1
18 62 1
18 64 1
19 3 1
19 18 1
19 20 1
19 21 1
19 22 1
19 23 1
19 24 1
19 26 1
19 27 1
19 28 -1
19 29 1
19 37 1
19 40 1
19 41 -1
19 52 1
19 63 1
20 4 1
20 17 -1
20 18 1
20 19 1
20 25 1
20 27 1
20 28 1
20 29 1
20 30 1
20 31 1
20 32 1
20 33 1
20 35 1
20 43 1
20 49 1
20 53 1
21 2 1
21 11 -1
21 17 1
21 18 1
21 19 1
21 22 1
21 23 1
21 24 1
21 25 1
21 28 1
21 29 1
21 32 1
21 36 1
21 45 1
21 52 1
21 54 -1
22 17 1
22 19 1
22 21 1
22 23 -1
22 25 1
22 26 1
22 27 1
22 28 -1
22 30 1
22 31 1
22 35 1
22 36 1
22 37 1
22 50 1
22 57 1
22 62 1
23 8 1
23 10 1
23 18 1
23 19 1
23 21 1
23 22 -1
23 26 1
23 27 1
23 29 1
23 30 1
23 31 1
23 32 1
23 35 1
23 48 1
23 51 1
23 58 1
24 7 1
24 8 1
24 17 1
24 19 1
24 21 1
24 26 1
24 27 1
24 28 1
24 29 1
24 30 1
24 31 1
24 32 1
24 36 1
24 44 1
24 50 1
24 61 1
25 2 1
25 6 1
25 17 1
25 18 -1
25 20 1
25 21 1
25 22 1
25 26 1
25 27 1
25 30 1
25 31 1
25 32 1
25 33 1
25 34 1
25 40 1
26 1 1
26 2 1
26 5 1
26 18 -1
26 19 1
26 22 1
26 23 1
26 24 1
26 25 1
26 27 1
26 29 1
26 30 1
26 32 1
26 33 1
26 46 1
26 61 1
27 3 1
27 19 1
27 20 1
27 22 1
27 23 1
27 24 1
27 25 1
27 26 1
27 28 1
27 29 -1
27 31 -1
27 36 1
27 43 1
27 50 1
27 51 1
28 5 1
28 8 1
28 14 1
28 15 1
28 17 1
28 18 1
28 19 -1
28 20 1
28 21 1
28 22 -1
28 24 1
28 27 1
28 31 1
28 32 1
28 38 1
29 8 1
29 18 1
29 19 1
29 20 1
29 21 1
29 23 1
29 24 1
29 26 1
29 27 -1
29 30 1
29 32 1
29 34 1
29 41 -1
29 45 1
29 49 1
29 55 1
30 4 1
30 14 1
30 17 -1
30 20 1
30 22 1
30 23 1
30 24 1
30 25 1
30 26 1
30 29 1
30 31 1
30 32 1
30 38 1
30 44 1
30 45 -1
30 63 1
31 8 1
31 17 1
31 18 1
31 20 1
31 22 1
31 23 1
31 24 1
31 25 1
31 27 -1
31 28 1
31 30 1
31 39 1
31 40 -1
31 49 1
31 57 -1
32 2 1
32 15 1
32 17 1
32 20 1
32 21 1
32 23 1
32 24 1
32 25 1
32 26 1
32 28 1
32 29 1
32 30 1
32 54 -1
32 56 1
32 61 1
33 9 1
33 20 1
33 25 1
33 26 1
33 34 1
33 38 1
33 39 1
33 40 1
33 41 -1
33 43 1
33 44 1
33 45 1
33 46 1
33 48 1
33 58 1
33 64 1
34 4 1
34 14 1
34 25 1
34 29 1
34 33 1
34 35 1
34 37 1
34 39 1
34 40 1
34 41 1
34 42 1
34 43 1
34 46 1
34 47 1
34 55 1
35 18 1
35 20 1
35 22 1
35 23 1
35 34 1
35 37 1
35 38 1
35 39 1
35 41 1
35 43 1
35 44 1
35 45 1
35 46 1
35 48 1
35 60 1
35 62 1
36 3 -1
36 12 1
36 21 1
36 22 1
36 24 1
36 27 1
36 37 1
36 38 1
36 39 -1
36 40 1
36 42 1
36 43 1
36 44 1
36 46 -1
36 47 1
36 48 1
37 13 1
37 19 1
37 22 1
37 34 1
37 35 1
37 36 1
37 38 1
37 39 1
37 42 1
37 44 1
37 45 1
37 47 -1
37 48 1
37 50 1
37 52 1
37 54 1
38 28 1
38 30 1
38 33 1
38 35 1
38 36 1
38 37 1
38 39 1
38 40 1
38 41 -1
38 44 1
38 45 1
38 47 1
38 51 1
38 55 1
38 59 1
39 1 1
39 11 1
39 15 1
39 31 1
39 33 1
39 34 1
39 35 1
39 36 -1
39 37 1
39 38 1
39 42 1
39 44 1
39 45 1
39 46 1
39 49 1
40 4 1
40 6 1
40 19 1
40 25 1
40 31 -1
40 33 1
40 34 1
40 36 1
40 38 1
40 42 1
40 44 -1
40 45 1
40 46 1
40 47 1
40 48 -1
41 19 -1
41 29 -1
41 33 -1
41 34 1
41 35 1
41 38 -1
41 42 1
41 43 1
41 44 1
41 45 1
41 46 1
41 47 1
41 52 -1
41 55 1
41 59 1
41 63 1
42 1 1
42 10 1
42 16 1
42 18 1
42 34 1
42 36 1
42 37 1
42 39 1
42 40 1
42 41 1
42 43 1
42 45 1
42 46 1
42 48 1
42 61 1
43 9 1
43 10 1
43 18 1
43 20 1
43 27 1
43 33 1
43 34 1
43 35 1
43 36 1
43 41 1
43 42 1
43 44 1
43 46 1
43 47 1
43 48 1
43 52 1
44 3 1
44 10 1
44 13 1
44 24 1
44 30 1
44 33 1
44 35 1
44 36 1
44 37 1
44 38 1
44 39 1
44 40 -1
44 41 1
44 43 1
44 47 1
44 63 1
45 7 1
45 13 1
45 17 1
45 21 1
45 29 1
45 30 -1
45 33 1
45 35 1
45 37 1
45 38 1
45 39 1
45 40 1
45 41 1
45 42 1
45 47 1
45 48 1
46 7 1
46 16 1
46 26 1
46 33 1
46 34 1
46 35 1
46 36 -1
46 39 1
46 40 1
46 41 1
46 42 1
46 43 1
46 48 1
46 54 1
46 56 1
46 62 1
47 5 1
47 9 1
47 11 1
47 34 1
47 36 1
47 37 -1
47 38 1
47 40 1
47 41 1
47 43 1
47 44 1
47 45 1
47 48 1
47 51 -1
47 55 -1
47 59 1
48 14 1
48 16 1
48 23 1
48 33 1
48 35 1
48 36 1
48 37 1
48 40 -1
48 42 1
48 43 1
48 45 1
48 46 1
48 47 1
48 50 1
48 56 1
48 59 1
49 16 1
49 20 1
49 29 1
49 31 1
49 39 1
49 50 1
49 52 1
49 53 -1
49 54 1
49 56 1
49 58 1
49 59 1
49 61 1
49 62 1
49 64 1
50 13 1
50 22 1
50 24 1
50 27 1
50 37 1
50 48 1
50 49 1
50 53 -1
50 54 1
50 55 1
50 56 1
50 57 1
50 58 1
50 59 1
50 63 1
50 64 -1
51 7 1
51 23 1
51 27 1
51 38 1
51 47 -1
51 52 1
51 53 1
51 54 1
51 56 1
51 57 1
51 58 1
51 59 1
51 60 1
51 62 1
51 63 -1
52 3 1
52 19 1
52 21 1
52 37 1
52 41 -1
52 43 1
52 49 1
52 51 1
52 53 1
52 55 1
52 57 1
52 58 1
52 59 1
52 61 1
52 62 1
52 63 1
53 2 1
53 9 1
53 10 -1
53 15 1
53 17 1
53 20 1
53 49 -1
53 50 -1
53 51 1
53 52 1
53 54 1
53 55 1
53 57 1
53 61 -1
53 62 1
53 64 1
54 5 -1
54 13 1
54 21 -1
54 32 -1
54 37 1
54 46 1
54 49 1
54 50 1
54 51 1
54 53 1
54 55 1
54 56 1
54 58 1
54 60 1
54 61 -1
54 63 -1
55 9 1
55 29 1
55 34 1
55 38 1
55 41 1
55 47 -1
55 50 1
55 52 1
55 53 1
55 54 1
55 56 1
55 57 1
55 59 1
55 60 1
55 63 1
55 64 1
56 2 1
56 6 1
56 12 1
56 32 1
56 46 1
56 48 1
56 49 1
56 50 1
56 51 1
56 54 1
56 55 1
56 57 1
56 59 1
56 61 1
56 62 1
56 64 1
57 6 1
57 7 1
57 11 1
57 22 1
57 31 -1
57 50 1
57 51 1
57 52 1
57 53 1
57 55 1
57 56 1
57 58 1
57 60 1
57 62 1
57 64 1
58 7 1
58 8 1
58 10 1
58 12 1
58 23 1
58 33 1
58 49 1
58 50 1
58 51 1
58 52 1
58 54 1
58 57 1
58 59 1
58 60 1
58 62 1
58 64 1
59 12 1
59 17 1
59 38 1
59 41 1
59 47 1
59 48 1
59 49 1
59 50 1
59 51 1
59 52 1
59 55 1
59 56 1
59 58 1
59 60 1
59 61 1
59 63 -1
60 1 1
60 6 -1
60 13 1
60 15 1
60 17 1
60 35 1
60 51 1
60 54 1
60 55 1
60 57 1
60 58 1
60 59 1
60 61 1
60 62 1
60 63 1
60 64 1
61 11 1
61 16 1
61 24 1
61 26 1
61 32 1
61 42 1
61 49 1
61 52 1
61 53 -1
61 54 -1
61 56 1
61 59 1
61 60 1
61 62 1
61 63 1
61 64 1
62 4 1
62 12 1
62 18 1
62 22 1
62 35 1
62 46 1
62 49 1
62 51 1
62 52 1
62 53 1
62 56 1
62 57 1
62 58 1
62 60 1
62 61 1
62 63 1
63 9 1
63 11 1
63 19 1
63 30 1
63 41 1
63 44 1
63 50 1
63 51 -1
63 52 1
63 54 -1
63 55 1
63 59 -1
63 60 1
63 61 1
63 62 1
63 64 1
64 1 1
64 3 1
64 5 1
64 18 1
64 33 1
64 49 1
64 50 -1
64 53 1
64 55 1
64 56 1
64 57 1
64 58 1
64 60 1
64 61 1
64 63 1
