1 2 1
1 3 1
1 5 1
1 7 1
1 9 1
1 10 1
1 11 1
1 13 1
1 15 -1
1 16 1
1 30 1
1 31 1
1 43 1
1 52 1
1 58 1
1 64 1
2 1 1
2 3 1
2 4 1
2 9 1
2 11 1
2 12 1
2 13 1
2 14 1
2 15 1
2 16 1
2 38 1
2 40 1
2 46 1
2 52 1
2 56 1
2 63 1
3 1 1
3 2 1
3 6 -1
3 7 1
3 8 -1
3 9 1
3 12 1
3 13 1
3 14 1
3 16 1
3 27 1
3 33 1
3 35 1
3 41 -1
3 49 1
3 54 1
4 2 1
4 5 1
4 6 1
4 7 1
4 8 -1
4 10 1
4 11 1
4 13 1
4 14 1
4 16 1
4 43 1
4 44 1
4 56 1
4 59 1
4 60 1
4 62 1
5 1 1
5 4 1
5 6 1
5 7 1
5 8 1
5 9 1
5 11 1
5 12 1
5 15 1
5 16 1
5 21 1
5 38 1
5 53 1
5 56 1
5 64 1
6 3 -1
6 4 1
6 5 1
6 8 1
6 10 -1
6 11 1
6 13 1
6 14 1
6 15 1
6 16 -1
6 21 1
6 24 1
6 31 1
6 44 1
6 45 1
6 62 1
7 1 1
7 3 1
7 4 1
7 5 1
7 9 1
7 10 1
7 12 1
7 13 1
7 15 1
7 16 1
7 20 1
7 31 1
7 33 1
7 43 1
7 48 1
7 51 1
8 3 -1
8 4 -1
8 5 1
8 6 1
8 9 1
8 10 1
8 11 -1
8 12 1
8 13 1
8 14 1
8 17 1
8 19 1
8 33 1
8 40 1
8 45 1
8 49 -1
9 1 1
9 2 1
9 3 1
9 5 1
9 7 1
9 8 1
9 12 1
9 14 1
9 15 1
9 16 1
9 17 -1
9 35 1
9 42 1
9 50 1
9 56 1
9 57 1
10 1 1
10 4 1
10 6 -1
10 7 1
10 8 1
10 11 1
10 13 1
10 14 1
10 15 1
10 16 1
10 22 1
10 23 1
10 24 1
10 26 1
10 27 1
10 29 1
11 1 1
11 2 1
11 4 1
11 5 1
11 6 1
11 8 -1
11 10 1
11 13 1
11 14 1
11 15 1
11 19 1
11 26 1
11 31 1
11 50 -1
11 56 1
11 58 1
12 2 1
12 3 1
12 5 1
12 7 1
12 8 1
12 9 1
12 13 1
12 14 1
12 15 1
12 16 1
12 29 1
12 35 1
12 39 1
12 45 1
12 59 1
13 1 1
13 2 1
13 3 1
13 4 1
13 6 1
13 7 1
13 8 1
13 10 1
13 11 1
13 12 1
13 17 1
13 21 -1
13 50 1
13 55 1
13 57 -1
14 2 1
14 3 1
14 4 1
14 6 1
14 8 1
14 9 1
14 10 1
14 11 1
14 12 1
14 15 1
14 27 1
14 34 1
14 39 1
14 41 -1
14 52 1
14 57 1
15 1 -1
15 2 1
15 5 1
15 6 1
15 7 1
15 9 1
15 10 1
15 11 1
15 12 1
15 14 1
15 22 -1
15 32 -1
15 39 1
15 41 1
15 50 1
15 62 1
16 1 1
16 2 1
16 3 1
16 4 1
16 5 1
16 6 -1
16 7 1
16 9 1
16 10 1
16 12 1
16 27 1
16 34 1
16 45 -1
16 49 1
16 62 1
16 64 1
17 8 1
17 9 -1
17 13 1
17 18 1
17 21 1
17 23 1
17 24 1
17 25 1
17 26 -1
17 27 1
17 28 1
17 29 1
17 32 1
17 34 1
17 41 1
17 51 1
18 17 1
18 19 1
18 21 1
18 23 1
18 24 1
18 25 1
18 28 1
18 29 1
18 30 1
18 32 1
18 33 1
18 36 -1
18 42 1
18 51 1
18 52 1
18 54 -1
19 8 1
19 11 1
19 18 1
19 20 1
19 21 1
19 22 1
19 24 1
19 25 -1
19 26 1
19 27 1
19 30 1
19 32 1
19 42 1
19 44 1
19 52 1
19 61 1
20 7 1
20 19 1
20 21 1
20 22 1
20 23 1
20 25 -1
20 26 -1
20 27 1
20 28 1
20 29 1
20 31 1
20 38 1
20 46 1
20 56 1
20 57 1
20 61 1
21 5 1
21 6 1
21 13 -1
21 17 1
21 18 1
21 19 1
21 20 1
21 22 1
21 23 1
21 28 1
21 29 1
21 31 1
21 32 1
21 42 1
21 44 1
22 10 1
22 15 -1
22 19 1
22 20 1
22 21 1
22 23 1
22 24 1
22 26 1
22 27 -1
22 29 1
22 30 1
22 31 1
22 39 1
22 45 1
22 47 1
22 63 1
23 10 1
23 17 1
23 18 1
23 20 1
23 21 1
23 22 1
23 25 1
23 26 1
23 27 1
23 30 1
23 31 1
23 37 1
23 42 1
23 47 1
23 64 -1
24 6 1
24 10 1
24 17 1
24 18 1
24 19 1
24 22 1
24 25 -1
24 26 1
24 27 1
24 28 1
24 31 1
24 32 1
24 46 1
24 57 1
24 59 1
24 60 1
25 17 1
25 18 1
25 19 -1
25 20 -1
25 23 1
25 24 -1
25 26 1
25 28 -1
25 30 1
25 31 -1
25 37 1
25 47 1
25 51 1
25 52 1
25 55 -1
25 58 -1
26 10 1
26 11 1
26 17 -1
26 19 1
26 20 -1
26 22 1
26 23 1
26 24 1
26 25 1
26 27 1
26 28 1
26 32 1
26 42 1
26 48 1
26 55 1
26 61 1
27 3 1
27 10 1
27 14 1
27 16 1
27 17 1
27 19 1
27 20 1
27 22 -1
27 23 1
27 24 1
27 26 1
27 29 -1
27 30 1
27 31 1
27 34 -1
27 64 1
28 17 1
28 18 1
28 20 1
28 21 1
28 24 1
28 25 -1
28 26 1
28 29 1
28 30 1
28 32 1
28 41 1
28 45 1
28 49 1
28 51 -1
28 53 1
28 59 1
29 10 1
29 12 1
29 17 1
29 18 1
29 20 1
29 21 1
29 22 1
29 27 -1
29 28 1
29 30 1
29 31 1
29 32 1
29 40 1
29 48 1
29 58 1
30 1 1
30 18 1
30 19 1
30 22 1
30 23 1
30 25 1
30 27 1
30 28 1
30 29 1
30 31 1
30 32 1
30 38 1
30 40 1
30 44 1
30 46 1
30 62 1
31 1 1
31 6 1
31 7 1
31 11 1
31 20 1
31 21 1
31 22 1
31 23 1
31 24 1
31 25 -1
31 27 1
31 29 1
31 30 1
31 32 1
31 44 1
31 53 1
32 15 -1
32 17 1
32 18 1
32 19 1
32 21 1
32 24 1
32 26 1
32 28 1
32 29 1
32 30 1
32 31 1
32 33 1
32 35 -1
32 39 1
32 55 1
32 63 1
33 3 1
33 7 1
33 8 1
33 18 1
33 32 1
33 34 1
33 37 1
33 38 1
33 40 1
33 41 1
33 42 1
33 43 1
33 45 -1
33 46 1
33 48 1
33 58 1
34 14 1
34 16 1
34 17 1
34 27 -1
34 33 1
34 35 1
34 36 -1
34 37 1
34 39 1
34 42 -1
34 43 -1
34 45 1
34 46 1
34 47 1
34 53 1
34 60 1
35 3 1
35 9 1
35 12 1
35 32 -1
35 34 1
35 36 1
35 38 1
35 39 1
35 40 1
35 41 1
35 44 1
35 45 1
35 46 1
35 47 1
35 49 1
35 50 1
36 18 -1
36 34 -1
36 35 1
36 37 1
36 41 1
36 42 -1
36 43 1
36 44 1
36 46 1
36 47 1
36 48 1
36 54 1
36 60 1
36 62 1
37 23 1
37 25 1
37 33 1
37 34 1
37 36 1
37 38 1
37 40 1
37 41 1
37 42 1
37 43 1
37 47 1
37 48 -1
37 50 1
37 61 1
37 63 1
38 2 1
38 5 1
38 20 1
38 30 1
38 33 1
38 35 1
38 37 1
38 39 1
38 40 1
38 42 1
38 44 1
38 45 1
38 47 1
38 48 1
38 53 1
38 61 1
39 12 1
39 14 1
39 15 1
39 22 1
39 32 1
39 34 1
39 35 1
39 38 1
39 41 -1
39 43 1
39 44 1
39 45 1
39 46 1
39 47 1
39 48 -1
39 53 1
40 2 1
40 8 1
40 29 1
40 30 1
40 33 1
40 35 1
40 37 1
40 38 1
40 41 -1
40 42 1
40 44 1
40 45 1
40 47 1
40 48 1
40 55 1
40 63 1
41 3 -1
41 14 -1
41 15 1
41 17 1
41 28 1
41 33 1
41 35 1
41 36 1
41 37 1
41 39 -1
41 40 -1
41 42 1
41 43 1
41 44 1
41 46 1
41 60 1
42 9 1
42 18 1
42 19 1
42 21 1
42 23 1
42 26 1
42 33 1
42 34 -1
42 36 -1
42 37 1
42 38 1
42 40 1
42 41 1
42 43 1
42 44 1
42 46 1
43 1 1
43 4 1
43 7 1
43 33 1
43 34 -1
43 36 1
43 37 1
43 39 1
43 41 1
43 42 1
43 45 1
43 47 1
43 48 1
43 57 -1
43 58 1
43 59 1
44 4 1
44 6 1
44 19 1
44 21 1
44 30 1
44 31 1
44 35 1
44 36 1
44 38 1
44 39 1
44 40 1
44 41 1
44 42 1
44 45 1
44 46 1
44 48 1
45 6 1
45 8 1
45 12 1
45 16 -1
45 22 1
45 28 1
45 33 -1
45 34 1
45 35 1
45 38 1
45 39 1
45 40 1
45 43 1
45 44 1
45 46 1
45 48 1
46 2 1
46 20 1
46 24 1
46 30 1
46 33 1
46 34 1
46 35 1
46 36 1
46 39 1
46 41 1
46 42 1
46 44 1
46 45 1
46 47 1
46 51 1
46 59 1
47 22 1
47 23 1
47 25 1
47 34 1
47 35 1
47 36 1
47 37 1
47 38 1
47 39 1
47 40 1
47 43 1
47 46 1
47 48 1
47 61 1
47 64 1
48 7 1
48 26 1
48 29 1
48 33 1
48 36 1
48 37 -1
48 38 1
48 39 -1
48 40 1
48 43 1
48 44 1
48 45 1
48 47 1
48 49 1
48 54 1
48 60 1
49 3 1
49 8 -1
49 16 1
49 28 1
49 35 1
49 48 1
49 50 1
49 51 1
49 53 1
49 55 -1
49 56 1
49 57 1
49 58 1
49 60 1
49 63 1
49 64 1
50 9 1
50 11 -1
50 13 1
50 15 1
50 35 1
50 37 1
50 49 1
50 51 1
50 52 1
50 55 1
50 58 1
50 59 1
50 60 1
50 62 -1
50 63 1
50 64 1
51 7 1
51 17 1
51 18 1
51 25 1
51 28 -1
51 46 1
51 49 1
51 50 1
51 53 1
51 56 1
51 57 1
51 58 1
51 59 1
51 61 1
51 62 1
51 63 1
52 1 1
52 2 1
52 14 1
52 18 1
52 19 1
52 25 1
52 50 1
52 53 1
52 54 1
52 55 -1
52 56 1
52 57 1
52 59 1
52 61 1
52 63 1
52 64 1
53 5 1
53 28 1
53 31 1
53 34 1
53 38 1
53 39 1
53 49 1
53 51 1
53 52 1
53 56 1
53 57 1
53 58 1
53 59 1
53 62 1
53 63 1
53 64 1
54 3 1
54 18 -1
54 36 1
54 48 1
54 52 1
54 55 1
54 56 1
54 58 1
54 59 1
54 60 1
54 61 1
54 62 1
54 63 1
54 64 -1
55 13 1
55 25 -1
55 26 1
55 32 1
55 40 1
55 49 -1
55 50 1
55 52 -1
55 54 1
55 57 1
55 58 1
55 60 1
55 61 1
55 62 -1
55 64 1
56 2 1
56 4 1
56 5 1
56 9 1
56 11 1
56 20 1
56 49 1
56 51 1
56 52 1
56 53 1
56 54 1
56 58 1
56 60 1
56 61 1
56 62 1
56 63 1
57 9 1
57 13 -1
57 14 1
57 20 1
57 24 1
57 43 -1
57 49 1
57 51 1
57 52 1
57 53 1
57 55 1
57 58 1
57 60 1
57 61 1
57 62 1
57 64 1
58 1 1
58 11 1
58 25 -1
58 29 1
58 33 1
58 43 1
58 49 1
58 50 1
58 51 1
58 53 1
58 54 1
58 55 1
58 56 1
58 57 1
58 60 1
58 61 1
59 4 1
59 12 1
59 24 1
59 28 1
59 43 1
59 46 1
59 50 1
59 51 1
59 52 1
59 53 1
59 54 1
59 60 1
59 61 1
59 62 1
59 63 -1
59 64 1
60 4 1
60 24 1
60 34 1
60 36 1
60 41 1
60 48 1
60 49 1
60 50 1
60 54 1
60 55 1
60 56 1
60 57 1
60 58 1
60 59 1
60 63 1
60 64 1
61 19 1
61 20 1
61 26 1
61 37 1
61 38 1
61 47 1
61 51 1
61 52 1
61 54 1
61 55 1
61 56 1
61 57 1
61 58 1
61 59 1
61 62 1
61 63 1
62 4 1
62 6 1
62 15 1
62 16 1
62 30 1
62 36 1
62 50 -1
62 51 1
62 53 1
62 54 1
62 55 -1
62 56 1
62 57 1
62 59 1
62 61 1
62 64 1
63 2 1
63 22 1
63 32 1
63 37 1
63 40 1
63 49 1
63 50 1
63 51 1
63 52 1
63 53 1
63 54 1
63 56 1
63 59 -1
63 60 1
63 61 1
64 1 1
64 5 1
64 16 1
64 23 -1
64 27 1
64 47 1
64 49 1
64 50 1
64 52 1
64 53 1
64 54 -1
64 55 1
64 57 1
64 59 1
64 60 1
64 62 1
