1 3 1
1 4 -1
1 6 -1
1 7 -1
1 9 1
1 10 -1
1 11 1
1 12 1
1 15 1
1 16 1
1 22 1
1 30 -1
1 36 1
1 46 1
1 48 1
1 50 -1
2 3 1
2 4 -1
2 6 1
2 7 -1
2 8 1
2 11 1
2 12 -1
2 13 -1
2 14 -1
2 16 1
2 25 1
2 34 1
2 41 -1
2 53 1
2 55 1
2 59 -1
3 1 1
3 2 1
3 5 -1
3 7 1
3 10 1
3 11 1
3 12 -1
3 13 -1
3 14 1
3 15 1
3 18 1
3 26 -1
3 31 1
3 41 1
3 51 1
3 61 1
4 1 -1
4 2 -1
4 5 1
4 7 1
4 8 -1
4 10 1
4 12 1
4 13 1
4 15 1
4 16 -1
4 23 1
4 38 1
4 40 1
4 46 1
4 51 -1
4 60 1
5 3 -1
5 4 1
5 6 1
5 7 -1
5 8 1
5 10 1
5 12 1
5 13 -1
5 14 -1
5 15 -1
5 24 1
5 27 -1
5 30 -1
5 31 1
5 45 1
5 56 1
6 1 -1
6 2 1
6 5 1
6 8 1
6 9 1
6 10 1
6 11 1
6 12 1
6 14 1
6 16 1
6 21 -1
6 27 -1
6 28 1
6 31 -1
6 49 1
7 1 -1
7 2 -1
7 3 1
7 4 1
7 5 -1
7 8 1
7 9 1
7 13 1
7 15 1
7 16 1
7 18 1
7 27 1
7 30 1
7 52 -1
7 54 1
8 2 1
8 4 -1
8 5 1
8 6 1
8 7 1
8 9 1
8 10 1
8 11 1
8 14 1
8 15 1
8 22 1
8 23 1
8 50 1
8 52 1
8 63 1
9 1 1
9 6 1
9 7 1
9 8 1
9 11 1
9 12 -1
9 13 1
9 14 1
9 15 -1
9 16 1
9 23 1
9 28 1
9 34 1
9 48 -1
9 50 1
9 63 -1
10 1 -1
10 3 1
10 4 1
10 5 1
10 6 1
10 8 1
10 11 1
10 12 1
10 13 -1
10 14 1
10 20 -1
10 33 1
10 36 1
10 49 1
10 52 -1
10 56 1
11 1 1
11 2 1
11 3 1
11 6 1
11 8 1
11 9 1
11 10 1
11 12 -1
11 13 1
11 16 1
11 18 1
11 22 -1
11 25 1
11 46 1
11 60 1
12 1 1
12 2 -1
12 3 -1
12 4 1
12 5 1
12 6 1
12 9 -1
12 10 1
12 11 -1
12 16 -1
12 18 1
12 37 -1
12 42 1
12 47 1
12 59 -1
12 61 -1
13 2 -1
13 3 -1
13 4 1
13 5 -1
13 7 1
13 9 1
13 10 -1
13 11 1
13 14 1
13 15 1
13 24 1
13 27 1
13 32 -1
13 40 1
13 48 1
13 64 1
14 2 -1
14 3 1
14 5 -1
14 6 1
14 8 1
14 9 1
14 10 1
14 13 1
14 15 1
14 16 1
14 22 1
14 26 1
14 43 1
14 44 1
14 47 1
14 54 1
15 1 1
15 3 1
15 4 1
15 5 -1
15 7 1
15 8 1
15 9 -1
15 13 1
15 14 1
15 16 1
15 25 -1
15 26 -1
15 37 -1
15 39 -1
15 53 1
15 55 1
16 1 1
16 2 1
16 4 -1
16 6 1
16 7 1
16 9 1
16 11 1
16 12 -1
16 14 1
16 15 1
16 33 1
16 39 1
16 41 1
16 54 -1
16 59 -1
16 61 -1
17 18 1
17 19 1
17 20 -1
17 22 -1
17 25 1
17 26 -1
17 28 1
17 29 1
17 30 1
17 31 1
17 33 1
17 38 1
17 44 1
17 49 1
17 56 -1
18 3 1
18 7 1
18 11 1
18 12 1
18 17 1
18 20 -1
18 23 1
18 24 1
18 26 1
18 27 1
18 28 1
18 29 1
18 30 -1
18 32 1
18 56 1
18 58 1
19 17 1
19 20 1
19 21 -1
19 22 1
19 23 1
19 24 1
19 25 1
19 27 -1
19 29 -1
19 31 1
19 41 1
19 43 -1
19 47 1
19 51 1
19 54 1
19 55 -1
20 10 -1
20 17 -1
20 18 -1
20 19 1
20 21 1
20 22 1
20 25 1
20 26 1
20 28 1
20 31 1
20 32 -1
20 41 1
20 58 1
20 62 -1
20 63 1
21 6 -1
21 19 -1
21 20 1
21 25 1
21 26 1
21 27 1
21 28 1
21 29 1
21 30 1
21 31 1
21 32 -1
21 35 1
21 38 1
21 45 1
21 53 1
21 57 -1
22 1 1
22 8 1
22 11 -1
22 14 1
22 17 -1
22 19 1
22 20 1
22 24 -1
22 26 1
22 27 1
22 28 1
22 29 -1
22 30 -1
22 31 -1
22 34 1
22 53 1
23 4 1
23 8 1
23 9 1
23 18 1
23 19 1
23 24 -1
23 25 -1
23 26 1
23 27 1
23 29 1
23 30 -1
23 31 1
23 32 1
23 36 1
23 62 1
24 5 1
24 13 1
24 18 1
24 19 1
24 22 -1
24 23 -1
24 26 1
24 27 -1
24 28 1
24 29 1
24 30 1
24 32 1
24 42 1
24 44 -1
24 52 1
25 2 1
25 11 1
25 15 -1
25 17 1
25 19 1
25 20 1
25 21 1
25 23 -1
25 27 1
25 28 -1
25 30 -1
25 31 1
25 32 1
25 40 1
25 46 1
26 3 -1
26 14 1
26 15 -1
26 17 -1
26 18 1
26 20 1
26 21 1
26 22 1
26 23 1
26 24 1
26 28 -1
26 31 1
26 32 1
26 36 1
26 42 1
26 48 -1
27 5 -1
27 6 -1
27 7 1
27 13 1
27 18 1
27 19 -1
27 21 1
27 22 1
27 23 1
27 24 -1
27 25 1
27 29 1
27 30 1
27 31 1
27 36 1
27 62 1
28 6 1
28 9 1
28 17 1
28 18 1
28 20 1
28 21 1
28 22 1
28 24 1
28 25 -1
28 26 -1
28 29 1
28 32 1
28 35 1
28 51 -1
28 61 1
29 17 1
29 18 1
29 19 -1
29 21 1
29 22 -1
29 23 1
29 24 1
29 27 1
29 28 1
29 30 -1
29 33 1
29 43 1
29 45 1
29 50 -1
29 58 1
30 1 -1
30 5 -1
30 7 1
30 17 1
30 18 -1
30 21 1
30 22 -1
30 23 -1
30 24 1
30 25 -1
30 27 1
30 29 -1
30 32 -1
30 40 -1
30 60 -1
30 63 -1
31 3 1
31 5 1
31 6 -1
31 17 1
31 19 1
31 20 1
31 21 1
31 22 -1
31 23 1
31 25 1
31 26 1
31 27 1
31 32 -1
31 37 1
31 41 1
31 62 -1
32 13 -1
32 18 1
32 20 -1
32 21 -1
32 23 1
32 24 1
32 25 1
32 26 1
32 28 1
32 30 -1
32 31 -1
32 37 1
32 45 1
32 49 -1
32 51 1
32 63 1
33 10 1
33 16 1
33 17 1
33 29 1
33 35 1
33 37 1
33 40 1
33 41 1
33 42 1
33 43 1
33 44 -1
33 46 1
33 47 1
33 48 -1
33 50 1
33 56 1
34 2 1
34 9 1
34 22 1
34 35 1
34 36 -1
34 37 -1
34 39 -1
34 40 -1
34 43 1
34 44 1
34 45 1
34 47 1
34 48 1
34 64 1
35 21 1
35 28 1
35 33 1
35 34 1
35 36 -1
35 41 1
35 43 -1
35 44 1
35 45 1
35 46 1
35 47 1
35 48 -1
35 52 1
35 57 1
35 62 1
35 64 1
36 1 1
36 10 1
36 23 1
36 26 1
36 27 1
36 34 -1
36 35 -1
36 37 1
36 38 1
36 39 1
36 40 -1
36 41 1
36 43 1
36 45 -1
36 47 1
36 59 1
37 12 -1
37 15 -1
37 31 1
37 32 1
37 33 1
37 34 -1
37 36 1
37 38 1
37 40 -1
37 42 -1
37 43 1
37 44 -1
37 46 -1
37 48 1
37 58 -1
38 4 1
38 17 1
38 21 1
38 36 1
38 37 1
38 39 1
38 40 1
38 41 1
38 42 1
38 43 -1
38 45 1
38 46 -1
38 48 1
38 53 1
38 57 -1
39 15 -1
39 16 1
39 34 -1
39 36 1
39 38 1
39 41 1
39 42 1
39 43 -1
39 44 -1
39 45 1
39 46 1
39 47 -1
39 49 1
39 55 -1
39 61 1
39 62 1
40 4 1
40 13 1
40 25 1
40 30 -1
40 33 1
40 34 -1
40 36 -1
40 37 -1
40 38 1
40 41 -1
40 44 1
40 45 1
40 46 1
40 48 1
40 60 1
41 2 -1
41 3 1
41 16 1
41 19 1
41 20 1
41 31 1
41 33 1
41 35 1
41 36 1
41 38 1
41 39 1
41 40 -1
41 42 1
41 45 1
41 47 1
41 48 1
42 12 1
42 24 1
42 26 1
42 33 1
42 37 -1
42 38 1
42 39 1
42 41 1
42 43 1
42 44 1
42 45 1
42 46 -1
42 47 1
42 59 -1
42 63 -1
42 64 1
43 14 1
43 19 -1
43 29 1
43 33 1
43 34 1
43 35 -1
43 36 1
43 37 1
43 38 -1
43 39 -1
43 42 1
43 44 1
43 47 -1
43 53 -1
43 55 1
43 57 1
44 14 1
44 17 1
44 24 -1
44 33 -1
44 34 1
44 35 1
44 37 -1
44 39 -1
44 40 1
44 42 1
44 43 1
44 46 -1
44 47 1
44 57 1
44 60 -1
45 5 1
45 21 1
45 29 1
45 32 1
45 34 1
45 35 1
45 36 -1
45 38 1
45 39 1
45 40 1
45 41 1
45 42 1
45 46 1
45 48 -1
45 51 1
45 56 -1
46 1 1
46 4 1
46 11 1
46 25 1
46 33 1
46 35 1
46 37 -1
46 38 -1
46 39 1
46 40 1
46 42 -1
46 44 -1
46 45 1
46 48 1
46 59 -1
47 12 1
47 14 1
47 19 1
47 33 1
47 34 1
47 35 1
47 36 1
47 39 -1
47 41 1
47 42 1
47 43 -1
47 44 1
47 48 -1
47 49 -1
47 55 1
47 61 1
48 1 1
48 9 -1
48 13 1
48 26 -1
48 33 -1
48 34 1
48 35 -1
48 37 1
48 38 1
48 40 1
48 41 1
48 45 -1
48 46 1
48 47 -1
48 54 -1
48 60 1
49 6 1
49 10 1
49 17 1
49 32 -1
49 39 1
49 47 -1
49 51 -1
49 52 1
49 53 -1
49 54 1
49 56 -1
49 57 1
49 61 1
49 62 -1
49 63 1
49 64 -1
50 1 -1
50 8 1
50 9 1
50 29 -1
50 33 1
50 51 -1
50 53 1
50 54 1
50 55 1
50 57 1
50 58 -1
50 60 1
50 61 -1
50 62 1
50 64 -1
51 3 1
51 4 -1
51 19 1
51 28 -1
51 32 1
51 45 1
51 49 -1
51 50 -1
51 54 1
51 55 1
51 57 -1
51 58 -1
51 59 1
51 62 1
51 63 1
51 64 1
52 7 -1
52 8 1
52 10 -1
52 24 1
52 35 1
52 49 1
52 54 1
52 56 1
52 57 1
52 58 1
52 59 -1
52 60 1
52 61 1
52 63 1
52 64 -1
53 2 1
53 15 1
53 21 1
53 22 1
53 38 1
53 43 -1
53 49 -1
53 50 1
53 55 -1
53 56 1
53 58 1
53 59 1
53 60 1
53 61 1
53 62 1
53 63 1
54 7 1
54 14 1
54 16 -1
54 19 1
54 48 -1
54 49 1
54 50 1
54 51 1
54 52 1
54 55 1
54 56 1
54 57 -1
54 58 1
54 60 1
54 62 1
55 2 1
55 15 1
55 19 -1
55 39 -1
55 43 1
55 47 1
55 50 1
55 51 1
55 53 -1
55 54 1
55 56 -1
55 58 1
55 60 1
55 61 1
55 63 1
55 64 1
56 5 1
56 10 1
56 17 -1
56 18 1
56 33 1
56 45 -1
56 49 -1
56 52 1
56 53 1
56 54 1
56 55 -1
56 59 1
56 61 1
56 62 1
56 63 -1
56 64 1
57 21 -1
57 35 1
57 38 -1
57 43 1
57 44 1
57 49 1
57 50 1
57 51 -1
57 52 1
57 54 -1
57 58 1
57 59 1
57 60 -1
57 61 1
57 63 1
58 18 1
58 20 1
58 29 1
58 37 -1
58 50 -1
58 51 -1
58 52 1
58 53 1
58 54 1
58 55 1
58 57 1
58 59 1
58 62 -1
58 64 1
59 2 -1
59 12 -1
59 16 -1
59 36 1
59 42 -1
59 46 -1
59 51 1
59 52 -1
59 53 1
59 56 1
59 57 1
59 58 1
59 60 1
59 61 -1
59 63 -1
59 64 1
60 4 1
60 11 1
60 30 -1
60 40 1
60 44 -1
60 48 1
60 50 1
60 52 1
60 53 1
60 54 1
60 55 1
60 57 -1
60 59 1
60 61 1
60 62 1
60 63 1
61 3 1
61 12 -1
61 16 -1
61 28 1
61 39 1
61 47 1
61 49 1
61 50 -1
61 52 1
61 53 1
61 55 1
61 56 1
61 57 1
61 59 -1
61 60 1
61 62 1
62 20 -1
62 23 1
62 27 1
62 31 -1
62 35 1
62 39 1
62 49 -1
62 50 1
62 51 1
62 53 1
62 54 1
62 56 1
62 58 -1
62 60 1
62 61 1
62 64 -1
63 8 1
63 9 -1
63 20 1
63 30 -1
63 32 1
63 42 -1
63 49 1
63 51 1
63 52 1
63 53 1
63 55 1
63 56 -1
63 57 1
63 59 -1
63 60 1
63 64 -1
64 13 1
64 34 1
64 35 1
64 42 1
64 49 -1
64 50 -1
64 51 1
64 52 -1
64 55 1
64 56 1
64 58 1
64 59 1
64 62 -1
64 63 -1
