1 2 -1
1 6 -1
1 7 -1
1 9 -1
1 10 -1
1 11 -1
1 12 1
1 14 -1
1 15 -1
1 16 1
1 25 -1
1 26 -1
1 31 -1
1 51 -1
1 58 -1
2 1 -1
2 3 -1
2 4 -1
2 5 1
2 7 -1
2 8 1
2 10 -1
2 13 -1
2 14 -1
2 15 -1
2 22 -1
2 28 -1
2 39 -1
2 41 1
2 59 1
3 2 -1
3 4 -1
3 5 -1
3 6 -1
3 7 -1
3 8 -1
3 9 -1
3 10 -1
3 13 -1
3 16 -1
3 17 -1
3 19 -1
3 27 -1
3 33 -1
3 58 -1
3 61 -1
4 2 -1
4 3 -1
4 5 -1
4 7 -1
4 9 -1
4 10 -1
4 11 -1
4 12 -1
4 14 -1
4 15 -1
4 19 -1
4 20 -1
4 43 -1
4 45 -1
4 61 1
5 2 1
5 3 -1
5 4 -1
5 7 -1
5 8 -1
5 10 1
5 11 -1
5 14 -1
5 15 -1
5 16 -1
5 17 -1
5 28 -1
5 30 1
5 33 1
5 46 -1
5 62 -1
6 1 -1
6 3 -1
6 8 1
6 9 -1
6 10 -1
6 11 -1
6 12 1
6 13 1
6 14 -1
6 15 -1
6 25 1
6 26 -1
6 32 -1
6 34 -1
6 60 1
7 1 -1
7 2 -1
7 3 -1
7 4 -1
7 5 -1
7 8 -1
7 10 -1
7 11 -1
7 12 1
7 13 -1
7 25 -1
7 28 -1
7 40 -1
7 41 -1
7 54 -1
8 2 1
8 3 -1
8 5 -1
8 6 1
8 7 -1
8 9 -1
8 10 -1
8 13 -1
8 14 -1
8 16 -1
8 46 1
8 52 1
8 60 -1
8 63 -1
9 1 -1
9 3 -1
9 4 -1
9 6 -1
9 8 -1
9 11 -1
9 13 -1
9 14 -1
9 15 -1
9 16 1
9 18 -1
9 20 -1
9 29 1
9 32 1
9 36 -1
9 40 -1
10 1 -1
10 2 -1
10 3 -1
10 4 -1
10 5 1
10 6 -1
10 7 -1
10 8 -1
10 12 -1
10 16 1
10 21 -1
10 32 1
10 48 -1
10 50 -1
10 53 -1
11 1 -1
11 4 -1
11 5 -1
11 6 -1
11 7 -1
11 9 -1
11 12 -1
11 13 1
11 14 -1
11 15 1
11 18 -1
11 21 -1
11 33 -1
11 40 -1
11 60 1
12 1 1
12 4 -1
12 6 1
12 7 1
12 10 -1
12 11 -1
12 13 -1
12 14 -1
12 15 -1
12 16 -1
12 20 -1
12 34 1
12 36 1
12 46 -1
12 48 -1
12 56 -1
13 2 -1
13 3 -1
13 6 1
13 7 -1
13 8 -1
13 9 -1
13 11 1
13 12 -1
13 15 1
13 16 -1
13 27 -1
13 29 -1
13 31 -1
13 41 -1
13 47 -1
14 1 -1
14 2 -1
14 4 -1
14 5 -1
14 6 -1
14 8 -1
14 9 -1
14 11 -1
14 12 -1
14 16 -1
14 29 -1
14 31 -1
14 39 -1
14 43 -1
14 53 -1
14 54 -1
15 1 -1
15 2 -1
15 4 -1
15 5 -1
15 6 -1
15 9 -1
15 11 1
15 12 -1
15 13 1
15 16 -1
15 30 -1
15 35 -1
15 37 -1
15 41 -1
15 43 -1
15 64 -1
16 1 1
16 3 -1
16 5 -1
16 8 -1
16 9 1
16 10 1
16 12 -1
16 13 -1
16 14 -1
16 15 -1
16 18 -1
16 19 -1
16 30 -1
16 34 -1
16 38 -1
16 63 -1
17 3 -1
17 5 -1
17 19 -1
17 21 -1
17 22 -1
17 24 -1
17 26 1
17 28 -1
17 29 -1
17 30 -1
17 31 1
17 32 -1
17 45 -1
17 46 -1
17 52 -1
17 57 -1
18 9 -1
18 11 -1
18 16 -1
18 19 -1
18 21 -1
18 22 -1
18 23 -1
18 24 -1
18 26 -1
18 27 -1
18 29 1
18 31 -1
18 32 -1
18 35 -1
18 39 -1
18 59 -1
19 3 -1
19 4 -1
19 16 -1
19 17 -1
19 18 -1
19 20 -1
19 21 -1
19 22 1
19 25 -1
19 27 -1
19 29 -1
19 31 -1
19 32 -1
19 34 -1
19 50 -1
19 54 -1
20 4 -1
20 9 -1
20 12 -1
20 19 -1
20 21 -1
20 22 -1
20 23 -1
20 25 -1
20 26 -1
20 27 -1
20 29 -1
20 30 -1
20 31 -1
20 53 -1
20 57 -1
20 61 -1
21 10 -1
21 11 -1
21 17 -1
21 18 -1
21 19 -1
21 20 -1
21 22 -1
21 23 -1
21 25 -1
21 27 -1
21 28 -1
21 31 -1
21 35 -1
21 55 1
21 57 -1
21 62 -1
22 2 -1
22 17 -1
22 18 -1
22 19 1
22 20 -1
22 21 -1
22 24 -1
22 26 1
22 27 -1
22 30 -1
22 32 -1
22 33 -1
22 37 -1
22 55 -1
23 18 -1
23 20 -1
23 21 -1
23 24 -1
23 25 -1
23 27 -1
23 28 1
23 29 -1
23 31 -1
23 32 -1
23 49 -1
23 51 1
23 53 -1
23 59 -1
23 61 -1
23 63 -1
24 17 -1
24 18 -1
24 22 -1
24 23 -1
24 25 -1
24 26 -1
24 27 -1
24 28 -1
24 30 -1
24 31 1
24 36 -1
24 37 -1
24 50 -1
24 51 -1
24 54 -1
24 63 -1
25 1 -1
25 6 1
25 7 -1
25 19 -1
25 20 -1
25 21 -1
25 23 -1
25 24 -1
25 26 -1
25 28 -1
25 29 -1
25 30 -1
25 31 -1
25 45 -1
25 55 -1
25 59 -1
26 1 -1
26 6 -1
26 17 1
26 18 -1
26 20 -1
26 22 1
26 24 -1
26 25 -1
26 28 -1
26 29 -1
26 31 -1
26 32 -1
26 33 -1
26 35 -1
26 42 1
26 60 -1
27 3 -1
27 13 -1
27 18 -1
27 19 -1
27 20 -1
27 21 -1
27 22 -1
27 23 -1
27 24 -1
27 28 -1
27 30 -1
27 32 -1
27 38 1
27 54 -1
27 57 -1
27 62 1
28 2 -1
28 5 -1
28 7 -1
28 17 -1
28 21 -1
28 23 1
28 24 -1
28 25 -1
28 26 -1
28 27 -1
28 29 -1
28 30 1
28 32 1
28 45 -1
28 47 -1
28 51 -1
29 9 1
29 13 -1
29 14 -1
29 17 -1
29 18 1
29 19 -1
29 20 -1
29 23 -1
29 25 -1
29 26 -1
29 28 -1
29 30 -1
29 32 1
29 42 1
29 58 -1
29 60 -1
30 5 1
30 15 -1
30 16 -1
30 17 -1
30 20 -1
30 22 -1
30 24 -1
30 25 -1
30 27 -1
30 28 1
30 29 -1
30 31 -1
30 32 1
30 43 1
30 48 -1
31 1 -1
31 13 -1
31 14 -1
31 17 1
31 18 -1
31 19 -1
31 20 -1
31 21 -1
31 23 -1
31 24 1
31 25 -1
31 26 -1
31 30 -1
31 35 -1
31 41 -1
31 49 -1
32 6 -1
32 9 1
32 10 1
32 17 -1
32 18 -1
32 19 -1
32 22 -1
32 23 -1
32 26 -1
32 27 -1
32 28 1
32 29 1
32 30 1
32 38 -1
32 45 -1
32 50 -1
33 3 -1
33 5 1
33 11 -1
33 22 -1
33 26 -1
33 34 -1
33 35 -1
33 36 -1
33 37 1
33 38 -1
33 40 -1
33 42 1
33 44 -1
33 45 1
33 46 -1
33 53 -1
34 6 -1
34 12 1
34 16 -1
34 19 -1
34 33 -1
34 37 -1
34 38 -1
34 39 1
34 41 -1
34 43 -1
34 45 -1
34 46 -1
34 47 -1
34 48 -1
34 57 -1
35 15 -1
35 18 -1
35 21 -1
35 26 -1
35 31 -1
35 33 -1
35 36 -1
35 37 1
35 39 -1
35 40 -1
35 42 -1
35 44 -1
35 45 -1
35 47 1
35 48 1
35 52 -1
36 9 -1
36 12 1
36 24 -1
36 33 -1
36 35 -1
36 38 1
36 39 -1
36 40 -1
36 41 -1
36 42 -1
36 44 -1
36 45 -1
36 47 -1
36 51 -1
36 52 -1
36 62 -1
37 15 -1
37 22 -1
37 24 -1
37 33 1
37 34 -1
37 35 1
37 39 -1
37 41 1
37 43 1
37 44 -1
37 46 -1
37 47 1
37 48 -1
37 55 -1
37 62 1
37 64 -1
38 16 -1
38 27 1
38 32 -1
38 33 -1
38 34 -1
38 36 1
38 39 1
38 40 -1
38 42 -1
38 43 1
38 45 -1
38 46 -1
38 48 -1
38 49 -1
38 50 -1
39 2 -1
39 14 -1
39 18 -1
39 34 1
39 35 -1
39 36 -1
39 37 -1
39 38 1
39 40 1
39 41 -1
39 43 -1
39 45 1
39 48 -1
39 62 -1
39 63 1
39 64 -1
40 7 -1
40 9 -1
40 11 -1
40 33 -1
40 35 -1
40 36 -1
40 38 -1
40 39 1
40 41 -1
40 42 -1
40 44 -1
40 46 -1
40 48 -1
40 49 -1
41 2 1
41 7 -1
41 13 -1
41 15 -1
41 31 -1
41 34 -1
41 36 -1
41 37 1
41 39 -1
41 40 -1
41 42 -1
41 43 -1
41 45 1
41 47 1
41 48 1
42 26 1
42 29 1
42 33 1
42 35 -1
42 36 -1
42 38 -1
42 40 -1
42 41 -1
42 43 -1
42 44 1
42 46 -1
42 47 1
42 56 -1
42 58 -1
42 60 -1
42 64 1
43 4 -1
43 14 -1
43 15 -1
43 30 1
43 34 -1
43 37 1
43 38 1
43 39 -1
43 41 -1
43 42 -1
43 44 -1
43 46 -1
43 47 1
43 48 -1
43 50 -1
44 33 -1
44 35 -1
44 36 -1
44 37 -1
44 40 -1
44 42 1
44 43 -1
44 45 -1
44 46 -1
44 48 1
44 55 1
44 56 -1
44 58 1
44 64 -1
45 4 -1
45 17 -1
45 25 -1
45 28 -1
45 32 -1
45 33 1
45 34 -1
45 35 -1
45 36 -1
45 38 -1
45 39 1
45 41 1
45 44 -1
45 46 1
45 47 -1
45 63 -1
46 5 -1
46 8 1
46 12 -1
46 17 -1
46 33 -1
46 34 -1
46 37 -1
46 38 -1
46 40 -1
46 42 -1
46 43 -1
46 44 -1
46 45 1
46 47 -1
46 49 1
46 59 -1
47 13 -1
47 28 -1
47 34 -1
47 35 1
47 36 -1
47 37 1
47 41 1
47 42 1
47 43 1
47 45 -1
47 46 -1
47 48 -1
47 54 -1
47 57 -1
47 59 -1
47 61 -1
48 10 -1
48 12 -1
48 30 -1
48 34 -1
48 35 1
48 37 -1
48 38 -1
48 39 -1
48 40 -1
48 41 1
48 43 -1
48 44 1
48 47 -1
48 56 -1
49 23 -1
49 31 -1
49 38 -1
49 40 -1
49 46 1
49 51 -1
49 52 -1
49 55 -1
49 56 -1
49 57 1
49 58 -1
49 59 1
49 60 -1
49 62 1
49 64 -1
50 10 -1
50 19 -1
50 24 -1
50 32 -1
50 38 -1
50 43 -1
50 51 -1
50 52 -1
50 55 -1
50 56 1
50 57 1
50 59 1
50 61 -1
50 62 -1
50 63 -1
50 64 -1
51 1 -1
51 23 1
51 24 -1
51 28 -1
51 36 -1
51 49 -1
51 50 -1
51 52 1
51 53 -1
51 55 -1
51 56 1
51 57 -1
51 59 -1
51 61 -1
51 63 -1
52 8 1
52 17 -1
52 35 -1
52 36 -1
52 49 -1
52 50 -1
52 51 1
52 53 -1
52 54 1
52 56 1
52 59 1
52 60 -1
52 63 -1
52 64 1
53 10 -1
53 14 -1
53 20 -1
53 23 -1
53 33 -1
53 51 -1
53 52 -1
53 54 -1
53 55 1
53 57 -1
53 58 1
53 59 -1
53 61 -1
53 62 -1
53 63 -1
54 7 -1
54 14 -1
54 19 -1
54 24 -1
54 27 -1
54 47 -1
54 52 1
54 53 -1
54 55 -1
54 56 1
54 58 1
54 59 -1
54 60 -1
54 61 -1
54 62 1
54 64 1
55 21 1
55 22 -1
55 25 -1
55 37 -1
55 44 1
55 49 -1
55 50 -1
55 51 -1
55 53 1
55 54 -1
55 56 -1
55 57 -1
55 60 -1
55 61 -1
55 64 -1
56 12 -1
56 42 -1
56 44 -1
56 48 -1
56 49 -1
56 50 1
56 51 1
56 52 1
56 54 1
56 55 -1
56 58 -1
56 61 1
56 62 -1
56 63 -1
57 17 -1
57 20 -1
57 21 -1
57 27 -1
57 34 -1
57 47 -1
57 49 1
57 50 1
57 51 -1
57 53 -1
57 55 -1
57 58 -1
57 59 1
57 60 -1
57 62 -1
57 64 -1
58 1 -1
58 3 -1
58 29 -1
58 42 -1
58 44 1
58 49 -1
58 53 1
58 54 1
58 56 -1
58 57 -1
58 60 1
58 61 -1
58 62 -1
58 63 -1
58 64 -1
59 2 1
59 18 -1
59 23 -1
59 25 -1
59 46 -1
59 47 -1
59 49 1
59 50 1
59 51 -1
59 52 1
59 53 -1
59 54 -1
59 57 1
59 62 -1
59 63 1
59 64 -1
60 6 1
60 8 -1
60 11 1
60 26 -1
60 29 -1
60 42 -1
60 49 -1
60 52 -1
60 54 -1
60 55 -1
60 57 -1
60 58 1
60 61 -1
60 62 -1
60 63 -1
60 64 -1
61 3 -1
61 4 1
61 20 -1
61 23 -1
61 47 -1
61 50 -1
61 51 -1
61 53 -1
61 54 -1
61 55 -1
61 56 1
61 58 -1
61 60 -1
61 62 -1
61 63 -1
62 5 -1
62 21 -1
62 27 1
62 36 -1
62 37 1
62 39 -1
62 49 1
62 50 -1
62 53 -1
62 54 1
62 56 -1
62 57 -1
62 58 -1
62 59 -1
62 60 -1
62 61 -1
63 8 -1
63 16 -1
63 23 -1
63 24 -1
63 39 1
63 45 -1
63 50 -1
63 51 -1
63 52 -1
63 53 -1
63 56 -1
63 58 -1
63 59 1
63 60 -1
63 61 -1
63 64 1
64 15 -1
64 37 -1
64 39 -1
64 42 1
64 44 -1
64 49 -1
64 50 -1
64 52 1
64 54 1
64 55 -1
64 57 -1
64 58 -1
64 59 -1
64 60 -1
64 63 1
