1 2 -1
1 3 -1
1 5 -1
1 6 -1
1 7 -1
1 9 -1
1 10 -1
1 11 -1
1 13 -1
1 14 -1
1 17 -1
1 19 1
1 25 -1
1 34 1
1 56 -1
1 61 1
2 1 -1
2 4 -1
2 6 -1
2 7 1
2 8 -1
2 9 -1
2 10 -1
2 12 -1
2 14 -1
2 15 -1
2 19 -1
2 34 -1
2 40 1
2 42 -1
2 43 -1
3 1 -1
3 4 -1
3 5 -1
3 6 -1
3 7 -1
3 9 -1
3 11 -1
3 13 -1
3 15 -1
3 16 -1
3 21 -1
3 31 -1
3 34 -1
3 40 -1
3 42 -1
3 51 -1
4 2 -1
4 3 -1
4 5 -1
4 7 -1
4 9 -1
4 10 -1
4 11 -1
4 14 -1
4 15 -1
4 16 -1
4 20 1
4 28 -1
4 39 -1
4 43 -1
4 46 1
5 1 -1
5 3 -1
5 4 -1
5 6 1
5 8 -1
5 9 -1
5 12 -1
5 13 -1
5 15 -1
5 16 -1
5 20 -1
5 41 -1
5 44 1
5 56 -1
5 61 -1
6 1 -1
6 2 -1
6 3 -1
6 5 1
6 7 -1
6 8 1
6 12 -1
6 13 -1
6 15 -1
6 16 -1
6 17 -1
6 22 -1
6 23 -1
6 46 -1
6 49 -1
6 57 -1
7 1 -1
7 2 1
7 3 -1
7 4 -1
7 6 -1
7 12 -1
7 13 -1
7 14 -1
7 15 -1
7 16 1
7 28 -1
7 32 -1
7 38 -1
7 41 -1
7 48 -1
7 54 -1
8 2 -1
8 5 -1
8 6 1
8 9 -1
8 10 -1
8 11 -1
8 12 -1
8 13 -1
8 14 -1
8 16 1
8 21 -1
8 28 -1
8 33 -1
8 49 1
8 51 -1
8 56 -1
9 1 -1
9 2 -1
9 3 -1
9 4 -1
9 5 -1
9 8 -1
9 11 -1
9 13 -1
9 14 -1
9 15 -1
9 19 -1
9 29 -1
9 34 -1
9 37 -1
9 46 -1
9 60 -1
10 1 -1
10 2 -1
10 4 -1
10 8 -1
10 11 -1
10 12 -1
10 13 -1
10 14 -1
10 15 -1
10 16 -1
10 23 -1
10 28 -1
10 35 -1
10 44 -1
10 51 -1
10 56 -1
11 1 -1
11 3 -1
11 4 -1
11 8 -1
11 9 -1
11 10 -1
11 12 -1
11 13 1
11 14 -1
11 16 -1
11 21 -1
11 35 -1
11 37 -1
11 57 -1
11 59 -1
12 2 -1
12 5 -1
12 6 -1
12 7 -1
12 8 -1
12 10 -1
12 11 -1
12 13 -1
12 14 1
12 15 -1
12 42 -1
12 48 -1
12 61 -1
12 64 -1
13 1 -1
13 3 -1
13 5 -1
13 6 -1
13 7 -1
13 8 -1
13 9 -1
13 10 -1
13 11 1
13 12 -1
13 24 1
13 37 -1
13 39 -1
13 40 -1
13 60 -1
14 1 -1
14 2 -1
14 4 -1
14 7 -1
14 8 -1
14 9 -1
14 10 -1
14 11 -1
14 12 1
14 16 -1
14 23 -1
14 24 -1
14 44 -1
14 47 -1
14 59 -1
14 61 -1
15 2 -1
15 3 -1
15 4 -1
15 5 -1
15 6 -1
15 7 -1
15 9 -1
15 10 -1
15 12 -1
15 16 -1
15 18 -1
15 30 -1
15 51 -1
15 54 -1
15 59 -1
15 64 -1
16 3 -1
16 4 -1
16 5 -1
16 6 -1
16 7 1
16 8 1
16 10 -1
16 11 -1
16 14 -1
16 15 -1
16 19 -1
16 31 -1
16 39 1
16 47 -1
17 1 -1
17 6 -1
17 19 1
17 20 -1
17 21 1
17 22 -1
17 24 -1
17 25 -1
17 27 -1
17 29 -1
17 31 -1
17 32 -1
17 33 -1
17 34 -1
17 50 -1
17 52 -1
18 15 -1
18 20 -1
18 21 -1
18 23 -1
18 24 -1
18 25 -1
18 26 -1
18 28 -1
18 29 -1
18 30 1
18 32 -1
18 35 -1
18 49 -1
18 53 -1
18 55 -1
18 63 -1
19 1 1
19 2 -1
19 9 -1
19 16 -1
19 17 1
19 20 -1
19 24 -1
19 25 -1
19 26 -1
19 27 -1
19 28 -1
19 29 -1
19 30 -1
19 31 1
19 52 -1
20 4 1
20 5 -1
20 17 -1
20 18 -1
20 19 -1
20 21 -1
20 23 -1
20 26 -1
20 27 -1
20 28 -1
20 29 -1
20 31 -1
20 43 -1
20 60 -1
21 3 -1
21 8 -1
21 11 -1
21 17 1
21 18 -1
21 20 -1
21 22 -1
21 23 -1
21 24 -1
21 26 1
21 28 1
21 30 -1
21 31 -1
21 50 -1
21 52 -1
21 53 -1
22 6 -1
22 17 -1
22 21 -1
22 24 -1
22 25 -1
22 26 -1
22 27 -1
22 28 -1
22 29 -1
22 30 -1
22 32 -1
22 38 -1
22 43 -1
22 45 -1
22 49 1
22 62 -1
23 6 -1
23 10 -1
23 14 -1
23 18 -1
23 20 -1
23 21 -1
23 24 -1
23 25 -1
23 26 -1
23 28 -1
23 29 -1
23 30 -1
23 32 -1
23 33 -1
23 37 -1
23 48 -1
24 13 1
24 14 -1
24 17 -1
24 18 -1
24 19 -1
24 21 -1
24 22 -1
24 23 -1
24 28 -1
24 29 -1
24 30 -1
24 32 -1
24 36 -1
24 47 -1
24 48 -1
24 58 -1
25 1 -1
25 17 -1
25 18 -1
25 19 -1
25 22 -1
25 23 -1
25 26 -1
25 27 -1
25 28 -1
25 30 -1
25 32 -1
25 36 -1
25 39 -1
25 42 -1
25 54 1
25 58 1
26 18 -1
26 19 -1
26 20 -1
26 21 1
26 22 -1
26 23 -1
26 25 -1
26 27 -1
26 28 1
26 31 -1
26 35 -1
26 43 -1
26 45 -1
26 49 -1
26 55 -1
27 17 -1
27 19 -1
27 20 -1
27 22 -1
27 25 -1
27 26 -1
27 29 -1
27 30 -1
27 31 -1
27 32 -1
27 40 -1
27 46 -1
27 54 -1
27 63 -1
28 4 -1
28 7 -1
28 8 -1
28 10 -1
28 18 -1
28 19 -1
28 20 -1
28 21 1
28 22 -1
28 23 -1
28 24 -1
28 25 -1
28 26 1
28 31 -1
28 56 -1
28 59 -1
29 9 -1
29 17 -1
29 18 -1
29 19 -1
29 20 -1
29 22 -1
29 23 -1
29 24 -1
29 27 -1
29 31 -1
29 32 -1
29 46 -1
29 50 -1
29 55 -1
29 58 -1
29 61 -1
30 15 -1
30 18 1
30 19 -1
30 21 -1
30 22 -1
30 23 -1
30 24 -1
30 25 -1
30 27 -1
30 31 -1
30 32 -1
30 49 -1
30 51 -1
30 53 -1
30 57 -1
30 63 -1
31 3 -1
31 16 -1
31 17 -1
31 19 1
31 20 -1
31 21 -1
31 26 -1
31 27 -1
31 28 -1
31 29 -1
31 30 -1
31 32 -1
31 42 -1
31 44 -1
31 47 -1
32 7 -1
32 17 -1
32 18 -1
32 22 -1
32 23 -1
32 24 -1
32 25 -1
32 27 -1
32 29 -1
32 30 -1
32 31 -1
32 41 -1
32 45 -1
32 57 1
32 59 -1
33 8 -1
33 17 -1
33 23 -1
33 35 -1
33 38 -1
33 39 -1
33 40 -1
33 41 -1
33 43 -1
33 44 1
33 45 -1
33 46 1
33 47 -1
33 50 -1
33 53 -1
33 56 -1
34 1 1
34 2 -1
34 3 -1
34 9 -1
34 17 -1
34 36 -1
34 37 -1
34 38 1
34 40 -1
34 42 -1
34 44 -1
34 45 -1
34 46 -1
34 47 1
34 48 -1
35 10 -1
35 11 -1
35 18 -1
35 26 -1
35 33 -1
35 36 -1
35 37 -1
35 38 1
35 39 -1
35 41 -1
35 42 -1
35 44 -1
35 46 -1
35 48 -1
35 54 1
35 60 -1
36 24 -1
36 25 -1
36 34 -1
36 35 -1
36 37 1
36 38 -1
36 39 -1
36 41 -1
36 42 -1
36 43 -1
36 45 -1
36 48 -1
36 62 -1
36 64 -1
37 9 -1
37 11 -1
37 13 -1
37 23 -1
37 34 -1
37 35 -1
37 36 1
37 38 -1
37 40 -1
37 42 -1
37 44 -1
37 45 -1
37 47 -1
37 48 -1
37 50 -1
37 64 -1
38 7 -1
38 22 -1
38 33 -1
38 34 1
38 35 1
38 36 -1
38 37 -1
38 40 -1
38 41 1
38 42 -1
38 43 1
38 46 1
38 58 -1
38 60 1
38 62 -1
39 4 -1
39 13 -1
39 16 1
39 25 -1
39 33 -1
39 35 -1
39 36 -1
39 41 -1
39 43 -1
39 44 -1
39 45 -1
39 46 1
39 47 -1
39 48 1
39 57 -1
40 2 1
40 3 -1
40 13 -1
40 27 -1
40 33 -1
40 34 -1
40 37 -1
40 38 -1
40 41 -1
40 42 -1
40 43 1
40 45 -1
40 47 -1
40 48 -1
40 51 -1
40 55 -1
41 5 -1
41 7 -1
41 32 -1
41 33 -1
41 35 -1
41 36 -1
41 38 1
41 39 -1
41 40 -1
41 42 -1
41 43 -1
41 46 -1
41 47 -1
41 52 -1
41 53 -1
41 62 -1
42 2 -1
42 3 -1
42 12 -1
42 25 -1
42 31 -1
42 34 -1
42 35 -1
42 36 -1
42 37 -1
42 38 -1
42 40 -1
42 41 -1
42 43 -1
42 44 -1
42 47 -1
42 55 -1
43 2 -1
43 4 -1
43 20 -1
43 22 -1
43 26 -1
43 33 -1
43 36 -1
43 38 1
43 39 -1
43 40 1
43 41 -1
43 42 -1
43 44 -1
43 45 -1
43 46 -1
43 62 -1
44 5 1
44 10 -1
44 14 -1
44 31 -1
44 33 1
44 34 -1
44 35 -1
44 37 -1
44 39 -1
44 42 -1
44 43 -1
44 46 -1
44 47 -1
44 48 -1
44 58 1
45 22 -1
45 26 -1
45 32 -1
45 33 -1
45 34 -1
45 36 -1
45 37 -1
45 39 -1
45 40 -1
45 43 -1
45 46 -1
45 47 -1
45 48 -1
45 50 -1
45 54 -1
46 4 1
46 6 -1
46 9 -1
46 27 -1
46 29 -1
46 33 1
46 34 -1
46 35 -1
46 38 1
46 39 1
46 41 -1
46 43 -1
46 44 -1
46 45 -1
46 48 -1
46 63 1
47 14 -1
47 16 -1
47 24 -1
47 31 -1
47 33 -1
47 34 1
47 37 -1
47 39 -1
47 40 -1
47 41 -1
47 42 -1
47 44 -1
47 45 -1
47 48 -1
47 52 -1
47 57 -1
48 7 -1
48 12 -1
48 23 -1
48 24 -1
48 34 -1
48 35 -1
48 36 -1
48 37 -1
48 39 1
48 40 -1
48 44 -1
48 45 -1
48 46 -1
48 47 -1
48 53 1
49 6 -1
49 8 1
49 18 -1
49 22 1
49 26 -1
49 30 -1
49 51 -1
49 52 -1
49 53 -1
49 57 -1
49 58 -1
49 60 -1
49 61 -1
49 62 1
49 63 -1
49 64 -1
50 17 -1
50 21 -1
50 29 -1
50 33 -1
50 37 -1
50 45 -1
50 52 -1
50 53 1
50 54 -1
50 55 -1
50 56 -1
50 57 -1
50 59 -1
50 61 -1
50 62 -1
50 63 -1
51 3 -1
51 8 -1
51 10 -1
51 15 -1
51 30 -1
51 40 -1
51 49 -1
51 52 -1
51 54 -1
51 57 -1
51 58 -1
51 60 -1
51 61 -1
51 62 -1
51 63 -1
51 64 -1
52 17 -1
52 19 -1
52 21 -1
52 41 -1
52 47 -1
52 49 -1
52 50 -1
52 51 -1
52 53 -1
52 54 -1
52 57 -1
52 58 -1
52 59 -1
52 63 -1
52 64 -1
53 18 -1
53 21 -1
53 30 -1
53 33 -1
53 41 -1
53 48 1
53 49 -1
53 50 1
53 52 -1
53 54 -1
53 56 -1
53 57 -1
53 59 -1
53 60 -1
53 62 -1
53 64 -1
54 7 -1
54 15 -1
54 25 1
54 27 -1
54 35 1
54 45 -1
54 50 -1
54 51 -1
54 52 -1
54 53 -1
54 55 -1
54 56 1
54 57 -1
54 59 -1
54 60 -1
54 61 -1
55 18 -1
55 26 -1
55 29 -1
55 40 -1
55 42 -1
55 50 -1
55 54 -1
55 56 -1
55 58 -1
55 59 -1
55 60 -1
55 61 -1
55 62 -1
55 63 -1
55 64 -1
56 1 -1
56 5 -1
56 8 -1
56 10 -1
56 28 -1
56 33 -1
56 50 -1
56 53 -1
56 54 1
56 55 -1
56 57 -1
56 59 -1
56 60 1
56 61 -1
56 62 -1
56 63 -1
57 6 -1
57 11 -1
57 30 -1
57 32 1
57 39 -1
57 47 -1
57 49 -1
57 50 -1
57 51 -1
57 52 -1
57 53 -1
57 54 -1
57 56 -1
57 59 -1
57 62 -1
57 64 -1
58 24 -1
58 25 1
58 29 -1
58 38 -1
58 44 1
58 49 -1
58 51 -1
58 52 -1
58 55 -1
58 59 -1
58 60 -1
58 61 -1
58 62 -1
58 63 -1
58 64 -1
59 11 -1
59 14 -1
59 15 -1
59 28 -1
59 32 -1
59 50 -1
59 52 -1
59 53 -1
59 54 -1
59 55 -1
59 56 -1
59 57 -1
59 58 -1
59 61 1
59 62 -1
60 9 -1
60 13 -1
60 20 -1
60 35 -1
60 38 1
60 49 -1
60 51 -1
60 53 -1
60 54 -1
60 55 -1
60 56 1
60 58 -1
60 61 -1
60 63 -1
60 64 -1
61 1 1
61 5 -1
61 12 -1
61 14 -1
61 29 -1
61 49 -1
61 50 -1
61 51 -1
61 54 -1
61 55 -1
61 56 -1
61 58 -1
61 59 1
61 60 -1
61 64 -1
62 22 -1
62 36 -1
62 38 -1
62 41 -1
62 43 -1
62 49 1
62 50 -1
62 51 -1
62 53 -1
62 55 -1
62 56 -1
62 57 -1
62 58 -1
62 59 -1
62 63 -1
63 18 -1
63 27 -1
63 30 -1
63 46 1
63 49 -1
63 50 -1
63 51 -1
63 52 -1
63 55 -1
63 56 -1
63 58 -1
63 60 -1
63 62 -1
63 64 -1
64 12 -1
64 15 -1
64 36 -1
64 37 -1
64 49 -1
64 51 -1
64 52 -1
64 53 -1
64 55 -1
64 57 -1
64 58 -1
64 60 -1
64 61 -1
64 63 -1
