1 2 -1
1 3 1
1 7 1
1 8 -1
1 9 1
1 10 -1
1 12 1
1 14 -1
1 15 1
1 16 -1
1 25 -1
1 29 -1
1 36 -1
1 38 -1
1 54 -1
1 58 -1
2 1 -1
2 4 1
2 5 -1
2 9 -1
2 10 1
2 11 -1
2 12 -1
2 13 1
2 15 -1
2 16 -1
2 18 -1
2 36 -1
2 44 -1
2 46 1
2 47 -1
2 54 -1
3 1 1
3 4 -1
3 6 -1
3 10 -1
3 11 -1
3 12 -1
3 13 -1
3 14 -1
3 15 1
3 16 1
3 22 -1
3 30 -1
3 33 -1
3 35 -1
3 58 1
3 60 1
4 2 1
4 3 -1
4 5 -1
4 6 -1
4 7 -1
4 9 1
4 11 -1
4 13 1
4 15 -1
4 16 -1
4 21 1
4 32 1
4 41 1
4 49 -1
4 54 1
4 56 1
5 2 -1
5 4 -1
5 7 -1
5 9 -1
5 11 1
5 12 1
5 13 -1
5 14 -1
5 15 -1
5 16 1
5 22 -1
5 26 -1
5 31 -1
5 33 -1
5 34 1
5 48 1
6 3 -1
6 4 -1
6 8 -1
6 9 -1
6 10 -1
6 11 1
6 12 -1
6 13 -1
6 14 1
6 16 1
6 25 -1
6 26 -1
6 39 1
6 45 1
6 51 -1
6 61 -1
7 1 1
7 4 -1
7 5 -1
7 8 1
7 10 -1
7 11 -1
7 12 1
7 14 -1
7 15 1
7 16 -1
7 22 -1
7 23 -1
7 26 1
7 32 -1
7 45 -1
8 1 -1
8 6 -1
8 7 1
8 9 -1
8 10 1
8 11 1
8 12 1
8 13 -1
8 14 -1
8 16 -1
8 19 1
8 20 1
8 35 -1
8 37 1
8 41 -1
8 61 1
9 1 1
9 2 -1
9 4 1
9 5 -1
9 6 -1
9 8 -1
9 10 -1
9 11 -1
9 12 -1
9 15 -1
9 28 1
9 34 -1
9 36 -1
9 40 -1
9 41 1
9 56 -1
10 1 -1
10 2 1
10 3 -1
10 6 -1
10 7 -1
10 8 1
10 9 -1
10 13 -1
10 14 -1
10 16 -1
10 22 1
10 25 -1
10 27 -1
10 38 -1
10 53 -1
10 54 1
11 2 -1
11 3 -1
11 4 -1
11 5 1
11 6 1
11 7 -1
11 8 1
11 9 -1
11 14 -1
11 16 -1
11 38 -1
11 39 1
11 44 1
11 50 -1
11 55 -1
11 59 -1
12 1 1
12 2 -1
12 3 -1
12 5 1
12 6 -1
12 7 1
12 8 1
12 9 -1
12 13 -1
12 15 -1
12 17 -1
12 29 -1
12 31 1
12 41 -1
12 63 -1
13 2 1
13 3 -1
13 4 1
13 5 -1
13 6 -1
13 8 -1
13 10 -1
13 12 -1
13 14 -1
13 15 -1
13 47 -1
13 50 -1
13 59 -1
13 63 -1
13 64 1
14 1 -1
14 3 -1
14 5 -1
14 6 1
14 7 -1
14 8 -1
14 10 -1
14 11 -1
14 13 -1
14 15 -1
14 20 -1
14 25 -1
14 30 -1
14 33 -1
14 48 -1
14 57 1
15 1 1
15 2 -1
15 3 1
15 4 -1
15 5 -1
15 7 1
15 9 -1
15 12 -1
15 13 -1
15 14 -1
15 30 1
15 32 -1
15 34 -1
15 50 1
15 54 1
15 64 -1
16 1 -1
16 2 -1
16 3 1
16 4 -1
16 5 1
16 6 1
16 7 -1
16 8 -1
16 10 -1
16 11 -1
16 35 -1
16 37 -1
16 39 -1
16 49 1
16 51 1
17 12 -1
17 18 1
17 19 -1
17 20 -1
17 21 -1
17 22 -1
17 24 -1
17 26 -1
17 27 -1
17 30 -1
17 31 -1
17 44 -1
17 51 -1
17 53 1
17 60 -1
18 2 -1
18 17 1
18 19 -1
18 22 -1
18 23 -1
18 24 -1
18 25 -1
18 26 -1
18 28 -1
18 29 1
18 31 -1
18 40 -1
18 45 -1
18 62 1
19 8 1
19 17 -1
19 18 -1
19 20 -1
19 23 -1
19 25 1
19 27 1
19 29 -1
19 30 -1
19 31 -1
19 32 -1
19 34 1
19 39 -1
19 51 -1
19 52 1
19 58 1
20 8 1
20 14 -1
20 17 -1
20 19 -1
20 22 -1
20 23 -1
20 24 -1
20 27 -1
20 29 1
20 30 -1
20 31 -1
20 32 -1
20 45 1
20 55 -1
20 61 1
21 4 1
21 17 -1
21 22 -1
21 23 -1
21 24 -1
21 25 -1
21 26 -1
21 28 -1
21 29 -1
21 30 -1
21 32 -1
21 44 -1
21 46 -1
21 48 -1
21 50 -1
21 57 -1
22 3 -1
22 5 -1
22 7 -1
22 10 1
22 17 -1
22 18 -1
22 20 -1
22 21 -1
22 24 -1
22 25 1
22 26 -1
22 27 1
22 28 -1
22 31 -1
22 53 -1
22 62 -1
23 7 -1
23 18 -1
23 19 -1
23 20 -1
23 21 -1
23 24 1
23 25 1
23 26 -1
23 30 -1
23 31 1
23 32 1
23 35 -1
23 39 1
23 48 -1
23 55 -1
23 60 -1
24 17 -1
24 18 -1
24 20 -1
24 21 -1
24 22 -1
24 23 1
24 27 -1
24 28 1
24 31 -1
24 32 -1
24 36 -1
24 38 -1
24 40 -1
24 42 1
24 44 -1
24 64 -1
25 1 -1
25 6 -1
25 10 -1
25 14 -1
25 18 -1
25 19 1
25 21 -1
25 22 1
25 23 1
25 27 -1
25 28 -1
25 29 -1
25 30 -1
25 32 -1
25 34 1
25 58 1
26 5 -1
26 6 -1
26 7 1
26 17 -1
26 18 -1
26 21 -1
26 22 -1
26 23 -1
26 27 -1
26 28 -1
26 29 1
26 30 -1
26 32 -1
26 42 -1
26 56 -1
26 62 1
27 10 -1
27 17 -1
27 19 1
27 20 -1
27 22 1
27 24 -1
27 25 -1
27 26 -1
27 28 -1
27 29 -1
27 32 -1
27 44 1
27 45 -1
27 49 -1
27 52 -1
27 63 -1
28 9 1
28 18 -1
28 21 -1
28 22 -1
28 24 1
28 25 -1
28 26 -1
28 27 -1
28 29 -1
28 30 1
28 32 -1
28 42 -1
28 60 -1
28 61 -1
28 62 -1
28 63 1
29 1 -1
29 12 -1
29 18 1
29 19 -1
29 20 1
29 21 -1
29 25 -1
29 26 1
29 27 -1
29 28 -1
29 30 1
29 31 1
29 55 -1
29 57 1
29 61 -1
30 3 -1
30 14 -1
30 15 1
30 17 -1
30 19 -1
30 20 -1
30 21 -1
30 23 -1
30 25 -1
30 26 -1
30 28 1
30 29 1
30 31 1
30 36 1
30 41 -1
31 5 -1
31 12 1
31 17 -1
31 18 -1
31 19 -1
31 20 -1
31 22 -1
31 23 1
31 24 -1
31 29 1
31 30 1
31 32 -1
31 34 1
31 48 1
31 50 -1
31 64 1
32 4 1
32 7 -1
32 15 -1
32 19 -1
32 20 -1
32 21 -1
32 23 1
32 24 -1
32 25 -1
32 26 -1
32 27 -1
32 28 -1
32 31 -1
32 43 -1
32 46 -1
32 51 1
33 3 -1
33 5 -1
33 14 -1
33 35 1
33 36 -1
33 37 -1
33 41 -1
33 42 -1
33 43 -1
33 44 -1
33 45 1
33 46 1
33 48 -1
33 53 1
33 60 1
34 5 1
34 9 -1
34 15 -1
34 19 1
34 25 1
34 31 1
34 35 -1
34 36 -1
34 37 -1
34 38 -1
34 40 1
34 41 -1
34 42 -1
34 45 -1
34 46 1
34 48 -1
35 3 -1
35 8 -1
35 16 -1
35 23 -1
35 33 1
35 34 -1
35 36 1
35 39 1
35 40 -1
35 42 -1
35 43 -1
35 44 1
35 45 -1
35 46 1
35 49 -1
35 63 1
36 1 -1
36 2 -1
36 9 -1
36 24 -1
36 30 1
36 33 -1
36 34 -1
36 35 1
36 37 -1
36 39 1
36 41 -1
36 42 -1
36 43 -1
36 44 -1
36 48 1
37 8 1
37 16 -1
37 33 -1
37 34 -1
37 36 -1
37 38 -1
37 39 -1
37 40 1
37 41 1
37 44 1
37 45 -1
37 47 1
37 50 -1
37 54 -1
37 59 1
38 1 -1
38 10 -1
38 11 -1
38 24 -1
38 34 -1
38 37 -1
38 39 -1
38 40 1
38 42 -1
38 43 1
38 45 -1
38 46 1
38 47 -1
38 48 -1
38 52 -1
39 6 1
39 11 1
39 16 -1
39 19 -1
39 23 1
39 35 1
39 36 1
39 37 -1
39 38 -1
39 40 -1
39 41 -1
39 42 -1
39 44 -1
39 46 -1
39 47 1
39 58 -1
40 9 -1
40 18 -1
40 24 -1
40 34 1
40 35 -1
40 37 1
40 38 1
40 39 -1
40 41 -1
40 43 -1
40 46 1
40 47 1
40 48 -1
40 56 -1
40 57 -1
41 4 1
41 8 -1
41 9 1
41 12 -1
41 30 -1
41 33 -1
41 34 -1
41 36 -1
41 37 1
41 39 -1
41 40 -1
41 42 1
41 44 -1
41 45 1
41 47 1
42 24 1
42 26 -1
42 28 -1
42 33 -1
42 34 -1
42 35 -1
42 36 -1
42 38 -1
42 39 -1
42 41 1
42 43 -1
42 45 -1
42 48 -1
42 52 -1
42 56 -1
42 59 -1
43 32 -1
43 33 -1
43 35 -1
43 36 -1
43 38 1
43 40 -1
43 42 -1
43 44 1
43 45 -1
43 47 -1
43 48 1
43 53 1
43 55 -1
43 62 1
43 64 -1
44 2 -1
44 11 1
44 17 -1
44 21 -1
44 24 -1
44 27 1
44 33 -1
44 35 1
44 36 -1
44 37 1
44 39 -1
44 41 -1
44 43 1
44 46 -1
44 47 -1
44 48 1
45 6 1
45 7 -1
45 18 -1
45 20 1
45 27 -1
45 33 1
45 34 -1
45 35 -1
45 37 -1
45 38 -1
45 41 1
45 42 -1
45 43 -1
45 46 -1
45 47 -1
46 2 1
46 21 -1
46 32 -1
46 33 1
46 34 1
46 35 1
46 38 1
46 39 -1
46 40 1
46 44 -1
46 45 -1
46 47 -1
46 48 -1
46 52 -1
46 56 -1
46 57 -1
47 2 -1
47 13 -1
47 37 1
47 38 -1
47 39 1
47 40 1
47 41 1
47 43 -1
47 44 -1
47 45 -1
47 46 -1
47 48 -1
47 49 -1
47 58 -1
47 63 -1
47 64 -1
48 5 1
48 14 -1
48 21 -1
48 23 -1
48 31 1
48 33 -1
48 34 -1
48 36 1
48 38 -1
48 40 -1
48 42 -1
48 43 1
48 44 1
48 46 -1
48 47 -1
48 53 -1
49 4 -1
49 16 1
49 27 -1
49 35 -1
49 47 -1
49 50 -1
49 52 -1
49 54 -1
49 55 1
49 56 -1
49 58 -1
49 60 -1
49 61 1
49 62 -1
49 63 1
50 11 -1
50 13 -1
50 15 1
50 21 -1
50 31 -1
50 37 -1
50 49 -1
50 51 -1
50 53 -1
50 54 -1
50 57 -1
50 58 1
50 61 1
50 62 -1
50 63 -1
50 64 1
51 6 -1
51 16 1
51 17 -1
51 19 -1
51 32 1
51 50 -1
51 52 -1
51 54 -1
51 55 -1
51 56 -1
51 57 -1
51 58 -1
51 60 1
51 63 -1
51 64 -1
52 19 1
52 27 -1
52 38 -1
52 42 -1
52 46 -1
52 49 -1
52 51 -1
52 53 1
52 54 -1
52 55 -1
52 56 -1
52 58 -1
52 61 -1
52 63 1
52 64 -1
53 10 -1
53 17 1
53 22 -1
53 33 1
53 43 1
53 48 -1
53 50 -1
53 52 1
53 54 -1
53 57 -1
53 58 -1
53 59 1
53 60 -1
53 61 -1
53 62 -1
53 64 -1
54 1 -1
54 2 -1
54 4 1
54 10 1
54 15 1
54 37 -1
54 49 -1
54 50 -1
54 51 -1
54 52 -1
54 53 -1
54 55 -1
54 56 -1
54 57 -1
54 59 1
54 61 -1
55 11 -1
55 20 -1
55 23 -1
55 29 -1
55 43 -1
55 49 1
55 51 -1
55 52 -1
55 54 -1
55 56 -1
55 57 1
55 59 1
55 62 -1
55 63 1
55 64 1
56 4 1
56 9 -1
56 26 -1
56 40 -1
56 42 -1
56 46 -1
56 49 -1
56 51 -1
56 52 -1
56 54 -1
56 55 -1
56 57 1
56 59 -1
56 61 1
56 62 1
56 64 1
57 14 1
57 21 -1
57 29 1
57 40 -1
57 46 -1
57 50 -1
57 51 -1
57 53 -1
57 54 -1
57 55 1
57 56 1
57 58 -1
57 59 1
57 60 1
57 62 1
58 1 -1
58 3 1
58 19 1
58 25 1
58 39 -1
58 47 -1
58 49 -1
58 50 1
58 51 -1
58 52 -1
58 53 -1
58 57 -1
58 59 -1
58 60 -1
58 62 -1
58 63 1
59 11 -1
59 13 -1
59 37 1
59 42 -1
59 53 1
59 54 1
59 55 1
59 56 -1
59 57 1
59 58 -1
59 60 -1
59 61 -1
59 63 -1
59 64 -1
60 3 1
60 17 -1
60 23 -1
60 28 -1
60 33 1
60 49 -1
60 51 1
60 53 -1
60 57 1
60 58 -1
60 59 -1
60 61 -1
60 62 -1
60 63 -1
60 64 1
61 6 -1
61 8 1
61 20 1
61 28 -1
61 29 -1
61 49 1
61 50 1
61 52 -1
61 53 -1
61 54 -1
61 56 1
61 59 -1
61 60 -1
61 62 1
61 63 -1
62 18 1
62 22 -1
62 26 1
62 28 -1
62 43 1
62 49 -1
62 50 -1
62 53 -1
62 55 -1
62 56 1
62 57 1
62 58 -1
62 60 -1
62 61 1
62 64 -1
63 12 -1
63 13 -1
63 27 -1
63 28 1
63 35 1
63 47 -1
63 49 1
63 50 -1
63 51 -1
63 52 1
63 55 1
63 58 1
63 59 -1
63 60 -1
63 61 -1
63 64 -1
64 13 1
64 15 -1
64 24 -1
64 31 1
64 43 -1
64 47 -1
64 50 1
64 51 -1
64 52 -1
64 53 -1
64 55 1
64 56 1
64 59 -1
64 60 1
64 62 -1
64 63 -1
