1 2 -1
1 3 -1
1 7 -1
1 8 1
1 9 1
1 11 -1
1 12 -1
1 14 -1
1 15 -1
1 16 -1
1 23 -1
1 39 -1
1 41 -1
1 51 -1
1 57 -1
1 61 -1
2 1 -1
2 4 -1
2 6 1
2 7 -1
2 9 -1
2 10 -1
2 11 1
2 13 -1
2 15 -1
2 16 -1
2 21 -1
2 25 -1
2 35 1
2 53 -1
2 57 -1
2 59 -1
3 1 -1
3 4 -1
3 5 -1
3 8 -1
3 9 -1
3 11 -1
3 13 -1
3 14 -1
3 15 1
3 16 -1
3 24 -1
3 42 -1
3 46 -1
3 60 1
3 62 1
3 64 -1
4 2 -1
4 3 -1
4 5 -1
4 6 -1
4 8 -1
4 9 1
4 10 1
4 12 -1
4 14 -1
4 16 -1
4 23 -1
4 31 -1
4 37 -1
4 41 -1
4 45 -1
4 49 -1
5 3 -1
5 4 -1
5 6 -1
5 7 -1
5 9 -1
5 10 -1
5 11 -1
5 12 -1
5 13 -1
5 15 1
5 18 -1
5 23 -1
5 32 -1
5 41 -1
5 42 1
5 46 -1
6 2 1
6 4 -1
6 5 -1
6 7 -1
6 8 1
6 10 1
6 11 1
6 12 1
6 14 -1
6 15 1
6 28 -1
6 38 -1
6 40 -1
6 50 -1
6 62 -1
6 63 -1
7 1 -1
7 2 -1
7 5 -1
7 6 -1
7 8 -1
7 10 -1
7 11 -1
7 12 -1
7 13 -1
7 16 1
7 17 1
7 18 -1
7 27 -1
7 60 -1
7 61 -1
7 62 -1
8 1 1
8 3 -1
8 4 -1
8 6 1
8 7 -1
8 9 -1
8 10 -1
8 14 -1
8 15 -1
8 16 -1
8 29 -1
8 31 -1
8 33 1
8 35 -1
8 45 -1
8 62 1
9 1 1
9 2 -1
9 3 -1
9 4 1
9 5 -1
9 8 -1
9 12 -1
9 13 -1
9 14 -1
9 15 1
9 33 -1
9 39 -1
9 51 -1
9 53 -1
9 63 -1
10 2 -1
10 4 1
10 5 -1
10 6 1
10 7 -1
10 8 -1
10 11 -1
10 12 1
10 13 -1
10 14 -1
10 31 -1
10 36 -1
10 48 -1
10 56 -1
10 62 -1
11 1 -1
11 2 1
11 3 -1
11 5 -1
11 6 1
11 7 -1
11 10 -1
11 12 -1
11 13 -1
11 14 -1
11 20 -1
11 33 1
11 39 -1
11 57 -1
11 64 -1
12 1 -1
12 4 -1
12 5 -1
12 6 1
12 7 -1
12 9 -1
12 10 1
12 11 -1
12 15 -1
12 16 -1
12 19 -1
12 24 -1
12 34 -1
12 38 -1
12 55 -1
13 2 -1
13 3 -1
13 5 -1
13 7 -1
13 9 -1
13 10 -1
13 11 -1
13 14 1
13 15 -1
13 16 1
13 26 -1
13 29 -1
13 55 1
13 56 -1
13 59 -1
13 60 -1
14 1 -1
14 3 -1
14 4 -1
14 6 -1
14 8 -1
14 9 -1
14 10 -1
14 11 -1
14 13 1
14 16 -1
14 20 -1
14 24 -1
14 32 1
14 37 -1
14 43 -1
14 47 -1
15 1 -1
15 2 -1
15 3 1
15 5 1
15 6 1
15 8 -1
15 9 1
15 12 -1
15 13 -1
15 16 -1
15 28 -1
15 48 -1
15 52 1
15 55 1
15 63 -1
16 1 -1
16 2 -1
16 3 -1
16 4 -1
16 7 1
16 8 -1
16 12 -1
16 13 1
16 14 -1
16 15 -1
16 20 -1
16 29 -1
16 41 -1
16 46 -1
16 53 -1
16 64 -1
17 7 1
17 19 -1
17 21 1
17 23 -1
17 24 -1
17 27 -1
17 28 -1
17 29 1
17 30 -1
17 31 -1
17 32 -1
17 42 -1
17 43 -1
17 50 1
17 53 -1
17 58 -1
18 5 -1
18 7 -1
18 19 1
18 21 -1
18 22 -1
18 23 1
18 24 -1
18 25 -1
18 26 -1
18 29 -1
18 30 -1
18 32 -1
18 44 1
18 50 -1
18 51 -1
18 60 -1
19 12 -1
19 17 -1
19 18 1
19 20 -1
19 22 -1
19 23 -1
19 24 -1
19 25 -1
19 26 -1
19 28 1
19 32 -1
19 36 -1
19 41 -1
19 49 -1
19 57 -1
19 63 1
20 11 -1
20 14 -1
20 16 -1
20 19 -1
20 21 -1
20 23 -1
20 25 -1
20 26 -1
20 27 -1
20 29 -1
20 30 -1
20 31 -1
20 32 -1
20 54 -1
20 58 -1
21 2 -1
21 17 1
21 18 -1
21 20 -1
21 22 -1
21 24 1
21 25 -1
21 28 -1
21 29 -1
21 30 -1
21 31 -1
21 42 1
21 46 -1
21 54 1
21 56 -1
21 58 -1
22 18 -1
22 19 -1
22 21 -1
22 26 1
22 27 -1
22 28 -1
22 29 -1
22 30 -1
22 31 -1
22 32 -1
22 34 1
22 35 -1
22 41 -1
22 57 -1
22 59 -1
22 64 -1
23 1 -1
23 4 -1
23 5 -1
23 17 -1
23 18 1
23 19 -1
23 20 -1
23 24 -1
23 26 -1
23 27 1
23 29 -1
23 31 -1
23 32 -1
23 48 -1
23 51 -1
23 55 1
24 3 -1
24 12 -1
24 14 -1
24 17 -1
24 18 -1
24 19 -1
24 21 1
24 23 -1
24 25 -1
24 28 -1
24 29 1
24 31 1
24 32 -1
24 37 1
24 58 1
25 2 -1
25 18 -1
25 19 -1
25 20 -1
25 21 -1
25 24 -1
25 26 1
25 27 -1
25 29 -1
25 30 1
25 31 -1
25 36 -1
25 37 -1
25 39 -1
25 40 -1
25 43 1
26 13 -1
26 18 -1
26 19 -1
26 20 -1
26 22 1
26 23 -1
26 25 1
26 27 -1
26 28 1
26 30 1
26 31 -1
26 34 -1
26 36 1
26 45 -1
26 56 1
26 60 -1
27 7 -1
27 17 -1
27 20 -1
27 22 -1
27 23 1
27 25 -1
27 26 -1
27 28 -1
27 29 -1
27 30 -1
27 32 -1
27 33 -1
27 38 1
27 61 -1
27 63 1
28 6 -1
28 15 -1
28 17 -1
28 19 1
28 21 -1
28 22 -1
28 24 -1
28 26 1
28 27 -1
28 29 -1
28 31 -1
28 32 1
28 34 -1
28 44 -1
28 54 -1
29 8 -1
29 13 -1
29 16 -1
29 17 1
29 18 -1
29 20 -1
29 21 -1
29 22 -1
29 23 -1
29 24 1
29 25 -1
29 27 -1
29 28 -1
29 47 -1
29 49 1
29 55 -1
30 17 -1
30 18 -1
30 20 -1
30 21 -1
30 22 -1
30 25 1
30 26 1
30 27 -1
30 31 -1
30 32 1
30 34 1
30 40 -1
30 44 -1
30 46 -1
30 50 -1
31 4 -1
31 8 -1
31 10 -1
31 17 -1
31 20 -1
31 21 -1
31 22 -1
31 23 -1
31 24 1
31 25 -1
31 26 -1
31 28 -1
31 30 -1
31 44 -1
31 50 -1
31 53 -1
32 5 -1
32 14 1
32 17 -1
32 18 -1
32 19 -1
32 20 -1
32 22 -1
32 23 -1
32 24 -1
32 27 -1
32 28 1
32 30 1
32 40 -1
32 44 -1
32 51 -1
32 52 1
33 8 1
33 9 -1
33 11 1
33 27 -1
33 34 1
33 35 -1
33 37 -1
33 38 -1
33 39 -1
33 40 -1
33 41 -1
33 43 1
33 44 1
33 48 -1
33 54 -1
34 12 -1
34 22 1
34 26 -1
34 28 -1
34 30 1
34 33 1
34 35 -1
34 36 -1
34 39 1
34 40 -1
34 41 -1
34 44 1
34 45 -1
34 46 -1
34 48 -1
34 49 -1
35 2 1
35 8 -1
35 22 -1
35 33 -1
35 34 -1
35 37 -1
35 38 -1
35 39 -1
35 40 -1
35 44 -1
35 45 -1
35 46 -1
35 47 -1
35 49 -1
35 58 -1
35 61 -1
36 10 -1
36 19 -1
36 25 -1
36 26 1
36 34 -1
36 37 -1
36 38 -1
36 39 -1
36 40 -1
36 42 -1
36 44 -1
36 46 1
36 47 -1
36 48 -1
36 52 -1
36 56 -1
37 4 -1
37 14 -1
37 24 1
37 25 -1
37 33 -1
37 35 -1
37 36 -1
37 38 -1
37 39 1
37 42 -1
37 45 1
37 46 -1
37 47 -1
37 48 -1
37 54 1
38 6 -1
38 12 -1
38 27 1
38 33 -1
38 35 -1
38 36 -1
38 37 -1
38 39 -1
38 41 -1
38 43 -1
38 44 -1
38 45 -1
38 47 -1
38 63 -1
39 1 -1
39 9 -1
39 11 -1
39 25 -1
39 33 -1
39 34 1
39 35 -1
39 36 -1
39 37 1
39 38 -1
39 40 -1
39 41 -1
39 44 -1
39 45 1
39 56 -1
39 59 -1
40 6 -1
40 25 -1
40 30 -1
40 32 -1
40 33 -1
40 34 -1
40 35 -1
40 36 -1
40 39 -1
40 42 -1
40 43 1
40 45 -1
40 47 -1
40 48 -1
40 52 -1
40 55 -1
41 1 -1
41 4 -1
41 5 -1
41 16 -1
41 19 -1
41 22 -1
41 33 -1
41 34 -1
41 38 -1
41 39 -1
41 42 -1
41 43 -1
41 44 -1
41 45 -1
41 46 -1
41 47 -1
42 3 -1
42 5 1
42 17 -1
42 21 1
42 36 -1
42 37 -1
42 40 -1
42 41 -1
42 43 1
42 44 -1
42 45 1
42 46 -1
42 47 -1
42 48 -1
42 59 -1
43 14 -1
43 17 -1
43 25 1
43 33 1
43 38 -1
43 40 1
43 41 -1
43 42 1
43 44 1
43 45 -1
43 46 -1
43 47 -1
43 48 -1
43 52 1
43 64 -1
44 18 1
44 28 -1
44 30 -1
44 31 -1
44 32 -1
44 33 1
44 34 1
44 35 -1
44 36 -1
44 38 -1
44 39 -1
44 41 -1
44 42 -1
44 43 1
44 48 -1
44 52 1
45 4 -1
45 8 -1
45 26 -1
45 34 -1
45 35 -1
45 37 1
45 38 -1
45 39 1
45 40 -1
45 41 -1
45 42 1
45 43 -1
45 46 -1
45 57 -1
45 61 -1
46 3 -1
46 5 -1
46 16 -1
46 21 -1
46 30 -1
46 34 -1
46 35 -1
46 36 1
46 37 -1
46 41 -1
46 42 -1
46 43 -1
46 45 -1
46 47 -1
46 48 -1
47 14 -1
47 29 -1
47 35 -1
47 36 -1
47 37 -1
47 38 -1
47 40 -1
47 41 -1
47 42 -1
47 43 -1
47 46 -1
47 48 1
47 50 1
47 53 1
47 60 -1
47 62 1
48 10 -1
48 15 -1
48 23 -1
48 33 -1
48 34 -1
48 36 -1
48 37 -1
48 40 -1
48 42 -1
48 43 -1
48 44 -1
48 46 -1
48 47 1
48 49 -1
49 4 -1
49 19 -1
49 29 1
49 34 -1
49 35 -1
49 48 -1
49 50 -1
49 51 -1
49 52 -1
49 55 -1
49 56 -1
49 57 -1
49 58 1
49 59 -1
49 63 -1
49 64 -1
50 6 -1
50 17 1
50 18 -1
50 30 -1
50 31 -1
50 47 1
50 49 -1
50 52 -1
50 53 1
50 54 -1
50 56 -1
50 58 -1
50 61 -1
50 62 -1
50 63 -1
50 64 -1
51 1 -1
51 9 -1
51 18 -1
51 23 -1
51 32 -1
51 49 -1
51 52 -1
51 53 -1
51 54 -1
51 55 -1
51 57 -1
51 58 -1
51 59 -1
51 60 -1
51 61 -1
52 15 1
52 32 1
52 36 -1
52 40 -1
52 43 1
52 44 1
52 49 -1
52 50 -1
52 51 -1
52 53 -1
52 55 1
52 56 1
52 59 -1
52 62 -1
52 63 1
52 64 1
53 2 -1
53 9 -1
53 16 -1
53 17 -1
53 31 -1
53 47 1
53 50 1
53 51 -1
53 52 -1
53 54 -1
53 55 -1
53 58 -1
53 60 -1
53 61 -1
53 62 1
53 63 -1
54 20 -1
54 21 1
54 28 -1
54 33 -1
54 37 1
54 50 -1
54 51 -1
54 53 -1
54 56 -1
54 57 -1
54 58 -1
54 59 -1
54 60 -1
54 61 1
54 64 -1
55 12 -1
55 13 1
55 15 1
55 23 1
55 29 -1
55 40 -1
55 49 -1
55 51 -1
55 52 1
55 53 -1
55 57 -1
55 59 -1
55 60 1
55 61 1
55 62 -1
55 64 1
56 10 -1
56 13 -1
56 21 -1
56 26 1
56 36 -1
56 39 -1
56 49 -1
56 50 -1
56 52 1
56 54 -1
56 57 -1
56 58 1
56 61 -1
56 62 -1
56 63 -1
56 64 -1
57 1 -1
57 2 -1
57 11 -1
57 19 -1
57 22 -1
57 45 -1
57 49 -1
57 51 -1
57 54 -1
57 55 -1
57 56 -1
57 58 -1
57 59 -1
57 61 -1
57 63 -1
57 64 1
58 17 -1
58 20 -1
58 21 -1
58 24 1
58 35 -1
58 49 1
58 50 -1
58 51 -1
58 53 -1
58 54 -1
58 56 1
58 57 -1
58 59 1
58 60 1
58 62 -1
59 2 -1
59 13 -1
59 22 -1
59 39 -1
59 42 -1
59 49 -1
59 51 -1
59 52 -1
59 54 -1
59 55 -1
59 57 -1
59 58 1
59 60 -1
59 62 1
59 63 -1
60 3 1
60 7 -1
60 13 -1
60 18 -1
60 26 -1
60 47 -1
60 51 -1
60 53 -1
60 54 -1
60 55 1
60 58 1
60 59 -1
60 61 -1
60 62 -1
60 63 -1
60 64 -1
61 1 -1
61 7 -1
61 27 -1
61 35 -1
61 45 -1
61 50 -1
61 51 -1
61 53 -1
61 54 1
61 55 1
61 56 -1
61 57 -1
61 60 -1
61 63 -1
61 64 -1
62 3 1
62 6 -1
62 7 -1
62 8 1
62 10 -1
62 47 1
62 50 -1
62 52 -1
62 53 1
62 55 -1
62 56 -1
62 58 -1
62 59 1
62 60 -1
62 63 -1
62 64 1
63 6 -1
63 9 -1
63 15 -1
63 19 1
63 27 1
63 38 -1
63 49 -1
63 50 -1
63 52 1
63 53 -1
63 56 -1
63 57 -1
63 59 -1
63 60 -1
63 61 -1
63 62 -1
64 3 -1
64 11 -1
64 16 -1
64 22 -1
64 43 -1
64 49 -1
64 50 -1
64 52 1
64 54 -1
64 55 1
64 56 -1
64 57 1
64 60 -1
64 61 -1
64 62 1
