1 3 1
1 4 -1
1 5 1
1 6 -1
1 7 -1
1 11 -1
1 12 1
1 13 -1
1 15 -1
1 16 -1
1 24 1
1 32 -1
1 42 -1
1 52 -1
1 59 1
1 60 1
2 3 -1
2 4 1
2 5 -1
2 8 1
2 9 -1
2 10 1
2 11 1
2 13 1
2 14 -1
2 15 1
2 21 -1
2 28 1
2 37 -1
2 40 -1
2 48 -1
2 54 -1
3 1 1
3 2 -1
3 5 -1
3 6 -1
3 9 -1
3 10 -1
3 11 -1
3 14 -1
3 15 1
3 16 1
3 18 -1
3 19 -1
3 29 1
3 33 -1
3 42 1
3 55 -1
4 1 -1
4 2 1
4 7 -1
4 9 -1
4 10 -1
4 11 1
4 12 1
4 13 -1
4 14 -1
4 15 1
4 27 -1
4 28 -1
4 34 -1
4 38 -1
4 45 -1
4 46 -1
5 1 1
5 2 -1
5 3 -1
5 6 1
5 8 1
5 9 -1
5 10 -1
5 11 -1
5 13 -1
5 14 -1
5 19 -1
5 28 -1
5 32 1
5 33 -1
5 34 -1
5 37 -1
6 1 -1
6 3 -1
6 5 1
6 7 -1
6 8 -1
6 9 -1
6 10 -1
6 12 -1
6 13 -1
6 14 1
6 22 -1
6 24 1
6 44 1
6 48 1
6 60 -1
7 1 -1
7 4 -1
7 6 -1
7 8 -1
7 10 -1
7 11 -1
7 12 -1
7 13 -1
7 15 -1
7 16 1
7 33 -1
7 36 1
7 40 1
7 55 -1
7 59 -1
8 2 1
8 5 1
8 6 -1
8 7 -1
8 10 1
8 11 1
8 12 -1
8 14 -1
8 15 -1
8 16 -1
8 19 -1
8 25 1
8 31 -1
8 47 -1
8 49 1
8 58 -1
9 2 -1
9 3 -1
9 4 -1
9 5 -1
9 6 -1
9 10 -1
9 11 -1
9 12 -1
9 13 1
9 16 -1
9 21 1
9 31 1
9 53 1
9 59 1
9 63 1
9 64 -1
10 2 1
10 3 -1
10 4 -1
10 5 -1
10 6 -1
10 7 -1
10 8 1
10 9 -1
10 14 -1
10 16 -1
10 23 1
10 24 -1
10 27 -1
10 41 1
10 44 -1
10 56 1
11 1 -1
11 2 1
11 3 -1
11 4 1
11 5 -1
11 7 -1
11 8 1
11 9 -1
11 13 -1
11 15 -1
11 20 -1
11 25 1
11 35 -1
11 37 1
11 47 1
11 52 -1
12 1 1
12 4 1
12 6 -1
12 7 -1
12 8 -1
12 9 -1
12 13 -1
12 14 -1
12 15 -1
12 16 1
12 18 -1
12 20 -1
12 26 -1
12 28 -1
12 39 -1
12 60 -1
13 1 -1
13 2 1
13 4 -1
13 5 -1
13 6 -1
13 7 -1
13 9 1
13 11 -1
13 12 -1
13 16 -1
13 27 -1
13 30 -1
13 40 1
13 46 -1
13 50 -1
13 59 1
14 2 -1
14 3 -1
14 4 -1
14 5 -1
14 6 1
14 8 -1
14 10 -1
14 12 -1
14 15 1
14 16 -1
14 20 -1
14 30 -1
14 37 1
14 50 -1
14 58 -1
14 64 1
15 1 -1
15 2 1
15 3 1
15 4 1
15 7 -1
15 8 -1
15 11 -1
15 12 -1
15 14 1
15 16 -1
15 22 1
15 48 1
15 54 1
15 56 -1
15 57 1
15 63 -1
16 1 -1
16 3 1
16 7 1
16 8 -1
16 9 -1
16 10 -1
16 12 1
16 13 -1
16 14 -1
16 15 -1
16 26 -1
16 29 -1
16 35 -1
16 51 -1
16 52 1
16 63 -1
17 18 -1
17 19 -1
17 20 -1
17 22 -1
17 23 1
17 25 -1
17 26 -1
17 27 -1
17 28 -1
17 29 -1
17 38 -1
17 42 -1
17 45 -1
17 46 -1
17 53 -1
17 60 -1
18 3 -1
18 12 -1
18 17 -1
18 20 -1
18 22 -1
18 23 1
18 26 -1
18 28 -1
18 29 -1
18 30 1
18 31 1
18 32 1
18 35 -1
18 36 1
18 45 1
18 49 -1
19 3 -1
19 5 -1
19 8 -1
19 17 -1
19 20 -1
19 21 1
19 24 -1
19 25 -1
19 27 -1
19 29 -1
19 30 1
19 31 1
19 32 -1
19 47 -1
19 54 -1
19 55 1
20 11 -1
20 12 -1
20 14 -1
20 17 -1
20 18 -1
20 19 -1
20 22 1
20 23 -1
20 24 1
20 25 -1
20 26 -1
20 27 -1
20 32 1
20 43 -1
20 52 -1
20 58 -1
21 2 -1
21 9 1
21 19 1
21 22 -1
21 24 -1
21 25 -1
21 27 -1
21 28 1
21 29 -1
21 30 1
21 31 1
21 32 -1
21 41 -1
21 42 -1
21 51 -1
21 56 1
22 6 -1
22 15 1
22 17 -1
22 18 -1
22 20 1
22 21 -1
22 23 -1
22 25 -1
22 27 -1
22 29 -1
22 30 -1
22 32 1
22 33 -1
22 47 -1
22 55 -1
22 61 1
23 10 1
23 17 1
23 18 1
23 20 -1
23 22 -1
23 24 -1
23 26 -1
23 27 -1
23 28 -1
23 29 -1
23 30 1
23 40 1
23 54 -1
23 56 -1
23 58 1
24 1 1
24 6 1
24 10 -1
24 19 -1
24 20 1
24 21 -1
24 23 -1
24 26 -1
24 28 -1
24 29 1
24 30 1
24 31 -1
24 32 -1
24 36 -1
24 54 -1
25 8 1
25 11 1
25 17 -1
25 19 -1
25 20 -1
25 21 -1
25 22 -1
25 28 -1
25 29 -1
25 30 -1
25 31 1
25 32 1
25 34 -1
25 44 -1
25 53 -1
25 60 -1
26 12 -1
26 16 -1
26 17 -1
26 18 -1
26 20 -1
26 23 -1
26 24 -1
26 27 -1
26 28 -1
26 30 1
26 31 1
26 32 1
26 52 1
26 53 -1
26 58 -1
26 61 -1
27 4 -1
27 10 -1
27 13 -1
27 17 -1
27 19 -1
27 20 -1
27 21 -1
27 22 -1
27 23 -1
27 26 -1
27 29 -1
27 30 -1
27 31 -1
27 41 -1
27 52 1
27 62 1
28 2 1
28 4 -1
28 5 -1
28 12 -1
28 17 -1
28 18 -1
28 21 1
28 23 -1
28 24 -1
28 25 -1
28 26 -1
28 30 1
28 31 1
28 32 1
28 43 1
28 51 1
29 3 1
29 16 -1
29 17 -1
29 18 -1
29 19 -1
29 21 -1
29 22 -1
29 23 -1
29 24 1
29 25 -1
29 27 -1
29 31 -1
29 34 -1
29 35 1
29 45 -1
30 13 -1
30 14 -1
30 18 1
30 19 1
30 21 1
30 22 -1
30 23 1
30 24 1
30 25 -1
30 26 1
30 27 -1
30 28 1
30 37 1
30 43 -1
30 57 -1
31 8 -1
31 9 1
31 18 1
31 19 1
31 21 1
31 24 -1
31 25 1
31 26 1
31 27 -1
31 28 1
31 29 -1
31 32 1
31 38 -1
31 46 -1
31 57 -1
31 58 -1
32 1 -1
32 5 1
32 18 1
32 19 -1
32 20 1
32 21 -1
32 22 1
32 24 -1
32 25 1
32 26 1
32 28 1
32 31 1
32 35 -1
32 47 -1
32 53 -1
32 59 -1
33 3 -1
33 5 -1
33 7 -1
33 22 -1
33 36 -1
33 37 -1
33 38 -1
33 40 -1
33 41 1
33 42 -1
33 43 -1
33 45 -1
33 46 1
33 47 1
33 50 -1
33 60 -1
34 4 -1
34 5 -1
34 25 -1
34 29 -1
34 35 -1
34 36 -1
34 37 -1
34 38 1
34 42 -1
34 43 -1
34 44 -1
34 45 1
34 47 -1
34 48 -1
34 53 -1
34 55 1
35 11 -1
35 16 -1
35 18 -1
35 29 1
35 32 -1
35 34 -1
35 36 -1
35 38 -1
35 39 -1
35 41 -1
35 42 1
35 43 -1
35 44 -1
35 46 -1
35 47 -1
35 50 1
36 7 1
36 18 1
36 24 -1
36 33 -1
36 34 -1
36 35 -1
36 39 1
36 41 -1
36 42 -1
36 43 -1
36 44 -1
36 45 1
36 48 -1
36 57 -1
36 62 1
37 2 -1
37 5 -1
37 11 1
37 14 1
37 30 1
37 33 -1
37 34 -1
37 38 -1
37 39 1
37 40 -1
37 43 -1
37 44 -1
37 45 -1
37 47 1
37 48 1
37 64 -1
38 4 -1
38 17 -1
38 31 -1
38 33 -1
38 34 1
38 35 -1
38 37 -1
38 39 1
38 41 1
38 42 -1
38 46 1
38 47 1
38 48 -1
38 56 -1
38 62 -1
39 12 -1
39 35 -1
39 36 1
39 37 1
39 38 1
39 40 -1
39 41 -1
39 42 -1
39 44 -1
39 46 -1
39 48 -1
39 49 -1
39 57 1
39 61 -1
39 62 -1
40 2 -1
40 7 1
40 13 1
40 23 1
40 33 -1
40 37 -1
40 39 -1
40 41 -1
40 42 -1
40 43 -1
40 44 -1
40 45 1
40 46 -1
40 48 -1
40 49 -1
41 10 1
41 21 -1
41 27 -1
41 33 1
41 35 -1
41 36 -1
41 38 1
41 39 -1
41 40 -1
41 42 1
41 43 -1
41 46 1
41 47 -1
41 50 -1
41 63 -1
42 1 -1
42 3 1
42 17 -1
42 21 -1
42 33 -1
42 34 -1
42 35 1
42 36 -1
42 38 -1
42 39 -1
42 40 -1
42 41 1
42 44 -1
42 45 -1
42 49 -1
42 51 1
43 20 -1
43 28 1
43 30 -1
43 33 -1
43 34 -1
43 35 -1
43 36 -1
43 37 -1
43 40 -1
43 41 -1
43 45 1
43 46 -1
43 47 -1
43 54 -1
43 55 -1
43 63 -1
44 6 1
44 10 -1
44 25 -1
44 34 -1
44 35 -1
44 36 -1
44 37 -1
44 39 -1
44 40 -1
44 42 -1
44 45 1
44 47 -1
44 48 -1
44 61 -1
44 64 1
45 4 -1
45 17 -1
45 18 1
45 29 -1
45 33 -1
45 34 1
45 36 1
45 37 -1
45 40 1
45 42 -1
45 43 1
45 44 1
45 46 1
45 48 1
45 50 -1
46 4 -1
46 13 -1
46 17 -1
46 31 -1
46 33 1
46 35 -1
46 38 1
46 39 -1
46 40 -1
46 41 1
46 43 -1
46 45 1
46 47 -1
46 48 1
46 49 -1
46 51 -1
47 8 -1
47 11 1
47 19 -1
47 22 -1
47 32 -1
47 33 1
47 34 -1
47 35 -1
47 37 1
47 38 1
47 41 -1
47 43 -1
47 44 -1
47 46 -1
47 48 -1
47 51 1
48 2 -1
48 6 1
48 15 1
48 34 -1
48 36 -1
48 37 1
48 38 -1
48 39 -1
48 40 -1
48 44 -1
48 45 1
48 46 1
48 47 -1
48 62 -1
48 64 1
49 8 1
49 18 -1
49 39 -1
49 40 -1
49 42 -1
49 46 -1
49 50 -1
49 51 -1
49 53 1
49 54 -1
49 55 -1
49 56 -1
49 57 -1
49 58 1
49 61 -1
49 64 -1
50 13 -1
50 14 -1
50 33 -1
50 35 1
50 41 -1
50 45 -1
50 49 -1
50 52 -1
50 54 -1
50 55 -1
50 56 1
50 57 -1
50 59 -1
50 60 -1
50 61 -1
50 63 1
51 16 -1
51 21 -1
51 28 1
51 42 1
51 46 -1
51 47 1
51 49 -1
51 52 1
51 53 -1
51 54 -1
51 56 -1
51 58 1
51 59 -1
51 60 -1
51 62 -1
51 63 -1
52 1 -1
52 11 -1
52 16 1
52 20 -1
52 26 1
52 27 1
52 50 -1
52 51 1
52 55 -1
52 56 -1
52 57 -1
52 60 -1
52 61 -1
52 62 -1
52 63 -1
52 64 -1
53 9 1
53 17 -1
53 25 -1
53 26 -1
53 32 -1
53 34 -1
53 49 1
53 51 -1
53 54 1
53 55 -1
53 58 -1
53 59 -1
53 61 -1
53 62 -1
53 63 -1
53 64 1
54 2 -1
54 15 1
54 19 -1
54 23 -1
54 24 -1
54 43 -1
54 49 -1
54 50 -1
54 51 -1
54 53 1
54 55 1
54 57 1
54 58 -1
54 59 -1
54 61 -1
54 63 -1
55 3 -1
55 7 -1
55 19 1
55 22 -1
55 34 1
55 43 -1
55 49 -1
55 50 -1
55 52 -1
55 53 -1
55 54 1
55 56 1
55 57 1
55 59 -1
55 61 1
55 62 -1
56 10 1
56 15 -1
56 21 1
56 23 -1
56 38 -1
56 49 -1
56 50 1
56 51 -1
56 52 -1
56 55 1
56 58 -1
56 59 -1
56 62 -1
56 63 1
56 64 -1
57 15 1
57 30 -1
57 31 -1
57 36 -1
57 39 1
57 49 -1
57 50 -1
57 52 -1
57 54 1
57 55 1
57 58 1
57 59 -1
57 60 1
57 62 -1
57 64 -1
58 8 -1
58 14 -1
58 20 -1
58 23 1
58 26 -1
58 31 -1
58 49 1
58 51 1
58 53 -1
58 54 -1
58 56 -1
58 57 1
58 60 -1
58 62 -1
58 63 1
58 64 1
59 1 1
59 7 -1
59 9 1
59 13 1
59 32 -1
59 50 -1
59 51 -1
59 53 -1
59 54 -1
59 55 -1
59 56 -1
59 57 -1
59 60 1
59 63 1
59 64 1
60 1 1
60 6 -1
60 12 -1
60 17 -1
60 25 -1
60 33 -1
60 50 -1
60 51 -1
60 52 -1
60 57 1
60 58 -1
60 59 1
60 61 -1
60 62 -1
60 63 -1
60 64 -1
61 22 1
61 26 -1
61 39 -1
61 44 -1
61 49 -1
61 50 -1
61 52 -1
61 53 -1
61 54 -1
61 55 1
61 60 -1
61 62 -1
61 63 1
61 64 -1
62 27 1
62 36 1
62 38 -1
62 39 -1
62 48 -1
62 51 -1
62 52 -1
62 53 -1
62 55 -1
62 56 -1
62 57 -1
62 58 -1
62 60 -1
62 61 -1
62 64 -1
63 9 1
63 15 -1
63 16 -1
63 41 -1
63 43 -1
63 50 1
63 51 -1
63 52 -1
63 53 -1
63 54 -1
63 56 1
63 58 1
63 59 1
63 60 -1
63 61 1
64 9 -1
64 14 1
64 37 -1
64 44 1
64 48 1
64 49 -1
64 52 -1
64 53 1
64 56 -1
64 57 -1
64 58 1
64 59 1
64 60 -1
64 61 -1
64 62 -1
