1 2 -1
1 3 -1
1 4 -1
1 5 -1
1 6 -1
1 7 1
1 10 1
1 12 -1
1 13 1
1 16 -1
1 36 -1
1 41 -1
1 48 -1
1 50 1
1 56 1
1 57 -1
2 1 -1
2 3 -1
2 6 1
2 7 -1
2 8 1
2 9 1
2 11 -1
2 13 1
2 15 -1
2 16 -1
2 31 -1
2 37 -1
2 39 -1
2 49 -1
2 63 1
3 1 -1
3 2 -1
3 4 -1
3 5 -1
3 7 -1
3 8 -1
3 11 -1
3 13 -1
3 15 -1
3 16 -1
3 25 -1
3 45 -1
3 47 1
3 55 1
3 61 -1
3 63 -1
4 1 -1
4 3 -1
4 5 1
4 6 -1
4 8 1
4 10 -1
4 11 -1
4 12 1
4 14 -1
4 15 -1
4 28 -1
4 36 -1
4 46 1
4 48 -1
4 51 -1
4 53 -1
5 1 -1
5 3 -1
5 4 1
5 8 -1
5 9 1
5 10 -1
5 11 1
5 12 -1
5 13 -1
5 14 -1
5 17 -1
5 21 1
5 25 -1
5 37 -1
5 43 1
5 63 1
6 1 -1
6 2 1
6 4 -1
6 7 -1
6 8 1
6 9 -1
6 10 -1
6 12 -1
6 13 -1
6 15 -1
6 23 -1
6 25 1
6 45 1
6 53 -1
6 55 -1
6 56 -1
7 1 1
7 2 -1
7 3 -1
7 6 -1
7 9 1
7 10 -1
7 11 1
7 12 -1
7 15 -1
7 16 -1
7 21 -1
7 23 1
7 33 -1
7 47 1
7 57 -1
8 2 1
8 3 -1
8 4 1
8 5 -1
8 6 1
8 11 -1
8 13 1
8 14 -1
8 15 -1
8 16 -1
8 44 -1
8 46 1
8 52 -1
8 64 -1
9 2 1
9 5 1
9 6 -1
9 7 1
9 11 -1
9 12 1
9 13 -1
9 14 -1
9 15 -1
9 16 -1
9 27 1
9 42 -1
9 43 1
9 45 -1
9 51 1
10 1 1
10 4 -1
10 5 -1
10 6 -1
10 7 -1
10 12 -1
10 13 1
10 14 -1
10 15 -1
10 16 1
10 18 1
10 22 -1
10 29 1
10 46 1
10 58 -1
11 2 -1
11 3 -1
11 4 -1
11 5 1
11 7 1
11 8 -1
11 9 -1
11 12 -1
11 14 -1
11 16 1
11 28 1
11 34 -1
11 37 -1
11 41 -1
11 53 -1
11 60 -1
12 1 -1
12 4 1
12 5 -1
12 6 -1
12 7 -1
12 9 1
12 10 -1
12 11 -1
12 13 -1
12 14 1
12 18 -1
12 20 1
12 29 -1
12 39 1
12 46 -1
12 55 1
13 1 1
13 2 1
13 3 -1
13 5 -1
13 6 -1
13 8 1
13 9 -1
13 10 1
13 12 -1
13 14 1
13 34 -1
13 36 -1
13 39 1
13 47 -1
13 48 -1
13 54 1
14 4 -1
14 5 -1
14 8 -1
14 9 -1
14 10 -1
14 11 -1
14 12 1
14 13 1
14 15 -1
14 16 -1
14 22 1
14 24 -1
14 28 1
14 44 -1
14 49 -1
14 54 -1
15 2 -1
15 3 -1
15 4 -1
15 6 -1
15 7 -1
15 8 -1
15 9 -1
15 10 -1
15 14 -1
15 16 1
15 25 -1
15 33 -1
15 36 1
15 48 1
15 51 -1
16 1 -1
16 2 -1
16 3 -1
16 7 -1
16 8 -1
16 9 -1
16 10 1
16 11 1
16 14 -1
16 15 1
16 19 -1
16 21 -1
16 38 -1
16 57 -1
16 58 -1
16 61 -1
17 5 -1
17 18 1
17 19 -1
17 20 -1
17 23 -1
17 24 -1
17 25 -1
17 28 -1
17 29 -1
17 30 1
17 31 1
17 38 -1
17 52 -1
17 54 -1
17 62 -1
18 10 1
18 12 -1
18 17 1
18 19 -1
18 20 1
18 23 -1
18 24 -1
18 25 -1
18 27 -1
18 29 -1
18 30 -1
18 32 -1
18 38 -1
18 54 -1
18 56 -1
18 58 -1
19 16 -1
19 17 -1
19 18 -1
19 20 -1
19 23 -1
19 25 -1
19 26 -1
19 27 -1
19 28 -1
19 31 -1
19 32 -1
19 34 -1
19 36 -1
19 39 -1
19 52 1
19 60 1
20 12 1
20 17 -1
20 18 1
20 19 -1
20 21 1
20 22 -1
20 23 1
20 24 -1
20 28 -1
20 30 -1
20 31 -1
20 44 -1
20 50 1
20 57 -1
21 5 1
21 7 -1
21 16 -1
21 20 1
21 22 1
21 23 -1
21 24 -1
21 26 -1
21 27 1
21 28 -1
21 29 -1
21 31 1
21 32 -1
21 39 -1
21 47 -1
21 49 1
22 10 -1
22 14 1
22 20 -1
22 21 1
22 24 -1
22 25 1
22 26 -1
22 28 -1
22 29 1
22 30 -1
22 31 -1
22 32 -1
22 35 1
22 42 -1
22 56 -1
23 6 -1
23 7 1
23 17 -1
23 18 -1
23 19 -1
23 20 1
23 21 -1
23 25 1
23 26 -1
23 28 1
23 31 -1
23 32 -1
23 42 -1
23 44 -1
23 62 -1
24 14 -1
24 17 -1
24 18 -1
24 20 -1
24 21 -1
24 22 -1
24 25 -1
24 27 1
24 29 -1
24 30 -1
24 32 1
24 35 1
24 37 -1
24 50 1
24 60 -1
24 63 1
25 3 -1
25 5 -1
25 6 1
25 15 -1
25 17 -1
25 18 -1
25 19 -1
25 22 1
25 23 1
25 24 -1
25 26 -1
25 27 1
25 30 -1
25 32 -1
25 35 -1
26 19 -1
26 21 -1
26 22 -1
26 23 -1
26 25 -1
26 27 -1
26 28 -1
26 29 1
26 30 1
26 31 -1
26 40 -1
26 53 1
26 55 -1
26 58 1
26 61 -1
26 64 -1
27 9 1
27 18 -1
27 19 -1
27 21 1
27 24 1
27 25 1
27 26 -1
27 28 -1
27 29 1
27 30 -1
27 32 -1
27 42 -1
27 51 -1
27 52 -1
27 58 -1
28 4 -1
28 11 1
28 14 1
28 17 -1
28 19 -1
28 20 -1
28 21 -1
28 22 -1
28 23 1
28 26 -1
28 27 -1
28 31 -1
28 32 -1
28 34 1
28 40 1
28 60 -1
29 10 1
29 12 -1
29 17 -1
29 18 -1
29 21 -1
29 22 1
29 24 -1
29 26 1
29 27 1
29 30 -1
29 31 -1
29 32 -1
29 45 -1
29 46 1
29 47 -1
29 62 -1
30 17 1
30 18 -1
30 20 -1
30 22 -1
30 24 -1
30 25 -1
30 26 1
30 27 -1
30 29 -1
30 31 1
30 41 -1
30 53 -1
30 55 -1
30 57 -1
30 63 -1
31 2 -1
31 17 1
31 19 -1
31 20 -1
31 21 1
31 22 -1
31 23 -1
31 26 -1
31 28 -1
31 29 -1
31 30 1
31 36 1
31 38 -1
31 45 -1
31 47 -1
31 61 -1
32 18 -1
32 19 -1
32 21 -1
32 22 -1
32 23 -1
32 24 1
32 25 -1
32 27 -1
32 28 -1
32 29 -1
32 35 -1
32 40 -1
32 64 1
33 7 -1
33 15 -1
33 35 -1
33 36 -1
33 37 1
33 38 1
33 39 1
33 40 -1
33 42 -1
33 43 1
33 45 -1
33 47 1
33 50 -1
33 54 -1
33 59 -1
34 11 -1
34 13 -1
34 19 -1
34 28 1
34 35 -1
34 36 1
34 38 1
34 39 -1
34 42 -1
34 44 -1
34 45 -1
34 46 1
34 47 -1
34 48 -1
34 51 1
34 63 1
35 22 1
35 24 1
35 25 -1
35 32 -1
35 33 -1
35 34 -1
35 37 -1
35 38 -1
35 40 -1
35 41 1
35 42 1
35 45 -1
35 46 -1
35 48 1
35 62 -1
36 1 -1
36 4 -1
36 13 -1
36 15 1
36 19 -1
36 31 1
36 33 -1
36 34 1
36 38 -1
36 40 -1
36 41 -1
36 43 -1
36 44 -1
36 45 1
36 47 1
36 48 1
37 2 -1
37 5 -1
37 11 -1
37 24 -1
37 33 1
37 35 -1
37 38 1
37 40 -1
37 41 1
37 43 -1
37 45 -1
37 46 -1
37 47 1
37 48 -1
37 50 1
37 55 1
38 16 -1
38 17 -1
38 18 -1
38 31 -1
38 33 1
38 34 1
38 35 -1
38 36 -1
38 37 1
38 43 -1
38 44 1
38 45 -1
38 46 -1
38 48 1
38 59 -1
39 2 -1
39 12 1
39 13 1
39 19 -1
39 21 -1
39 33 1
39 34 -1
39 40 -1
39 41 -1
39 42 -1
39 43 -1
39 44 -1
39 46 1
39 47 -1
39 48 -1
39 64 -1
40 26 -1
40 28 1
40 32 -1
40 33 -1
40 35 -1
40 36 -1
40 37 -1
40 39 -1
40 42 -1
40 44 -1
40 45 1
40 46 1
40 47 1
40 60 1
41 1 -1
41 11 -1
41 30 -1
41 35 1
41 36 -1
41 37 1
41 39 -1
41 42 -1
41 43 -1
41 44 -1
41 45 -1
41 46 1
41 47 -1
41 54 -1
41 59 -1
41 61 -1
42 9 -1
42 22 -1
42 23 -1
42 27 -1
42 33 -1
42 34 -1
42 35 1
42 39 -1
42 40 -1
42 41 -1
42 43 -1
42 44 -1
42 45 1
42 47 1
42 49 -1
42 61 -1
43 5 1
43 9 1
43 33 1
43 36 -1
43 37 -1
43 38 -1
43 39 -1
43 41 -1
43 42 -1
43 44 -1
43 46 1
43 48 -1
43 52 1
43 56 1
43 59 -1
43 62 -1
44 8 -1
44 14 -1
44 20 -1
44 23 -1
44 34 -1
44 36 -1
44 38 1
44 39 -1
44 40 -1
44 41 -1
44 42 -1
44 43 -1
44 46 -1
44 48 -1
44 49 -1
45 3 -1
45 6 1
45 9 -1
45 29 -1
45 31 -1
45 33 -1
45 34 -1
45 35 -1
45 36 1
45 37 -1
45 38 -1
45 40 1
45 41 -1
45 42 1
45 47 -1
45 56 1
46 4 1
46 8 1
46 10 1
46 12 -1
46 29 1
46 34 1
46 35 -1
46 37 -1
46 38 -1
46 39 1
46 40 1
46 41 1
46 43 1
46 44 -1
46 48 -1
47 3 1
47 7 1
47 13 -1
47 21 -1
47 29 -1
47 31 -1
47 33 1
47 34 -1
47 36 1
47 37 1
47 39 -1
47 40 1
47 41 -1
47 42 1
47 45 -1
47 48 1
48 1 -1
48 4 -1
48 13 -1
48 15 1
48 34 -1
48 35 1
48 36 1
48 37 -1
48 38 1
48 39 -1
48 43 -1
48 44 -1
48 46 -1
48 47 1
48 59 1
49 2 -1
49 14 -1
49 21 1
49 42 -1
49 44 -1
49 50 -1
49 52 1
49 53 -1
49 54 1
49 56 -1
49 57 -1
49 58 -1
49 61 1
49 62 -1
49 63 -1
50 1 1
50 20 1
50 24 1
50 33 -1
50 37 1
50 49 -1
50 51 -1
50 52 -1
50 53 -1
50 56 -1
50 57 -1
50 58 -1
50 59 -1
50 61 1
50 63 1
51 4 -1
51 9 1
51 15 -1
51 27 -1
51 34 1
51 50 -1
51 52 -1
51 54 1
51 55 1
51 58 -1
51 59 -1
51 60 -1
51 62 -1
51 63 -1
51 64 1
52 8 -1
52 17 -1
52 19 1
52 27 -1
52 43 1
52 49 1
52 50 -1
52 51 -1
52 53 -1
52 56 1
52 57 -1
52 59 -1
52 61 -1
52 62 -1
52 63 -1
53 4 -1
53 6 -1
53 11 -1
53 26 1
53 30 -1
53 49 -1
53 50 -1
53 52 -1
53 54 1
53 55 -1
53 58 -1
53 59 1
53 61 -1
53 62 -1
53 64 1
54 13 1
54 14 -1
54 17 -1
54 18 -1
54 33 -1
54 41 -1
54 49 1
54 51 1
54 53 1
54 55 -1
54 56 -1
54 57 -1
54 59 -1
54 60 -1
54 62 -1
54 64 -1
55 3 1
55 6 -1
55 12 1
55 26 -1
55 30 -1
55 37 1
55 51 1
55 53 -1
55 54 -1
55 56 1
55 58 -1
55 59 -1
55 60 1
55 61 -1
55 62 1
55 64 -1
56 1 1
56 6 -1
56 18 -1
56 22 -1
56 43 1
56 45 1
56 49 -1
56 50 -1
56 52 1
56 54 -1
56 55 1
56 57 -1
56 58 -1
56 59 -1
56 60 1
56 64 -1
57 1 -1
57 7 -1
57 16 -1
57 20 -1
57 30 -1
57 49 -1
57 50 -1
57 52 -1
57 54 -1
57 56 -1
57 58 1
57 60 -1
57 61 1
57 63 1
57 64 -1
58 10 -1
58 16 -1
58 18 -1
58 26 1
58 27 -1
58 49 -1
58 50 -1
58 51 -1
58 53 -1
58 55 -1
58 56 -1
58 57 1
58 60 1
58 61 1
58 63 1
59 33 -1
59 38 -1
59 41 -1
59 43 -1
59 48 1
59 50 -1
59 51 -1
59 52 -1
59 53 1
59 54 -1
59 55 -1
59 56 -1
59 60 -1
59 61 -1
59 63 -1
60 11 -1
60 19 1
60 24 -1
60 28 -1
60 40 1
60 51 -1
60 54 -1
60 55 1
60 56 1
60 57 -1
60 58 1
60 59 -1
60 62 1
60 63 -1
60 64 -1
61 3 -1
61 16 -1
61 26 -1
61 31 -1
61 41 -1
61 42 -1
61 49 1
61 50 1
61 52 -1
61 53 -1
61 55 -1
61 57 1
61 58 1
61 59 -1
61 62 -1
61 64 -1
62 17 -1
62 23 -1
62 29 -1
62 35 -1
62 43 -1
62 49 -1
62 51 -1
62 52 -1
62 53 -1
62 54 -1
62 55 1
62 60 1
62 61 -1
62 63 -1
62 64 -1
63 2 1
63 3 -1
63 5 1
63 24 1
63 30 -1
63 34 1
63 49 -1
63 50 1
63 51 -1
63 52 -1
63 57 1
63 58 1
63 59 -1
63 60 -1
63 62 -1
63 64 -1
64 8 -1
64 26 -1
64 32 1
64 39 -1
64 51 1
64 53 1
64 54 -1
64 55 -1
64 56 -1
64 57 -1
64 60 -1
64 61 -1
64 62 -1
64 63 -1
