1 2 -1
1 5 -1
1 6 -1
1 8 -1
1 10 -1
1 11 -1
1 12 -1
1 14 -1
1 15 -1
1 16 -1
1 17 -1
1 30 1
1 50 1
1 55 -1
1 59 1
2 1 -1
2 3 1
2 4 -1
2 5 -1
2 7 -1
2 9 -1
2 11 1
2 12 -1
2 14 1
2 16 -1
2 19 1
2 23 1
2 30 1
2 47 -1
2 57 -1
3 2 1
3 5 1
3 7 -1
3 8 -1
3 9 1
3 10 1
3 12 -1
3 13 -1
3 14 1
3 16 -1
3 19 -1
3 21 1
3 31 -1
3 57 1
3 61 -1
3 63 -1
4 2 -1
4 5 -1
4 6 -1
4 7 -1
4 8 -1
4 10 -1
4 11 -1
4 12 1
4 15 1
4 16 -1
4 31 -1
4 48 -1
4 50 -1
4 52 -1
4 55 1
4 60 -1
5 1 -1
5 2 -1
5 3 1
5 4 -1
5 7 -1
5 8 -1
5 10 1
5 12 1
5 14 1
5 16 1
5 22 1
5 27 -1
5 38 -1
5 47 1
5 59 1
6 1 -1
6 4 -1
6 7 -1
6 8 -1
6 9 1
6 10 -1
6 12 1
6 13 -1
6 14 1
6 15 -1
6 20 1
6 23 -1
6 32 -1
6 38 1
6 43 -1
6 60 -1
7 2 -1
7 3 -1
7 4 -1
7 5 -1
7 6 -1
7 9 1
7 11 -1
7 13 -1
7 14 1
7 15 -1
7 31 -1
7 38 -1
7 40 1
7 52 1
7 62 -1
7 63 1
8 1 -1
8 3 -1
8 4 -1
8 5 -1
8 6 -1
8 9 -1
8 10 1
8 13 -1
8 15 1
8 16 -1
8 20 -1
8 22 1
8 29 -1
8 52 -1
8 54 -1
9 2 -1
9 3 1
9 6 1
9 7 1
9 8 -1
9 11 1
9 13 -1
9 14 -1
9 15 -1
9 16 1
9 24 -1
9 25 -1
9 33 1
9 51 1
9 52 -1
9 62 1
10 1 -1
10 3 1
10 4 -1
10 5 1
10 6 -1
10 8 1
10 11 -1
10 12 -1
10 15 1
10 16 -1
10 19 -1
10 23 -1
10 31 1
10 43 1
10 49 1
11 1 -1
11 2 1
11 4 -1
11 7 -1
11 9 1
11 10 -1
11 12 -1
11 13 1
11 15 1
11 16 -1
11 26 -1
11 34 1
11 40 -1
11 46 1
11 54 1
12 1 -1
12 2 -1
12 3 -1
12 4 1
12 5 1
12 6 1
12 10 -1
12 11 -1
12 13 1
12 14 -1
12 24 -1
12 26 1
12 34 -1
12 42 -1
12 62 -1
13 3 -1
13 6 -1
13 7 -1
13 8 -1
13 9 -1
13 11 1
13 12 1
13 14 1
13 15 1
13 16 -1
13 17 -1
13 52 1
13 55 -1
13 58 1
13 60 1
13 62 -1
14 1 -1
14 2 1
14 3 1
14 5 1
14 6 1
14 7 1
14 9 -1
14 12 -1
14 13 1
14 15 -1
14 18 -1
14 19 1
14 25 1
14 44 -1
14 48 1
14 61 1
15 1 -1
15 4 1
15 6 -1
15 7 -1
15 8 1
15 9 -1
15 10 1
15 11 1
15 13 1
15 14 -1
15 27 1
15 36 -1
15 45 -1
15 56 -1
15 57 -1
15 61 -1
16 1 -1
16 2 -1
16 3 -1
16 4 -1
16 5 1
16 8 -1
16 9 1
16 10 -1
16 11 -1
16 13 -1
16 20 -1
16 26 1
16 34 1
16 39 1
16 50 1
16 63 1
17 1 -1
17 13 -1
17 19 1
17 20 -1
17 21 1
17 22 -1
17 24 -1
17 25 -1
17 26 -1
17 27 -1
17 28 -1
17 30 -1
17 38 -1
17 41 -1
17 45 1
17 61 -1
18 14 -1
18 19 -1
18 20 1
18 22 -1
18 23 1
18 24 1
18 25 -1
18 26 -1
18 29 -1
18 30 -1
18 32 1
18 36 -1
18 44 1
18 54 1
18 60 -1
19 2 1
19 3 -1
19 10 -1
19 14 1
19 17 1
19 18 -1
19 21 -1
19 23 -1
19 24 1
19 25 1
19 27 -1
19 28 1
19 30 -1
19 31 -1
19 56 -1
20 6 1
20 8 -1
20 16 -1
20 17 -1
20 18 1
20 22 -1
20 24 -1
20 26 1
20 27 1
20 28 1
20 29 1
20 31 1
20 32 -1
20 35 -1
20 55 -1
20 57 1
21 3 1
21 17 1
21 19 -1
21 23 -1
21 24 -1
21 25 -1
21 26 1
21 27 1
21 28 -1
21 30 1
21 32 -1
21 35 -1
21 37 1
21 41 -1
21 54 1
21 60 -1
22 5 1
22 8 1
22 17 -1
22 18 -1
22 20 -1
22 23 -1
22 25 1
22 27 1
22 28 -1
22 30 1
22 31 1
22 32 -1
22 36 -1
22 41 1
22 43 -1
22 44 1
23 2 1
23 6 -1
23 10 -1
23 18 1
23 19 -1
23 21 -1
23 22 -1
23 25 -1
23 26 -1
23 29 -1
23 30 -1
23 31 -1
23 32 -1
23 38 1
23 46 1
23 62 -1
24 9 -1
24 12 -1
24 17 -1
24 18 1
24 19 1
24 20 -1
24 21 -1
24 25 -1
24 29 1
24 30 1
24 31 -1
24 32 -1
24 35 1
24 37 1
24 39 1
24 61 1
25 9 -1
25 14 1
25 17 -1
25 18 -1
25 19 1
25 21 -1
25 22 1
25 23 -1
25 24 -1
25 26 1
25 28 -1
25 29 -1
25 33 -1
25 36 -1
25 43 1
25 62 -1
26 11 -1
26 12 1
26 16 1
26 17 -1
26 18 -1
26 20 1
26 21 1
26 23 -1
26 25 1
26 28 -1
26 29 -1
26 31 1
26 32 -1
26 33 -1
27 5 -1
27 15 1
27 17 -1
27 19 -1
27 20 1
27 21 1
27 22 1
27 28 -1
27 29 -1
27 30 1
27 31 1
27 32 -1
27 34 -1
27 36 -1
27 37 -1
27 59 -1
28 17 -1
28 19 1
28 20 1
28 21 -1
28 22 -1
28 25 -1
28 26 -1
28 27 -1
28 29 -1
28 31 1
28 33 1
28 37 -1
28 41 -1
28 53 -1
28 64 1
29 8 -1
29 18 -1
29 20 1
29 23 -1
29 24 1
29 25 -1
29 26 -1
29 27 -1
29 28 -1
29 30 1
29 32 1
29 48 -1
29 56 1
29 58 -1
29 63 -1
30 1 1
30 2 1
30 17 -1
30 18 -1
30 19 -1
30 21 1
30 22 1
30 23 -1
30 24 1
30 27 1
30 29 1
30 31 1
30 35 -1
30 47 -1
30 55 -1
31 3 -1
31 4 -1
31 7 -1
31 10 1
31 19 -1
31 20 1
31 22 1
31 23 -1
31 24 -1
31 26 1
31 27 1
31 28 1
31 30 1
31 32 1
31 53 1
31 59 -1
32 6 -1
32 18 1
32 20 -1
32 21 -1
32 22 -1
32 23 -1
32 24 -1
32 26 -1
32 27 -1
32 29 1
32 31 1
32 41 1
32 42 -1
32 44 -1
32 45 -1
32 51 -1
33 9 1
33 25 -1
33 26 -1
33 28 1
33 34 1
33 36 1
33 37 1
33 38 1
33 39 1
33 40 -1
33 41 1
33 42 -1
33 44 1
33 48 1
33 59 -1
34 11 1
34 12 -1
34 16 1
34 27 -1
34 33 1
34 35 -1
34 37 1
34 40 -1
34 41 1
34 42 -1
34 43 -1
34 44 -1
34 45 -1
34 47 1
34 50 1
34 58 -1
35 20 -1
35 21 -1
35 24 1
35 30 -1
35 34 -1
35 36 -1
35 37 -1
35 39 1
35 41 1
35 43 1
35 44 1
35 45 -1
35 46 -1
35 48 -1
35 51 -1
35 56 -1
36 15 -1
36 18 -1
36 22 -1
36 25 -1
36 27 -1
36 33 1
36 35 -1
36 38 -1
36 40 1
36 41 -1
36 43 -1
36 44 1
36 45 -1
36 46 1
36 47 -1
36 55 1
37 21 1
37 24 1
37 27 -1
37 28 -1
37 33 1
37 34 1
37 35 -1
37 39 1
37 40 1
37 41 -1
37 42 1
37 43 -1
37 46 -1
37 48 -1
37 49 -1
38 5 -1
38 6 1
38 7 -1
38 17 -1
38 23 1
38 33 1
38 36 -1
38 39 -1
38 40 -1
38 42 -1
38 43 -1
38 44 -1
38 46 -1
38 47 -1
38 48 1
39 16 1
39 24 1
39 33 1
39 35 1
39 37 1
39 38 -1
39 42 1
39 43 1
39 44 -1
39 45 -1
39 46 -1
39 47 1
39 51 1
39 53 -1
39 60 -1
39 61 1
40 7 1
40 11 -1
40 33 -1
40 34 -1
40 36 1
40 37 1
40 38 -1
40 42 -1
40 44 -1
40 45 -1
40 47 1
40 48 -1
40 49 -1
40 50 -1
40 53 1
41 17 -1
41 21 -1
41 22 1
41 28 -1
41 32 1
41 33 1
41 34 1
41 35 1
41 36 -1
41 37 -1
41 44 -1
41 45 1
41 46 1
41 47 1
41 48 -1
41 57 -1
42 12 -1
42 32 -1
42 33 -1
42 34 -1
42 37 1
42 38 -1
42 39 1
42 40 -1
42 43 1
42 45 -1
42 46 -1
42 47 -1
42 49 -1
42 58 -1
42 64 -1
43 6 -1
43 10 1
43 22 -1
43 25 1
43 34 -1
43 35 1
43 36 -1
43 37 -1
43 38 -1
43 39 1
43 42 1
43 45 1
43 46 -1
43 48 -1
43 54 -1
43 64 -1
44 14 -1
44 18 1
44 22 1
44 32 -1
44 33 1
44 34 -1
44 35 1
44 36 1
44 38 -1
44 39 -1
44 40 -1
44 41 -1
44 45 -1
44 48 1
44 52 -1
44 58 -1
45 15 -1
45 17 1
45 32 -1
45 34 -1
45 35 -1
45 36 -1
45 39 -1
45 40 -1
45 41 1
45 42 -1
45 43 1
45 44 -1
45 47 1
45 51 -1
45 56 -1
46 11 1
46 23 1
46 35 -1
46 36 1
46 37 -1
46 38 -1
46 39 -1
46 41 1
46 42 -1
46 43 -1
46 47 -1
46 48 -1
46 53 1
46 64 1
47 2 -1
47 5 1
47 30 -1
47 34 1
47 36 -1
47 38 -1
47 39 1
47 40 1
47 41 1
47 42 -1
47 45 1
47 46 -1
47 48 -1
47 53 -1
47 63 1
48 4 -1
48 14 1
48 29 -1
48 33 1
48 35 -1
48 37 -1
48 38 1
48 40 -1
48 41 -1
48 43 -1
48 44 1
48 46 -1
48 47 -1
48 49 1
48 57 1
48 59 -1
49 10 1
49 37 -1
49 40 -1
49 42 -1
49 48 1
49 52 -1
49 53 -1
49 54 1
49 55 1
49 56 -1
49 57 1
49 59 -1
49 61 1
49 62 -1
49 63 1
50 1 1
50 4 -1
50 16 1
50 34 1
50 40 -1
50 51 1
50 52 -1
50 54 1
50 56 -1
50 57 1
50 59 -1
50 60 -1
50 61 -1
50 62 -1
50 64 1
51 9 1
51 32 -1
51 35 -1
51 39 1
51 45 -1
51 50 1
51 52 -1
51 55 1
51 57 -1
51 58 1
51 59 -1
51 60 -1
51 61 1
51 62 -1
51 63 -1
52 4 -1
52 7 1
52 8 -1
52 9 -1
52 13 1
52 44 -1
52 49 -1
52 50 -1
52 51 -1
52 57 1
52 58 1
52 59 -1
52 60 -1
52 61 -1
52 62 1
52 63 1
53 28 -1
53 31 1
53 39 -1
53 40 1
53 46 1
53 47 -1
53 49 -1
53 54 1
53 55 1
53 56 -1
53 57 -1
53 58 -1
53 60 1
53 61 -1
53 63 1
53 64 -1
54 8 -1
54 11 1
54 18 1
54 21 1
54 43 -1
54 49 1
54 50 1
54 53 1
54 55 -1
54 56 1
54 59 -1
54 60 1
54 61 -1
54 62 -1
54 63 1
55 1 -1
55 4 1
55 13 -1
55 20 -1
55 30 -1
55 36 1
55 49 1
55 51 1
55 53 1
55 54 -1
55 56 -1
55 57 1
55 58 1
55 59 -1
55 60 -1
55 64 -1
56 15 -1
56 19 -1
56 29 1
56 35 -1
56 45 -1
56 49 -1
56 50 -1
56 53 -1
56 54 1
56 55 -1
56 57 -1
56 58 -1
56 59 -1
56 60 -1
56 62 1
57 2 -1
57 3 1
57 15 -1
57 20 1
57 41 -1
57 48 1
57 49 1
57 50 1
57 51 -1
57 52 1
57 53 -1
57 55 1
57 56 -1
57 58 -1
57 63 1
57 64 1
58 13 1
58 29 -1
58 34 -1
58 42 -1
58 44 -1
58 51 1
58 52 1
58 53 -1
58 55 1
58 56 -1
58 57 -1
58 59 1
58 61 -1
58 63 -1
58 64 -1
59 1 1
59 5 1
59 27 -1
59 31 -1
59 33 -1
59 48 -1
59 49 -1
59 50 -1
59 51 -1
59 52 -1
59 54 -1
59 55 -1
59 56 -1
59 58 1
59 61 1
59 64 -1
60 4 -1
60 6 -1
60 13 1
60 18 -1
60 21 -1
60 39 -1
60 50 -1
60 51 -1
60 52 -1
60 53 1
60 54 1
60 55 -1
60 56 -1
60 62 -1
60 63 -1
60 64 1
61 3 -1
61 14 1
61 15 -1
61 17 -1
61 24 1
61 39 1
61 49 1
61 50 -1
61 51 1
61 52 -1
61 53 -1
61 54 -1
61 58 -1
61 59 1
61 62 1
61 64 1
62 7 -1
62 9 1
62 12 -1
62 13 -1
62 23 -1
62 25 -1
62 49 -1
62 50 -1
62 51 -1
62 52 1
62 54 -1
62 56 1
62 60 -1
62 61 1
62 63 1
62 64 1
63 3 -1
63 7 1
63 16 1
63 29 -1
63 47 1
63 49 1
63 51 -1
63 52 1
63 53 1
63 54 1
63 57 1
63 58 -1
63 60 -1
63 62 1
63 64 -1
64 28 1
64 42 -1
64 43 -1
64 46 1
64 50 1
64 53 -1
64 55 -1
64 57 1
64 58 -1
64 59 -1
64 60 1
64 61 1
64 62 1
64 63 -1
