1 3 -1
1 4 -1
1 5 -1
1 7 -1
1 8 1
1 9 -1
1 10 -1
1 12 -1
1 13 -1
1 14 -1
1 19 -1
1 40 -1
1 52 -1
1 61 -1
1 64 -1
2 3 -1
2 4 -1
2 5 -1
2 6 -1
2 8 -1
2 10 -1
2 11 -1
2 13 -1
2 14 -1
2 16 1
2 22 -1
2 24 -1
2 38 -1
2 40 -1
2 45 1
2 47 -1
3 1 -1
3 2 -1
3 4 -1
3 5 -1
3 6 -1
3 9 -1
3 11 1
3 13 -1
3 14 -1
3 16 1
3 18 -1
3 39 -1
3 40 -1
3 43 -1
3 52 -1
3 55 -1
4 1 -1
4 2 -1
4 3 -1
4 5 -1
4 7 -1
4 8 -1
4 9 -1
4 10 -1
4 11 -1
4 13 -1
4 18 -1
4 23 -1
4 46 -1
4 48 -1
4 58 -1
5 1 -1
5 2 -1
5 3 -1
5 4 -1
5 6 -1
5 9 1
5 11 -1
5 12 -1
5 14 -1
5 15 -1
5 18 1
5 24 -1
5 34 -1
5 45 -1
5 54 -1
5 56 -1
6 2 -1
6 3 -1
6 5 -1
6 8 -1
6 10 -1
6 11 -1
6 12 -1
6 13 -1
6 15 -1
6 16 -1
6 21 -1
6 22 -1
6 31 -1
6 36 -1
6 37 -1
6 64 -1
7 1 -1
7 4 -1
7 9 1
7 10 -1
7 11 -1
7 12 -1
7 13 -1
7 14 -1
7 15 -1
7 16 -1
7 18 -1
7 42 -1
7 45 1
7 54 -1
7 57 -1
7 62 -1
8 1 1
8 2 -1
8 4 -1
8 6 -1
8 9 -1
8 10 -1
8 13 -1
8 14 -1
8 15 -1
8 16 -1
8 27 -1
8 36 -1
8 46 -1
8 47 -1
8 63 -1
9 1 -1
9 3 -1
9 4 -1
9 5 1
9 7 1
9 8 -1
9 10 -1
9 12 1
9 15 -1
9 16 -1
9 32 -1
9 36 -1
9 39 -1
9 54 -1
9 55 -1
10 1 -1
10 2 -1
10 4 -1
10 6 -1
10 7 -1
10 8 -1
10 9 -1
10 11 -1
10 14 -1
10 16 -1
10 18 -1
10 21 -1
10 30 -1
10 54 -1
10 64 -1
11 2 -1
11 3 1
11 4 -1
11 5 -1
11 6 -1
11 7 -1
11 10 -1
11 12 -1
11 13 -1
11 15 -1
11 17 -1
11 22 -1
11 32 -1
11 37 -1
11 50 -1
11 57 -1
12 1 -1
12 5 -1
12 6 -1
12 7 -1
12 9 1
12 11 -1
12 13 -1
12 14 -1
12 15 -1
12 16 -1
12 25 -1
12 29 -1
12 33 -1
12 39 -1
12 41 -1
12 53 -1
13 1 -1
13 2 -1
13 3 -1
13 4 -1
13 6 -1
13 7 -1
13 8 -1
13 11 -1
13 12 -1
13 15 -1
13 26 -1
13 33 -1
13 35 -1
13 38 -1
13 46 -1
13 64 -1
14 1 -1
14 2 -1
14 3 -1
14 5 -1
14 7 -1
14 8 -1
14 10 -1
14 12 -1
14 15 -1
14 16 -1
14 23 1
14 35 -1
14 37 -1
14 51 -1
14 52 -1
14 56 -1
15 5 -1
15 6 -1
15 7 -1
15 8 -1
15 9 -1
15 11 -1
15 12 -1
15 13 -1
15 14 -1
15 16 -1
15 26 -1
15 34 -1
15 36 -1
15 40 1
15 51 -1
15 52 1
16 2 1
16 3 1
16 6 -1
16 7 -1
16 8 -1
16 9 -1
16 10 -1
16 12 -1
16 14 -1
16 15 -1
16 17 -1
16 41 -1
16 53 -1
16 58 -1
17 11 -1
17 16 -1
17 18 -1
17 21 -1
17 22 -1
17 23 -1
17 25 -1
17 26 -1
17 29 -1
17 30 -1
17 31 1
17 32 -1
17 46 -1
17 62 -1
17 64 -1
18 3 -1
18 4 -1
18 5 1
18 7 -1
18 10 -1
18 17 -1
18 21 1
18 22 -1
18 23 1
18 25 -1
18 26 -1
18 28 -1
18 30 -1
18 31 -1
18 32 -1
18 60 -1
19 1 -1
19 20 -1
19 22 -1
19 23 1
19 24 -1
19 26 -1
19 27 -1
19 28 -1
19 29 -1
19 31 -1
19 32 -1
19 33 -1
19 44 -1
19 59 1
19 61 -1
20 19 -1
20 21 1
20 24 -1
20 25 -1
20 26 -1
20 27 1
20 28 -1
20 29 -1
20 30 1
20 32 -1
20 38 -1
20 40 1
20 42 1
20 58 -1
20 60 -1
20 62 -1
21 6 -1
21 10 -1
21 17 -1
21 18 1
21 20 1
21 22 1
21 24 -1
21 27 -1
21 28 -1
21 29 -1
21 30 -1
21 31 -1
21 42 -1
21 43 -1
21 48 1
21 52 -1
22 2 -1
22 6 -1
22 11 -1
22 17 -1
22 18 -1
22 19 -1
22 21 1
22 23 -1
22 25 -1
22 27 -1
22 28 -1
22 29 -1
22 30 -1
22 37 -1
22 41 -1
22 60 -1
23 4 -1
23 14 1
23 17 -1
23 18 1
23 19 1
23 22 -1
23 24 -1
23 26 -1
23 27 -1
23 28 -1
23 29 -1
23 31 -1
23 44 -1
23 50 1
23 58 -1
23 61 1
24 2 -1
24 5 -1
24 19 -1
24 20 -1
24 21 -1
24 23 -1
24 25 1
24 26 -1
24 27 -1
24 28 -1
24 31 -1
24 32 1
24 38 -1
24 55 1
24 56 -1
24 60 -1
25 12 -1
25 17 -1
25 18 -1
25 20 -1
25 22 -1
25 24 1
25 26 -1
25 27 -1
25 30 -1
25 31 -1
25 32 -1
25 38 -1
25 42 -1
25 59 -1
25 63 -1
26 13 -1
26 15 -1
26 17 -1
26 18 -1
26 19 -1
26 20 -1
26 23 -1
26 24 -1
26 25 -1
26 30 -1
26 31 -1
26 32 -1
26 36 -1
26 41 -1
26 54 -1
26 55 -1
27 8 -1
27 19 -1
27 20 1
27 21 -1
27 22 -1
27 23 -1
27 24 -1
27 25 -1
27 28 -1
27 29 -1
27 32 -1
27 44 -1
27 48 -1
27 49 -1
27 63 -1
28 18 -1
28 19 -1
28 20 -1
28 21 -1
28 22 -1
28 23 -1
28 24 -1
28 27 -1
28 29 -1
28 30 -1
28 34 -1
28 46 1
28 49 -1
28 59 -1
28 60 -1
28 62 1
29 12 -1
29 17 -1
29 19 -1
29 20 -1
29 21 -1
29 22 -1
29 23 -1
29 27 -1
29 28 -1
29 30 -1
29 31 -1
29 39 -1
29 43 -1
29 50 -1
29 56 -1
30 10 -1
30 17 -1
30 18 -1
30 20 1
30 21 -1
30 22 -1
30 25 -1
30 26 -1
30 28 -1
30 29 -1
30 32 -1
30 34 -1
30 37 -1
31 6 -1
31 17 1
31 18 -1
31 19 -1
31 21 -1
31 23 -1
31 24 -1
31 25 -1
31 26 -1
31 29 -1
31 32 1
31 43 -1
31 44 -1
31 56 1
31 64 -1
32 9 -1
32 11 -1
32 17 -1
32 18 -1
32 19 -1
32 20 -1
32 24 1
32 25 -1
32 26 -1
32 27 -1
32 30 -1
32 31 1
32 45 -1
32 51 -1
32 57 -1
32 62 -1
33 12 -1
33 13 -1
33 19 -1
33 35 -1
33 36 -1
33 38 -1
33 41 -1
33 42 -1
33 43 -1
33 44 -1
33 45 -1
33 47 -1
33 48 -1
33 49 -1
33 56 -1
33 60 -1
34 5 -1
34 15 -1
34 28 -1
34 30 -1
34 35 -1
34 36 -1
34 37 -1
34 41 -1
34 42 -1
34 43 -1
34 44 -1
34 45 1
34 46 -1
34 47 1
35 13 -1
35 14 -1
35 33 -1
35 34 -1
35 37 -1
35 39 -1
35 40 -1
35 41 -1
35 42 -1
35 45 -1
35 46 -1
35 48 -1
35 51 1
35 53 -1
35 61 -1
35 62 -1
36 6 -1
36 8 -1
36 9 -1
36 15 -1
36 26 -1
36 33 -1
36 34 -1
36 37 1
36 38 -1
36 39 -1
36 40 1
36 41 -1
36 42 -1
36 43 -1
36 48 1
36 63 -1
37 6 -1
37 11 -1
37 14 -1
37 22 -1
37 30 -1
37 34 -1
37 35 -1
37 36 1
37 38 -1
37 40 -1
37 41 -1
37 42 -1
37 43 -1
37 44 -1
37 48 -1
37 49 -1
38 2 -1
38 13 -1
38 20 -1
38 24 -1
38 25 -1
38 33 -1
38 36 -1
38 37 -1
38 39 -1
38 40 -1
38 42 -1
38 45 -1
38 46 1
38 47 -1
38 48 -1
38 55 -1
39 3 -1
39 9 -1
39 12 -1
39 29 -1
39 35 -1
39 36 -1
39 38 -1
39 40 -1
39 41 -1
39 43 -1
39 45 -1
39 46 -1
39 47 -1
39 48 -1
39 50 -1
40 1 -1
40 2 -1
40 3 -1
40 15 1
40 20 1
40 35 -1
40 36 1
40 37 -1
40 38 -1
40 39 -1
40 41 -1
40 43 -1
40 44 -1
40 46 -1
40 47 -1
40 53 -1
41 12 -1
41 16 -1
41 22 -1
41 26 -1
41 33 -1
41 34 -1
41 35 -1
41 36 -1
41 37 -1
41 39 -1
41 40 -1
41 43 -1
41 44 -1
41 46 1
41 49 -1
41 57 -1
42 7 -1
42 20 1
42 21 -1
42 25 -1
42 33 -1
42 34 -1
42 35 -1
42 36 -1
42 37 -1
42 38 -1
42 44 -1
42 45 -1
42 46 -1
42 47 -1
42 51 -1
42 59 -1
43 3 -1
43 21 -1
43 29 -1
43 31 -1
43 33 -1
43 34 -1
43 36 -1
43 37 -1
43 39 -1
43 40 -1
43 41 -1
43 45 -1
43 47 -1
43 48 -1
43 49 -1
43 63 -1
44 19 -1
44 23 -1
44 27 -1
44 31 -1
44 33 -1
44 34 -1
44 37 -1
44 40 -1
44 41 -1
44 42 -1
44 45 -1
44 46 1
44 47 -1
44 48 -1
44 59 1
45 2 1
45 5 -1
45 7 1
45 32 -1
45 33 -1
45 34 1
45 35 -1
45 38 -1
45 39 -1
45 42 -1
45 43 -1
45 44 -1
45 47 -1
45 48 -1
45 54 1
45 57 -1
46 4 -1
46 8 -1
46 13 -1
46 17 -1
46 28 1
46 34 -1
46 35 -1
46 38 1
46 39 -1
46 40 -1
46 41 1
46 42 -1
46 44 1
46 47 -1
46 48 -1
46 55 -1
47 2 -1
47 8 -1
47 33 -1
47 34 1
47 38 -1
47 39 -1
47 40 -1
47 42 -1
47 43 -1
47 44 -1
47 45 -1
47 46 -1
47 50 -1
47 53 -1
47 61 -1
48 4 -1
48 21 1
48 27 -1
48 33 -1
48 35 -1
48 36 1
48 37 -1
48 38 -1
48 39 -1
48 43 -1
48 44 -1
48 45 -1
48 46 -1
48 51 -1
48 53 -1
48 57 -1
49 27 -1
49 28 -1
49 33 -1
49 37 -1
49 41 -1
49 43 -1
49 50 1
49 52 -1
49 53 -1
49 55 -1
49 56 -1
49 60 -1
49 61 -1
49 62 -1
49 63 -1
49 64 -1
50 11 -1
50 23 1
50 29 -1
50 39 -1
50 47 -1
50 49 1
50 51 -1
50 53 -1
50 54 -1
50 57 -1
50 58 -1
50 60 -1
50 61 -1
50 63 -1
50 64 -1
51 14 -1
51 15 -1
51 32 -1
51 35 1
51 42 -1
51 48 -1
51 50 -1
51 52 -1
51 53 -1
51 54 -1
51 55 -1
51 56 1
51 57 -1
51 58 -1
51 59 -1
51 64 -1
52 1 -1
52 3 -1
52 14 -1
52 15 1
52 21 -1
52 49 -1
52 51 -1
52 53 -1
52 54 -1
52 55 -1
52 56 -1
52 59 -1
52 61 -1
52 63 -1
52 64 -1
53 12 -1
53 16 -1
53 35 -1
53 40 -1
53 47 -1
53 48 -1
53 49 -1
53 50 -1
53 51 -1
53 52 -1
53 54 -1
53 55 -1
53 56 -1
53 59 -1
53 60 -1
53 62 -1
54 5 -1
54 7 -1
54 9 -1
54 10 -1
54 26 -1
54 45 1
54 50 -1
54 51 -1
54 52 -1
54 53 -1
54 57 -1
54 58 1
54 60 -1
54 62 -1
54 63 -1
54 64 -1
55 3 -1
55 9 -1
55 24 1
55 26 -1
55 38 -1
55 46 -1
55 49 -1
55 51 -1
55 52 -1
55 53 -1
55 57 -1
55 59 -1
55 60 -1
55 61 -1
55 63 -1
55 64 -1
56 5 -1
56 14 -1
56 24 -1
56 29 -1
56 31 1
56 33 -1
56 49 -1
56 51 1
56 52 -1
56 53 -1
56 57 -1
56 59 -1
56 60 -1
56 61 -1
56 62 -1
56 63 -1
57 7 -1
57 11 -1
57 32 -1
57 41 -1
57 45 -1
57 48 -1
57 50 -1
57 51 -1
57 54 -1
57 55 -1
57 56 -1
57 58 -1
57 59 -1
57 61 -1
57 62 -1
57 63 -1
58 4 -1
58 16 -1
58 20 -1
58 23 -1
58 50 -1
58 51 -1
58 54 1
58 57 -1
58 59 -1
58 60 -1
58 61 -1
58 62 -1
58 63 -1
58 64 -1
59 19 1
59 25 -1
59 28 -1
59 42 -1
59 44 1
59 51 -1
59 52 -1
59 53 -1
59 55 -1
59 56 -1
59 57 -1
59 58 -1
59 60 -1
59 62 -1
59 64 1
60 18 -1
60 20 -1
60 22 -1
60 24 -1
60 28 -1
60 33 -1
60 49 -1
60 50 -1
60 53 -1
60 54 -1
60 55 -1
60 56 -1
60 58 -1
60 59 -1
60 61 -1
60 62 -1
61 1 -1
61 19 -1
61 23 1
61 35 -1
61 47 -1
61 49 -1
61 50 -1
61 52 -1
61 55 -1
61 56 -1
61 57 -1
61 58 -1
61 60 -1
61 62 -1
61 64 1
62 7 -1
62 17 -1
62 20 -1
62 28 1
62 32 -1
62 35 -1
62 49 -1
62 53 -1
62 54 -1
62 56 -1
62 57 -1
62 58 -1
62 59 -1
62 60 -1
62 61 -1
62 63 -1
63 8 -1
63 25 -1
63 27 -1
63 36 -1
63 43 -1
63 49 -1
63 50 -1
63 52 -1
63 54 -1
63 55 -1
63 56 -1
63 57 -1
63 58 -1
63 62 -1
63 64 -1
64 1 -1
64 6 -1
64 10 -1
64 13 -1
64 17 -1
64 31 -1
64 49 -1
64 50 -1
64 51 -1
64 52 -1
64 54 -1
64 55 -1
64 58 -1
64 59 1
64 61 1
64 63 -1
