1 4 1
1 5 1
1 6 1
1 8 1
1 9 1
1 10 1
1 12 1
1 13 1
1 15 1
1 16 1
1 20 -1
1 28 1
1 40 1
1 57 1
1 58 1
1 61 1
2 3 1
2 6 1
2 7 -1
2 8 -1
2 10 1
2 11 1
2 13 1
2 14 1
2 15 1
2 16 1
2 19 1
2 26 1
2 38 -1
2 42 1
2 59 1
2 62 1
3 2 1
3 5 1
3 6 1
3 9 1
3 10 1
3 11 1
3 12 1
3 13 1
3 15 1
3 16 1
3 29 1
3 34 1
3 42 1
3 49 1
3 55 1
3 56 1
4 1 1
4 6 1
4 8 1
4 10 1
4 11 1
4 12 1
4 13 1
4 14 -1
4 15 1
4 16 1
4 27 1
4 43 1
4 47 1
4 55 1
4 58 1
4 61 1
5 1 1
5 3 1
5 6 -1
5 7 -1
5 8 1
5 9 1
5 10 1
5 11 -1
5 14 1
5 15 1
5 18 1
5 25 1
5 27 1
5 45 -1
5 53 1
5 59 1
6 1 1
6 2 1
6 3 1
6 4 1
6 5 -1
6 7 1
6 9 1
6 12 1
6 14 1
6 16 1
6 21 1
6 31 1
6 41 1
6 48 1
6 57 1
6 60 1
7 2 -1
7 5 -1
7 6 1
7 8 1
7 9 1
7 10 1
7 11 1
7 12 1
7 13 1
7 14 1
7 19 1
7 23 1
7 25 1
7 35 1
7 56 1
7 62 -1
8 1 1
8 2 -1
8 4 1
8 5 1
8 7 1
8 9 1
8 10 1
8 12 -1
8 14 1
8 16 1
8 19 1
8 20 1
8 30 1
8 34 1
8 48 1
8 55 1
9 1 1
9 3 1
9 5 1
9 6 1
9 7 1
9 8 1
9 13 1
9 14 1
9 15 1
9 16 1
9 21 1
9 24 -1
9 30 1
9 32 1
9 38 -1
9 42 1
10 1 1
10 2 1
10 3 1
10 4 1
10 5 1
10 7 1
10 8 1
10 11 1
10 15 1
10 16 1
10 20 1
10 23 1
10 33 -1
10 48 1
10 52 1
10 53 1
11 2 1
11 3 1
11 4 1
11 5 -1
11 7 1
11 10 1
11 12 1
11 13 1
11 14 1
11 15 1
11 18 1
11 27 1
11 38 1
11 41 1
11 53 1
12 1 1
12 3 1
12 4 1
12 6 1
12 7 1
12 8 -1
12 11 1
12 14 1
12 15 1
12 16 1
12 20 1
12 27 1
12 37 1
12 38 1
12 39 1
12 51 1
13 1 1
13 2 1
13 3 1
13 4 1
13 7 1
13 9 1
13 11 1
13 14 1
13 15 1
13 16 1
13 22 1
13 47 1
13 51 1
13 54 1
13 60 1
14 2 1
14 4 -1
14 5 1
14 6 1
14 7 1
14 8 1
14 9 1
14 11 1
14 12 1
14 13 1
14 32 1
14 46 1
14 48 1
14 53 1
14 54 1
14 64 1
15 1 1
15 2 1
15 3 1
15 4 1
15 5 1
15 9 1
15 10 1
15 11 1
15 12 1
15 13 1
15 24 1
15 32 1
15 41 1
15 46 1
15 56 1
15 59 1
16 1 1
16 2 1
16 3 1
16 4 1
16 6 1
16 8 1
16 9 1
16 10 1
16 12 1
16 13 1
16 26 1
16 29 1
16 44 -1
16 45 1
16 61 1
16 63 1
17 18 1
17 22 -1
17 24 1
17 25 1
17 26 1
17 27 1
17 29 1
17 30 1
17 31 1
17 32 1
17 39 1
17 42 1
17 47 -1
17 54 1
17 63 1
17 64 1
18 5 1
18 11 1
18 17 1
18 19 1
18 20 -1
18 22 1
18 23 1
18 24 -1
18 25 1
18 27 -1
18 30 -1
18 31 1
18 33 1
18 38 1
18 46 1
18 47 1
19 2 1
19 7 1
19 8 1
19 18 1
19 21 1
19 22 1
19 23 -1
19 24 1
19 25 1
19 26 1
19 27 1
19 28 1
19 30 1
19 39 1
19 44 1
19 48 -1
20 1 -1
20 8 1
20 10 1
20 12 1
20 18 -1
20 22 1
20 23 1
20 25 1
20 27 1
20 28 1
20 29 1
20 30 1
20 31 1
20 32 -1
20 37 1
20 47 1
21 6 1
21 9 1
21 19 1
21 22 1
21 23 1
21 25 1
21 26 1
21 27 1
21 28 1
21 29 1
21 30 1
21 32 1
21 33 1
21 34 1
21 60 -1
21 61 1
22 13 1
22 17 -1
22 18 1
22 19 1
22 20 1
22 21 1
22 25 1
22 27 1
22 29 1
22 31 1
22 32 1
22 36 1
22 39 1
22 45 1
22 49 1
22 62 1
23 7 1
23 10 1
23 18 1
23 19 -1
23 20 1
23 21 1
23 24 1
23 26 1
23 28 1
23 29 1
23 31 1
23 32 1
23 33 1
23 48 1
23 52 1
23 60 1
24 9 -1
24 15 1
24 17 1
24 18 -1
24 19 1
24 23 1
24 26 1
24 28 1
24 29 1
24 30 1
24 31 1
24 32 1
24 35 -1
24 37 1
24 49 1
24 51 -1
25 5 1
25 7 1
25 17 1
25 18 1
25 19 1
25 20 1
25 21 1
25 22 1
25 28 -1
25 29 1
25 31 1
25 32 -1
25 51 1
25 54 1
25 55 1
25 56 1
26 2 1
26 16 1
26 17 1
26 19 1
26 21 1
26 23 1
26 24 1
26 27 1
26 29 1
26 30 1
26 31 1
26 32 1
26 38 1
26 44 1
26 45 -1
26 50 1
27 4 1
27 5 1
27 11 1
27 12 1
27 17 1
27 18 -1
27 19 1
27 20 1
27 21 1
27 22 1
27 26 1
27 28 1
27 29 1
27 32 1
27 39 -1
28 1 1
28 19 1
28 20 1
28 21 1
28 23 1
28 24 1
28 25 -1
28 27 1
28 30 1
28 31 1
28 32 1
28 35 1
28 49 1
28 50 1
28 54 1
28 60 1
29 3 1
29 16 1
29 17 1
29 20 1
29 21 1
29 22 1
29 23 1
29 24 1
29 25 1
29 26 1
29 27 1
29 30 1
29 37 1
29 41 1
29 57 1
29 59 1
30 8 1
30 9 1
30 17 1
30 18 -1
30 19 1
30 20 1
30 21 1
30 24 1
30 26 1
30 28 1
30 29 1
30 31 1
30 44 1
30 58 1
30 63 1
30 64 1
31 6 1
31 17 1
31 18 1
31 20 1
31 22 1
31 23 1
31 24 1
31 25 1
31 26 1
31 28 1
31 30 1
31 35 1
31 41 1
31 46 1
31 57 1
31 62 1
32 9 1
32 14 1
32 15 1
32 17 1
32 20 -1
32 21 1
32 22 1
32 23 1
32 24 1
32 25 -1
32 26 1
32 27 1
32 28 1
32 40 1
32 52 1
32 64 1
33 10 -1
33 18 1
33 21 1
33 23 1
33 34 1
33 38 1
33 39 1
33 40 1
33 41 1
33 42 1
33 43 1
33 45 1
33 47 1
33 48 1
33 56 1
33 63 1
34 3 1
34 8 1
34 21 1
34 33 1
34 35 1
34 37 1
34 39 -1
34 40 1
34 41 1
34 42 1
34 44 1
34 45 1
34 46 1
34 53 1
34 57 1
34 59 1
35 7 1
35 24 -1
35 28 1
35 31 1
35 34 1
35 36 1
35 37 1
35 38 1
35 41 1
35 42 1
35 43 1
35 44 -1
35 45 1
35 47 1
35 49 1
35 56 1
36 22 1
36 35 1
36 38 1
36 39 1
36 40 1
36 42 -1
36 44 -1
36 45 1
36 46 1
36 47 1
36 48 1
36 50 -1
36 58 1
36 64 1
37 12 1
37 20 1
37 24 1
37 29 1
37 34 1
37 35 1
37 38 -1
37 39 -1
37 41 1
37 43 1
37 44 1
37 45 1
37 46 1
37 47 -1
37 58 1
37 61 1
38 2 -1
38 9 -1
38 11 1
38 12 1
38 18 1
38 26 1
38 33 1
38 35 1
38 36 1
38 37 -1
38 39 1
38 40 1
38 41 1
38 43 1
38 46 1
38 48 1
39 12 1
39 17 1
39 19 1
39 22 1
39 27 -1
39 33 1
39 34 -1
39 36 1
39 37 -1
39 38 1
39 40 1
39 43 -1
39 44 1
39 45 1
39 48 1
39 64 1
40 1 1
40 32 1
40 33 1
40 34 1
40 36 1
40 38 1
40 39 1
40 42 1
40 43 1
40 44 1
40 46 1
40 47 1
40 50 1
40 52 1
40 58 1
41 6 1
41 11 1
41 15 1
41 29 1
41 31 1
41 33 1
41 34 1
41 35 1
41 37 1
41 38 1
41 42 1
41 43 1
41 44 1
41 46 1
41 48 1
41 62 1
42 2 1
42 3 1
42 9 1
42 17 1
42 33 1
42 34 1
42 35 1
42 36 -1
42 40 1
42 41 1
42 43 1
42 46 -1
42 47 1
42 48 1
42 55 1
42 59 1
43 4 1
43 33 1
43 35 1
43 37 1
43 38 1
43 39 -1
43 40 1
43 41 1
43 42 1
43 45 1
43 48 -1
43 49 1
43 53 1
43 57 1
43 62 1
43 63 1
44 16 -1
44 19 1
44 26 1
44 30 1
44 34 1
44 35 -1
44 36 -1
44 37 1
44 39 1
44 40 1
44 41 1
44 45 1
44 47 1
44 48 1
44 51 1
44 52 1
45 5 -1
45 16 1
45 22 1
45 26 -1
45 33 1
45 34 1
45 35 1
45 36 1
45 37 1
45 39 1
45 43 1
45 44 1
45 46 1
45 47 1
45 55 1
45 63 1
46 14 1
46 15 1
46 18 1
46 31 1
46 34 1
46 36 1
46 37 1
46 38 1
46 40 1
46 41 1
46 42 -1
46 45 1
46 47 1
46 48 1
46 51 1
46 61 1
47 4 1
47 13 1
47 17 -1
47 18 1
47 20 1
47 33 1
47 35 1
47 36 1
47 37 -1
47 40 1
47 42 1
47 44 1
47 45 1
47 46 1
47 48 1
47 54 1
48 6 1
48 8 1
48 10 1
48 14 1
48 19 -1
48 23 1
48 33 1
48 36 1
48 38 1
48 39 1
48 41 1
48 42 1
48 43 -1
48 44 1
48 46 1
48 47 1
49 3 1
49 22 1
49 24 1
49 28 1
49 35 1
49 43 1
49 50 1
49 53 1
49 54 1
49 55 1
49 56 1
49 57 1
49 59 1
49 60 -1
49 63 1
49 64 1
50 26 1
50 28 1
50 36 -1
50 40 1
50 49 1
50 51 1
50 52 1
50 53 1
50 55 -1
50 57 1
50 58 1
50 59 1
50 61 1
50 63 1
51 12 1
51 13 1
51 24 -1
51 25 1
51 44 1
51 46 1
51 50 1
51 52 1
51 54 1
51 55 1
51 56 1
51 57 1
51 58 1
51 61 1
51 62 1
51 63 1
52 10 1
52 23 1
52 32 1
52 40 1
52 44 1
52 50 1
52 51 1
52 54 1
52 55 1
52 56 1
52 59 -1
52 60 1
52 61 1
52 63 1
52 64 1
53 5 1
53 10 1
53 11 1
53 14 1
53 34 1
53 43 1
53 49 1
53 50 1
53 54 -1
53 55 1
53 58 1
53 59 1
53 60 1
53 62 1
53 63 1
53 64 1
54 13 1
54 14 1
54 17 1
54 25 1
54 28 1
54 47 1
54 49 1
54 51 1
54 52 1
54 53 -1
54 57 1
54 58 1
54 60 1
54 61 1
54 62 1
54 64 1
55 3 1
55 4 1
55 8 1
55 25 1
55 42 1
55 45 1
55 49 1
55 50 -1
55 51 1
55 52 1
55 53 1
55 56 -1
55 57 1
55 59 1
55 60 1
55 61 1
56 3 1
56 7 1
56 15 1
56 25 1
56 33 1
56 35 1
56 49 1
56 51 1
56 52 1
56 55 -1
56 58 1
56 59 -1
56 61 1
56 62 1
56 63 1
56 64 1
57 1 1
57 6 1
57 29 1
57 31 1
57 34 1
57 43 1
57 49 1
57 50 1
57 51 1
57 54 1
57 55 1
57 58 1
57 59 -1
57 60 1
57 63 1
57 64 1
58 1 1
58 4 1
58 30 1
58 36 1
58 37 1
58 40 1
58 50 1
58 51 1
58 53 1
58 54 1
58 56 1
58 57 1
58 59 1
58 60 1
58 62 1
58 64 1
59 2 1
59 5 1
59 15 1
59 29 1
59 34 1
59 42 1
59 49 1
59 50 1
59 52 -1
59 53 1
59 55 1
59 56 -1
59 57 -1
59 58 1
59 60 1
59 62 1
60 6 1
60 13 1
60 21 -1
60 23 1
60 28 1
60 49 -1
60 52 1
60 53 1
60 54 1
60 55 1
60 57 1
60 58 1
60 59 1
60 61 1
60 62 1
61 1 1
61 4 1
61 16 1
61 21 1
61 37 1
61 46 1
61 50 1
61 51 1
61 52 1
61 54 1
61 55 1
61 56 1
61 60 1
61 62 -1
61 63 1
61 64 1
62 2 1
62 7 -1
62 22 1
62 31 1
62 41 1
62 43 1
62 51 1
62 53 1
62 54 1
62 56 1
62 58 1
62 59 1
62 60 1
62 61 -1
62 63 1
62 64 1
63 16 1
63 17 1
63 30 1
63 33 1
63 43 1
63 45 1
63 49 1
63 50 1
63 51 1
63 52 1
63 53 1
63 56 1
63 57 1
63 61 1
63 62 1
63 64 1
64 14 1
64 17 1
64 30 1
64 32 1
64 36 1
64 39 1
64 49 1
64 52 1
64 53 1
64 54 1
64 56 1
64 57 1
64 58 1
64 61 1
64 62 1
64 63 1
