1 2 1
1 3 -1
1 4 -1
1 5 1
1 6 -1
1 7 -1
1 8 -1
1 9 -1
1 13 1
1 16 1
1 19 -1
1 25 -1
1 27 -1
1 30 1
1 48 1
1 54 -1
2 1 1
2 3 -1
2 5 -1
2 6 1
2 9 -1
2 10 -1
2 11 -1
2 12 -1
2 15 -1
2 16 -1
2 35 -1
2 39 -1
2 43 -1
2 57 -1
2 61 -1
3 1 -1
3 2 -1
3 4 -1
3 6 1
3 7 1
3 8 1
3 11 -1
3 14 -1
3 15 -1
3 16 -1
3 17 -1
3 20 1
3 22 -1
3 36 1
3 47 -1
3 52 -1
4 1 -1
4 3 -1
4 6 -1
4 7 -1
4 10 -1
4 11 -1
4 12 -1
4 13 1
4 14 -1
4 15 -1
4 26 -1
4 33 -1
4 48 1
4 49 -1
4 59 -1
4 64 1
5 1 1
5 2 -1
5 7 -1
5 8 -1
5 10 -1
5 11 -1
5 12 -1
5 13 -1
5 15 -1
5 16 1
5 37 1
5 47 -1
5 50 1
5 51 -1
5 63 -1
6 1 -1
6 2 1
6 3 1
6 4 -1
6 8 -1
6 11 -1
6 12 -1
6 13 -1
6 14 1
6 16 -1
6 17 -1
6 27 -1
6 33 -1
6 37 -1
6 45 -1
6 52 1
7 1 -1
7 3 1
7 4 -1
7 5 -1
7 8 -1
7 9 -1
7 10 -1
7 12 -1
7 14 -1
7 16 -1
7 20 -1
7 25 -1
7 32 -1
7 50 -1
7 51 -1
7 54 -1
8 1 -1
8 3 1
8 5 -1
8 6 -1
8 7 -1
8 9 -1
8 10 -1
8 11 -1
8 13 1
8 15 1
8 17 -1
8 36 -1
8 37 -1
8 46 -1
8 50 1
8 64 -1
9 1 -1
9 2 -1
9 7 -1
9 8 -1
9 10 -1
9 11 -1
9 12 1
9 13 -1
9 14 -1
9 15 -1
9 18 -1
9 21 1
9 23 -1
9 30 -1
9 38 -1
9 63 -1
10 2 -1
10 4 -1
10 5 -1
10 7 -1
10 8 -1
10 9 -1
10 12 -1
10 13 -1
10 14 -1
10 15 1
10 26 1
10 32 -1
10 36 -1
10 44 -1
10 60 -1
11 2 -1
11 3 -1
11 4 -1
11 5 -1
11 6 -1
11 8 -1
11 9 -1
11 14 -1
11 15 -1
11 16 -1
11 18 1
11 25 -1
11 35 -1
11 39 -1
11 63 -1
12 2 -1
12 4 -1
12 5 -1
12 6 -1
12 7 -1
12 9 1
12 10 -1
12 13 -1
12 14 -1
12 16 -1
12 20 1
12 23 -1
12 46 1
12 50 -1
12 52 -1
12 58 -1
13 1 1
13 4 1
13 5 -1
13 6 -1
13 8 1
13 9 -1
13 10 -1
13 12 -1
13 14 -1
13 15 -1
13 32 -1
13 42 -1
13 43 -1
13 54 1
13 55 1
14 3 -1
14 4 -1
14 6 1
14 7 -1
14 9 -1
14 10 -1
14 11 -1
14 12 -1
14 13 -1
14 16 -1
14 20 -1
14 45 -1
14 47 -1
14 52 -1
14 61 -1
14 64 -1
15 2 -1
15 3 -1
15 4 -1
15 5 -1
15 8 1
15 9 -1
15 10 1
15 11 -1
15 13 -1
15 16 1
15 17 1
15 21 -1
15 28 -1
15 32 -1
15 34 -1
15 47 1
16 1 1
16 2 -1
16 3 -1
16 5 1
16 6 -1
16 7 -1
16 11 -1
16 12 -1
16 14 -1
16 15 1
16 34 -1
16 36 -1
16 40 -1
16 44 1
16 58 -1
16 60 -1
17 3 -1
17 6 -1
17 8 -1
17 15 1
17 19 -1
17 20 -1
17 21 -1
17 23 -1
17 25 -1
17 26 -1
17 27 -1
17 29 1
17 30 -1
17 32 1
17 38 1
17 40 -1
18 9 -1
18 11 1
18 19 1
18 21 -1
18 22 -1
18 23 -1
18 24 -1
18 25 -1
18 28 -1
18 29 -1
18 30 -1
18 31 -1
18 39 -1
18 51 -1
18 55 -1
18 59 -1
19 1 -1
19 17 -1
19 18 1
19 20 1
19 22 -1
19 23 1
19 24 -1
19 26 1
19 29 1
19 30 1
19 31 -1
19 34 -1
19 36 1
19 45 1
19 54 -1
19 56 -1
20 3 1
20 7 -1
20 12 1
20 14 -1
20 17 -1
20 19 1
20 21 -1
20 22 1
20 23 -1
20 24 -1
20 25 -1
20 28 1
20 30 -1
20 32 -1
20 44 -1
20 50 1
21 9 1
21 15 -1
21 17 -1
21 18 -1
21 20 -1
21 24 -1
21 25 -1
21 26 -1
21 27 -1
21 28 -1
21 31 -1
21 32 -1
21 39 -1
21 42 -1
21 53 -1
21 62 -1
22 3 -1
22 18 -1
22 19 -1
22 20 1
22 23 -1
22 25 -1
22 26 -1
22 28 -1
22 29 -1
22 30 -1
22 31 -1
22 39 -1
22 53 1
22 57 -1
22 58 1
23 9 -1
23 12 -1
23 17 -1
23 18 -1
23 19 1
23 20 -1
23 22 -1
23 25 -1
23 27 1
23 29 -1
23 31 -1
23 32 -1
23 42 -1
23 47 -1
23 52 1
23 56 -1
24 18 -1
24 19 -1
24 20 -1
24 21 -1
24 25 1
24 26 -1
24 27 -1
24 29 -1
24 30 -1
24 31 -1
24 44 -1
24 48 -1
24 53 -1
24 62 -1
24 64 -1
25 1 -1
25 7 -1
25 11 -1
25 17 -1
25 18 -1
25 20 -1
25 21 -1
25 22 -1
25 23 -1
25 24 1
25 26 -1
25 29 -1
25 32 1
25 44 -1
25 48 -1
25 60 1
26 4 -1
26 10 1
26 17 -1
26 19 1
26 21 -1
26 22 -1
26 24 -1
26 25 -1
26 27 -1
26 28 -1
26 30 -1
26 32 -1
26 34 1
26 46 -1
26 57 -1
26 58 -1
27 1 -1
27 6 -1
27 17 -1
27 21 -1
27 23 1
27 24 -1
27 26 -1
27 28 -1
27 29 -1
27 30 1
27 31 -1
27 32 1
27 42 -1
27 44 -1
27 47 -1
28 15 -1
28 18 -1
28 20 1
28 21 -1
28 22 -1
28 26 -1
28 27 -1
28 29 -1
28 30 -1
28 31 1
28 32 -1
28 34 1
28 40 -1
28 46 -1
28 50 -1
29 17 1
29 18 -1
29 19 1
29 22 -1
29 23 -1
29 24 -1
29 25 -1
29 27 -1
29 28 -1
29 31 -1
29 41 -1
29 51 -1
29 57 -1
29 61 1
30 1 1
30 9 -1
30 17 -1
30 18 -1
30 19 1
30 20 -1
30 22 -1
30 24 -1
30 26 -1
30 27 1
30 28 -1
30 32 -1
30 43 -1
30 49 1
30 53 1
30 55 -1
31 18 -1
31 19 -1
31 21 -1
31 22 -1
31 23 -1
31 24 -1
31 27 -1
31 28 1
31 29 -1
31 32 -1
31 35 -1
31 41 -1
31 49 -1
31 59 -1
31 61 -1
32 7 -1
32 10 -1
32 13 -1
32 15 -1
32 17 1
32 20 -1
32 21 -1
32 23 -1
32 25 1
32 26 -1
32 27 1
32 28 -1
32 30 -1
32 31 -1
32 35 -1
32 61 -1
33 4 -1
33 6 -1
33 35 -1
33 36 -1
33 38 -1
33 39 -1
33 40 -1
33 41 -1
33 44 -1
33 45 1
33 47 -1
33 48 -1
33 49 -1
33 54 -1
33 59 -1
33 60 -1
34 15 -1
34 16 -1
34 19 -1
34 26 1
34 28 1
34 35 -1
34 36 -1
34 37 1
34 38 -1
34 39 -1
34 40 -1
34 43 -1
34 45 -1
34 46 -1
34 47 -1
34 51 1
35 2 -1
35 11 -1
35 31 -1
35 32 -1
35 33 -1
35 34 -1
35 36 -1
35 38 -1
35 39 -1
35 40 -1
35 42 -1
35 43 -1
35 44 -1
35 47 -1
35 55 -1
35 63 -1
36 3 1
36 8 -1
36 10 -1
36 16 -1
36 19 1
36 33 -1
36 34 -1
36 35 -1
36 37 -1
36 38 1
36 41 -1
36 42 -1
36 44 -1
36 45 1
36 47 -1
37 5 1
37 6 -1
37 8 -1
37 34 1
37 36 -1
37 38 -1
37 40 -1
37 41 -1
37 43 -1
37 44 1
37 45 -1
37 46 -1
37 48 1
37 49 -1
37 52 -1
37 60 -1
38 9 -1
38 17 1
38 33 -1
38 34 -1
38 35 -1
38 36 1
38 37 -1
38 41 -1
38 43 1
38 46 1
38 47 -1
38 48 1
38 56 -1
38 58 -1
39 2 -1
39 11 -1
39 18 -1
39 21 -1
39 22 -1
39 33 -1
39 34 -1
39 35 -1
39 40 -1
39 42 -1
39 43 1
39 44 1
39 45 1
39 46 -1
39 48 -1
40 16 -1
40 17 -1
40 28 -1
40 33 -1
40 34 -1
40 35 -1
40 37 -1
40 39 -1
40 41 1
40 42 -1
40 43 1
40 46 1
40 48 -1
40 56 1
40 62 -1
41 29 -1
41 31 -1
41 33 -1
41 36 -1
41 37 -1
41 38 -1
41 40 1
41 42 -1
41 43 -1
41 44 -1
41 45 -1
41 46 1
41 55 1
41 60 -1
42 13 -1
42 21 -1
42 23 -1
42 27 -1
42 35 -1
42 36 -1
42 39 -1
42 40 -1
42 41 -1
42 44 -1
42 45 -1
42 46 -1
42 47 -1
42 48 -1
42 59 -1
43 2 -1
43 13 -1
43 30 -1
43 34 -1
43 35 -1
43 37 -1
43 38 1
43 39 1
43 40 1
43 41 -1
43 44 -1
43 46 1
43 48 1
43 58 1
43 63 -1
43 64 -1
44 10 -1
44 16 1
44 20 -1
44 24 -1
44 25 -1
44 27 -1
44 33 -1
44 35 -1
44 36 -1
44 37 1
44 39 1
44 41 -1
44 42 -1
44 43 -1
44 47 1
44 48 1
45 6 -1
45 14 -1
45 19 1
45 33 1
45 34 -1
45 36 1
45 37 -1
45 39 1
45 41 -1
45 42 -1
45 46 -1
45 47 -1
45 48 -1
45 49 -1
45 59 -1
45 64 -1
46 8 -1
46 12 1
46 26 -1
46 28 -1
46 34 -1
46 37 -1
46 38 1
46 39 -1
46 40 1
46 41 1
46 42 -1
46 43 1
46 45 -1
46 47 -1
46 62 -1
46 63 -1
47 3 -1
47 5 -1
47 14 -1
47 15 1
47 23 -1
47 27 -1
47 33 -1
47 34 -1
47 35 -1
47 36 -1
47 38 -1
47 42 -1
47 44 1
47 45 -1
47 46 -1
47 48 -1
48 1 1
48 4 1
48 24 -1
48 25 -1
48 33 -1
48 37 1
48 38 1
48 39 -1
48 40 -1
48 42 -1
48 43 1
48 44 1
48 45 -1
48 47 -1
48 62 1
49 4 -1
49 30 1
49 31 -1
49 33 -1
49 37 -1
49 45 -1
49 52 -1
49 53 -1
49 55 -1
49 56 -1
49 58 -1
49 59 -1
49 60 -1
49 62 1
49 63 -1
49 64 -1
50 5 1
50 7 -1
50 8 1
50 12 -1
50 20 1
50 28 -1
50 51 -1
50 52 -1
50 53 1
50 55 -1
50 56 -1
50 57 -1
50 58 -1
50 61 -1
50 62 1
50 64 -1
51 5 -1
51 7 -1
51 18 -1
51 29 -1
51 34 1
51 50 -1
51 53 -1
51 54 -1
51 57 -1
51 58 -1
51 59 -1
51 60 -1
51 61 -1
51 62 -1
51 64 -1
52 3 -1
52 6 1
52 12 -1
52 14 -1
52 23 1
52 37 -1
52 49 -1
52 50 -1
52 53 -1
52 54 -1
52 55 1
52 57 -1
52 58 1
52 60 -1
52 61 1
52 63 -1
53 21 -1
53 22 1
53 24 -1
53 30 1
53 49 -1
53 50 1
53 51 -1
53 52 -1
53 55 1
53 56 -1
53 58 -1
53 60 -1
53 63 -1
53 64 -1
54 1 -1
54 7 -1
54 13 1
54 19 -1
54 33 -1
54 51 -1
54 52 -1
54 55 -1
54 56 -1
54 57 -1
54 59 -1
54 60 -1
54 61 -1
54 62 -1
54 63 -1
55 13 1
55 18 -1
55 30 -1
55 35 -1
55 41 1
55 49 -1
55 50 -1
55 52 1
55 53 1
55 54 -1
55 56 -1
55 57 -1
55 60 -1
55 63 -1
55 64 -1
56 19 -1
56 23 -1
56 38 -1
56 40 1
56 49 -1
56 50 -1
56 53 -1
56 54 -1
56 55 -1
56 58 -1
56 59 -1
56 60 -1
56 62 -1
56 64 -1
57 2 -1
57 22 -1
57 26 -1
57 29 -1
57 50 -1
57 51 -1
57 52 -1
57 54 -1
57 55 -1
57 59 1
57 60 -1
57 61 -1
57 62 -1
57 64 -1
58 12 -1
58 16 -1
58 22 1
58 26 -1
58 38 -1
58 43 1
58 49 -1
58 50 -1
58 51 -1
58 52 1
58 53 -1
58 56 -1
58 59 -1
58 61 1
58 62 -1
58 64 -1
59 4 -1
59 18 -1
59 31 -1
59 33 -1
59 42 -1
59 45 -1
59 49 -1
59 51 -1
59 54 -1
59 56 -1
59 57 1
59 58 -1
59 61 -1
59 62 -1
59 63 1
59 64 -1
60 10 -1
60 16 -1
60 25 1
60 33 -1
60 37 -1
60 41 -1
60 49 -1
60 51 -1
60 52 -1
60 53 -1
60 54 -1
60 55 -1
60 56 -1
60 57 -1
60 61 -1
60 63 -1
61 2 -1
61 14 -1
61 29 1
61 31 -1
61 32 -1
61 50 -1
61 51 -1
61 52 1
61 54 -1
61 57 -1
61 58 1
61 59 -1
61 60 -1
61 62 -1
61 63 -1
62 21 -1
62 24 -1
62 40 -1
62 46 -1
62 48 1
62 49 1
62 50 1
62 51 -1
62 54 -1
62 56 -1
62 57 -1
62 58 -1
62 59 -1
62 61 -1
62 63 -1
63 5 -1
63 9 -1
63 11 -1
63 35 -1
63 43 -1
63 46 -1
63 49 -1
63 52 -1
63 53 -1
63 54 -1
63 55 -1
63 59 1
63 60 -1
63 61 -1
63 62 -1
63 64 -1
64 4 1
64 8 -1
64 14 -1
64 24 -1
64 43 -1
64 45 -1
64 49 -1
64 50 -1
64 51 -1
64 53 -1
64 55 -1
64 56 -1
64 57 -1
64 58 -1
64 59 -1
64 63 -1
