1 3 1
1 4 1
1 5 1
1 6 -1
1 7 1
1 8 -1
1 9 1
1 10 1
1 14 -1
1 16 1
1 19 -1
1 25 -1
1 40 1
1 45 -1
1 51 -1
1 60 1
2 3 1
2 4 1
2 5 1
2 6 -1
2 7 1
2 9 1
2 11 1
2 13 1
2 14 -1
2 16 1
2 18 1
2 21 -1
2 44 1
2 47 1
2 54 1
2 58 1
3 1 1
3 2 1
3 5 1
3 7 1
3 8 1
3 11 1
3 12 1
3 13 1
3 15 -1
3 16 -1
3 20 -1
3 25 1
3 39 1
3 50 1
3 56 1
3 62 -1
4 1 1
4 2 1
4 5 1
4 7 -1
4 8 1
4 10 -1
4 12 1
4 13 1
4 15 1
4 16 1
4 18 -1
4 20 1
4 46 1
4 56 1
4 62 -1
5 1 1
5 2 1
5 3 1
5 4 1
5 8 -1
5 9 1
5 10 1
5 12 1
5 14 1
5 15 -1
5 23 1
5 45 -1
5 49 -1
5 52 1
5 57 1
6 1 -1
6 2 -1
6 7 -1
6 8 1
6 9 1
6 10 1
6 12 1
6 13 -1
6 14 1
6 16 1
6 28 -1
6 35 -1
6 37 -1
6 52 -1
6 54 -1
6 56 1
7 1 1
7 2 1
7 3 1
7 4 -1
7 6 -1
7 9 1
7 11 1
7 12 1
7 13 1
7 14 1
7 17 1
7 28 1
7 33 1
7 44 1
7 54 1
7 64 -1
8 1 -1
8 3 1
8 4 1
8 5 -1
8 6 1
8 9 1
8 10 1
8 11 -1
8 13 1
8 16 1
8 18 1
8 33 1
8 35 1
8 48 1
8 55 1
8 61 1
9 1 1
9 2 1
9 5 1
9 6 1
9 7 1
9 8 1
9 11 -1
9 14 -1
9 15 -1
9 16 1
9 31 1
9 46 1
9 53 -1
9 59 -1
9 60 1
9 63 1
10 1 1
10 4 -1
10 5 1
10 6 1
10 8 1
10 11 -1
10 12 1
10 13 1
10 14 1
10 15 1
10 35 -1
10 39 1
10 42 1
10 46 1
10 50 1
10 63 1
11 2 1
11 3 1
11 7 1
11 8 -1
11 9 -1
11 10 -1
11 12 -1
11 14 1
11 15 1
11 16 1
11 20 1
11 26 1
11 30 1
11 43 1
11 63 1
12 3 1
12 4 1
12 5 1
12 6 1
12 7 1
12 10 1
12 11 -1
12 13 1
12 15 1
12 16 -1
12 23 -1
12 28 1
12 29 1
12 37 1
12 57 1
12 59 1
13 2 1
13 3 1
13 4 1
13 6 -1
13 7 1
13 8 1
13 10 1
13 12 1
13 14 -1
13 15 -1
13 34 1
13 36 -1
13 42 -1
13 48 1
13 60 1
13 61 -1
14 1 -1
14 2 -1
14 5 1
14 6 1
14 7 1
14 9 -1
14 10 1
14 11 1
14 13 -1
14 15 1
14 21 -1
14 22 1
14 27 1
14 33 1
14 48 1
14 60 1
15 3 -1
15 4 1
15 5 -1
15 9 -1
15 10 1
15 11 1
15 12 1
15 13 -1
15 14 1
15 16 1
15 18 -1
15 28 1
15 37 1
15 39 1
15 44 -1
15 46 1
16 1 1
16 2 1
16 3 -1
16 4 1
16 6 1
16 8 1
16 9 1
16 11 1
16 12 -1
16 15 1
16 17 1
16 23 1
16 27 1
16 35 1
16 46 1
16 63 1
17 7 1
17 16 1
17 18 -1
17 20 1
17 23 1
17 25 1
17 26 1
17 27 1
17 28 1
17 29 1
17 30 1
17 31 -1
17 35 1
17 42 1
17 59 -1
18 2 1
18 4 -1
18 8 1
18 15 -1
18 17 -1
18 19 1
18 21 1
18 24 1
18 25 1
18 26 1
18 27 1
18 28 1
18 30 -1
18 31 -1
18 42 1
19 1 -1
19 18 1
19 20 1
19 22 1
19 23 1
19 25 -1
19 26 -1
19 27 1
19 28 -1
19 29 -1
19 32 1
19 40 -1
19 47 1
19 54 1
19 55 1
19 64 1
20 3 -1
20 4 1
20 11 1
20 17 1
20 19 1
20 22 1
20 23 -1
20 25 -1
20 27 1
20 29 -1
20 30 1
20 31 1
20 32 1
20 34 1
20 39 1
20 61 -1
21 2 -1
21 14 -1
21 18 1
21 22 1
21 23 1
21 24 -1
21 25 -1
21 26 -1
21 27 -1
21 30 1
21 31 -1
21 32 1
21 33 1
21 55 -1
21 57 1
21 64 1
22 14 1
22 19 1
22 20 1
22 21 1
22 23 1
22 24 -1
22 26 1
22 29 1
22 30 -1
22 31 1
22 32 1
22 36 1
22 43 1
22 45 -1
22 47 1
22 49 1
23 5 1
23 12 -1
23 16 1
23 17 1
23 19 1
23 20 -1
23 21 1
23 22 1
23 24 1
23 25 1
23 29 1
23 30 1
23 32 1
23 40 -1
23 55 -1
23 58 1
24 18 1
24 21 -1
24 22 -1
24 23 1
24 25 -1
24 27 -1
24 28 1
24 29 -1
24 31 -1
24 32 1
24 38 1
24 40 1
24 48 -1
24 50 1
24 54 1
25 1 -1
25 3 1
25 17 1
25 18 1
25 19 -1
25 20 -1
25 21 -1
25 23 1
25 24 -1
25 28 -1
25 29 1
25 31 1
25 52 1
25 53 -1
25 55 1
25 64 1
26 11 1
26 17 1
26 18 1
26 19 -1
26 21 -1
26 22 1
26 27 1
26 28 1
26 29 -1
26 30 -1
26 31 1
26 35 -1
26 39 -1
26 43 1
26 57 1
26 61 1
27 14 1
27 16 1
27 17 1
27 18 1
27 19 1
27 20 1
27 21 -1
27 24 -1
27 26 1
27 28 1
27 30 1
27 32 -1
27 38 1
27 43 1
27 45 -1
27 60 1
28 6 -1
28 7 1
28 12 1
28 15 1
28 17 1
28 18 1
28 19 -1
28 24 1
28 25 -1
28 26 1
28 27 1
28 29 -1
28 31 1
28 32 -1
28 47 1
28 63 1
29 12 1
29 17 1
29 19 -1
29 20 -1
29 22 1
29 23 1
29 24 -1
29 25 1
29 26 -1
29 28 -1
29 32 1
29 38 1
29 47 1
29 53 1
29 57 1
29 62 1
30 11 1
30 17 1
30 18 -1
30 20 1
30 21 1
30 22 -1
30 23 1
30 26 -1
30 27 1
30 31 1
30 32 1
30 36 1
30 45 1
30 49 1
30 50 1
30 58 -1
31 9 1
31 17 -1
31 18 -1
31 20 1
31 21 -1
31 22 1
31 24 -1
31 25 1
31 26 1
31 28 1
31 30 1
31 36 -1
31 43 1
31 51 1
31 63 -1
32 19 1
32 20 1
32 21 1
32 22 1
32 23 1
32 24 1
32 27 -1
32 28 -1
32 29 1
32 30 1
32 37 1
32 40 -1
32 41 1
32 49 -1
32 51 1
32 61 1
33 7 1
33 8 1
33 14 1
33 21 1
33 34 1
33 36 1
33 37 1
33 38 1
33 39 1
33 40 1
33 41 -1
33 42 1
33 44 -1
33 45 1
33 51 1
33 60 1
34 13 1
34 20 1
34 33 1
34 35 1
34 36 -1
34 37 -1
34 38 -1
34 39 1
34 42 1
34 43 1
34 46 1
34 47 1
34 52 1
34 56 1
35 6 -1
35 8 1
35 10 -1
35 16 1
35 17 1
35 26 -1
35 34 1
35 36 1
35 37 -1
35 38 1
35 40 1
35 41 1
35 42 1
35 44 1
35 46 1
35 48 1
36 13 -1
36 22 1
36 30 1
36 31 -1
36 33 1
36 34 -1
36 35 1
36 38 1
36 39 -1
36 40 -1
36 41 1
36 44 1
36 45 1
36 48 1
36 51 -1
36 58 1
37 6 -1
37 12 1
37 15 1
37 32 1
37 33 1
37 34 -1
37 35 -1
37 39 -1
37 40 1
37 44 1
37 45 -1
37 46 1
37 47 1
37 48 1
37 49 1
37 64 -1
38 24 1
38 27 1
38 29 1
38 33 1
38 34 -1
38 35 1
38 36 1
38 41 -1
38 42 -1
38 43 -1
38 45 -1
38 46 -1
38 47 1
38 53 -1
38 56 -1
38 64 1
39 3 1
39 10 1
39 15 1
39 20 1
39 26 -1
39 33 1
39 34 1
39 36 -1
39 37 -1
39 40 -1
39 41 1
39 43 1
39 44 1
39 46 1
39 47 1
39 53 1
40 1 1
40 19 -1
40 23 -1
40 24 1
40 32 -1
40 33 1
40 35 1
40 36 -1
40 37 1
40 39 -1
40 42 1
40 43 1
40 45 1
40 47 1
40 48 -1
40 50 -1
41 32 1
41 33 -1
41 35 1
41 36 1
41 38 -1
41 39 1
41 43 1
41 45 1
41 46 1
41 47 1
41 48 -1
41 50 1
41 54 1
41 55 -1
41 57 1
41 62 1
42 10 1
42 13 -1
42 17 1
42 18 1
42 33 1
42 34 1
42 35 1
42 38 -1
42 40 1
42 43 1
42 44 1
42 45 1
42 47 -1
42 48 1
42 58 -1
42 61 -1
43 11 1
43 22 1
43 26 1
43 27 1
43 31 1
43 34 1
43 38 -1
43 39 1
43 40 1
43 41 1
43 42 1
43 44 1
43 46 1
43 47 1
43 48 1
44 2 1
44 7 1
44 15 -1
44 33 -1
44 35 1
44 36 1
44 37 1
44 39 1
44 42 1
44 43 1
44 46 -1
44 47 1
44 48 1
44 58 1
44 62 -1
45 1 -1
45 5 -1
45 22 -1
45 27 -1
45 30 1
45 33 1
45 36 1
45 37 -1
45 38 -1
45 40 1
45 41 1
45 42 1
45 46 1
45 47 1
45 48 1
45 49 -1
46 4 1
46 9 1
46 10 1
46 15 1
46 16 1
46 34 1
46 35 1
46 37 1
46 38 -1
46 39 1
46 41 1
46 43 1
46 44 -1
46 45 1
46 48 1
46 59 1
47 2 1
47 19 1
47 22 1
47 28 1
47 29 1
47 34 1
47 37 1
47 38 1
47 39 1
47 40 1
47 41 1
47 42 -1
47 43 1
47 44 1
47 45 1
47 59 1
48 8 1
48 13 1
48 14 1
48 24 -1
48 35 1
48 36 1
48 37 1
48 40 -1
48 41 -1
48 42 1
48 43 1
48 44 1
48 45 1
48 46 1
48 53 -1
49 5 -1
49 22 1
49 30 1
49 32 -1
49 37 1
49 45 -1
49 50 1
49 51 1
49 52 1
49 53 1
49 54 -1
49 55 1
49 56 1
49 60 -1
49 61 1
49 63 1
50 3 1
50 10 1
50 24 1
50 30 1
50 40 -1
50 41 1
50 49 1
50 51 1
50 53 -1
50 55 -1
50 56 1
50 58 1
50 59 1
50 61 -1
50 63 -1
50 64 1
51 1 -1
51 31 1
51 32 1
51 33 1
51 36 -1
51 49 1
51 50 1
51 52 1
51 55 1
51 56 -1
51 58 -1
51 61 -1
51 62 1
51 63 -1
51 64 1
52 5 1
52 6 -1
52 25 1
52 34 1
52 49 1
52 51 1
52 54 1
52 55 -1
52 56 1
52 57 -1
52 60 -1
52 62 1
52 63 1
52 64 1
53 9 -1
53 25 -1
53 29 1
53 38 -1
53 39 1
53 48 -1
53 49 1
53 50 -1
53 54 1
53 55 1
53 57 1
53 58 1
53 59 1
53 62 1
53 63 1
53 64 1
54 2 1
54 6 -1
54 7 1
54 19 1
54 24 1
54 41 1
54 49 -1
54 52 1
54 53 1
54 56 1
54 57 1
54 59 -1
54 61 1
54 62 1
54 63 1
54 64 1
55 8 1
55 19 1
55 21 -1
55 23 -1
55 25 1
55 41 -1
55 49 1
55 50 -1
55 51 1
55 52 -1
55 53 1
55 56 1
55 57 -1
55 59 1
55 60 1
55 63 -1
56 3 1
56 4 1
56 6 1
56 34 1
56 38 -1
56 49 1
56 50 1
56 51 -1
56 52 1
56 54 1
56 55 1
56 59 -1
56 60 -1
56 61 -1
56 62 1
57 5 1
57 12 1
57 21 1
57 26 1
57 29 1
57 41 1
57 52 -1
57 53 1
57 54 1
57 55 -1
57 58 -1
57 60 -1
57 61 1
57 62 1
57 63 1
57 64 1
58 2 1
58 23 1
58 30 -1
58 36 1
58 42 -1
58 44 1
58 50 1
58 51 -1
58 53 1
58 57 -1
58 59 -1
58 60 1
58 61 1
58 62 1
58 63 -1
58 64 1
59 9 -1
59 12 1
59 17 -1
59 46 1
59 47 1
59 50 1
59 53 1
59 54 -1
59 55 1
59 56 -1
59 58 -1
59 60 1
59 61 1
59 62 1
59 64 1
60 1 1
60 9 1
60 13 1
60 14 1
60 27 1
60 33 1
60 49 -1
60 52 -1
60 55 1
60 56 -1
60 57 -1
60 58 1
60 59 1
60 61 1
60 62 1
60 64 1
61 8 1
61 13 -1
61 20 -1
61 26 1
61 32 1
61 42 -1
61 49 1
61 50 -1
61 51 -1
61 54 1
61 56 -1
61 57 1
61 58 1
61 59 1
61 60 1
61 64 -1
62 3 -1
62 4 -1
62 29 1
62 41 1
62 44 -1
62 51 1
62 52 1
62 53 1
62 54 1
62 56 1
62 57 1
62 58 1
62 59 1
62 60 1
62 63 -1
63 9 1
63 10 1
63 11 1
63 16 1
63 28 1
63 31 -1
63 49 1
63 50 -1
63 51 -1
63 52 1
63 53 1
63 54 1
63 55 -1
63 57 1
63 58 -1
63 62 -1
64 7 -1
64 19 1
64 21 1
64 25 1
64 37 -1
64 38 1
64 50 1
64 51 1
64 52 1
64 53 1
64 54 1
64 57 1
64 58 1
64 59 1
64 60 1
64 61 -1
