1 2 1
1 3 1
1 4 1
1 6 1
1 9 1
1 10 1
1 11 1
1 12 1
1 14 1
1 16 1
1 17 1
1 31 1
1 32 1
1 48 1
1 62 1
2 1 1
2 4 1
2 6 1
2 7 1
2 8 1
2 9 -1
2 10 1
2 11 1
2 13 1
2 15 1
2 20 1
2 23 1
2 25 1
2 26 1
2 54 1
2 64 1
3 1 1
3 5 1
3 7 1
3 8 1
3 9 1
3 11 1
3 13 1
3 14 1
3 15 1
3 16 1
3 25 1
3 29 1
3 34 1
3 50 1
3 61 1
4 1 1
4 2 1
4 5 1
4 7 1
4 8 -1
4 10 1
4 11 1
4 12 -1
4 14 1
4 16 1
4 20 1
4 26 1
4 32 1
4 44 1
4 49 1
4 55 1
5 3 1
5 4 1
5 6 1
5 8 1
5 9 1
5 11 1
5 12 1
5 13 1
5 15 1
5 16 1
5 28 1
5 32 1
5 54 1
5 55 1
5 57 1
5 58 1
6 1 1
6 2 1
6 5 1
6 7 1
6 8 1
6 10 1
6 11 1
6 12 1
6 15 1
6 16 1
6 18 1
6 19 1
6 23 1
6 37 1
6 41 1
6 56 1
7 2 1
7 3 1
7 4 1
7 6 1
7 9 1
7 10 1
7 12 1
7 13 1
7 14 1
7 16 1
7 18 1
7 25 1
7 32 1
7 33 1
7 49 1
7 52 1
8 2 1
8 3 1
8 4 -1
8 5 1
8 6 1
8 9 1
8 12 1
8 14 1
8 15 -1
8 16 1
8 47 1
8 49 1
8 61 1
9 1 1
9 2 -1
9 3 1
9 5 1
9 7 1
9 8 1
9 10 1
9 14 1
9 15 1
9 16 1
9 28 1
9 42 1
9 44 1
9 59 1
9 62 1
9 64 1
10 1 1
10 2 1
10 4 1
10 6 1
10 7 1
10 9 1
10 11 1
10 12 1
10 13 1
10 15 1
10 27 1
10 33 1
10 35 -1
10 41 -1
10 48 1
10 60 1
11 1 1
11 2 1
11 3 1
11 4 1
11 5 1
11 6 1
11 10 1
11 12 1
11 13 1
11 14 1
11 27 1
11 43 1
11 49 -1
11 60 1
11 63 1
12 1 1
12 4 -1
12 5 1
12 6 1
12 7 1
12 8 1
12 10 1
12 11 1
12 13 1
12 15 1
12 28 1
12 38 1
12 40 -1
12 48 1
12 54 1
12 62 1
13 2 1
13 3 1
13 5 1
13 7 1
13 10 1
13 11 1
13 12 1
13 14 1
13 15 1
13 16 1
13 18 1
13 19 1
13 23 1
13 38 1
13 39 1
13 55 -1
14 1 1
14 3 1
14 4 1
14 7 1
14 8 1
14 9 1
14 11 1
14 13 1
14 15 1
14 16 1
14 25 -1
14 37 1
14 44 1
14 46 1
14 52 1
14 56 1
15 2 1
15 3 1
15 5 1
15 6 1
15 8 -1
15 9 1
15 10 1
15 12 1
15 13 1
15 14 1
15 20 1
15 24 1
15 40 1
15 41 -1
15 52 1
16 1 1
16 3 1
16 4 1
16 5 1
16 6 1
16 7 1
16 8 1
16 9 1
16 13 1
16 14 1
16 23 1
16 26 1
16 52 1
16 53 1
16 57 1
16 63 1
17 1 1
17 18 1
17 19 1
17 20 1
17 23 1
17 25 1
17 26 1
17 28 1
17 29 1
17 30 1
17 32 1
17 35 1
17 39 -1
17 40 1
17 53 1
18 6 1
18 7 1
18 13 1
18 17 1
18 21 1
18 22 1
18 23 1
18 24 1
18 27 1
18 28 1
18 29 1
18 30 1
18 32 1
18 37 1
18 39 1
18 57 1
19 6 1
19 13 1
19 17 1
19 20 1
19 23 1
19 24 1
19 25 1
19 26 1
19 27 1
19 29 1
19 30 1
19 31 1
19 37 -1
19 38 1
19 41 1
19 63 1
20 2 1
20 4 1
20 15 1
20 17 1
20 19 1
20 21 1
20 22 1
20 24 1
20 25 1
20 27 1
20 28 1
20 31 1
20 32 1
20 35 1
20 36 1
20 57 -1
21 18 1
21 20 1
21 23 1
21 24 1
21 25 1
21 26 1
21 27 -1
21 29 1
21 30 1
21 32 1
21 38 1
21 45 1
21 48 1
21 50 1
21 53 1
21 59 1
22 18 1
22 20 1
22 23 1
22 24 1
22 26 1
22 27 1
22 29 1
22 30 1
22 31 1
22 32 -1
22 34 1
22 46 1
22 56 1
22 58 1
22 60 1
23 2 1
23 6 1
23 13 1
23 16 1
23 17 1
23 18 1
23 19 1
23 21 1
23 22 1
23 24 1
23 26 1
23 28 -1
23 30 1
23 31 1
23 42 1
23 53 1
24 15 1
24 18 1
24 19 1
24 20 1
24 21 1
24 22 1
24 23 1
24 28 1
24 30 -1
24 31 1
24 32 -1
24 33 1
24 45 1
24 47 1
25 2 1
25 3 1
25 7 1
25 14 -1
25 17 1
25 19 1
25 20 1
25 21 1
25 26 1
25 28 1
25 29 1
25 30 1
25 31 1
25 32 1
25 37 1
25 58 1
26 2 1
26 4 1
26 16 1
26 17 1
26 19 1
26 21 1
26 22 1
26 23 1
26 25 1
26 27 1
26 29 1
26 31 1
26 32 1
26 39 1
26 57 1
26 61 1
27 10 1
27 11 1
27 18 1
27 19 1
27 20 1
27 21 -1
27 22 1
27 26 1
27 28 1
27 29 1
27 30 1
27 31 -1
27 45 1
27 54 1
27 55 1
27 63 1
28 5 1
28 9 1
28 12 1
28 17 1
28 18 1
28 20 1
28 23 -1
28 24 1
28 25 1
28 27 1
28 29 1
28 31 -1
28 32 1
28 35 1
28 37 1
28 50 1
29 3 1
29 17 1
29 18 1
29 19 1
29 21 1
29 22 1
29 25 1
29 26 1
29 27 1
29 28 1
29 32 1
29 41 1
29 46 1
29 51 -1
29 53 1
30 17 1
30 18 1
30 19 1
30 21 1
30 22 1
30 23 1
30 24 -1
30 25 1
30 27 1
30 31 1
30 33 1
30 43 1
30 51 1
30 59 1
31 1 1
31 19 1
31 20 1
31 22 1
31 23 1
31 24 1
31 25 1
31 26 1
31 27 -1
31 28 -1
31 30 1
31 40 1
31 43 1
31 46 1
31 48 1
32 1 1
32 4 1
32 5 1
32 7 1
32 17 1
32 18 1
32 20 1
32 21 1
32 22 -1
32 24 -1
32 25 1
32 26 1
32 28 1
32 29 1
32 35 1
32 41 1
33 7 1
33 10 1
33 24 1
33 30 1
33 34 1
33 35 1
33 36 1
33 37 1
33 38 -1
33 39 1
33 40 -1
33 42 1
33 43 1
33 48 1
33 51 1
33 56 -1
34 3 1
34 22 1
34 33 1
34 35 -1
34 36 1
34 38 -1
34 42 1
34 43 -1
34 44 1
34 45 1
34 47 1
34 48 1
34 54 1
34 60 1
35 10 -1
35 17 1
35 20 1
35 28 1
35 32 1
35 33 1
35 34 -1
35 36 1
35 37 1
35 38 1
35 39 -1
35 41 1
35 43 1
35 44 1
35 47 1
35 52 1
36 20 1
36 33 1
36 34 1
36 35 1
36 37 1
36 39 1
36 40 -1
36 43 1
36 44 1
36 45 1
36 46 1
36 60 -1
36 62 1
36 64 1
37 6 1
37 14 1
37 18 1
37 19 -1
37 25 1
37 28 1
37 33 1
37 35 1
37 36 1
37 40 1
37 41 1
37 42 1
37 45 1
37 46 1
37 47 1
37 48 1
38 12 1
38 13 1
38 19 1
38 21 1
38 33 -1
38 34 -1
38 35 1
38 39 1
38 40 1
38 41 1
38 42 1
38 44 1
38 45 1
38 48 1
38 51 1
38 64 1
39 13 1
39 17 -1
39 18 1
39 26 1
39 33 1
39 35 -1
39 36 1
39 38 1
39 41 1
39 42 -1
39 43 1
39 46 1
39 47 1
39 48 1
39 49 -1
39 61 1
40 12 -1
40 15 1
40 17 1
40 31 1
40 33 -1
40 36 -1
40 37 1
40 38 1
40 43 -1
40 44 1
40 45 1
40 46 -1
40 47 1
40 48 1
40 57 1
41 6 1
41 10 -1
41 15 -1
41 19 1
41 29 1
41 32 1
41 35 1
41 37 1
41 38 1
41 39 1
41 42 -1
41 43 1
41 44 1
41 45 1
41 46 1
41 48 1
42 9 1
42 23 1
42 33 1
42 34 1
42 37 1
42 38 1
42 39 -1
42 41 -1
42 44 1
42 45 1
42 46 1
42 47 1
42 50 1
42 55 1
42 59 1
42 61 1
43 11 1
43 30 1
43 31 1
43 33 1
43 34 -1
43 35 1
43 36 1
43 39 1
43 40 -1
43 41 1
43 44 -1
43 46 1
43 47 1
43 50 1
43 51 1
43 63 1
44 4 1
44 9 1
44 14 1
44 34 1
44 35 1
44 36 1
44 38 1
44 40 1
44 41 1
44 42 1
44 43 -1
44 45 1
44 47 1
44 52 1
44 55 1
44 58 1
45 21 1
45 24 1
45 27 1
45 34 1
45 36 1
45 37 1
45 38 1
45 40 1
45 41 1
45 42 1
45 44 1
45 46 1
45 48 1
45 58 -1
45 64 1
46 14 1
46 22 1
46 29 1
46 31 1
46 36 1
46 37 1
46 39 1
46 40 -1
46 41 1
46 42 1
46 43 1
46 45 1
46 47 -1
46 48 1
46 58 1
46 61 1
47 8 1
47 24 1
47 34 1
47 35 1
47 37 1
47 39 1
47 40 1
47 42 1
47 43 1
47 44 1
47 46 -1
47 48 1
47 56 -1
47 62 1
48 1 1
48 10 1
48 12 1
48 21 1
48 31 1
48 33 1
48 34 1
48 37 1
48 38 1
48 39 1
48 40 1
48 41 1
48 45 1
48 46 1
48 47 1
48 59 -1
49 4 1
49 7 1
49 8 1
49 11 -1
49 39 -1
49 50 -1
49 51 1
49 53 1
49 54 1
49 55 1
49 56 1
49 57 1
49 62 1
49 63 1
49 64 1
50 3 1
50 21 1
50 28 1
50 42 1
50 43 1
50 49 -1
50 52 1
50 53 1
50 54 1
50 55 1
50 57 1
50 58 1
50 60 -1
50 61 1
50 63 1
51 29 -1
51 30 1
51 33 1
51 38 1
51 43 1
51 49 1
51 52 1
51 54 1
51 56 1
51 58 1
51 59 1
51 60 1
51 61 1
51 62 1
51 63 1
52 7 1
52 14 1
52 15 1
52 16 1
52 35 1
52 44 1
52 50 1
52 51 1
52 53 1
52 54 1
52 55 1
52 57 1
52 59 1
52 62 1
52 63 -1
52 64 1
53 16 1
53 17 1
53 21 1
53 23 1
53 29 1
53 49 1
53 50 1
53 52 1
53 55 1
53 58 1
53 59 1
53 60 1
53 61 1
53 63 1
53 64 1
54 2 1
54 5 1
54 12 1
54 27 1
54 34 1
54 49 1
54 50 1
54 51 1
54 52 1
54 55 1
54 56 -1
54 59 -1
54 61 1
54 62 1
54 64 1
55 4 1
55 5 1
55 13 -1
55 27 1
55 42 1
55 44 1
55 49 1
55 50 1
55 52 1
55 53 1
55 54 1
55 57 1
55 58 1
55 59 -1
55 60 1
55 61 -1
56 6 1
56 14 1
56 22 1
56 33 -1
56 47 -1
56 49 1
56 51 1
56 54 -1
56 57 1
56 58 1
56 60 1
56 61 1
56 62 1
56 63 1
56 64 1
57 5 1
57 16 1
57 18 1
57 20 -1
57 26 1
57 40 1
57 49 1
57 50 1
57 52 1
57 55 1
57 56 1
57 58 1
57 59 1
57 61 1
57 63 1
57 64 1
58 5 1
58 22 1
58 25 1
58 44 1
58 45 -1
58 46 1
58 50 1
58 51 1
58 53 1
58 55 1
58 56 1
58 57 1
58 59 1
58 60 1
58 62 1
58 64 1
59 9 1
59 21 1
59 30 1
59 42 1
59 48 -1
59 51 1
59 52 1
59 53 1
59 54 -1
59 55 -1
59 57 1
59 58 1
59 60 1
59 61 1
59 62 1
60 10 1
60 11 1
60 22 1
60 34 1
60 36 -1
60 50 -1
60 51 1
60 53 1
60 55 1
60 56 1
60 58 1
60 59 1
60 62 1
60 63 1
60 64 1
61 3 1
61 8 1
61 26 1
61 39 1
61 42 1
61 46 1
61 50 1
61 51 1
61 53 1
61 54 1
61 55 -1
61 56 1
61 57 1
61 59 1
61 63 -1
61 64 1
62 1 1
62 9 1
62 12 1
62 36 1
62 47 1
62 49 1
62 51 1
62 52 1
62 54 1
62 56 1
62 58 1
62 59 1
62 60 1
62 63 1
62 64 1
63 11 1
63 16 1
63 19 1
63 27 1
63 43 1
63 49 1
63 50 1
63 51 1
63 52 -1
63 53 1
63 56 1
63 57 1
63 60 1
63 61 -1
63 62 1
64 2 1
64 9 1
64 36 1
64 38 1
64 45 1
64 49 1
64 52 1
64 53 1
64 54 1
64 56 1
64 57 1
64 58 1
64 60 1
64 61 1
64 62 1
