1 2 -1
1 3 -1
1 5 -1
1 7 -1
1 8 -1
1 9 -1
1 11 -1
1 13 -1
1 15 -1
1 16 1
1 24 -1
1 32 1
1 40 -1
1 53 -1
1 58 -1
2 1 -1
2 3 -1
2 4 1
2 6 -1
2 7 -1
2 10 1
2 12 -1
2 13 -1
2 14 -1
2 15 -1
2 30 -1
2 32 -1
2 44 1
2 46 -1
2 50 -1
2 58 -1
3 1 -1
3 2 -1
3 4 -1
3 6 -1
3 8 -1
3 9 -1
3 11 -1
3 13 1
3 14 -1
3 15 -1
3 21 -1
3 22 1
3 25 1
3 34 -1
3 64 -1
4 2 1
4 3 -1
4 5 -1
4 7 -1
4 8 -1
4 9 -1
4 11 -1
4 12 -1
4 15 -1
4 16 -1
4 17 -1
4 33 -1
4 47 -1
4 51 -1
4 56 -1
4 58 1
5 1 -1
5 4 -1
5 6 -1
5 7 -1
5 8 -1
5 9 -1
5 10 -1
5 11 -1
5 12 -1
5 16 -1
5 21 -1
5 29 -1
5 45 1
5 46 -1
5 59 -1
5 62 -1
6 2 -1
6 3 -1
6 5 -1
6 8 -1
6 10 -1
6 11 -1
6 13 -1
6 14 -1
6 15 -1
6 16 -1
6 22 -1
6 24 -1
6 33 1
6 36 -1
6 38 -1
6 57 -1
7 1 -1
7 2 -1
7 4 -1
7 5 -1
7 8 -1
7 9 1
7 13 -1
7 14 1
7 15 -1
7 16 -1
7 19 -1
7 42 1
7 44 1
7 54 -1
7 64 -1
8 1 -1
8 3 -1
8 4 -1
8 5 -1
8 6 -1
8 7 -1
8 10 -1
8 13 1
8 14 -1
8 15 -1
8 20 -1
8 26 1
8 28 1
8 30 1
8 34 1
8 63 1
9 1 -1
9 3 -1
9 4 -1
9 5 -1
9 7 1
9 10 -1
9 11 1
9 12 -1
9 14 -1
9 16 -1
9 24 -1
9 34 1
9 40 1
9 50 1
9 58 -1
10 2 1
10 5 -1
10 6 -1
10 8 -1
10 9 -1
10 11 -1
10 12 -1
10 13 -1
10 14 -1
10 15 -1
10 17 -1
10 20 -1
10 22 -1
10 35 1
10 36 -1
10 48 -1
11 1 -1
11 3 -1
11 4 -1
11 5 -1
11 6 -1
11 9 1
11 10 -1
11 12 -1
11 13 -1
11 14 1
11 19 -1
11 22 1
11 31 -1
11 37 -1
11 51 -1
11 54 -1
12 2 -1
12 4 -1
12 5 -1
12 9 -1
12 10 -1
12 11 -1
12 13 -1
12 14 1
12 15 -1
12 16 -1
12 20 -1
12 36 -1
12 48 -1
12 57 -1
12 60 1
12 62 -1
13 1 -1
13 2 -1
13 3 1
13 6 -1
13 7 -1
13 8 1
13 10 -1
13 11 -1
13 12 -1
13 16 -1
13 17 -1
13 33 -1
13 50 -1
13 53 1
13 57 -1
13 59 -1
14 2 -1
14 3 -1
14 6 -1
14 7 1
14 8 -1
14 9 -1
14 10 -1
14 11 1
14 12 1
14 16 -1
14 34 -1
14 38 1
14 41 1
14 43 -1
14 61 1
15 1 -1
15 2 -1
15 3 -1
15 4 -1
15 6 -1
15 7 -1
15 8 -1
15 10 -1
15 12 -1
15 16 -1
15 18 -1
15 24 -1
15 32 -1
15 38 1
15 47 -1
15 60 1
16 1 1
16 4 -1
16 5 -1
16 6 -1
16 7 -1
16 9 -1
16 12 -1
16 13 -1
16 14 -1
16 15 -1
16 19 -1
16 26 1
16 32 -1
16 40 -1
16 52 1
17 4 -1
17 10 -1
17 13 -1
17 18 1
17 19 -1
17 20 -1
17 22 -1
17 24 1
17 26 -1
17 27 1
17 28 -1
17 29 -1
17 30 -1
17 49 1
17 57 -1
17 62 -1
18 15 -1
18 17 1
18 21 -1
18 22 -1
18 23 1
18 24 -1
18 27 -1
18 28 -1
18 30 1
18 31 1
18 32 -1
18 38 1
18 46 -1
18 49 -1
18 52 -1
18 59 -1
19 7 -1
19 11 -1
19 16 -1
19 17 -1
19 20 -1
19 21 -1
19 22 -1
19 23 -1
19 24 1
19 25 1
19 26 -1
19 27 -1
19 29 -1
19 48 -1
19 59 -1
19 63 -1
20 8 -1
20 10 -1
20 12 -1
20 17 -1
20 19 -1
20 21 -1
20 22 -1
20 23 -1
20 24 1
20 25 -1
20 26 -1
20 29 -1
20 31 -1
20 37 -1
20 55 -1
20 63 -1
21 3 -1
21 5 -1
21 18 -1
21 19 -1
21 20 -1
21 24 1
21 25 -1
21 26 -1
21 27 1
21 28 -1
21 31 -1
21 32 1
21 43 -1
21 52 1
21 53 -1
21 63 -1
22 3 1
22 6 -1
22 10 -1
22 11 1
22 17 -1
22 18 -1
22 19 -1
22 20 -1
22 24 -1
22 25 1
22 26 -1
22 27 -1
22 28 1
22 29 -1
22 56 -1
22 60 -1
23 18 1
23 19 -1
23 20 -1
23 24 -1
23 25 -1
23 27 -1
23 28 -1
23 29 1
23 31 -1
23 32 -1
23 35 1
23 38 -1
23 42 -1
23 48 -1
23 55 -1
23 63 -1
24 1 -1
24 6 -1
24 9 -1
24 15 -1
24 17 1
24 18 -1
24 19 1
24 20 1
24 21 1
24 22 -1
24 23 -1
24 29 -1
24 30 -1
24 32 -1
24 47 -1
24 63 -1
25 3 1
25 19 1
25 20 -1
25 21 -1
25 22 1
25 23 -1
25 26 -1
25 29 -1
25 30 -1
25 31 1
25 32 -1
25 40 -1
25 42 -1
25 54 -1
25 56 -1
26 8 1
26 16 1
26 17 -1
26 19 -1
26 20 -1
26 21 -1
26 22 -1
26 25 -1
26 28 -1
26 30 -1
26 31 1
26 32 1
26 43 1
26 44 -1
26 46 -1
26 64 1
27 17 1
27 18 -1
27 19 -1
27 21 1
27 22 -1
27 23 -1
27 28 1
27 30 -1
27 31 -1
27 32 -1
27 33 -1
27 39 -1
27 43 -1
27 45 -1
27 50 -1
27 51 -1
28 8 1
28 17 -1
28 18 -1
28 21 -1
28 22 1
28 23 -1
28 26 -1
28 27 1
28 30 -1
28 31 -1
28 32 1
28 35 -1
28 37 1
28 47 -1
28 49 -1
29 5 -1
29 17 -1
29 19 -1
29 20 -1
29 22 -1
29 23 1
29 24 -1
29 25 -1
29 30 1
29 31 -1
29 32 -1
29 33 -1
29 35 -1
29 41 -1
29 48 -1
29 54 -1
30 2 -1
30 8 1
30 17 -1
30 18 1
30 24 -1
30 25 -1
30 26 -1
30 27 -1
30 28 -1
30 29 1
30 31 1
30 32 -1
30 49 -1
30 53 -1
30 57 -1
30 61 -1
31 11 -1
31 18 1
31 20 -1
31 21 -1
31 23 -1
31 25 1
31 26 1
31 27 -1
31 28 -1
31 29 -1
31 30 1
31 33 1
31 42 -1
31 50 -1
31 51 -1
31 58 -1
32 1 1
32 2 -1
32 15 -1
32 16 -1
32 18 -1
32 21 1
32 23 -1
32 24 -1
32 25 -1
32 26 1
32 27 -1
32 28 1
32 29 -1
32 30 -1
32 46 -1
32 61 -1
33 4 -1
33 6 1
33 13 -1
33 27 -1
33 29 -1
33 31 1
33 34 -1
33 35 1
33 36 -1
33 37 -1
33 42 -1
33 43 -1
33 44 -1
33 45 1
33 46 -1
33 47 -1
34 3 -1
34 8 1
34 9 1
34 14 -1
34 33 -1
34 36 -1
34 37 -1
34 39 -1
34 40 -1
34 41 -1
34 42 1
34 43 -1
34 44 -1
34 46 -1
35 10 1
35 23 1
35 28 -1
35 29 -1
35 33 1
35 37 -1
35 38 -1
35 40 -1
35 42 -1
35 43 -1
35 44 -1
35 45 1
35 46 -1
35 48 -1
35 52 -1
35 64 -1
36 6 -1
36 10 -1
36 12 -1
36 33 -1
36 34 -1
36 38 -1
36 39 -1
36 40 -1
36 41 -1
36 42 -1
36 43 -1
36 45 -1
36 48 -1
36 53 -1
36 57 1
36 61 -1
37 11 -1
37 20 -1
37 28 1
37 33 -1
37 34 -1
37 35 -1
37 38 -1
37 41 -1
37 42 -1
37 44 -1
37 45 -1
37 46 -1
37 47 1
37 56 -1
37 61 -1
37 62 -1
38 6 -1
38 14 1
38 15 1
38 18 1
38 23 -1
38 35 -1
38 36 -1
38 37 -1
38 39 -1
38 40 -1
38 42 -1
38 43 -1
38 44 -1
38 47 -1
38 48 -1
38 59 -1
39 27 -1
39 34 -1
39 36 -1
39 38 -1
39 40 -1
39 41 1
39 43 1
39 44 -1
39 45 -1
39 46 -1
39 48 1
39 50 -1
39 56 -1
39 62 -1
39 64 -1
40 1 -1
40 9 1
40 16 -1
40 25 -1
40 34 -1
40 35 -1
40 36 -1
40 38 -1
40 39 -1
40 42 -1
40 43 -1
40 44 -1
40 46 -1
40 47 -1
40 49 -1
40 51 -1
41 14 1
41 29 -1
41 34 -1
41 36 -1
41 37 -1
41 39 1
41 42 -1
41 44 1
41 45 -1
41 46 -1
41 47 -1
41 48 1
41 49 -1
41 52 1
41 56 1
41 61 -1
42 7 1
42 23 -1
42 25 -1
42 31 -1
42 33 -1
42 34 1
42 35 -1
42 36 -1
42 37 -1
42 38 -1
42 40 -1
42 41 -1
42 46 1
42 47 -1
42 55 -1
43 14 -1
43 21 -1
43 26 1
43 27 -1
43 33 -1
43 34 -1
43 35 -1
43 36 -1
43 38 -1
43 39 1
43 40 -1
43 45 -1
43 47 1
43 48 1
43 55 -1
44 2 1
44 7 1
44 26 -1
44 33 -1
44 34 -1
44 35 -1
44 37 -1
44 38 -1
44 39 -1
44 40 -1
44 41 1
44 45 -1
44 48 -1
44 60 -1
44 64 -1
45 5 1
45 27 -1
45 33 1
45 35 1
45 36 -1
45 37 -1
45 39 -1
45 41 -1
45 43 -1
45 44 -1
45 47 1
45 48 -1
45 54 1
45 58 -1
45 60 -1
46 2 -1
46 5 -1
46 18 -1
46 26 -1
46 32 -1
46 33 -1
46 34 -1
46 35 -1
46 37 -1
46 39 -1
46 40 -1
46 41 -1
46 42 1
46 47 -1
46 48 -1
46 51 -1
47 4 -1
47 15 -1
47 24 -1
47 28 -1
47 33 -1
47 37 1
47 38 -1
47 40 -1
47 41 -1
47 42 -1
47 43 1
47 45 1
47 46 -1
47 48 1
47 59 -1
48 10 -1
48 12 -1
48 19 -1
48 23 -1
48 29 -1
48 35 -1
48 36 -1
48 38 -1
48 39 1
48 41 1
48 43 1
48 44 -1
48 45 -1
48 46 -1
48 47 1
48 55 -1
49 17 1
49 18 -1
49 28 -1
49 30 -1
49 40 -1
49 41 -1
49 50 -1
49 51 -1
49 52 -1
49 53 -1
49 54 -1
49 55 -1
49 57 -1
49 58 -1
49 60 -1
49 61 -1
50 2 -1
50 9 1
50 13 -1
50 27 -1
50 31 -1
50 39 -1
50 49 -1
50 51 -1
50 53 -1
50 55 -1
50 56 -1
50 58 1
50 61 -1
50 62 1
50 63 -1
50 64 1
51 4 -1
51 11 -1
51 27 -1
51 31 -1
51 40 -1
51 46 -1
51 49 -1
51 50 -1
51 53 -1
51 54 -1
51 56 1
51 58 1
51 59 -1
51 60 -1
51 61 -1
51 64 -1
52 16 1
52 18 -1
52 21 1
52 35 -1
52 41 1
52 49 -1
52 54 1
52 56 -1
52 57 -1
52 59 -1
52 60 -1
52 61 -1
52 62 1
52 63 -1
52 64 -1
53 1 -1
53 13 1
53 21 -1
53 30 -1
53 36 -1
53 49 -1
53 50 -1
53 51 -1
53 54 -1
53 55 1
53 56 -1
53 58 -1
53 59 -1
53 62 1
53 63 -1
54 7 -1
54 11 -1
54 25 -1
54 29 -1
54 45 1
54 49 -1
54 51 -1
54 52 1
54 53 -1
54 55 -1
54 57 -1
54 59 -1
54 60 -1
54 62 -1
54 64 -1
55 20 -1
55 23 -1
55 42 -1
55 43 -1
55 48 -1
55 49 -1
55 50 -1
55 53 1
55 54 -1
55 56 1
55 57 -1
55 60 -1
55 61 -1
55 62 -1
55 63 -1
56 4 -1
56 22 -1
56 25 -1
56 37 -1
56 39 -1
56 41 1
56 50 -1
56 51 1
56 52 -1
56 53 -1
56 55 1
56 57 1
56 58 -1
56 59 -1
56 61 -1
56 64 -1
57 6 -1
57 12 -1
57 13 -1
57 17 -1
57 30 -1
57 36 1
57 49 -1
57 52 -1
57 54 -1
57 55 -1
57 56 1
57 59 -1
57 60 1
57 62 -1
57 63 1
57 64 -1
58 1 -1
58 2 -1
58 4 1
58 9 -1
58 31 -1
58 45 -1
58 49 -1
58 50 1
58 51 1
58 53 -1
58 56 -1
58 59 -1
58 60 -1
58 61 -1
58 62 -1
58 63 -1
59 5 -1
59 13 -1
59 18 -1
59 19 -1
59 38 -1
59 47 -1
59 51 -1
59 52 -1
59 53 -1
59 54 -1
59 56 -1
59 57 -1
59 58 -1
59 61 1
59 63 -1
59 64 -1
60 12 1
60 15 1
60 22 -1
60 44 -1
60 45 -1
60 49 -1
60 51 -1
60 52 -1
60 54 -1
60 55 -1
60 57 1
60 58 -1
60 62 -1
60 63 -1
60 64 -1
61 14 1
61 30 -1
61 32 -1
61 36 -1
61 37 -1
61 41 -1
61 49 -1
61 50 -1
61 51 -1
61 52 -1
61 55 -1
61 56 -1
61 58 -1
61 59 1
61 62 -1
61 64 -1
62 5 -1
62 12 -1
62 17 -1
62 37 -1
62 39 -1
62 50 1
62 52 1
62 53 1
62 54 -1
62 55 -1
62 57 -1
62 58 -1
62 60 -1
62 61 -1
62 63 -1
63 8 1
63 19 -1
63 20 -1
63 21 -1
63 23 -1
63 24 -1
63 50 -1
63 52 -1
63 53 -1
63 55 -1
63 57 1
63 58 -1
63 59 -1
63 60 -1
63 62 -1
63 64 -1
64 3 -1
64 7 -1
64 26 1
64 35 -1
64 39 -1
64 44 -1
64 50 1
64 51 -1
64 52 -1
64 54 -1
64 56 -1
64 57 -1
64 59 -1
64 60 -1
64 61 -1
64 63 -1
