1 2 1
1 3 1
1 4 -1
1 6 -1
1 7 1
1 9 1
1 10 1
1 12 -1
1 13 -1
1 14 -1
1 17 1
1 28 -1
1 37 -1
1 49 -1
1 50 -1
1 61 1
2 1 1
2 3 1
2 4 -1
2 6 1
2 8 1
2 9 1
2 10 -1
2 11 1
2 14 -1
2 16 1
2 34 -1
2 39 -1
2 41 1
2 43 -1
2 49 -1
2 63 1
3 1 1
3 2 1
3 5 -1
3 6 -1
3 7 -1
3 8 -1
3 10 1
3 11 -1
3 15 -1
3 16 -1
3 22 1
3 24 1
3 29 -1
3 46 -1
3 53 1
3 56 -1
4 1 -1
4 2 -1
4 5 1
4 8 -1
4 9 -1
4 10 -1
4 12 1
4 13 1
4 14 1
4 15 1
4 17 -1
4 21 1
4 23 -1
4 49 1
4 55 -1
4 59 1
5 3 -1
5 4 1
5 7 1
5 8 -1
5 11 1
5 12 -1
5 13 1
5 14 -1
5 15 1
5 16 -1
5 17 -1
5 22 -1
5 39 1
5 48 -1
5 51 1
5 57 1
6 1 -1
6 2 1
6 3 -1
6 7 1
6 8 1
6 9 1
6 10 -1
6 12 -1
6 15 -1
6 16 1
6 24 1
6 42 -1
6 48 -1
6 53 -1
6 55 -1
6 58 -1
7 1 1
7 3 -1
7 5 1
7 6 1
7 9 1
7 10 1
7 11 -1
7 14 1
7 15 -1
7 16 1
7 35 -1
7 41 -1
7 50 1
7 54 -1
8 2 1
8 3 -1
8 4 -1
8 5 -1
8 6 1
8 9 1
8 10 -1
8 12 -1
8 14 1
8 15 1
8 17 1
8 24 1
8 40 1
8 42 -1
8 62 -1
9 1 1
9 2 1
9 4 -1
9 6 1
9 7 1
9 8 1
9 11 1
9 12 1
9 13 1
9 16 -1
9 23 1
9 33 -1
9 34 -1
9 38 1
9 60 -1
10 1 1
10 2 -1
10 3 1
10 4 -1
10 6 -1
10 7 1
10 8 -1
10 11 1
10 13 1
10 14 -1
10 26 -1
10 28 -1
10 46 1
10 54 -1
10 60 -1
10 64 -1
11 2 1
11 3 -1
11 5 1
11 7 -1
11 9 1
11 10 1
11 13 -1
11 14 -1
11 15 -1
11 16 -1
11 20 1
11 21 -1
11 32 1
11 42 -1
11 59 -1
12 1 -1
12 4 1
12 5 -1
12 6 -1
12 8 -1
12 9 1
12 13 -1
12 14 1
12 15 -1
12 16 -1
12 22 -1
12 32 -1
12 34 -1
12 38 -1
12 54 -1
13 1 -1
13 4 1
13 5 1
13 9 1
13 10 1
13 11 -1
13 12 -1
13 14 -1
13 15 -1
13 16 1
13 23 1
13 26 -1
13 32 -1
13 45 -1
13 58 1
14 1 -1
14 2 -1
14 4 1
14 5 -1
14 7 1
14 8 1
14 10 -1
14 11 -1
14 12 1
14 13 -1
14 34 -1
14 40 -1
14 41 1
14 48 -1
14 50 -1
14 54 -1
15 3 -1
15 4 1
15 5 1
15 6 -1
15 7 -1
15 8 1
15 11 -1
15 12 -1
15 13 -1
15 16 -1
15 21 -1
15 29 1
15 41 -1
15 43 1
15 57 1
15 61 1
16 2 1
16 3 -1
16 5 -1
16 6 1
16 7 1
16 9 -1
16 11 -1
16 12 -1
16 13 1
16 15 -1
16 24 -1
16 25 -1
16 38 -1
16 39 1
16 58 1
17 1 1
17 4 -1
17 5 -1
17 8 1
17 18 -1
17 19 -1
17 20 1
17 21 1
17 23 -1
17 24 -1
17 26 -1
17 27 -1
17 28 1
17 29 -1
17 43 -1
17 44 1
18 17 -1
18 21 1
18 23 -1
18 25 -1
18 26 -1
18 27 -1
18 29 1
18 30 1
18 31 1
18 32 1
18 36 -1
18 37 1
18 49 -1
18 51 -1
18 53 1
18 62 -1
19 17 -1
19 20 1
19 22 1
19 24 -1
19 25 1
19 27 -1
19 28 -1
19 29 1
19 30 1
19 31 -1
19 36 -1
19 46 1
19 49 -1
19 50 -1
19 55 -1
20 11 1
20 17 1
20 19 1
20 21 1
20 22 -1
20 24 -1
20 27 -1
20 29 1
20 30 -1
20 31 -1
20 32 -1
20 37 -1
20 41 -1
20 45 -1
20 61 1
21 4 1
21 11 -1
21 15 -1
21 17 1
21 18 1
21 20 1
21 23 -1
21 24 -1
21 25 1
21 26 -1
21 28 1
21 30 -1
21 31 -1
21 52 -1
21 53 1
21 59 -1
22 3 1
22 5 -1
22 12 -1
22 19 1
22 20 -1
22 23 -1
22 24 1
22 25 -1
22 26 1
22 27 1
22 29 -1
22 31 -1
22 32 1
22 43 -1
22 46 -1
22 52 1
23 4 -1
23 9 1
23 13 1
23 17 -1
23 18 -1
23 21 -1
23 22 -1
23 24 -1
23 25 1
23 27 1
23 28 -1
23 30 1
23 31 -1
23 35 -1
23 48 -1
23 64 -1
24 3 1
24 6 1
24 8 1
24 16 -1
24 17 -1
24 19 -1
24 20 -1
24 21 -1
24 22 1
24 23 -1
24 25 -1
24 26 1
24 31 1
24 32 -1
24 33 -1
24 47 1
25 16 -1
25 18 -1
25 19 1
25 21 1
25 22 -1
25 23 1
25 24 -1
25 26 1
25 28 1
25 30 -1
25 32 -1
25 35 -1
25 40 -1
25 46 -1
25 56 1
25 61 1
26 10 -1
26 13 -1
26 17 -1
26 18 -1
26 21 -1
26 22 1
26 24 1
26 25 1
26 27 -1
26 28 -1
26 29 -1
26 30 -1
26 34 1
26 46 -1
26 58 1
26 60 -1
27 17 -1
27 18 -1
27 19 -1
27 20 -1
27 22 1
27 23 1
27 26 -1
27 28 -1
27 29 1
27 32 -1
27 33 1
27 34 -1
27 45 -1
27 57 -1
27 63 -1
28 1 -1
28 10 -1
28 17 1
28 19 -1
28 21 1
28 23 -1
28 25 1
28 26 -1
28 27 -1
28 30 -1
28 31 -1
28 32 -1
28 33 -1
28 44 -1
28 47 1
28 50 -1
29 3 -1
29 15 1
29 17 -1
29 18 1
29 19 1
29 20 1
29 22 -1
29 26 -1
29 27 1
29 30 -1
29 31 -1
29 32 -1
29 33 1
29 44 -1
29 56 1
29 57 -1
30 18 1
30 19 1
30 20 -1
30 21 -1
30 23 1
30 25 -1
30 26 -1
30 28 -1
30 29 -1
30 32 1
30 51 -1
30 53 -1
30 55 -1
30 61 1
30 63 -1
31 18 1
31 19 -1
31 20 -1
31 21 -1
31 22 -1
31 23 -1
31 24 1
31 28 -1
31 29 -1
31 32 -1
31 42 -1
31 47 1
31 55 1
31 56 -1
31 63 -1
31 64 1
32 11 1
32 12 -1
32 13 -1
32 18 1
32 20 -1
32 22 1
32 24 -1
32 25 -1
32 27 -1
32 28 -1
32 29 -1
32 30 1
32 31 -1
32 37 1
32 47 1
33 9 -1
33 24 -1
33 27 1
33 28 -1
33 29 1
33 34 1
33 36 -1
33 37 -1
33 38 1
33 41 -1
33 42 1
33 43 -1
33 44 -1
33 45 -1
33 46 -1
33 63 1
34 2 -1
34 9 -1
34 12 -1
34 14 -1
34 26 1
34 27 -1
34 33 1
34 35 1
34 37 -1
34 38 1
34 40 1
34 41 -1
34 42 1
34 43 -1
34 44 1
34 47 -1
35 7 -1
35 23 -1
35 25 -1
35 34 1
35 36 -1
35 37 1
35 39 -1
35 40 -1
35 42 1
35 44 -1
35 45 1
35 47 1
35 48 -1
35 51 1
35 52 1
35 53 1
36 18 -1
36 19 -1
36 33 -1
36 35 -1
36 37 -1
36 38 -1
36 39 1
36 41 -1
36 43 1
36 44 1
36 46 -1
36 47 -1
36 52 1
36 54 1
36 60 -1
36 62 -1
37 1 -1
37 18 1
37 20 -1
37 32 1
37 33 -1
37 34 -1
37 35 1
37 36 -1
37 38 1
37 40 -1
37 42 -1
37 44 -1
37 45 -1
37 48 -1
37 64 -1
38 9 1
38 12 -1
38 16 -1
38 33 1
38 34 1
38 36 -1
38 37 1
38 40 -1
38 41 -1
38 43 -1
38 45 -1
38 47 1
38 48 1
38 59 -1
39 2 -1
39 5 1
39 16 1
39 35 -1
39 36 1
39 40 1
39 41 -1
39 42 1
39 43 -1
39 44 -1
39 45 -1
39 46 1
39 47 -1
39 51 -1
39 56 -1
39 60 -1
40 8 1
40 14 -1
40 25 -1
40 34 1
40 35 -1
40 37 -1
40 38 -1
40 39 1
40 41 -1
40 43 1
40 46 1
40 47 1
40 48 -1
40 52 -1
40 58 -1
41 2 1
41 7 -1
41 14 1
41 15 -1
41 20 -1
41 33 -1
41 34 -1
41 36 -1
41 38 -1
41 39 -1
41 40 -1
41 43 -1
41 44 1
41 45 1
41 48 1
41 59 -1
42 6 -1
42 8 -1
42 11 -1
42 31 -1
42 33 1
42 34 1
42 35 1
42 37 -1
42 39 1
42 43 1
42 44 1
42 46 1
42 47 -1
42 48 -1
42 49 1
43 2 -1
43 15 1
43 17 -1
43 22 -1
43 33 -1
43 34 -1
43 36 1
43 38 -1
43 39 -1
43 40 1
43 41 -1
43 42 1
43 45 -1
43 46 1
43 62 -1
43 64 -1
44 17 1
44 28 -1
44 29 -1
44 33 -1
44 34 1
44 35 -1
44 36 1
44 37 -1
44 39 -1
44 41 1
44 42 1
44 46 -1
44 48 -1
44 52 -1
44 62 -1
45 13 -1
45 20 -1
45 27 -1
45 33 -1
45 35 1
45 37 -1
45 38 -1
45 39 -1
45 41 1
45 43 -1
45 46 -1
45 47 1
45 48 -1
45 51 -1
45 60 1
46 3 -1
46 10 1
46 19 1
46 22 -1
46 25 -1
46 26 -1
46 33 -1
46 36 -1
46 39 1
46 40 1
46 42 1
46 43 1
46 44 -1
46 45 -1
46 47 -1
46 48 1
47 24 1
47 28 1
47 31 1
47 32 1
47 34 -1
47 35 1
47 36 -1
47 38 1
47 39 -1
47 40 1
47 42 -1
47 45 1
47 46 -1
47 48 -1
47 56 -1
47 57 -1
48 5 -1
48 6 -1
48 14 -1
48 23 -1
48 35 -1
48 37 -1
48 38 1
48 40 -1
48 41 1
48 42 -1
48 44 -1
48 45 -1
48 46 1
48 47 -1
48 57 1
48 59 -1
49 1 -1
49 2 -1
49 4 1
49 18 -1
49 19 -1
49 42 1
49 50 -1
49 52 -1
49 53 -1
49 54 -1
49 55 1
49 56 1
49 57 1
49 59 -1
49 62 -1
49 63 -1
50 1 -1
50 7 1
50 14 -1
50 19 -1
50 28 -1
50 49 -1
50 53 -1
50 54 -1
50 57 1
50 58 1
50 59 -1
50 60 -1
50 61 1
50 63 -1
50 64 -1
51 5 1
51 18 -1
51 30 -1
51 35 1
51 39 -1
51 45 -1
51 52 1
51 53 -1
51 54 1
51 55 -1
51 56 -1
51 59 1
51 61 1
51 62 -1
51 63 1
51 64 1
52 21 -1
52 22 1
52 35 1
52 36 1
52 40 -1
52 44 -1
52 49 -1
52 51 1
52 53 1
52 55 -1
52 56 1
52 57 -1
52 59 -1
52 60 1
52 61 -1
52 64 1
53 3 1
53 6 -1
53 18 1
53 21 1
53 30 -1
53 35 1
53 49 -1
53 50 -1
53 51 -1
53 52 1
53 54 -1
53 56 -1
53 58 1
53 61 1
53 63 -1
53 64 -1
54 7 -1
54 10 -1
54 12 -1
54 14 -1
54 36 1
54 49 -1
54 50 -1
54 51 1
54 53 -1
54 55 1
54 57 -1
54 58 1
54 60 -1
54 62 1
54 63 -1
55 4 -1
55 6 -1
55 19 -1
55 30 -1
55 31 1
55 49 1
55 51 -1
55 52 -1
55 54 1
55 56 1
55 58 1
55 59 -1
55 60 1
55 61 -1
55 63 1
56 3 -1
56 25 1
56 29 1
56 31 -1
56 39 -1
56 47 -1
56 49 1
56 51 -1
56 52 1
56 53 -1
56 55 1
56 57 -1
56 58 -1
56 59 -1
56 62 -1
56 63 1
57 5 1
57 15 1
57 27 -1
57 29 -1
57 47 -1
57 48 1
57 49 1
57 50 1
57 52 -1
57 54 -1
57 56 -1
57 58 -1
57 59 -1
57 60 1
57 61 1
57 62 -1
58 6 -1
58 13 1
58 16 1
58 26 1
58 40 -1
58 50 1
58 53 1
58 54 1
58 55 1
58 56 -1
58 57 -1
58 60 1
58 61 1
58 62 -1
58 64 -1
59 4 1
59 11 -1
59 21 -1
59 38 -1
59 41 -1
59 48 -1
59 49 -1
59 50 -1
59 51 1
59 52 -1
59 55 -1
59 56 -1
59 57 -1
59 60 1
59 62 1
59 64 1
60 9 -1
60 10 -1
60 26 -1
60 36 -1
60 39 -1
60 45 1
60 50 -1
60 52 1
60 54 -1
60 55 1
60 57 1
60 58 1
60 59 1
60 62 -1
60 63 1
60 64 -1
61 1 1
61 15 1
61 20 1
61 25 1
61 30 1
61 50 1
61 51 1
61 52 -1
61 53 1
61 55 -1
61 57 1
61 58 1
61 62 -1
61 63 -1
61 64 -1
62 8 -1
62 18 -1
62 36 -1
62 43 -1
62 44 -1
62 49 -1
62 51 -1
62 54 1
62 56 -1
62 57 -1
62 58 -1
62 59 1
62 60 -1
62 61 -1
62 64 1
63 2 1
63 27 -1
63 30 -1
63 31 -1
63 33 1
63 49 -1
63 50 -1
63 51 1
63 53 -1
63 54 -1
63 55 1
63 56 1
63 60 1
63 61 -1
63 64 -1
64 10 -1
64 23 -1
64 31 1
64 37 -1
64 43 -1
64 50 -1
64 51 1
64 52 1
64 53 -1
64 58 -1
64 59 1
64 60 -1
64 61 -1
64 62 1
64 63 -1
