1 4 -1
1 5 -1
1 6 -1
1 7 -1
1 9 -1
1 11 -1
1 12 1
1 14 -1
1 15 -1
1 16 -1
1 17 1
1 25 -1
1 30 -1
1 32 -1
1 48 -1
1 51 1
2 3 -1
2 4 1
2 5 -1
2 6 -1
2 7 -1
2 8 -1
2 10 1
2 11 -1
2 14 1
2 15 -1
2 17 -1
2 25 -1
2 27 1
2 31 1
2 41 -1
2 55 1
3 2 -1
3 4 -1
3 5 1
3 6 1
3 7 -1
3 8 -1
3 10 -1
3 12 1
3 14 -1
3 16 -1
3 24 1
3 25 1
3 26 -1
3 38 -1
3 52 -1
4 1 -1
4 2 1
4 3 -1
4 5 -1
4 7 1
4 8 -1
4 9 -1
4 10 1
4 13 -1
4 16 -1
4 24 -1
4 34 1
4 40 -1
4 41 -1
4 58 1
4 64 -1
5 1 -1
5 2 -1
5 3 1
5 4 -1
5 6 -1
5 9 1
5 11 -1
5 12 -1
5 13 -1
5 14 -1
5 21 1
5 29 1
5 32 -1
5 39 1
5 50 -1
5 58 -1
6 1 -1
6 2 -1
6 3 1
6 5 -1
6 8 -1
6 9 1
6 10 -1
6 12 -1
6 13 -1
6 15 -1
6 22 -1
6 24 1
6 32 -1
6 34 -1
6 59 -1
6 63 -1
7 1 -1
7 2 -1
7 3 -1
7 4 1
7 8 1
7 9 1
7 10 -1
7 11 -1
7 13 -1
7 16 -1
7 33 -1
7 40 -1
7 48 -1
7 62 1
8 2 -1
8 3 -1
8 4 -1
8 6 -1
8 7 1
8 11 -1
8 12 -1
8 13 -1
8 14 -1
8 15 -1
8 19 1
8 23 -1
8 37 1
8 47 1
8 49 -1
8 57 -1
9 1 -1
9 4 -1
9 5 1
9 6 1
9 7 1
9 10 1
9 12 -1
9 13 -1
9 15 1
9 16 -1
9 25 -1
9 31 -1
9 36 -1
9 44 -1
9 47 -1
9 59 -1
10 2 1
10 3 -1
10 4 1
10 6 -1
10 7 -1
10 9 1
10 11 1
10 12 -1
10 14 1
10 15 1
10 17 -1
10 22 1
10 36 1
10 46 1
10 57 -1
10 58 -1
11 1 -1
11 2 -1
11 5 -1
11 7 -1
11 8 -1
11 10 1
11 13 -1
11 14 -1
11 15 -1
11 16 1
11 18 -1
11 23 1
11 30 -1
11 32 1
11 34 -1
11 45 -1
12 1 1
12 3 1
12 5 -1
12 6 -1
12 8 -1
12 9 -1
12 10 -1
12 14 -1
12 15 1
12 16 -1
12 17 -1
12 37 -1
12 41 1
12 43 -1
12 46 -1
12 48 1
13 4 -1
13 5 -1
13 6 -1
13 7 -1
13 8 -1
13 9 -1
13 11 -1
13 14 1
13 15 1
13 16 1
13 22 -1
13 25 -1
13 40 -1
13 54 -1
13 58 1
14 1 -1
14 2 1
14 3 -1
14 5 -1
14 8 -1
14 10 1
14 11 -1
14 12 -1
14 13 1
14 16 -1
14 17 -1
14 19 -1
14 28 -1
14 53 -1
14 54 -1
14 55 -1
15 1 -1
15 2 -1
15 6 -1
15 8 -1
15 9 1
15 10 1
15 11 -1
15 12 1
15 13 1
15 16 -1
15 18 -1
15 20 1
15 36 1
15 54 -1
15 58 1
16 1 -1
16 3 -1
16 4 -1
16 7 -1
16 9 -1
16 11 1
16 12 -1
16 13 1
16 14 -1
16 15 -1
16 18 1
16 47 -1
16 48 1
16 53 -1
16 57 -1
17 1 1
17 2 -1
17 10 -1
17 12 -1
17 14 -1
17 18 -1
17 19 -1
17 21 1
17 23 1
17 24 -1
17 25 -1
17 26 1
17 27 -1
17 30 -1
17 31 1
17 51 -1
18 11 -1
18 15 -1
18 16 1
18 17 -1
18 20 -1
18 22 1
18 24 -1
18 25 -1
18 26 1
18 27 1
18 29 -1
18 31 -1
18 32 1
18 43 -1
18 49 -1
18 51 1
19 8 1
19 14 -1
19 17 -1
19 20 -1
19 21 1
19 22 -1
19 23 -1
19 24 -1
19 25 -1
19 26 -1
19 28 -1
19 32 -1
19 35 -1
19 50 -1
19 59 -1
20 15 1
20 18 -1
20 19 -1
20 22 -1
20 23 1
20 24 1
20 27 1
20 28 -1
20 29 1
20 30 1
20 32 -1
20 41 1
20 48 -1
20 50 -1
20 62 1
20 64 -1
21 5 1
21 17 1
21 19 1
21 22 -1
21 23 1
21 24 1
21 25 -1
21 28 1
21 29 -1
21 30 -1
21 31 1
21 44 1
21 52 -1
21 55 -1
21 64 1
22 6 -1
22 10 1
22 13 -1
22 18 1
22 19 -1
22 20 -1
22 21 -1
22 23 1
22 24 1
22 27 -1
22 30 -1
22 31 -1
22 32 1
22 33 -1
22 55 -1
22 61 1
23 8 -1
23 11 1
23 17 1
23 19 -1
23 20 1
23 21 1
23 22 1
23 25 -1
23 26 -1
23 28 -1
23 29 -1
23 32 -1
23 37 1
23 53 -1
23 62 -1
23 63 1
24 3 1
24 4 -1
24 6 1
24 17 -1
24 18 -1
24 19 -1
24 20 1
24 21 1
24 22 1
24 28 -1
24 29 -1
24 31 -1
24 32 1
24 39 -1
24 57 1
25 1 -1
25 2 -1
25 3 1
25 9 -1
25 13 -1
25 17 -1
25 18 -1
25 19 -1
25 21 -1
25 23 -1
25 26 -1
25 27 1
25 28 -1
25 29 1
25 30 -1
25 51 -1
26 3 -1
26 17 1
26 18 1
26 19 -1
26 23 -1
26 25 -1
26 28 -1
26 29 1
26 30 -1
26 31 -1
26 32 -1
26 40 -1
26 42 -1
26 44 1
26 56 -1
26 62 -1
27 2 1
27 17 -1
27 18 1
27 20 1
27 22 -1
27 25 1
27 28 -1
27 29 -1
27 30 -1
27 31 -1
27 32 -1
27 36 -1
27 39 -1
27 45 1
27 49 -1
27 55 -1
28 14 -1
28 19 -1
28 20 -1
28 21 1
28 23 -1
28 24 -1
28 25 -1
28 26 -1
28 27 -1
28 30 -1
28 32 -1
28 37 1
28 46 -1
28 53 -1
28 61 1
28 63 1
29 5 1
29 18 -1
29 20 1
29 21 -1
29 23 -1
29 24 -1
29 25 1
29 26 1
29 27 -1
29 30 -1
29 31 -1
29 35 -1
29 37 -1
29 40 -1
29 41 -1
29 61 1
30 1 -1
30 11 -1
30 17 -1
30 20 1
30 21 -1
30 22 -1
30 25 -1
30 26 -1
30 27 -1
30 28 -1
30 29 -1
30 31 -1
30 34 1
30 43 -1
30 54 1
30 63 1
31 2 1
31 9 -1
31 17 1
31 18 -1
31 21 1
31 22 -1
31 24 -1
31 26 -1
31 27 -1
31 29 -1
31 30 -1
31 32 -1
31 40 -1
31 57 1
31 61 -1
31 63 -1
32 1 -1
32 5 -1
32 6 -1
32 11 1
32 18 1
32 19 -1
32 20 -1
32 22 1
32 23 -1
32 24 1
32 26 -1
32 27 -1
32 28 -1
32 31 -1
32 44 -1
32 47 1
33 7 -1
33 22 -1
33 34 1
33 35 -1
33 37 1
33 38 -1
33 42 -1
33 43 -1
33 45 -1
33 46 1
33 47 -1
33 48 1
33 50 -1
33 51 1
34 4 1
34 6 -1
34 11 -1
34 30 1
34 33 1
34 35 -1
34 36 -1
34 37 1
34 39 1
34 40 1
34 42 -1
34 43 1
34 44 1
34 45 -1
34 49 1
34 57 1
35 19 -1
35 29 -1
35 33 -1
35 34 -1
35 36 -1
35 37 -1
35 38 -1
35 39 -1
35 40 -1
35 42 -1
35 45 -1
35 48 -1
35 52 1
35 53 -1
35 62 -1
36 9 -1
36 10 1
36 15 1
36 27 -1
36 34 -1
36 35 -1
36 38 -1
36 40 -1
36 41 -1
36 42 -1
36 43 -1
36 44 -1
36 45 -1
36 46 1
36 54 -1
37 8 1
37 12 -1
37 23 1
37 28 1
37 29 -1
37 33 1
37 34 1
37 35 -1
37 38 -1
37 41 -1
37 42 -1
37 44 -1
37 46 -1
37 47 1
37 48 -1
37 49 -1
38 3 -1
38 33 -1
38 35 -1
38 36 -1
38 37 -1
38 39 -1
38 40 -1
38 41 -1
38 44 -1
38 46 -1
38 47 1
38 49 1
38 50 -1
38 55 -1
38 60 -1
38 64 -1
39 5 1
39 24 -1
39 27 -1
39 34 1
39 35 -1
39 38 -1
39 40 -1
39 41 -1
39 43 -1
39 45 1
39 46 -1
39 47 1
39 48 1
39 52 -1
39 61 1
39 62 -1
40 4 -1
40 7 -1
40 13 -1
40 26 -1
40 29 -1
40 31 -1
40 34 1
40 35 -1
40 36 -1
40 38 -1
40 39 -1
40 41 -1
40 43 -1
40 44 -1
40 47 1
40 48 -1
41 2 -1
41 4 -1
41 12 1
41 20 1
41 29 -1
41 36 -1
41 37 -1
41 38 -1
41 39 -1
41 40 -1
41 42 -1
41 43 1
41 45 1
41 46 -1
41 47 -1
41 64 -1
42 26 -1
42 33 -1
42 34 -1
42 35 -1
42 36 -1
42 37 -1
42 41 -1
42 44 1
42 46 -1
42 47 1
42 48 -1
42 53 1
42 56 -1
43 12 -1
43 18 -1
43 30 -1
43 33 -1
43 34 1
43 36 -1
43 39 -1
43 40 -1
43 41 1
43 44 -1
43 45 -1
43 47 -1
43 48 -1
43 51 -1
43 54 -1
43 61 -1
44 9 -1
44 21 1
44 26 1
44 32 -1
44 34 1
44 36 -1
44 37 -1
44 38 -1
44 40 -1
44 42 1
44 43 -1
44 45 -1
44 46 -1
44 47 -1
44 56 -1
44 60 -1
45 11 -1
45 27 1
45 33 -1
45 34 -1
45 35 -1
45 36 -1
45 39 1
45 41 1
45 43 -1
45 44 -1
45 46 1
45 48 1
45 52 -1
45 59 1
45 63 -1
46 10 1
46 12 -1
46 28 -1
46 33 1
46 36 1
46 37 -1
46 38 -1
46 39 -1
46 41 -1
46 42 -1
46 44 -1
46 45 1
46 48 1
46 60 -1
47 8 1
47 9 -1
47 16 -1
47 32 1
47 33 -1
47 37 1
47 38 1
47 39 1
47 40 1
47 41 -1
47 42 1
47 43 -1
47 44 -1
47 48 -1
47 50 -1
47 60 -1
48 1 -1
48 7 -1
48 12 1
48 16 1
48 20 -1
48 33 1
48 35 -1
48 37 -1
48 39 1
48 40 -1
48 42 -1
48 43 -1
48 45 1
48 46 1
48 47 -1
49 8 -1
49 18 -1
49 27 -1
49 34 1
49 37 -1
49 38 1
49 50 -1
49 51 1
49 53 -1
49 55 -1
49 57 -1
49 58 -1
49 60 -1
49 61 -1
49 62 -1
49 63 -1
50 5 -1
50 19 -1
50 20 -1
50 33 -1
50 38 -1
50 47 -1
50 49 -1
50 52 -1
50 53 -1
50 54 -1
50 56 -1
50 59 -1
50 60 1
50 61 -1
50 63 1
50 64 -1
51 1 1
51 17 -1
51 18 1
51 25 -1
51 33 1
51 43 -1
51 49 1
51 53 -1
51 54 1
51 56 -1
51 57 -1
51 58 -1
51 59 -1
51 61 1
51 62 -1
51 64 1
52 3 -1
52 21 -1
52 35 1
52 39 -1
52 45 -1
52 50 -1
52 54 1
52 55 -1
52 56 1
52 57 -1
52 59 -1
52 60 1
52 62 -1
52 63 -1
52 64 1
53 14 -1
53 16 -1
53 23 -1
53 28 -1
53 35 -1
53 42 1
53 49 -1
53 50 -1
53 51 -1
53 55 -1
53 58 1
53 59 -1
53 60 -1
53 62 1
53 63 -1
53 64 -1
54 13 -1
54 14 -1
54 15 -1
54 30 1
54 36 -1
54 43 -1
54 50 -1
54 51 1
54 52 1
54 55 -1
54 56 -1
54 57 -1
54 59 1
54 61 -1
54 63 1
54 64 1
55 2 1
55 14 -1
55 21 -1
55 22 -1
55 27 -1
55 38 -1
55 49 -1
55 52 -1
55 53 -1
55 54 -1
55 56 -1
55 57 -1
55 58 1
55 60 -1
55 62 -1
55 63 -1
56 26 -1
56 42 -1
56 44 -1
56 50 -1
56 51 -1
56 52 1
56 54 -1
56 55 -1
56 58 -1
56 59 -1
56 60 -1
56 62 -1
56 63 -1
57 8 -1
57 10 -1
57 16 -1
57 24 1
57 31 1
57 34 1
57 49 -1
57 51 -1
57 52 -1
57 54 -1
57 55 -1
57 58 -1
57 60 1
57 61 -1
57 62 -1
57 64 -1
58 4 1
58 5 -1
58 10 -1
58 13 1
58 15 1
58 49 -1
58 51 -1
58 53 1
58 55 1
58 56 -1
58 57 -1
58 59 1
58 60 1
58 62 -1
58 64 -1
59 6 -1
59 9 -1
59 19 -1
59 45 1
59 50 -1
59 51 -1
59 52 -1
59 53 -1
59 54 1
59 56 -1
59 58 1
59 61 -1
59 63 -1
59 64 -1
60 38 -1
60 44 -1
60 46 -1
60 47 -1
60 49 -1
60 50 1
60 52 1
60 53 -1
60 55 -1
60 56 -1
60 57 1
60 58 1
60 61 1
60 62 -1
61 22 1
61 28 1
61 29 1
61 31 -1
61 39 1
61 43 -1
61 49 -1
61 50 -1
61 51 1
61 54 -1
61 57 -1
61 59 -1
61 60 1
61 62 -1
61 63 -1
61 64 1
62 7 1
62 20 1
62 23 -1
62 26 -1
62 35 -1
62 39 -1
62 49 -1
62 51 -1
62 52 -1
62 53 1
62 55 -1
62 56 -1
62 57 -1
62 58 -1
62 60 -1
62 61 -1
63 6 -1
63 23 1
63 28 1
63 30 1
63 31 -1
63 45 -1
63 49 -1
63 50 1
63 52 -1
63 53 -1
63 54 1
63 55 -1
63 56 -1
63 59 -1
63 61 -1
63 64 -1
64 4 -1
64 20 -1
64 21 1
64 38 -1
64 41 -1
64 50 -1
64 51 1
64 52 1
64 53 -1
64 54 1
64 57 -1
64 58 -1
64 59 -1
64 61 1
64 63 -1
