1 3 -1
1 4 -1
1 5 1
1 7 -1
1 8 -1
1 10 1
1 11 1
1 12 1
1 14 1
1 15 -1
1 21 1
1 23 1
1 31 1
1 32 1
1 37 -1
1 54 1
2 3 1
2 7 1
2 8 1
2 9 1
2 10 1
2 11 1
2 12 1
2 13 1
2 14 -1
2 16 -1
2 26 1
2 46 1
2 47 1
2 51 1
2 59 1
3 1 -1
3 2 1
3 7 1
3 8 1
3 10 1
3 11 1
3 13 1
3 14 1
3 15 -1
3 16 1
3 18 1
3 34 1
3 46 1
3 53 -1
3 59 1
3 61 -1
4 1 -1
4 5 1
4 6 1
4 8 1
4 9 1
4 10 1
4 11 -1
4 12 1
4 15 1
4 16 1
4 24 1
4 32 1
4 35 1
4 44 1
4 54 1
4 64 -1
5 1 1
5 4 1
5 6 -1
5 7 1
5 8 -1
5 9 1
5 11 -1
5 14 1
5 15 1
5 16 -1
5 28 1
5 29 1
5 50 1
5 60 -1
5 62 1
6 4 1
6 5 -1
6 8 1
6 9 1
6 10 1
6 11 1
6 13 1
6 14 1
6 15 1
6 16 1
6 19 -1
6 27 -1
6 33 -1
6 34 1
6 36 1
6 46 1
7 1 -1
7 2 1
7 3 1
7 5 1
7 9 -1
7 11 1
7 12 1
7 13 -1
7 15 1
7 16 1
7 17 1
7 24 1
7 33 1
7 59 1
7 63 1
8 1 -1
8 2 1
8 3 1
8 4 1
8 5 -1
8 6 1
8 10 1
8 12 1
8 13 1
8 14 1
8 25 1
8 30 -1
8 39 1
8 40 1
8 49 1
8 61 1
9 2 1
9 4 1
9 5 1
9 6 1
9 7 -1
9 12 1
9 13 1
9 14 1
9 15 -1
9 16 1
9 19 1
9 25 1
9 29 1
9 32 -1
9 43 1
9 52 1
10 1 1
10 2 1
10 3 1
10 4 1
10 6 1
10 8 1
10 11 1
10 12 1
10 13 1
10 14 1
10 30 1
10 36 1
10 38 -1
10 40 1
10 44 1
10 46 -1
11 1 1
11 2 1
11 3 1
11 4 -1
11 5 -1
11 6 1
11 7 1
11 10 1
11 13 1
11 16 -1
11 21 1
11 25 1
11 31 1
11 54 1
11 60 1
11 61 1
12 1 1
12 2 1
12 4 1
12 7 1
12 8 1
12 9 1
12 10 1
12 13 1
12 15 1
12 16 1
12 17 1
12 20 1
12 30 1
12 38 1
12 43 -1
13 2 1
13 3 1
13 6 1
13 7 -1
13 8 1
13 9 1
13 10 1
13 11 1
13 12 1
13 15 -1
13 26 -1
13 33 1
13 34 1
13 39 -1
13 49 -1
13 50 -1
14 1 1
14 2 -1
14 3 1
14 5 1
14 6 1
14 8 1
14 9 1
14 10 1
14 15 -1
14 16 1
14 23 1
14 25 1
14 38 1
14 48 1
14 56 -1
14 61 1
15 1 -1
15 3 -1
15 4 1
15 5 1
15 6 1
15 7 1
15 9 -1
15 12 1
15 13 -1
15 14 -1
15 43 -1
15 45 1
15 46 1
15 50 1
15 52 -1
15 63 1
16 2 -1
16 3 1
16 4 1
16 5 -1
16 6 1
16 7 1
16 9 1
16 11 -1
16 12 1
16 14 1
16 17 1
16 31 1
16 38 1
16 41 1
16 48 1
16 54 1
17 7 1
17 12 1
17 16 1
17 19 1
17 20 1
17 23 1
17 25 -1
17 26 1
17 27 1
17 29 1
17 30 -1
17 31 -1
17 32 -1
17 38 -1
17 40 1
17 50 1
18 3 1
18 21 1
18 22 1
18 23 1
18 24 1
18 25 1
18 26 1
18 27 1
18 28 -1
18 31 1
18 32 1
18 38 1
18 47 -1
18 51 1
18 56 1
18 57 1
19 6 -1
19 9 1
19 17 1
19 20 1
19 21 -1
19 22 1
19 23 1
19 26 1
19 27 1
19 28 1
19 30 1
19 31 1
19 41 1
19 45 1
20 12 1
20 17 1
20 19 1
20 21 -1
20 22 1
20 24 1
20 25 1
20 27 1
20 28 1
20 29 -1
20 30 -1
20 36 1
20 40 1
20 52 1
20 55 1
21 1 1
21 11 1
21 18 1
21 19 -1
21 20 -1
21 23 1
21 25 -1
21 27 1
21 28 1
21 29 -1
21 30 1
21 31 1
21 35 1
21 36 -1
21 39 1
21 51 1
22 18 1
22 19 1
22 20 1
22 24 1
22 25 1
22 26 1
22 27 1
22 29 1
22 30 1
22 31 1
22 35 1
22 37 1
22 50 1
22 58 1
22 62 1
22 64 1
23 1 1
23 14 1
23 17 1
23 18 1
23 19 1
23 21 1
23 24 1
23 26 1
23 28 -1
23 29 1
23 30 1
23 31 1
23 33 1
23 41 1
23 60 1
23 62 1
24 4 1
24 7 1
24 18 1
24 20 1
24 22 1
24 23 1
24 25 1
24 26 1
24 28 -1
24 29 1
24 31 1
24 32 1
24 37 1
24 49 1
24 58 1
24 59 -1
25 8 1
25 9 1
25 11 1
25 14 1
25 17 -1
25 18 1
25 20 1
25 21 -1
25 22 1
25 24 1
25 26 1
25 28 -1
25 29 -1
25 32 1
25 47 -1
25 53 1
26 2 1
26 13 -1
26 17 1
26 18 1
26 19 1
26 22 1
26 23 1
26 24 1
26 25 1
26 28 1
26 31 1
26 32 -1
26 36 1
26 49 1
26 58 1
26 61 1
27 6 -1
27 17 1
27 18 1
27 19 1
27 20 1
27 21 1
27 22 1
27 29 1
27 30 -1
27 31 1
27 32 1
27 53 1
27 63 1
27 64 -1
28 5 1
28 18 -1
28 19 1
28 20 1
28 21 1
28 23 -1
28 24 -1
28 25 -1
28 26 1
28 30 1
28 32 1
28 41 1
28 53 1
28 57 1
29 5 1
29 9 1
29 17 1
29 20 -1
29 21 -1
29 22 1
29 23 1
29 24 1
29 25 -1
29 27 1
29 30 1
29 32 1
29 43 1
29 55 1
29 61 1
29 62 1
30 8 -1
30 10 1
30 12 1
30 17 -1
30 19 1
30 20 -1
30 21 1
30 22 1
30 23 1
30 27 -1
30 28 1
30 29 1
30 32 1
30 47 1
30 49 1
30 58 -1
31 1 1
31 11 1
31 16 1
31 17 -1
31 18 1
31 19 1
31 21 1
31 22 1
31 23 1
31 24 1
31 26 1
31 27 1
31 32 1
31 36 1
31 40 1
31 54 1
32 1 1
32 4 1
32 9 -1
32 17 -1
32 18 1
32 24 1
32 25 1
32 26 -1
32 27 1
32 28 1
32 29 1
32 30 1
32 31 1
32 44 1
32 48 -1
32 63 1
33 6 -1
33 7 1
33 13 1
33 23 1
33 36 1
33 37 1
33 40 -1
33 41 1
33 43 1
33 44 1
33 45 1
33 46 1
33 47 1
33 48 1
33 64 -1
34 3 1
34 6 1
34 13 1
34 35 1
34 36 -1
34 37 1
34 38 -1
34 39 1
34 40 1
34 43 1
34 45 1
34 47 1
34 48 1
34 51 -1
34 60 1
35 4 1
35 21 1
35 22 1
35 34 1
35 37 1
35 39 1
35 41 1
35 42 1
35 43 1
35 44 1
35 45 -1
35 46 1
35 48 1
35 52 1
35 53 -1
35 60 1
36 6 1
36 10 1
36 20 1
36 21 -1
36 26 1
36 31 1
36 33 1
36 34 -1
36 38 1
36 40 1
36 41 -1
36 44 1
36 45 1
36 46 1
36 47 1
36 48 1
37 1 -1
37 22 1
37 24 1
37 33 1
37 34 1
37 35 1
37 38 -1
37 39 1
37 41 1
37 42 1
37 44 1
37 46 1
37 47 1
37 51 1
37 56 1
37 59 1
38 10 -1
38 12 1
38 14 1
38 16 1
38 17 -1
38 18 1
38 34 -1
38 36 1
38 37 -1
38 39 1
38 40 -1
38 41 1
38 42 1
38 44 1
38 46 -1
38 48 -1
39 8 1
39 13 -1
39 21 1
39 34 1
39 35 1
39 37 1
39 38 1
39 40 1
39 42 1
39 43 1
39 44 1
39 45 1
39 47 1
39 50 1
39 54 -1
39 56 -1
40 8 1
40 10 1
40 17 1
40 20 1
40 31 1
40 33 -1
40 34 1
40 36 1
40 38 -1
40 39 1
40 41 1
40 42 1
40 43 1
40 46 1
40 48 -1
40 59 1
41 16 1
41 19 1
41 23 1
41 28 1
41 33 1
41 35 1
41 36 -1
41 37 1
41 38 1
41 40 1
41 42 1
41 43 -1
41 45 -1
41 46 1
41 52 1
42 35 1
42 37 1
42 38 1
42 39 1
42 40 1
42 41 1
42 43 1
42 45 1
42 47 1
42 48 1
42 49 1
42 56 -1
42 57 -1
42 58 1
42 64 -1
43 9 1
43 12 -1
43 15 -1
43 29 1
43 33 1
43 34 1
43 35 1
43 39 1
43 40 1
43 41 -1
43 42 1
43 44 -1
43 46 1
43 47 1
43 55 -1
43 57 1
44 4 1
44 10 1
44 32 1
44 33 1
44 35 1
44 36 1
44 37 1
44 38 1
44 39 1
44 43 -1
44 45 1
44 47 1
44 48 1
44 55 1
44 58 1
44 62 1
45 15 1
45 19 1
45 33 1
45 34 1
45 35 -1
45 36 1
45 39 1
45 41 -1
45 42 1
45 44 1
45 46 1
45 48 1
45 55 1
45 57 1
46 2 1
46 3 1
46 6 1
46 10 -1
46 15 1
46 33 1
46 35 1
46 36 1
46 37 1
46 38 -1
46 40 1
46 41 1
46 43 1
46 45 1
46 47 1
46 64 1
47 2 1
47 18 -1
47 25 -1
47 30 1
47 33 1
47 34 1
47 36 1
47 37 1
47 39 1
47 42 1
47 43 1
47 44 1
47 46 1
47 48 1
47 62 1
48 14 1
48 16 1
48 32 -1
48 33 1
48 34 1
48 35 1
48 36 1
48 38 -1
48 40 -1
48 42 1
48 44 1
48 45 1
48 47 1
48 51 1
48 55 1
48 63 1
49 8 1
49 13 -1
49 24 1
49 26 1
49 30 1
49 42 1
49 52 1
49 55 1
49 57 -1
49 58 1
49 59 -1
49 60 1
49 61 1
49 62 1
49 63 1
49 64 1
50 5 1
50 13 -1
50 15 1
50 17 1
50 22 1
50 39 1
50 51 1
50 52 1
50 55 1
50 56 -1
50 58 -1
50 59 1
50 60 -1
50 61 1
50 62 1
50 63 -1
51 2 1
51 18 1
51 21 1
51 34 -1
51 37 1
51 48 1
51 50 1
51 52 1
51 53 1
51 54 1
51 56 1
51 58 1
51 59 -1
51 60 1
51 61 1
51 62 1
52 9 1
52 15 -1
52 20 1
52 35 1
52 41 1
52 49 1
52 50 1
52 51 1
52 55 1
52 56 1
52 58 1
52 59 1
52 60 1
52 63 1
52 64 1
53 3 -1
53 25 1
53 27 1
53 28 1
53 35 -1
53 51 1
53 54 1
53 55 1
53 56 -1
53 57 -1
53 58 1
53 60 1
53 61 1
53 63 1
53 64 1
54 1 1
54 4 1
54 11 1
54 16 1
54 31 1
54 39 -1
54 51 1
54 53 1
54 55 1
54 56 1
54 57 1
54 58 1
54 59 -1
54 61 1
54 62 1
54 63 1
55 20 1
55 29 1
55 43 -1
55 44 1
55 45 1
55 48 1
55 49 1
55 50 1
55 52 1
55 53 1
55 54 1
55 57 1
55 59 1
55 61 1
55 62 -1
55 63 1
56 14 -1
56 18 1
56 37 1
56 39 -1
56 42 -1
56 50 -1
56 51 1
56 52 1
56 53 -1
56 54 1
56 58 1
56 59 1
56 60 1
56 62 1
56 64 1
57 18 1
57 28 1
57 42 -1
57 43 1
57 45 1
57 49 -1
57 53 -1
57 54 1
57 55 1
57 59 1
57 60 -1
57 61 1
57 62 1
57 63 -1
57 64 1
58 22 1
58 24 1
58 26 1
58 30 -1
58 42 1
58 44 1
58 49 1
58 50 -1
58 51 1
58 52 1
58 53 1
58 54 1
58 56 1
58 62 1
58 63 -1
58 64 1
59 2 1
59 3 1
59 7 1
59 24 -1
59 37 1
59 40 1
59 49 -1
59 50 1
59 51 -1
59 52 1
59 54 -1
59 55 1
59 56 1
59 57 1
59 61 1
59 64 1
60 5 -1
60 11 1
60 23 1
60 34 1
60 35 1
60 49 1
60 50 -1
60 51 1
60 52 1
60 53 1
60 56 1
60 57 -1
60 62 1
60 63 1
60 64 1
61 3 -1
61 8 1
61 11 1
61 14 1
61 26 1
61 29 1
61 49 1
61 50 1
61 51 1
61 53 1
61 54 1
61 55 1
61 57 1
61 59 1
61 62 1
61 64 1
62 5 1
62 22 1
62 23 1
62 29 1
62 44 1
62 47 1
62 49 1
62 50 1
62 51 1
62 54 1
62 55 -1
62 56 1
62 57 1
62 58 1
62 60 1
62 61 1
63 7 1
63 15 1
63 27 1
63 32 1
63 48 1
63 49 1
63 50 -1
63 52 1
63 53 1
63 54 1
63 55 1
63 57 -1
63 58 -1
63 60 1
63 64 1
64 4 -1
64 22 1
64 27 -1
64 33 -1
64 42 -1
64 46 1
64 49 1
64 52 1
64 53 1
64 56 1
64 57 1
64 58 1
64 59 1
64 60 1
64 61 1
64 63 1
