1 2 1
1 5 1
1 6 1
1 7 1
1 8 -1
1 9 1
1 10 -1
1 14 1
1 15 1
1 16 1
1 34 1
1 36 1
1 42 -1
1 57 -1
1 58 -1
1 64 1
2 1 1
2 3 -1
2 4 -1
2 6 1
2 7 1
2 9 -1
2 11 1
2 12 1
2 14 -1
2 16 -1
2 18 -1
2 22 1
2 30 1
2 31 1
2 46 1
2 63 1
3 2 -1
3 5 -1
3 6 -1
3 7 -1
3 8 -1
3 9 1
3 10 -1
3 13 -1
3 14 1
3 16 -1
3 23 1
3 31 -1
3 35 1
3 49 -1
3 57 -1
3 59 -1
4 2 -1
4 5 1
4 6 -1
4 7 -1
4 8 -1
4 10 -1
4 11 1
4 12 1
4 13 -1
4 14 1
4 30 1
4 34 -1
4 36 1
4 39 -1
4 42 -1
4 48 -1
5 1 1
5 3 -1
5 4 1
5 6 1
5 8 1
5 11 1
5 12 1
5 13 1
5 14 -1
5 15 1
5 17 1
5 36 -1
5 42 1
5 51 -1
5 54 -1
5 57 -1
6 1 1
6 2 1
6 3 -1
6 4 -1
6 5 1
6 9 -1
6 10 -1
6 12 1
6 13 1
6 16 1
6 28 1
6 32 1
6 35 -1
6 47 -1
6 57 -1
6 60 1
7 1 1
7 2 1
7 3 -1
7 4 -1
7 8 1
7 9 1
7 10 -1
7 11 -1
7 15 -1
7 16 -1
7 32 1
7 36 -1
7 38 -1
7 42 1
7 46 1
7 47 1
8 1 -1
8 3 -1
8 4 -1
8 5 1
8 7 1
8 10 -1
8 11 1
8 12 -1
8 15 1
8 16 1
8 23 -1
8 25 -1
8 33 -1
8 43 -1
8 50 1
8 58 -1
9 1 1
9 2 -1
9 3 1
9 6 -1
9 7 1
9 11 -1
9 12 -1
9 14 1
9 15 1
9 16 1
9 32 -1
9 44 -1
9 50 1
9 53 -1
9 59 1
9 61 -1
10 1 -1
10 3 -1
10 4 -1
10 6 -1
10 7 -1
10 8 -1
10 11 -1
10 12 -1
10 13 -1
10 15 1
10 29 1
10 32 -1
10 34 -1
10 43 -1
10 46 1
10 48 1
11 2 1
11 4 1
11 5 1
11 7 -1
11 8 1
11 9 -1
11 10 -1
11 13 -1
11 15 1
11 16 -1
11 25 -1
11 35 1
11 48 -1
11 54 1
11 64 1
12 2 1
12 4 1
12 5 1
12 6 1
12 8 -1
12 9 -1
12 10 -1
12 13 -1
12 14 -1
12 15 -1
12 24 1
12 27 -1
12 28 1
12 29 -1
12 48 -1
13 3 -1
13 4 -1
13 5 1
13 6 1
13 10 -1
13 11 -1
13 12 -1
13 14 -1
13 15 1
13 16 1
13 35 -1
13 38 1
13 40 1
13 41 -1
13 63 1
13 64 1
14 1 1
14 2 -1
14 3 1
14 4 1
14 5 -1
14 9 1
14 12 -1
14 13 -1
14 15 1
14 16 -1
14 22 1
14 30 -1
14 41 -1
14 50 1
14 57 -1
14 64 1
15 1 1
15 5 1
15 7 -1
15 8 1
15 9 1
15 10 1
15 11 1
15 12 -1
15 13 1
15 14 1
15 21 1
15 23 -1
15 30 -1
15 45 1
15 51 -1
15 61 -1
16 1 1
16 2 -1
16 3 -1
16 6 1
16 7 -1
16 8 1
16 9 1
16 11 -1
16 13 1
16 14 -1
16 17 -1
16 18 1
16 29 -1
16 30 1
16 43 -1
16 58 -1
17 5 1
17 16 -1
17 18 -1
17 19 -1
17 21 1
17 22 -1
17 23 -1
17 24 1
17 25 -1
17 28 1
17 29 -1
17 31 -1
17 56 -1
17 59 -1
17 62 -1
17 64 -1
18 2 -1
18 16 1
18 17 -1
18 19 -1
18 21 -1
18 22 1
18 23 1
18 26 -1
18 27 1
18 30 -1
18 31 1
18 32 -1
18 37 1
18 55 -1
18 57 -1
19 17 -1
19 18 -1
19 22 1
19 23 1
19 24 1
19 25 1
19 26 1
19 27 1
19 31 1
19 32 -1
19 43 1
19 44 1
19 47 -1
19 49 -1
19 56 1
19 59 -1
20 21 1
20 23 -1
20 24 1
20 25 1
20 26 -1
20 27 -1
20 28 1
20 30 1
20 31 -1
20 32 -1
20 45 -1
20 48 -1
20 51 1
20 53 1
20 55 1
20 59 -1
21 15 1
21 17 1
21 18 -1
21 20 1
21 22 -1
21 23 1
21 24 1
21 26 -1
21 28 1
21 29 1
21 30 1
21 33 1
21 37 1
21 48 1
21 51 -1
21 63 1
22 2 1
22 14 1
22 17 -1
22 18 1
22 19 1
22 21 -1
22 24 1
22 25 -1
22 26 1
22 27 -1
22 28 1
22 29 -1
22 37 -1
22 58 -1
22 60 1
22 63 -1
23 3 1
23 8 -1
23 15 -1
23 17 -1
23 18 1
23 19 1
23 20 -1
23 21 1
23 24 1
23 26 1
23 28 1
23 30 -1
23 32 1
23 33 1
23 54 1
23 61 1
24 12 1
24 17 1
24 19 1
24 20 1
24 21 1
24 22 1
24 23 1
24 25 -1
24 28 -1
24 29 1
24 32 -1
24 34 1
24 46 -1
24 58 -1
24 62 -1
25 8 -1
25 11 -1
25 17 -1
25 19 1
25 20 1
25 22 -1
25 24 -1
25 27 -1
25 28 -1
25 29 1
25 30 -1
25 32 1
25 33 -1
25 54 1
25 60 1
25 64 1
26 18 -1
26 19 1
26 20 -1
26 21 -1
26 22 1
26 23 1
26 29 1
26 30 -1
26 31 1
26 32 1
26 33 1
26 35 -1
26 41 1
26 53 -1
26 55 -1
26 61 -1
27 12 -1
27 18 1
27 19 1
27 20 -1
27 22 -1
27 25 -1
27 28 1
27 29 1
27 30 1
27 31 -1
27 32 1
27 34 -1
27 40 1
27 42 1
27 63 1
28 6 1
28 12 1
28 17 1
28 20 1
28 21 1
28 22 1
28 23 1
28 24 -1
28 25 -1
28 27 1
28 30 -1
28 31 -1
28 40 -1
28 44 1
28 60 1
28 62 -1
29 10 1
29 12 -1
29 16 -1
29 17 -1
29 21 1
29 22 -1
29 24 1
29 25 1
29 26 1
29 27 1
29 30 -1
29 31 1
29 32 1
29 34 -1
29 44 1
29 53 1
30 2 1
30 4 1
30 14 -1
30 15 -1
30 16 1
30 18 -1
30 20 1
30 21 1
30 23 -1
30 25 -1
30 26 -1
30 27 1
30 28 -1
30 29 -1
30 31 -1
30 41 -1
31 2 1
31 3 -1
31 17 -1
31 18 1
31 19 1
31 20 -1
31 26 1
31 27 -1
31 28 -1
31 29 1
31 30 -1
31 32 1
31 36 -1
31 49 -1
31 61 1
31 63 1
32 6 1
32 7 1
32 9 -1
32 10 -1
32 18 -1
32 19 -1
32 20 -1
32 23 1
32 24 -1
32 25 1
32 26 1
32 27 1
32 29 1
32 31 1
32 47 -1
32 58 1
33 8 -1
33 21 1
33 23 1
33 25 -1
33 26 1
33 35 -1
33 38 -1
33 40 -1
33 41 1
33 42 -1
33 43 -1
33 44 -1
33 46 1
33 47 1
33 48 1
33 62 -1
34 1 1
34 4 -1
34 10 -1
34 24 1
34 27 -1
34 29 -1
34 35 -1
34 36 1
34 39 -1
34 40 -1
34 41 1
34 42 -1
34 43 1
34 45 -1
34 46 -1
34 47 -1
35 3 1
35 6 -1
35 11 1
35 13 -1
35 26 -1
35 33 -1
35 34 -1
35 36 -1
35 37 1
35 38 1
35 39 1
35 41 1
35 42 1
35 43 1
35 44 1
35 52 -1
36 1 1
36 4 1
36 5 -1
36 7 -1
36 31 -1
36 34 1
36 35 -1
36 38 1
36 39 -1
36 40 1
36 41 1
36 42 1
36 44 -1
36 47 1
36 48 -1
36 53 -1
37 18 1
37 21 1
37 22 -1
37 35 1
37 38 1
37 39 -1
37 40 -1
37 41 -1
37 42 -1
37 43 1
37 46 1
37 47 1
37 48 1
37 56 -1
38 7 -1
38 13 1
38 33 -1
38 35 1
38 36 1
38 37 1
38 39 -1
38 40 1
38 43 1
38 45 1
38 46 1
38 48 -1
38 49 -1
38 51 1
38 53 1
38 59 -1
39 4 -1
39 34 -1
39 35 1
39 36 -1
39 37 -1
39 38 -1
39 40 1
39 44 -1
39 45 -1
39 47 -1
39 48 1
39 55 -1
39 56 -1
39 60 1
39 62 1
40 13 1
40 27 1
40 28 -1
40 33 -1
40 34 -1
40 36 1
40 37 -1
40 38 1
40 39 1
40 42 -1
40 44 -1
40 45 1
40 47 1
40 52 1
40 60 -1
41 13 -1
41 14 -1
41 26 1
41 30 -1
41 33 1
41 34 1
41 35 1
41 36 1
41 37 -1
41 42 1
41 43 1
41 44 1
41 45 1
41 46 1
41 52 -1
41 62 1
42 1 -1
42 4 -1
42 5 1
42 7 1
42 27 1
42 33 -1
42 34 -1
42 35 1
42 36 1
42 37 -1
42 40 -1
42 41 1
42 45 1
42 47 1
42 48 1
42 61 1
43 8 -1
43 10 -1
43 16 -1
43 19 1
43 33 -1
43 34 1
43 35 1
43 37 1
43 38 1
43 41 1
43 44 -1
43 45 1
43 46 1
43 47 -1
43 49 -1
43 52 -1
44 9 -1
44 19 1
44 28 1
44 29 1
44 33 -1
44 35 1
44 36 -1
44 39 -1
44 40 -1
44 41 1
44 43 -1
44 45 -1
44 46 -1
44 48 -1
44 50 1
44 55 1
45 15 1
45 20 -1
45 34 -1
45 38 1
45 39 -1
45 40 1
45 41 1
45 42 1
45 43 1
45 44 -1
45 46 1
45 48 -1
45 49 -1
45 50 -1
45 51 1
45 52 1
46 2 1
46 7 1
46 10 1
46 24 -1
46 33 1
46 34 -1
46 37 1
46 38 1
46 41 1
46 43 1
46 44 -1
46 45 1
46 47 -1
46 48 -1
46 50 1
47 6 -1
47 7 1
47 19 -1
47 32 -1
47 33 1
47 34 -1
47 36 1
47 37 1
47 39 -1
47 40 1
47 42 1
47 43 -1
47 46 -1
47 48 1
47 54 1
47 55 1
48 4 -1
48 10 1
48 11 -1
48 12 -1
48 20 -1
48 21 1
48 33 1
48 36 -1
48 37 1
48 38 -1
48 39 1
48 42 1
48 44 -1
48 45 -1
48 46 -1
48 47 1
49 3 -1
49 19 -1
49 31 -1
49 38 -1
49 43 -1
49 45 -1
49 51 -1
49 52 -1
49 53 -1
49 54 -1
49 55 -1
49 57 1
49 60 1
49 61 -1
49 63 1
49 64 -1
50 8 1
50 9 1
50 14 1
50 44 1
50 45 -1
50 46 1
50 51 1
50 52 1
50 53 -1
50 54 1
50 56 1
50 57 1
50 58 1
50 59 1
50 60 -1
50 63 1
51 5 -1
51 15 -1
51 20 1
51 21 -1
51 38 1
51 45 1
51 49 -1
51 50 1
51 53 -1
51 54 -1
51 56 1
51 58 -1
51 59 -1
51 60 -1
51 61 1
51 62 1
52 35 -1
52 40 1
52 41 -1
52 43 -1
52 45 1
52 49 -1
52 50 1
52 54 -1
52 56 -1
52 57 -1
52 58 -1
52 60 1
52 61 1
52 62 -1
52 64 -1
53 9 -1
53 20 1
53 26 -1
53 29 1
53 36 -1
53 38 1
53 49 -1
53 50 -1
53 51 -1
53 55 -1
53 57 -1
53 59 -1
53 60 1
53 61 -1
53 62 1
53 64 -1
54 5 -1
54 11 1
54 23 1
54 25 1
54 47 1
54 49 -1
54 50 1
54 51 -1
54 52 -1
54 56 -1
54 57 -1
54 58 1
54 60 1
54 61 1
54 62 1
55 18 -1
55 20 1
55 26 -1
55 39 -1
55 44 1
55 47 1
55 49 -1
55 53 -1
55 56 1
55 57 -1
55 58 -1
55 59 -1
55 60 1
55 61 1
55 63 -1
55 64 -1
56 17 -1
56 19 1
56 37 -1
56 39 -1
56 50 1
56 51 1
56 52 -1
56 54 -1
56 55 1
56 57 1
56 58 -1
56 62 -1
56 63 1
56 64 1
57 1 -1
57 3 -1
57 5 -1
57 6 -1
57 14 -1
57 18 -1
57 49 1
57 50 1
57 52 -1
57 53 -1
57 54 -1
57 55 -1
57 56 1
57 60 1
57 62 -1
57 63 1
58 1 -1
58 8 -1
58 16 -1
58 22 -1
58 24 -1
58 32 1
58 50 1
58 51 -1
58 52 -1
58 54 1
58 55 -1
58 56 -1
58 59 -1
58 62 -1
58 63 -1
58 64 1
59 3 -1
59 9 1
59 17 -1
59 19 -1
59 20 -1
59 38 -1
59 50 1
59 51 -1
59 53 -1
59 55 -1
59 58 -1
59 60 -1
59 61 -1
59 62 -1
59 63 1
59 64 -1
60 6 1
60 22 1
60 25 1
60 28 1
60 39 1
60 40 -1
60 49 1
60 50 -1
60 51 -1
60 52 1
60 53 1
60 54 1
60 55 1
60 57 1
60 59 -1
60 61 1
61 9 -1
61 15 -1
61 23 1
61 26 -1
61 31 1
61 42 1
61 49 -1
61 51 1
61 52 1
61 53 -1
61 54 1
61 55 1
61 59 -1
61 60 1
61 63 1
61 64 1
62 17 -1
62 24 -1
62 28 -1
62 33 -1
62 39 1
62 41 1
62 51 1
62 52 -1
62 53 1
62 54 1
62 56 -1
62 57 -1
62 58 -1
62 59 -1
62 63 1
62 64 -1
63 2 1
63 13 1
63 21 1
63 22 -1
63 27 1
63 31 1
63 49 1
63 50 1
63 55 -1
63 56 1
63 57 1
63 58 -1
63 59 1
63 61 1
63 62 1
63 64 1
64 1 1
64 11 1
64 13 1
64 14 1
64 17 -1
64 25 1
64 49 -1
64 52 -1
64 53 -1
64 55 -1
64 56 1
64 58 1
64 59 -1
64 61 1
64 62 -1
64 63 1
