1 2 -1
1 3 -1
1 6 -1
1 7 -1
1 8 -1
1 9 1
1 10 1
1 11 -1
1 12 -1
1 14 -1
1 34 -1
1 40 -1
1 41 -1
1 48 -1
1 60 1
2 1 -1
2 3 -1
2 6 -1
2 7 1
2 10 -1
2 11 -1
2 12 -1
2 13 -1
2 14 1
2 15 -1
2 20 -1
2 21 -1
2 25 -1
2 27 -1
2 46 -1
2 57 -1
3 1 -1
3 2 -1
3 4 1
3 5 1
3 9 1
3 10 1
3 12 -1
3 13 -1
3 15 -1
3 16 -1
3 20 -1
3 24 -1
3 40 -1
3 41 -1
3 42 1
3 60 -1
4 3 1
4 5 1
4 7 -1
4 8 -1
4 9 -1
4 11 -1
4 12 -1
4 13 1
4 14 -1
4 16 -1
4 22 -1
4 28 -1
4 41 1
4 42 -1
5 3 1
5 4 1
5 8 -1
5 10 1
5 11 -1
5 12 -1
5 13 1
5 14 1
5 15 -1
5 16 1
5 17 -1
5 21 -1
5 27 -1
5 31 -1
5 39 -1
5 53 -1
6 1 -1
6 2 -1
6 7 -1
6 10 1
6 11 1
6 12 1
6 13 -1
6 14 1
6 15 -1
6 16 1
6 23 1
6 29 1
6 35 -1
6 37 1
6 50 -1
6 57 -1
7 1 -1
7 2 1
7 4 -1
7 6 -1
7 8 -1
7 9 -1
7 11 -1
7 12 -1
7 14 -1
7 16 1
7 17 -1
7 32 1
7 45 -1
7 59 1
7 61 -1
8 1 -1
8 4 -1
8 5 -1
8 7 -1
8 9 -1
8 10 -1
8 12 -1
8 14 -1
8 15 -1
8 16 -1
8 22 -1
8 36 1
8 40 -1
8 47 -1
8 57 1
8 63 -1
9 1 1
9 3 1
9 4 -1
9 7 -1
9 8 -1
9 10 -1
9 11 -1
9 13 -1
9 15 -1
9 16 -1
9 27 -1
9 33 -1
9 39 -1
9 52 1
9 56 -1
9 63 -1
10 1 1
10 2 -1
10 3 1
10 5 1
10 6 1
10 8 -1
10 9 -1
10 14 -1
10 15 1
10 16 -1
10 24 -1
10 37 -1
10 40 1
10 54 -1
10 57 -1
10 59 -1
11 1 -1
11 2 -1
11 4 -1
11 5 -1
11 6 1
11 7 -1
11 9 -1
11 13 -1
11 14 -1
11 15 -1
11 34 -1
11 45 -1
11 48 -1
11 49 -1
11 52 -1
12 1 -1
12 2 -1
12 3 -1
12 4 -1
12 5 -1
12 6 1
12 7 -1
12 8 -1
12 13 -1
12 14 -1
12 18 1
12 23 -1
12 33 1
12 34 -1
12 45 -1
12 64 -1
13 2 -1
13 3 -1
13 4 1
13 5 1
13 6 -1
13 9 -1
13 11 -1
13 12 -1
13 15 -1
13 16 -1
13 17 -1
13 23 1
13 35 1
13 36 -1
13 38 -1
13 52 -1
14 1 -1
14 2 1
14 4 -1
14 5 1
14 6 1
14 7 -1
14 8 -1
14 10 -1
14 11 -1
14 12 -1
14 26 -1
14 38 -1
14 60 -1
14 61 -1
15 2 -1
15 3 -1
15 5 -1
15 6 -1
15 8 -1
15 9 -1
15 10 1
15 11 -1
15 13 -1
15 16 1
15 28 -1
15 31 1
15 32 -1
15 52 -1
15 56 -1
16 3 -1
16 4 -1
16 5 1
16 6 1
16 7 1
16 8 -1
16 9 -1
16 10 -1
16 13 -1
16 15 1
16 21 1
16 26 -1
16 30 -1
16 33 -1
16 39 -1
16 50 -1
17 5 -1
17 7 -1
17 13 -1
17 18 -1
17 21 -1
17 22 -1
17 23 1
17 24 -1
17 26 -1
17 27 -1
17 30 -1
17 31 -1
17 32 -1
17 36 -1
17 47 -1
17 57 -1
18 12 1
18 17 -1
18 19 -1
18 23 -1
18 24 -1
18 25 -1
18 26 -1
18 29 -1
18 30 1
18 31 -1
18 32 -1
18 34 -1
18 38 -1
18 40 -1
18 43 -1
18 58 -1
19 18 -1
19 20 -1
19 21 -1
19 22 1
19 24 -1
19 26 -1
19 27 -1
19 28 -1
19 31 -1
19 32 -1
19 41 -1
19 44 -1
19 50 1
19 51 -1
19 56 -1
19 63 -1
20 2 -1
20 3 -1
20 19 -1
20 21 -1
20 23 -1
20 24 -1
20 25 1
20 26 1
20 27 1
20 28 -1
20 29 -1
20 31 -1
20 47 1
20 51 1
20 63 1
21 2 -1
21 5 -1
21 16 1
21 17 -1
21 19 -1
21 20 -1
21 23 -1
21 24 -1
21 27 -1
21 29 1
21 30 -1
21 31 -1
21 32 -1
21 44 1
21 46 -1
21 53 1
22 4 -1
22 8 -1
22 17 -1
22 19 1
22 24 -1
22 25 -1
22 26 -1
22 27 -1
22 29 1
22 30 -1
22 31 1
22 32 1
22 41 -1
22 43 -1
22 49 -1
22 53 -1
23 6 1
23 12 -1
23 13 1
23 17 1
23 18 -1
23 20 -1
23 21 -1
23 25 -1
23 26 -1
23 28 1
23 29 -1
23 30 -1
23 32 -1
23 35 -1
23 52 1
23 60 -1
24 3 -1
24 10 -1
24 17 -1
24 18 -1
24 19 -1
24 20 -1
24 21 -1
24 22 -1
24 25 -1
24 28 -1
24 29 -1
24 30 1
24 39 -1
24 40 -1
24 54 -1
24 62 -1
25 2 -1
25 18 -1
25 20 1
25 22 -1
25 23 -1
25 24 -1
25 26 1
25 28 -1
25 29 -1
25 30 -1
25 31 -1
25 35 -1
25 36 -1
25 52 -1
25 55 -1
25 61 -1
26 14 -1
26 16 -1
26 17 -1
26 18 -1
26 19 -1
26 20 1
26 22 -1
26 23 -1
26 25 1
26 27 -1
26 28 -1
26 32 1
26 42 -1
26 44 1
26 58 1
26 59 -1
27 2 -1
27 5 -1
27 9 -1
27 17 -1
27 19 -1
27 20 1
27 21 -1
27 22 -1
27 26 -1
27 29 1
27 30 1
27 31 -1
27 32 -1
27 34 -1
27 38 -1
27 64 -1
28 4 -1
28 15 -1
28 19 -1
28 20 -1
28 23 1
28 24 -1
28 25 -1
28 26 -1
28 29 -1
28 30 -1
28 31 -1
28 32 1
28 42 -1
28 51 1
28 62 -1
29 6 1
29 18 -1
29 20 -1
29 21 1
29 22 1
29 23 -1
29 24 -1
29 25 -1
29 27 1
29 28 -1
29 31 -1
29 36 -1
29 37 -1
29 45 1
29 50 -1
29 56 -1
30 16 -1
30 17 -1
30 18 1
30 21 -1
30 22 -1
30 23 -1
30 24 1
30 25 -1
30 27 1
30 28 -1
30 32 -1
30 54 -1
30 58 1
30 62 -1
30 64 -1
31 5 -1
31 15 1
31 17 -1
31 18 -1
31 19 -1
31 20 -1
31 21 -1
31 22 1
31 25 -1
31 27 -1
31 28 -1
31 29 -1
31 38 -1
31 49 -1
31 51 -1
32 7 1
32 15 -1
32 17 -1
32 18 -1
32 19 -1
32 21 -1
32 22 1
32 23 -1
32 26 1
32 27 -1
32 28 1
32 30 -1
32 47 -1
32 49 -1
32 55 -1
33 9 -1
33 12 1
33 16 -1
33 35 -1
33 36 -1
33 39 -1
33 40 -1
33 41 -1
33 44 -1
33 45 1
33 46 -1
33 47 1
33 48 -1
33 56 -1
33 60 1
33 63 -1
34 1 -1
34 11 -1
34 12 -1
34 18 -1
34 27 -1
34 35 1
34 36 -1
34 37 -1
34 40 -1
34 41 -1
34 42 1
34 43 -1
34 44 1
34 45 -1
34 47 1
34 59 -1
35 6 -1
35 13 1
35 23 -1
35 25 -1
35 33 -1
35 34 1
35 38 -1
35 39 -1
35 40 -1
35 41 -1
35 44 -1
35 45 -1
35 46 -1
35 48 -1
35 55 -1
35 61 -1
36 8 1
36 13 -1
36 17 -1
36 25 -1
36 29 -1
36 33 -1
36 34 -1
36 37 -1
36 38 -1
36 39 -1
36 41 1
36 42 -1
36 43 1
36 45 -1
36 47 -1
36 58 -1
37 6 1
37 10 -1
37 29 -1
37 34 -1
37 36 -1
37 38 -1
37 39 -1
37 41 -1
37 42 1
37 44 -1
37 45 -1
37 46 -1
37 47 -1
37 49 -1
37 51 1
37 63 -1
38 13 -1
38 14 -1
38 18 -1
38 27 -1
38 31 -1
38 35 -1
38 36 -1
38 37 -1
38 39 -1
38 40 -1
38 41 -1
38 43 -1
38 46 -1
38 47 -1
38 48 1
39 5 -1
39 9 -1
39 16 -1
39 24 -1
39 33 -1
39 35 -1
39 36 -1
39 37 -1
39 38 -1
39 40 -1
39 41 -1
39 42 -1
39 43 -1
39 48 -1
39 54 -1
39 59 -1
40 1 -1
40 3 -1
40 8 -1
40 10 1
40 18 -1
40 24 -1
40 33 -1
40 34 -1
40 35 -1
40 38 -1
40 39 -1
40 43 -1
40 45 -1
40 46 1
40 47 -1
40 48 -1
41 1 -1
41 3 -1
41 4 1
41 19 -1
41 22 -1
41 33 -1
41 34 -1
41 35 -1
41 36 1
41 37 -1
41 38 -1
41 39 -1
41 44 -1
41 46 -1
41 48 -1
42 3 1
42 4 -1
42 26 -1
42 28 -1
42 34 1
42 36 -1
42 37 1
42 39 -1
42 43 -1
42 44 -1
42 45 -1
42 46 -1
42 47 1
42 48 -1
42 53 -1
42 54 -1
43 18 -1
43 22 -1
43 34 -1
43 36 1
43 38 -1
43 39 -1
43 40 -1
43 42 -1
43 44 1
43 45 -1
43 47 -1
43 48 -1
43 50 -1
43 53 -1
43 57 -1
43 64 -1
44 19 -1
44 21 1
44 26 1
44 33 -1
44 34 1
44 35 -1
44 37 -1
44 41 -1
44 42 -1
44 43 1
44 46 -1
44 47 -1
44 48 1
44 54 -1
44 58 -1
44 64 -1
45 7 -1
45 11 -1
45 12 -1
45 29 1
45 33 1
45 34 -1
45 35 -1
45 36 -1
45 37 -1
45 40 -1
45 42 -1
45 43 -1
45 46 -1
45 48 -1
45 50 -1
45 59 -1
46 2 -1
46 21 -1
46 33 -1
46 35 -1
46 37 -1
46 38 -1
46 40 1
46 41 -1
46 42 -1
46 44 -1
46 45 -1
46 47 -1
46 53 -1
46 55 -1
46 62 1
47 8 -1
47 17 -1
47 20 1
47 32 -1
47 33 1
47 34 1
47 36 -1
47 37 -1
47 38 -1
47 40 -1
47 42 1
47 43 -1
47 44 -1
47 46 -1
47 55 -1
47 56 1
48 1 -1
48 11 -1
48 33 -1
48 35 -1
48 38 1
48 39 -1
48 40 -1
48 41 -1
48 42 -1
48 43 -1
48 44 1
48 45 -1
48 58 -1
48 62 -1
48 64 -1
49 11 -1
49 22 -1
49 31 -1
49 32 -1
49 37 -1
49 51 -1
49 52 -1
49 53 -1
49 54 -1
49 57 -1
49 58 -1
49 60 -1
49 62 1
49 63 1
49 64 1
50 6 -1
50 16 -1
50 19 1
50 29 -1
50 43 -1
50 45 -1
50 51 -1
50 52 -1
50 54 -1
50 55 -1
50 57 -1
50 58 -1
50 59 -1
50 60 -1
50 61 -1
50 63 -1
51 19 -1
51 20 1
51 28 1
51 31 -1
51 37 1
51 49 -1
51 50 -1
51 54 -1
51 55 -1
51 56 -1
51 57 -1
51 58 -1
51 60 -1
51 61 1
51 62 -1
52 9 1
52 11 -1
52 13 -1
52 15 -1
52 23 1
52 25 -1
52 49 -1
52 50 -1
52 54 -1
52 55 -1
52 56 -1
52 58 1
52 59 1
52 60 -1
52 62 -1
52 63 -1
53 5 -1
53 21 1
53 22 -1
53 42 -1
53 43 -1
53 46 -1
53 49 -1
53 54 -1
53 55 -1
53 56 -1
53 57 -1
53 58 -1
53 59 -1
53 61 -1
53 62 -1
53 63 -1
54 10 -1
54 24 -1
54 30 -1
54 39 -1
54 42 -1
54 44 -1
54 49 -1
54 50 -1
54 51 -1
54 52 -1
54 53 -1
54 55 1
54 56 -1
54 57 -1
54 62 -1
54 64 -1
55 25 -1
55 32 -1
55 35 -1
55 46 -1
55 47 -1
55 50 -1
55 51 -1
55 52 -1
55 53 -1
55 54 1
55 56 1
55 58 -1
55 59 -1
55 60 -1
55 62 -1
56 9 -1
56 15 -1
56 19 -1
56 29 -1
56 33 -1
56 47 1
56 51 -1
56 52 -1
56 53 -1
56 54 -1
56 55 1
56 57 -1
56 58 1
56 61 -1
56 62 -1
56 64 -1
57 2 -1
57 6 -1
57 8 1
57 10 -1
57 17 -1
57 43 -1
57 49 -1
57 50 -1
57 51 -1
57 53 -1
57 54 -1
57 56 -1
57 59 -1
57 61 -1
57 63 -1
57 64 -1
58 18 -1
58 26 1
58 30 1
58 36 -1
58 44 -1
58 48 -1
58 49 -1
58 50 -1
58 51 -1
58 52 1
58 53 -1
58 55 -1
58 56 1
58 60 -1
58 63 -1
58 64 1
59 7 1
59 10 -1
59 26 -1
59 34 -1
59 39 -1
59 45 -1
59 50 -1
59 52 1
59 53 -1
59 55 -1
59 57 -1
59 60 1
59 61 -1
59 62 1
59 63 -1
59 64 -1
60 1 1
60 3 -1
60 14 -1
60 23 -1
60 33 1
60 49 -1
60 50 -1
60 51 -1
60 52 -1
60 55 -1
60 58 -1
60 59 1
60 61 -1
60 63 -1
60 64 -1
61 7 -1
61 14 -1
61 25 -1
61 35 -1
61 50 -1
61 51 1
61 53 -1
61 56 -1
61 57 -1
61 59 -1
61 60 -1
61 62 -1
61 63 -1
61 64 -1
62 24 -1
62 28 -1
62 30 -1
62 46 1
62 48 -1
62 49 1
62 51 -1
62 52 -1
62 53 -1
62 54 -1
62 55 -1
62 56 -1
62 59 1
62 61 -1
62 64 -1
63 8 -1
63 9 -1
63 19 -1
63 20 1
63 33 -1
63 37 -1
63 49 1
63 50 -1
63 52 -1
63 53 -1
63 57 -1
63 58 -1
63 59 -1
63 60 -1
63 61 -1
63 64 1
64 12 -1
64 27 -1
64 30 -1
64 43 -1
64 44 -1
64 48 -1
64 49 1
64 54 -1
64 56 -1
64 57 -1
64 58 1
64 59 -1
64 60 -1
64 61 -1
64 62 -1
64 63 1
