1 3 -1
1 7 -1
1 8 -1
1 9 1
1 10 -1
1 11 1
1 12 -1
1 13 1
1 14 1
1 15 1
1 18 -1
1 21 -1
1 23 -1
1 25 -1
1 34 -1
1 42 -1
2 3 -1
2 4 1
2 6 -1
2 7 1
2 8 -1
2 9 1
2 10 -1
2 11 -1
2 12 1
2 16 -1
2 22 1
2 24 -1
2 44 -1
2 47 -1
2 54 -1
2 55 -1
3 1 -1
3 2 -1
3 4 -1
3 7 -1
3 8 -1
3 9 -1
3 10 1
3 11 1
3 15 1
3 16 -1
3 19 1
3 28 -1
3 29 -1
3 33 1
3 44 -1
3 62 1
4 2 1
4 3 -1
4 5 -1
4 8 -1
4 9 -1
4 11 1
4 13 -1
4 14 -1
4 15 -1
4 16 -1
4 19 -1
4 20 1
4 39 -1
4 41 1
4 49 -1
4 55 -1
5 4 -1
5 6 1
5 7 -1
5 9 -1
5 10 1
5 11 -1
5 12 -1
5 13 -1
5 14 -1
5 16 1
5 28 -1
5 42 1
5 48 1
5 51 1
5 54 -1
5 64 -1
6 2 -1
6 5 1
6 7 -1
6 9 1
6 10 1
6 11 -1
6 13 1
6 14 -1
6 15 1
6 16 -1
6 21 -1
6 23 -1
6 32 -1
6 37 1
6 57 -1
6 63 1
7 1 -1
7 2 1
7 3 -1
7 5 -1
7 6 -1
7 9 -1
7 12 -1
7 13 -1
7 15 1
7 16 1
7 40 -1
7 42 -1
7 45 -1
7 52 1
7 64 1
8 1 -1
8 2 -1
8 3 -1
8 4 -1
8 9 1
8 10 -1
8 12 -1
8 13 1
8 14 1
8 16 -1
8 21 -1
8 41 -1
8 44 1
8 54 -1
8 60 -1
9 1 1
9 2 1
9 3 -1
9 4 -1
9 5 -1
9 6 1
9 7 -1
9 8 1
9 12 -1
9 15 1
9 18 -1
9 23 -1
9 31 -1
9 34 -1
9 35 -1
9 45 1
10 1 -1
10 2 -1
10 3 1
10 5 1
10 6 1
10 8 -1
10 13 -1
10 14 -1
10 15 1
10 16 -1
10 34 1
10 42 -1
10 56 -1
10 57 1
10 60 1
10 61 -1
11 1 1
11 2 -1
11 3 1
11 4 1
11 5 -1
11 6 -1
11 12 1
11 13 -1
11 14 1
11 15 -1
11 29 1
11 35 1
11 38 1
11 43 1
11 44 -1
11 46 -1
12 1 -1
12 2 1
12 5 -1
12 7 -1
12 8 -1
12 9 -1
12 11 1
12 13 -1
12 14 -1
12 15 1
12 24 1
12 25 -1
12 30 1
12 57 1
12 58 1
13 1 1
13 4 -1
13 5 -1
13 6 1
13 7 -1
13 8 1
13 10 -1
13 11 -1
13 12 -1
13 14 -1
13 22 -1
13 44 1
13 46 -1
13 50 -1
13 63 1
13 64 1
14 1 1
14 4 -1
14 5 -1
14 6 -1
14 8 1
14 10 -1
14 11 1
14 12 -1
14 13 -1
14 16 1
14 25 -1
14 29 1
14 55 -1
14 57 -1
14 59 -1
15 1 1
15 3 1
15 4 -1
15 6 1
15 7 1
15 9 1
15 10 1
15 11 -1
15 12 1
15 16 -1
15 26 -1
15 34 -1
15 36 -1
15 42 -1
15 52 1
16 2 -1
16 3 -1
16 4 -1
16 5 1
16 6 -1
16 7 1
16 8 -1
16 10 -1
16 14 1
16 15 -1
16 31 -1
16 32 -1
16 47 -1
16 49 -1
16 50 1
17 18 -1
17 19 -1
17 20 -1
17 21 1
17 22 1
17 24 -1
17 25 1
17 26 1
17 29 -1
17 31 -1
17 35 1
17 37 -1
17 43 -1
17 45 1
17 49 -1
17 63 -1
18 1 -1
18 9 -1
18 17 -1
18 19 -1
18 20 -1
18 22 -1
18 23 -1
18 24 -1
18 25 1
18 29 -1
18 30 1
18 31 -1
18 33 -1
18 39 -1
18 45 1
18 63 1
19 3 1
19 4 -1
19 17 -1
19 18 -1
19 21 -1
19 22 1
19 27 -1
19 28 -1
19 29 -1
19 30 1
19 31 -1
19 32 1
19 36 -1
19 38 -1
19 60 1
19 62 1
20 4 1
20 17 -1
20 18 -1
20 23 -1
20 24 -1
20 26 -1
20 27 1
20 28 1
20 29 1
20 30 1
20 32 1
20 37 -1
20 52 -1
20 58 1
20 64 1
21 1 -1
21 6 -1
21 8 -1
21 17 1
21 19 -1
21 23 -1
21 24 1
21 25 -1
21 26 -1
21 27 1
21 28 1
21 31 -1
21 32 -1
21 40 -1
21 48 1
21 50 1
22 2 1
22 13 -1
22 17 1
22 18 -1
22 19 1
22 23 1
22 24 -1
22 27 1
22 28 1
22 29 1
22 31 -1
22 32 -1
22 39 1
22 48 -1
22 52 1
22 58 1
23 1 -1
23 6 -1
23 9 -1
23 18 -1
23 20 -1
23 21 -1
23 22 1
23 25 -1
23 26 -1
23 27 -1
23 28 -1
23 31 -1
23 32 1
23 56 -1
23 60 1
23 64 -1
24 2 -1
24 12 1
24 17 -1
24 18 -1
24 20 -1
24 21 1
24 22 -1
24 25 1
24 26 1
24 28 1
24 30 -1
24 32 -1
24 35 1
24 39 -1
24 50 1
25 1 -1
25 12 -1
25 14 -1
25 17 1
25 18 1
25 21 -1
25 23 -1
25 24 1
25 26 -1
25 27 -1
25 28 1
25 30 -1
25 31 -1
25 46 -1
25 47 1
25 56 -1
26 15 -1
26 17 1
26 20 -1
26 21 -1
26 23 -1
26 24 1
26 25 -1
26 29 -1
26 30 1
26 31 -1
26 32 1
26 33 1
26 52 -1
26 53 1
26 62 -1
27 19 -1
27 20 1
27 21 1
27 22 1
27 23 -1
27 25 -1
27 28 1
27 29 1
27 30 -1
27 32 1
27 33 -1
27 39 1
27 50 1
27 59 -1
27 60 1
28 3 -1
28 5 -1
28 19 -1
28 20 1
28 21 1
28 22 1
28 23 -1
28 24 1
28 25 1
28 27 1
28 30 -1
28 32 1
28 37 1
28 45 1
28 56 -1
28 61 1
29 3 -1
29 11 1
29 14 1
29 17 -1
29 18 -1
29 19 -1
29 20 1
29 22 1
29 26 -1
29 27 1
29 30 1
29 31 1
29 32 -1
29 36 -1
29 41 -1
29 61 1
30 12 1
30 18 1
30 19 1
30 20 1
30 24 -1
30 25 -1
30 26 1
30 27 -1
30 28 -1
30 29 1
30 31 1
30 37 1
30 43 1
30 48 1
30 61 1
31 9 -1
31 16 -1
31 17 -1
31 18 -1
31 19 -1
31 21 -1
31 22 -1
31 23 -1
31 25 -1
31 26 -1
31 29 1
31 30 1
31 44 1
31 54 -1
31 56 1
32 6 -1
32 16 -1
32 19 1
32 20 1
32 21 -1
32 22 -1
32 23 1
32 24 -1
32 26 1
32 27 1
32 28 1
32 29 -1
32 49 1
32 55 -1
32 58 -1
32 62 -1
33 3 1
33 18 -1
33 26 1
33 27 -1
33 34 -1
33 36 -1
33 38 -1
33 39 1
33 41 -1
33 42 1
33 43 -1
33 46 1
33 47 -1
33 48 -1
33 58 1
33 59 -1
34 1 -1
34 9 -1
34 10 1
34 15 -1
34 33 -1
34 35 -1
34 38 1
34 39 -1
34 40 -1
34 41 -1
34 42 -1
34 45 -1
34 46 1
34 47 -1
34 55 -1
34 59 -1
35 9 -1
35 11 1
35 17 1
35 24 1
35 34 -1
35 36 -1
35 37 -1
35 40 -1
35 43 -1
35 44 -1
35 45 1
35 46 -1
35 47 -1
35 48 -1
35 58 -1
35 62 1
36 15 -1
36 19 -1
36 29 -1
36 33 -1
36 35 -1
36 38 -1
36 39 -1
36 40 1
36 41 -1
36 42 -1
36 44 -1
36 45 1
36 48 -1
36 51 -1
36 59 -1
36 63 1
37 6 1
37 17 -1
37 20 -1
37 28 1
37 30 1
37 35 -1
37 38 -1
37 39 -1
37 40 1
37 43 -1
37 44 -1
37 45 -1
37 46 -1
37 47 1
37 48 -1
37 61 -1
38 11 1
38 19 -1
38 33 -1
38 34 1
38 36 -1
38 37 -1
38 39 1
38 40 1
38 41 1
38 43 -1
38 44 -1
38 48 1
38 49 1
38 53 -1
38 61 1
39 4 -1
39 18 -1
39 22 1
39 24 -1
39 27 1
39 33 1
39 34 -1
39 36 -1
39 37 -1
39 38 1
39 42 1
39 44 1
39 45 1
39 47 -1
39 48 -1
40 7 -1
40 21 -1
40 34 -1
40 35 -1
40 36 1
40 37 1
40 38 1
40 41 -1
40 42 -1
40 44 -1
40 45 -1
40 47 -1
40 51 -1
40 53 -1
40 59 -1
41 4 1
41 8 -1
41 29 -1
41 33 -1
41 34 -1
41 36 -1
41 38 1
41 40 -1
41 43 1
41 44 -1
41 45 -1
41 46 -1
41 47 -1
41 49 -1
41 54 1
41 55 1
42 1 -1
42 5 1
42 7 -1
42 10 -1
42 15 -1
42 33 1
42 34 -1
42 36 -1
42 39 1
42 40 -1
42 43 1
42 45 1
42 46 1
42 47 1
42 48 -1
42 63 -1
43 11 1
43 17 -1
43 30 1
43 33 -1
43 35 -1
43 37 -1
43 38 -1
43 41 1
43 42 1
43 45 -1
43 46 -1
43 47 1
43 48 -1
43 51 -1
43 52 -1
43 60 1
44 2 -1
44 3 -1
44 8 1
44 11 -1
44 13 1
44 31 1
44 35 -1
44 36 -1
44 37 -1
44 38 -1
44 39 1
44 40 -1
44 41 -1
44 46 1
44 47 1
44 48 1
45 7 -1
45 9 1
45 17 1
45 18 1
45 28 1
45 34 -1
45 35 1
45 36 1
45 37 -1
45 39 1
45 40 -1
45 41 -1
45 42 1
45 43 -1
45 46 1
46 11 -1
46 13 -1
46 25 -1
46 33 1
46 34 1
46 35 -1
46 37 -1
46 41 -1
46 42 1
46 43 -1
46 44 1
46 45 1
46 48 1
46 53 1
46 56 1
46 62 -1
47 2 -1
47 16 -1
47 25 1
47 33 -1
47 34 -1
47 35 -1
47 37 1
47 39 -1
47 40 -1
47 41 -1
47 42 1
47 43 1
47 44 1
47 50 -1
47 51 1
48 5 1
48 21 1
48 22 -1
48 30 1
48 33 -1
48 35 -1
48 36 -1
48 37 -1
48 38 1
48 39 -1
48 42 -1
48 43 -1
48 44 1
48 46 1
48 57 -1
49 4 -1
49 16 -1
49 17 -1
49 32 1
49 38 1
49 41 -1
49 52 -1
49 53 1
49 54 1
49 55 -1
49 57 -1
49 59 1
49 61 1
49 62 1
49 63 -1
49 64 -1
50 13 -1
50 16 1
50 21 1
50 24 1
50 27 1
50 47 -1
50 51 -1
50 52 -1
50 53 -1
50 55 -1
50 56 -1
50 57 1
50 58 -1
50 59 -1
50 61 1
50 62 -1
51 5 1
51 36 -1
51 40 -1
51 43 -1
51 47 1
51 50 -1
51 52 -1
51 53 1
51 55 1
51 56 -1
51 57 1
51 58 1
51 60 -1
51 62 -1
51 63 -1
52 7 1
52 15 1
52 20 -1
52 22 1
52 26 -1
52 43 -1
52 49 -1
52 50 -1
52 51 -1
52 54 -1
52 56 -1
52 58 1
52 59 -1
52 62 1
52 63 -1
52 64 1
53 26 1
53 38 -1
53 40 -1
53 46 1
53 49 1
53 50 -1
53 51 1
53 54 -1
53 56 -1
53 58 -1
53 59 1
53 60 -1
53 61 -1
53 63 1
54 2 -1
54 5 -1
54 8 -1
54 31 -1
54 41 1
54 49 1
54 52 -1
54 53 -1
54 56 1
54 57 -1
54 58 -1
54 60 -1
54 61 -1
54 63 -1
54 64 -1
55 2 -1
55 4 -1
55 14 -1
55 32 -1
55 34 -1
55 41 1
55 49 -1
55 50 -1
55 51 1
55 56 1
55 57 -1
55 58 -1
55 59 -1
55 60 -1
55 62 1
55 63 1
56 10 -1
56 23 -1
56 25 -1
56 28 -1
56 31 1
56 46 1
56 50 -1
56 51 -1
56 52 -1
56 53 -1
56 54 1
56 55 1
56 60 1
56 61 1
56 62 -1
56 64 -1
57 6 -1
57 10 1
57 12 1
57 14 -1
57 48 -1
57 49 -1
57 50 1
57 51 1
57 54 -1
57 55 -1
57 58 -1
57 60 1
57 61 1
57 63 -1
57 64 -1
58 12 1
58 20 1
58 22 1
58 32 -1
58 33 1
58 35 -1
58 50 -1
58 51 1
58 52 1
58 53 -1
58 54 -1
58 55 -1
58 57 -1
58 59 1
58 62 -1
58 63 -1
59 14 -1
59 27 -1
59 33 -1
59 34 -1
59 36 -1
59 40 -1
59 49 1
59 50 -1
59 52 -1
59 53 1
59 55 -1
59 58 1
59 60 1
59 61 1
59 62 -1
59 64 1
60 8 -1
60 10 1
60 19 1
60 23 1
60 27 1
60 43 1
60 51 -1
60 53 -1
60 54 -1
60 55 -1
60 56 1
60 57 1
60 59 1
60 61 1
60 63 -1
60 64 -1
61 10 -1
61 28 1
61 29 1
61 30 1
61 37 -1
61 38 1
61 49 1
61 50 1
61 53 -1
61 54 -1
61 56 1
61 57 1
61 59 1
61 60 1
61 62 -1
61 64 -1
62 3 1
62 19 1
62 26 -1
62 32 -1
62 35 1
62 46 -1
62 49 1
62 50 -1
62 51 -1
62 52 1
62 55 1
62 56 -1
62 58 -1
62 59 -1
62 61 -1
62 64 1
63 6 1
63 13 1
63 17 -1
63 18 1
63 36 1
63 42 -1
63 49 -1
63 51 -1
63 52 -1
63 53 1
63 54 -1
63 55 1
63 57 -1
63 58 -1
63 60 -1
63 64 -1
64 5 -1
64 7 1
64 13 1
64 20 1
64 23 -1
64 49 -1
64 52 1
64 54 -1
64 56 -1
64 57 -1
64 59 1
64 60 -1
64 61 -1
64 62 1
64 63 -1
