1 3 -1
1 4 -1
1 6 1
1 10 -1
1 11 1
1 12 1
1 13 -1
1 14 1
1 15 -1
1 16 -1
1 32 1
1 40 1
1 44 -1
1 47 1
1 48 -1
1 58 1
2 3 1
2 5 1
2 7 1
2 8 1
2 9 -1
2 10 1
2 11 1
2 12 1
2 13 -1
2 15 -1
2 20 1
2 22 -1
2 29 1
2 38 -1
2 54 1
2 59 1
3 1 -1
3 2 1
3 4 1
3 5 1
3 6 1
3 7 1
3 9 1
3 12 1
3 15 1
3 16 1
3 18 1
3 21 1
3 31 1
3 41 -1
3 56 1
3 61 1
4 1 -1
4 3 1
4 5 -1
4 6 -1
4 8 1
4 9 1
4 10 1
4 11 1
4 13 -1
4 14 -1
4 26 1
4 29 -1
4 33 1
4 36 1
4 37 1
4 57 -1
5 2 1
5 3 1
5 4 -1
5 6 1
5 7 -1
5 10 1
5 11 -1
5 12 -1
5 15 1
5 16 1
5 17 -1
5 19 -1
5 29 1
5 34 -1
5 43 1
5 58 -1
6 1 1
6 3 1
6 4 -1
6 5 1
6 8 -1
6 12 1
6 13 -1
6 14 -1
6 15 1
6 16 -1
6 21 -1
6 26 1
6 40 1
6 48 -1
6 55 -1
6 64 1
7 2 1
7 3 1
7 5 -1
7 9 -1
7 10 -1
7 11 -1
7 12 1
7 14 1
7 15 -1
7 16 -1
7 19 -1
7 35 1
7 36 1
7 39 1
7 50 -1
8 2 1
8 4 1
8 6 -1
8 9 1
8 10 1
8 11 1
8 13 -1
8 14 1
8 15 1
8 16 1
8 22 -1
8 31 -1
8 33 1
8 38 -1
8 43 1
9 2 -1
9 3 1
9 4 1
9 7 -1
9 8 1
9 12 1
9 13 1
9 14 1
9 15 -1
9 16 -1
9 24 1
9 36 1
9 38 1
9 40 1
9 59 -1
9 61 1
10 1 -1
10 2 1
10 4 1
10 5 1
10 7 -1
10 8 1
10 11 -1
10 12 1
10 13 -1
10 16 1
10 26 1
10 30 1
10 32 1
10 44 -1
10 57 1
10 64 1
11 1 1
11 2 1
11 4 1
11 5 -1
11 7 -1
11 8 1
11 10 -1
11 13 1
11 14 1
11 15 1
11 33 1
11 36 1
11 38 1
11 39 1
11 46 1
11 47 1
12 1 1
12 2 1
12 3 1
12 5 -1
12 6 1
12 7 1
12 9 1
12 10 1
12 13 1
12 14 -1
12 20 1
12 24 -1
12 28 1
12 29 -1
12 32 1
12 50 1
13 1 -1
13 2 -1
13 4 -1
13 6 -1
13 8 -1
13 9 1
13 10 -1
13 11 1
13 12 1
13 14 -1
13 40 1
13 42 1
13 46 1
13 56 1
13 58 -1
13 64 1
14 1 1
14 4 -1
14 6 -1
14 7 1
14 8 1
14 9 1
14 11 1
14 12 -1
14 13 -1
14 16 1
14 20 1
14 34 -1
14 37 1
14 49 -1
14 50 1
14 59 -1
15 1 -1
15 2 -1
15 3 1
15 5 1
15 6 1
15 7 -1
15 8 1
15 9 -1
15 11 1
15 16 -1
15 23 1
15 30 1
15 33 1
15 54 -1
15 59 1
15 61 1
16 1 -1
16 3 1
16 5 1
16 6 -1
16 7 -1
16 8 1
16 9 -1
16 10 1
16 14 1
16 15 -1
16 22 -1
16 28 1
16 42 1
16 44 -1
16 49 1
16 60 1
17 5 -1
17 18 1
17 19 1
17 20 -1
17 22 -1
17 24 -1
17 25 -1
17 26 1
17 27 -1
17 28 -1
17 31 1
17 35 -1
17 43 -1
17 46 -1
17 55 -1
17 61 -1
18 3 1
18 17 1
18 19 1
18 20 1
18 21 -1
18 23 1
18 27 1
18 28 1
18 29 1
18 31 1
18 32 -1
18 34 -1
18 37 1
18 60 -1
18 62 1
19 5 -1
19 7 -1
19 17 1
19 18 1
19 20 1
19 21 -1
19 23 -1
19 24 1
19 25 1
19 26 1
19 30 -1
19 32 -1
19 35 1
19 54 1
19 56 -1
19 57 1
20 2 1
20 12 1
20 14 1
20 17 -1
20 18 1
20 19 1
20 22 1
20 24 -1
20 25 1
20 26 1
20 27 -1
20 28 1
20 30 -1
20 34 1
20 55 -1
20 62 1
21 3 1
21 6 -1
21 18 -1
21 19 -1
21 23 -1
21 24 -1
21 25 -1
21 26 -1
21 29 -1
21 30 1
21 31 1
21 32 -1
21 48 -1
21 52 1
21 54 1
21 58 1
22 2 -1
22 8 -1
22 16 -1
22 17 -1
22 20 1
22 24 1
22 26 -1
22 27 1
22 28 -1
22 29 1
22 30 1
22 31 -1
22 32 1
22 51 1
22 57 1
22 60 1
23 15 1
23 18 1
23 19 -1
23 21 -1
23 24 1
23 25 1
23 28 1
23 29 -1
23 30 1
23 31 1
23 32 1
23 40 -1
23 41 1
23 52 -1
23 53 -1
23 56 -1
24 9 1
24 12 -1
24 17 -1
24 19 1
24 20 -1
24 21 -1
24 22 1
24 23 1
24 26 -1
24 28 -1
24 29 1
24 30 -1
24 38 -1
24 39 -1
24 52 1
24 64 1
25 17 -1
25 19 1
25 20 1
25 21 -1
25 23 1
25 27 -1
25 29 1
25 30 1
25 31 1
25 32 1
25 35 1
25 46 1
25 50 -1
25 51 1
25 55 1
25 56 -1
26 4 1
26 6 1
26 10 1
26 17 1
26 19 1
26 20 1
26 21 -1
26 22 -1
26 24 -1
26 27 -1
26 30 -1
26 31 1
26 32 1
26 52 -1
26 60 1
26 62 -1
27 17 -1
27 18 1
27 20 -1
27 22 1
27 25 -1
27 26 -1
27 28 1
27 29 -1
27 31 1
27 32 -1
27 34 1
27 41 -1
27 42 1
27 46 -1
27 50 1
27 51 1
28 12 1
28 16 1
28 17 -1
28 18 1
28 20 1
28 22 -1
28 23 1
28 24 -1
28 27 1
28 29 1
28 31 1
28 32 1
28 47 -1
28 55 -1
28 63 1
28 64 -1
29 2 1
29 4 -1
29 5 1
29 12 -1
29 18 1
29 21 -1
29 22 1
29 23 -1
29 24 1
29 25 1
29 27 -1
29 28 1
29 30 -1
29 31 1
29 44 1
29 54 -1
30 10 1
30 15 1
30 19 -1
30 20 -1
30 21 1
30 22 1
30 23 1
30 24 -1
30 25 1
30 26 -1
30 29 -1
30 32 -1
30 41 1
30 43 1
30 45 -1
30 51 1
31 3 1
31 8 -1
31 17 1
31 18 1
31 21 1
31 22 -1
31 23 1
31 25 1
31 26 1
31 27 1
31 28 1
31 29 1
31 42 1
31 57 1
31 58 1
31 61 1
32 1 1
32 10 1
32 12 1
32 18 -1
32 19 -1
32 21 -1
32 22 1
32 23 1
32 25 1
32 26 1
32 27 -1
32 28 1
32 30 -1
32 37 1
32 47 -1
32 63 1
33 4 1
33 8 1
33 11 1
33 15 1
33 35 1
33 36 1
33 37 1
33 40 1
33 41 1
33 42 -1
33 44 1
33 45 1
33 47 -1
33 48 -1
33 58 -1
33 59 1
34 5 -1
34 14 -1
34 18 -1
34 20 1
34 27 1
34 35 -1
34 36 -1
34 37 1
34 39 -1
34 40 -1
34 41 -1
34 43 1
34 46 -1
34 47 -1
34 48 -1
34 61 -1
35 7 1
35 17 -1
35 19 1
35 25 1
35 33 1
35 34 -1
35 36 1
35 37 -1
35 38 -1
35 41 -1
35 43 1
35 44 1
35 46 1
35 47 1
35 49 1
36 4 1
36 7 1
36 9 1
36 11 1
36 33 1
36 34 -1
36 35 1
36 38 1
36 40 1
36 42 1
36 44 -1
36 45 -1
36 47 1
36 48 1
36 49 -1
36 53 1
37 4 1
37 14 1
37 18 1
37 32 1
37 33 1
37 34 1
37 35 -1
37 38 1
37 41 1
37 42 -1
37 43 1
37 45 1
37 46 1
37 47 1
37 50 1
37 53 1
38 2 -1
38 8 -1
38 9 1
38 11 1
38 24 -1
38 35 -1
38 36 1
38 37 1
38 39 -1
38 40 1
38 42 1
38 43 1
38 44 1
38 46 -1
38 48 -1
39 7 1
39 11 1
39 24 -1
39 34 -1
39 38 -1
39 40 1
39 41 -1
39 42 1
39 43 1
39 44 1
39 45 1
39 47 -1
39 48 1
39 49 -1
39 52 1
39 53 1
40 1 1
40 6 1
40 9 1
40 13 1
40 23 -1
40 33 1
40 34 -1
40 36 1
40 38 1
40 39 1
40 41 1
40 42 -1
40 43 1
40 44 -1
40 48 1
40 49 1
41 3 -1
41 23 1
41 27 -1
41 30 1
41 33 1
41 34 -1
41 35 -1
41 37 1
41 39 -1
41 40 1
41 44 1
41 45 1
41 46 -1
41 47 1
41 62 1
42 13 1
42 16 1
42 27 1
42 31 1
42 33 -1
42 36 1
42 37 -1
42 38 1
42 39 1
42 40 -1
42 44 1
42 45 -1
42 46 -1
42 48 1
42 51 -1
42 63 -1
43 5 1
43 8 1
43 17 -1
43 30 1
43 34 1
43 35 1
43 37 1
43 38 1
43 39 1
43 40 1
43 44 1
43 45 1
43 46 1
43 47 -1
43 54 -1
43 63 1
44 1 -1
44 10 -1
44 16 -1
44 29 1
44 33 1
44 35 1
44 36 -1
44 38 1
44 39 1
44 40 -1
44 41 1
44 42 1
44 43 1
44 46 -1
44 55 -1
44 63 -1
45 30 -1
45 33 1
45 36 -1
45 37 1
45 39 1
45 41 1
45 42 -1
45 43 1
45 46 -1
45 47 1
45 48 1
45 52 1
45 53 1
45 56 1
45 60 -1
46 11 1
46 13 1
46 17 -1
46 25 1
46 27 -1
46 34 -1
46 35 1
46 37 1
46 38 -1
46 41 -1
46 42 -1
46 43 1
46 44 -1
46 45 -1
46 48 1
46 59 1
47 1 1
47 11 1
47 28 -1
47 32 -1
47 33 -1
47 34 -1
47 35 1
47 36 1
47 37 1
47 39 -1
47 41 1
47 43 -1
47 45 1
47 48 1
47 51 -1
47 57 1
48 1 -1
48 6 -1
48 21 -1
48 33 -1
48 34 -1
48 36 1
48 38 -1
48 39 1
48 40 1
48 42 1
48 45 1
48 46 1
48 47 1
48 60 -1
48 63 1
48 64 1
49 14 -1
49 16 1
49 35 1
49 36 -1
49 39 -1
49 40 1
49 50 -1
49 54 -1
49 55 1
49 57 -1
49 58 1
49 59 1
49 61 -1
49 62 -1
49 63 1
49 64 1
50 7 -1
50 12 1
50 14 1
50 25 -1
50 27 1
50 37 1
50 49 -1
50 51 1
50 52 -1
50 53 -1
50 56 -1
50 57 1
50 58 -1
50 61 1
50 63 -1
50 64 1
51 22 1
51 25 1
51 27 1
51 30 1
51 42 -1
51 47 -1
51 50 1
51 52 1
51 53 1
51 54 -1
51 55 1
51 56 1
51 59 -1
51 60 1
51 63 1
51 64 -1
52 21 1
52 23 -1
52 24 1
52 26 -1
52 39 1
52 45 1
52 50 -1
52 51 1
52 53 1
52 54 -1
52 56 1
52 57 -1
52 59 -1
52 60 1
52 61 1
52 62 1
53 23 -1
53 36 1
53 37 1
53 39 1
53 45 1
53 50 -1
53 51 1
53 52 1
53 54 1
53 56 1
53 58 -1
53 59 1
53 60 -1
53 61 -1
53 62 1
54 2 1
54 15 -1
54 19 1
54 21 1
54 29 -1
54 43 -1
54 49 -1
54 51 -1
54 52 -1
54 53 1
54 55 1
54 59 1
54 60 -1
54 62 1
54 63 1
54 64 1
55 6 -1
55 17 -1
55 20 -1
55 25 1
55 28 -1
55 44 -1
55 49 1
55 51 1
55 54 1
55 56 1
55 57 -1
55 58 -1
55 60 1
55 61 -1
55 63 -1
55 64 1
56 3 1
56 13 1
56 19 -1
56 23 -1
56 25 -1
56 45 1
56 50 -1
56 51 1
56 52 1
56 53 1
56 55 1
56 57 1
56 58 1
56 59 1
56 60 1
56 61 1
57 4 -1
57 10 1
57 19 1
57 22 1
57 31 1
57 47 1
57 49 -1
57 50 1
57 52 -1
57 55 -1
57 56 1
57 58 -1
57 60 1
57 61 -1
57 62 1
57 63 1
58 1 1
58 5 -1
58 13 -1
58 21 1
58 31 1
58 33 -1
58 49 1
58 50 -1
58 53 -1
58 55 -1
58 56 1
58 57 -1
58 59 1
58 60 1
58 62 -1
58 64 1
59 2 1
59 9 -1
59 14 -1
59 15 1
59 33 1
59 46 1
59 49 1
59 51 -1
59 52 -1
59 53 1
59 54 1
59 56 1
59 58 1
59 62 -1
59 63 -1
59 64 -1
60 16 1
60 18 -1
60 22 1
60 26 1
60 45 -1
60 48 -1
60 51 1
60 52 1
60 53 -1
60 54 -1
60 55 1
60 56 1
60 57 1
60 58 1
60 61 -1
60 62 -1
61 3 1
61 9 1
61 15 1
61 17 -1
61 31 1
61 34 -1
61 49 -1
61 50 1
61 52 1
61 53 -1
61 55 -1
61 56 1
61 57 -1
61 60 -1
61 63 -1
61 64 1
62 18 1
62 20 1
62 26 -1
62 41 1
62 49 -1
62 52 1
62 53 1
62 54 1
62 57 1
62 58 -1
62 59 -1
62 60 -1
62 63 -1
62 64 1
63 28 1
63 32 1
63 42 -1
63 43 1
63 44 -1
63 48 1
63 49 1
63 50 -1
63 51 1
63 54 1
63 55 -1
63 57 1
63 59 -1
63 61 -1
63 62 -1
63 64 1
64 6 1
64 10 1
64 13 1
64 24 1
64 28 -1
64 48 1
64 49 1
64 50 1
64 51 -1
64 54 1
64 55 1
64 58 1
64 59 -1
64 61 1
64 62 1
64 63 1
