1 3 1
1 4 1
1 5 -1
1 6 1
1 8 -1
1 9 1
1 10 1
1 12 1
1 14 -1
1 16 1
1 18 1
1 20 1
1 29 -1
1 50 1
1 62 1
1 63 1
2 3 1
2 4 1
2 5 1
2 7 1
2 8 1
2 10 -1
2 11 -1
2 13 1
2 15 1
2 16 -1
2 42 1
2 46 1
2 57 1
2 58 1
2 60 1
3 1 1
3 2 1
3 4 -1
3 5 1
3 6 -1
3 9 -1
3 11 1
3 14 1
3 15 1
3 16 1
3 17 -1
3 28 1
3 46 1
3 49 1
3 60 1
4 1 1
4 2 1
4 3 -1
4 6 1
4 7 1
4 10 1
4 11 -1
4 12 -1
4 14 1
4 16 1
4 19 -1
4 31 -1
4 35 1
4 48 1
4 50 1
4 55 1
5 1 -1
5 2 1
5 3 1
5 6 -1
5 7 1
5 9 1
5 12 -1
5 13 1
5 14 1
5 15 1
5 20 1
5 21 1
5 24 1
5 29 -1
5 62 -1
6 1 1
6 3 -1
6 4 1
6 5 -1
6 7 1
6 8 1
6 10 1
6 12 1
6 13 -1
6 15 1
6 27 1
6 33 1
6 37 1
6 43 1
6 53 1
7 2 1
7 4 1
7 5 1
7 6 1
7 8 -1
7 9 1
7 11 1
7 12 1
7 15 1
7 16 -1
7 33 -1
7 38 1
7 40 1
7 52 -1
7 54 1
7 56 -1
8 1 -1
8 2 1
8 6 1
8 7 -1
8 9 -1
8 10 -1
8 13 1
8 14 -1
8 15 1
8 16 -1
8 21 1
8 23 -1
8 25 1
8 41 1
8 47 1
8 58 1
9 1 1
9 3 -1
9 5 1
9 7 1
9 8 -1
9 10 1
9 11 1
9 12 1
9 13 1
9 14 1
9 28 -1
9 34 1
9 37 1
9 40 1
9 48 -1
9 58 1
10 1 1
10 2 -1
10 4 1
10 6 1
10 8 -1
10 9 1
10 11 -1
10 12 1
10 14 1
10 16 1
10 22 1
10 26 1
10 41 -1
10 44 1
10 46 1
11 2 -1
11 3 1
11 4 -1
11 7 1
11 9 1
11 10 -1
11 12 -1
11 13 1
11 14 1
11 15 -1
11 32 1
11 43 1
11 45 -1
11 52 1
11 54 -1
11 59 1
12 1 1
12 4 -1
12 5 -1
12 6 1
12 7 1
12 9 1
12 10 1
12 11 -1
12 13 -1
12 15 1
12 20 1
12 24 1
12 44 -1
12 48 -1
12 56 1
13 2 1
13 5 1
13 6 -1
13 8 1
13 9 1
13 11 1
13 12 -1
13 14 -1
13 15 1
13 16 1
13 23 -1
13 47 1
13 48 1
13 50 -1
13 53 1
14 1 -1
14 3 1
14 4 1
14 5 1
14 8 -1
14 9 1
14 10 1
14 11 1
14 13 -1
14 16 1
14 18 1
14 30 1
14 39 1
14 41 1
14 45 1
14 52 1
15 2 1
15 3 1
15 5 1
15 6 1
15 7 1
15 8 1
15 11 -1
15 12 1
15 13 1
15 16 -1
15 26 1
15 32 1
15 38 1
15 54 -1
15 55 -1
15 60 1
16 1 1
16 2 -1
16 3 1
16 4 1
16 7 -1
16 8 -1
16 10 1
16 13 1
16 14 1
16 15 -1
16 21 1
16 23 1
16 31 1
16 45 -1
16 49 1
16 53 -1
17 3 -1
17 19 1
17 20 -1
17 21 1
17 22 1
17 24 1
17 26 -1
17 27 1
17 28 -1
17 29 1
17 32 1
17 40 -1
17 46 1
17 55 1
17 56 -1
17 58 1
18 1 1
18 14 1
18 20 1
18 22 -1
18 23 1
18 24 1
18 25 1
18 27 1
18 28 -1
18 29 1
18 30 1
18 32 1
18 35 -1
18 38 1
18 41 1
18 64 1
19 4 -1
19 17 1
19 20 1
19 21 -1
19 22 1
19 23 1
19 26 1
19 27 -1
19 29 -1
19 30 1
19 31 1
19 33 -1
19 35 1
19 39 -1
19 45 1
19 64 1
20 1 1
20 5 1
20 12 1
20 17 -1
20 18 1
20 19 1
20 23 1
20 24 1
20 25 -1
20 28 1
20 29 1
20 30 1
20 31 1
20 51 1
20 56 -1
21 5 1
21 8 1
21 16 1
21 17 1
21 19 -1
21 22 -1
21 23 1
21 25 1
21 26 1
21 28 -1
21 29 1
21 31 1
21 32 -1
21 34 1
21 48 1
21 64 1
22 10 1
22 17 1
22 18 -1
22 19 1
22 21 -1
22 24 -1
22 25 1
22 28 1
22 30 1
22 31 1
22 32 1
22 34 -1
22 38 1
22 42 -1
22 46 1
23 8 -1
23 13 -1
23 16 1
23 18 1
23 19 1
23 20 1
23 21 1
23 26 1
23 27 -1
23 28 1
23 29 -1
23 31 -1
23 32 1
23 34 -1
23 38 1
23 57 1
24 5 1
24 12 1
24 17 1
24 18 1
24 20 1
24 22 -1
24 25 1
24 26 -1
24 29 -1
24 30 -1
24 31 1
24 32 1
24 45 1
24 50 1
24 51 1
24 60 1
25 8 1
25 18 1
25 20 -1
25 21 1
25 22 1
25 24 1
25 27 1
25 28 1
25 29 1
25 30 -1
25 32 -1
25 37 1
25 42 -1
25 48 -1
25 55 -1
25 63 1
26 10 1
26 15 1
26 17 -1
26 19 1
26 21 1
26 23 1
26 24 -1
26 27 1
26 28 -1
26 29 1
26 31 1
26 32 1
26 44 1
26 50 1
26 63 1
27 6 1
27 17 1
27 18 1
27 19 -1
27 23 -1
27 25 1
27 26 1
27 29 1
27 30 1
27 31 -1
27 32 1
27 39 1
27 43 -1
27 49 1
27 59 1
28 3 1
28 9 -1
28 17 -1
28 18 -1
28 20 1
28 21 -1
28 22 1
28 23 1
28 25 1
28 26 -1
28 30 1
28 31 1
28 39 1
28 51 1
28 56 1
28 64 -1
29 1 -1
29 5 -1
29 17 1
29 18 1
29 19 -1
29 20 1
29 21 1
29 23 -1
29 24 -1
29 25 1
29 26 1
29 27 1
29 34 1
29 56 1
29 57 1
30 14 1
30 18 1
30 19 1
30 20 1
30 22 1
30 24 -1
30 25 -1
30 27 1
30 28 1
30 31 1
30 32 -1
30 52 1
30 62 1
30 64 1
31 4 -1
31 16 1
31 19 1
31 20 1
31 21 1
31 22 1
31 23 -1
31 24 1
31 26 1
31 27 -1
31 28 1
31 30 1
31 36 1
31 58 1
32 11 1
32 15 1
32 17 1
32 18 1
32 21 -1
32 22 1
32 23 1
32 24 1
32 25 -1
32 26 1
32 27 1
32 30 -1
32 37 1
32 51 -1
32 57 1
32 59 1
33 6 1
33 7 -1
33 19 -1
33 34 1
33 35 1
33 36 1
33 37 1
33 38 -1
33 39 1
33 40 1
33 42 1
33 45 1
33 48 1
33 54 -1
33 61 1
34 9 1
34 21 1
34 22 -1
34 23 -1
34 29 1
34 33 1
34 35 1
34 36 1
34 37 -1
34 38 1
34 39 -1
34 44 1
34 45 1
34 46 1
34 47 1
35 4 1
35 18 -1
35 19 1
35 33 1
35 34 1
35 36 1
35 37 -1
35 38 -1
35 40 1
35 43 1
35 45 1
35 47 -1
35 48 -1
35 52 1
35 61 -1
35 63 -1
36 31 1
36 33 1
36 34 1
36 35 1
36 40 1
36 42 -1
36 43 -1
36 44 1
36 45 -1
36 47 -1
36 48 1
36 49 -1
36 59 1
36 61 -1
37 6 1
37 9 1
37 25 1
37 32 1
37 33 1
37 34 -1
37 35 -1
37 38 1
37 39 -1
37 41 1
37 42 1
37 45 1
37 46 1
37 47 1
37 52 1
37 57 1
38 7 1
38 15 1
38 18 1
38 22 1
38 23 1
38 33 -1
38 34 1
38 35 -1
38 37 1
38 41 1
38 42 1
38 44 1
38 45 1
38 46 1
38 47 1
38 49 1
39 14 1
39 19 -1
39 27 1
39 28 1
39 33 1
39 34 -1
39 37 -1
39 40 1
39 41 1
39 42 1
39 43 1
39 46 1
39 47 1
39 48 1
39 54 1
39 60 1
40 7 1
40 9 1
40 17 -1
40 33 1
40 35 1
40 36 1
40 39 1
40 41 1
40 42 1
40 43 -1
40 44 -1
40 46 -1
40 48 1
40 51 1
40 53 1
41 8 1
41 10 -1
41 14 1
41 18 1
41 37 1
41 38 1
41 39 1
41 40 1
41 42 1
41 43 -1
41 44 1
41 45 1
41 47 1
41 48 1
41 62 1
41 64 1
42 2 1
42 22 -1
42 25 -1
42 33 1
42 36 -1
42 37 1
42 38 1
42 39 1
42 40 1
42 41 1
42 43 1
42 44 1
42 48 1
42 49 -1
42 53 -1
43 6 1
43 11 1
43 27 -1
43 35 1
43 36 -1
43 39 1
43 40 -1
43 41 -1
43 42 1
43 44 1
43 45 1
43 46 1
43 47 1
43 54 1
43 55 1
43 61 1
44 10 1
44 12 -1
44 26 1
44 34 1
44 36 1
44 38 1
44 40 -1
44 41 1
44 42 1
44 43 1
44 45 1
44 46 -1
44 48 1
44 59 -1
44 61 -1
45 11 -1
45 14 1
45 16 -1
45 19 1
45 24 1
45 33 1
45 34 1
45 35 1
45 36 -1
45 37 1
45 38 1
45 41 1
45 43 1
45 44 1
45 46 -1
45 53 1
46 2 1
46 3 1
46 10 1
46 17 1
46 22 1
46 34 1
46 37 1
46 38 1
46 39 1
46 40 -1
46 43 1
46 44 -1
46 45 -1
46 47 1
46 48 1
46 63 1
47 8 1
47 13 1
47 34 1
47 35 -1
47 36 -1
47 37 1
47 38 1
47 39 1
47 41 1
47 43 1
47 46 1
47 48 1
47 55 -1
47 57 1
47 61 1
47 63 1
48 4 1
48 9 -1
48 12 -1
48 13 1
48 21 1
48 25 -1
48 33 1
48 35 -1
48 36 1
48 39 1
48 40 1
48 41 1
48 42 1
48 44 1
48 46 1
48 47 1
49 3 1
49 16 1
49 27 1
49 36 -1
49 38 1
49 42 -1
49 50 1
49 51 1
49 55 -1
49 57 1
49 58 -1
49 59 -1
49 60 1
49 61 1
49 62 1
49 64 -1
50 1 1
50 4 1
50 13 -1
50 24 1
50 26 1
50 49 1
50 51 1
50 52 -1
50 53 1
50 54 1
50 57 -1
50 58 -1
50 60 1
50 61 -1
50 63 -1
51 20 1
51 24 1
51 28 1
51 32 -1
51 40 1
51 49 1
51 50 1
51 52 1
51 56 -1
51 57 -1
51 59 -1
51 60 1
51 61 1
51 62 -1
51 64 1
52 7 -1
52 11 1
52 14 1
52 30 1
52 35 1
52 37 1
52 50 -1
52 51 1
52 53 1
52 55 1
52 56 -1
52 59 1
52 60 -1
52 61 1
52 63 1
52 64 1
53 6 1
53 13 1
53 16 -1
53 40 1
53 42 -1
53 45 1
53 50 1
53 52 1
53 55 -1
53 57 -1
53 58 1
53 59 -1
53 60 1
53 61 1
53 63 -1
53 64 1
54 7 1
54 11 -1
54 15 -1
54 33 -1
54 39 1
54 43 1
54 50 1
54 55 1
54 56 1
54 57 -1
54 58 1
54 59 1
54 60 1
54 62 1
54 63 -1
54 64 1
55 4 1
55 15 -1
55 17 1
55 25 -1
55 43 1
55 47 -1
55 49 -1
55 52 1
55 53 -1
55 54 1
55 56 1
55 57 1
55 58 -1
55 59 1
55 62 -1
55 63 -1
56 7 -1
56 12 1
56 17 -1
56 20 -1
56 28 1
56 29 1
56 51 -1
56 52 -1
56 54 1
56 55 1
56 57 1
56 59 1
56 60 -1
56 61 1
56 63 -1
56 64 1
57 2 1
57 23 1
57 29 1
57 32 1
57 37 1
57 47 1
57 49 1
57 50 -1
57 51 -1
57 53 -1
57 54 -1
57 55 1
57 56 1
57 58 -1
57 62 1
57 64 -1
58 2 1
58 8 1
58 9 1
58 17 1
58 31 1
58 49 -1
58 50 -1
58 53 1
58 54 1
58 55 -1
58 57 -1
58 60 1
58 61 1
58 62 -1
58 64 1
59 11 1
59 27 1
59 32 1
59 36 1
59 44 -1
59 49 -1
59 51 -1
59 52 1
59 53 -1
59 54 1
59 55 1
59 56 1
59 61 -1
59 62 1
59 63 -1
60 2 1
60 3 1
60 15 1
60 24 1
60 39 1
60 49 1
60 50 1
60 51 1
60 52 -1
60 53 1
60 54 1
60 56 -1
60 58 1
60 63 -1
60 64 -1
61 33 1
61 35 -1
61 36 -1
61 43 1
61 44 -1
61 47 1
61 49 1
61 50 -1
61 51 1
61 52 1
61 53 1
61 56 1
61 58 1
61 59 -1
61 62 1
61 63 1
62 1 1
62 5 -1
62 30 1
62 41 1
62 49 1
62 51 -1
62 54 1
62 55 -1
62 57 1
62 58 -1
62 59 1
62 61 1
62 63 1
62 64 1
63 1 1
63 25 1
63 26 1
63 35 -1
63 46 1
63 47 1
63 50 -1
63 52 1
63 53 -1
63 54 -1
63 55 -1
63 56 -1
63 59 -1
63 60 -1
63 61 1
63 62 1
64 18 1
64 19 1
64 21 1
64 28 -1
64 30 1
64 41 1
64 49 -1
64 51 1
64 52 1
64 53 1
64 54 1
64 56 1
64 57 -1
64 58 1
64 60 -1
64 62 1
