1 2 -1
1 3 1
1 4 -1
1 6 1
1 7 -1
1 10 -1
1 11 1
1 12 -1
1 13 -1
1 15 1
1 19 1
1 23 1
1 35 -1
1 43 1
1 57 1
2 1 -1
2 3 1
2 4 1
2 5 1
2 9 1
2 10 -1
2 12 -1
2 13 1
2 14 1
2 15 -1
2 18 1
2 23 -1
2 30 1
2 37 -1
2 44 -1
2 62 -1
3 1 1
3 2 1
3 6 1
3 8 -1
3 9 1
3 11 -1
3 12 -1
3 13 -1
3 14 -1
3 16 1
3 20 -1
3 34 1
3 54 1
3 56 1
3 63 1
4 1 -1
4 2 1
4 5 1
4 6 1
4 8 -1
4 10 1
4 11 1
4 13 -1
4 14 -1
4 16 -1
4 20 1
4 22 1
4 32 1
4 35 1
4 53 1
4 59 -1
5 2 1
5 4 1
5 6 1
5 7 1
5 8 1
5 9 1
5 10 -1
5 11 1
5 15 -1
5 16 -1
5 25 1
5 31 1
5 45 -1
5 47 -1
5 51 1
6 1 1
6 3 1
6 4 1
6 5 1
6 9 1
6 10 1
6 12 1
6 14 -1
6 15 1
6 16 1
6 23 -1
6 26 1
6 32 1
6 64 -1
7 1 -1
7 5 1
7 8 1
7 9 -1
7 11 -1
7 12 -1
7 13 -1
7 14 -1
7 15 -1
7 16 -1
7 20 1
7 25 -1
7 35 1
7 38 1
7 50 1
7 52 -1
8 3 -1
8 4 -1
8 5 1
8 7 1
8 9 1
8 10 -1
8 12 1
8 13 -1
8 15 -1
8 16 -1
8 28 -1
8 32 1
8 36 1
8 37 1
8 54 1
8 57 -1
9 2 1
9 3 1
9 5 1
9 6 1
9 7 -1
9 8 1
9 10 1
9 12 1
9 14 -1
9 15 -1
9 24 1
9 28 -1
9 42 -1
9 54 1
9 60 -1
10 1 -1
10 2 -1
10 4 1
10 5 -1
10 6 1
10 8 -1
10 9 1
10 11 -1
10 12 1
10 13 -1
10 17 -1
10 19 1
10 43 1
10 47 1
11 1 1
11 3 -1
11 4 1
11 5 1
11 7 -1
11 10 -1
11 12 1
11 13 -1
11 14 1
11 16 -1
11 38 1
11 39 -1
11 49 1
11 52 1
11 53 1
11 59 1
12 1 -1
12 2 -1
12 3 -1
12 6 1
12 7 -1
12 8 1
12 9 1
12 10 1
12 11 1
12 15 1
12 30 -1
12 33 1
12 36 1
12 45 1
12 52 1
13 1 -1
13 2 1
13 3 -1
13 4 -1
13 7 -1
13 8 -1
13 10 -1
13 11 -1
13 14 1
13 16 1
13 35 -1
13 41 -1
13 43 -1
13 47 1
13 53 1
13 57 1
14 2 1
14 3 -1
14 4 -1
14 6 -1
14 7 -1
14 9 -1
14 11 1
14 13 1
14 15 1
14 16 -1
14 22 1
14 40 1
14 43 1
14 48 -1
14 52 1
14 64 1
15 1 1
15 2 -1
15 5 -1
15 6 1
15 7 -1
15 8 -1
15 9 -1
15 12 1
15 14 1
15 16 1
15 22 -1
15 28 1
15 39 -1
15 48 1
15 49 -1
15 60 -1
16 3 1
16 4 -1
16 5 -1
16 6 1
16 7 -1
16 8 -1
16 11 -1
16 13 1
16 14 -1
16 15 1
16 20 -1
16 34 -1
16 40 -1
16 45 -1
16 58 1
17 10 -1
17 18 -1
17 19 -1
17 20 -1
17 23 1
17 25 -1
17 26 -1
17 27 -1
17 28 -1
17 29 1
17 30 1
17 36 -1
17 45 1
17 46 -1
17 54 -1
17 55 -1
18 2 1
18 17 -1
18 19 1
18 20 -1
18 21 -1
18 22 1
18 24 -1
18 27 1
18 28 1
18 31 -1
18 32 -1
18 34 -1
18 37 -1
18 51 -1
18 55 -1
18 57 1
19 1 1
19 10 1
19 17 -1
19 18 1
19 20 1
19 21 -1
19 23 1
19 25 -1
19 26 -1
19 28 -1
19 29 -1
19 30 1
19 46 -1
19 56 1
19 59 1
19 63 1
20 3 -1
20 4 1
20 7 1
20 16 -1
20 17 -1
20 18 -1
20 19 1
20 21 1
20 22 1
20 23 -1
20 25 1
20 27 1
20 28 1
20 31 1
20 40 -1
20 49 -1
21 18 -1
21 19 -1
21 20 1
21 22 -1
21 23 -1
21 24 -1
21 25 1
21 27 1
21 31 -1
21 32 -1
21 41 1
21 46 1
21 53 1
21 60 1
21 64 -1
22 4 1
22 14 1
22 15 -1
22 18 1
22 20 1
22 21 -1
22 24 1
22 26 -1
22 28 -1
22 29 -1
22 30 1
22 31 1
22 32 -1
22 40 -1
22 49 1
22 50 1
23 1 1
23 2 -1
23 6 -1
23 17 1
23 19 1
23 20 -1
23 21 -1
23 24 1
23 25 1
23 26 -1
23 28 1
23 30 1
23 32 1
23 41 -1
24 9 1
24 18 -1
24 21 -1
24 22 1
24 23 1
24 25 -1
24 26 -1
24 27 1
24 29 -1
24 30 1
24 31 -1
24 48 1
24 52 -1
24 53 1
24 60 -1
24 63 1
25 5 1
25 7 -1
25 17 -1
25 19 -1
25 20 1
25 21 1
25 23 1
25 24 -1
25 26 1
25 29 1
25 31 -1
25 32 1
25 34 1
25 41 1
25 42 1
25 55 -1
26 6 1
26 17 -1
26 19 -1
26 22 -1
26 23 -1
26 24 -1
26 25 1
26 27 1
26 28 -1
26 30 -1
26 32 1
26 38 1
26 48 1
26 61 -1
27 17 -1
27 18 1
27 20 1
27 21 1
27 24 1
27 26 1
27 28 1
27 29 -1
27 31 -1
27 32 1
27 45 -1
27 49 -1
27 52 1
27 56 1
27 61 1
27 64 -1
28 8 -1
28 9 -1
28 15 1
28 17 -1
28 18 1
28 19 -1
28 20 1
28 22 -1
28 23 1
28 26 -1
28 27 1
28 29 -1
28 30 1
28 48 -1
28 62 1
28 63 1
29 17 1
29 19 -1
29 22 -1
29 24 -1
29 25 1
29 27 -1
29 28 -1
29 30 1
29 31 1
29 32 -1
29 33 1
29 39 1
29 42 -1
29 45 -1
29 49 1
29 55 -1
30 2 1
30 12 -1
30 17 1
30 19 1
30 22 1
30 23 1
30 24 1
30 26 -1
30 28 1
30 29 1
30 31 -1
30 32 1
30 35 -1
30 59 -1
30 62 1
31 5 1
31 18 -1
31 20 1
31 21 -1
31 22 1
31 24 -1
31 25 -1
31 27 -1
31 29 1
31 30 -1
31 32 -1
31 33 -1
31 47 -1
31 56 -1
32 4 1
32 6 1
32 8 1
32 18 -1
32 21 -1
32 22 -1
32 23 1
32 25 1
32 26 1
32 27 1
32 29 -1
32 30 1
32 31 -1
32 38 1
32 62 -1
33 12 1
33 29 1
33 31 -1
33 34 1
33 38 1
33 39 1
33 40 1
33 41 -1
33 43 1
33 44 -1
33 45 -1
33 47 1
33 48 1
33 54 -1
33 62 1
33 63 1
34 3 1
34 16 -1
34 18 -1
34 25 1
34 33 1
34 35 1
34 36 -1
34 37 1
34 38 -1
34 42 -1
34 45 1
34 46 1
34 47 1
34 48 1
34 59 1
35 1 -1
35 4 1
35 7 1
35 13 -1
35 30 -1
35 34 1
35 39 1
35 40 1
35 42 1
35 43 -1
35 44 -1
35 45 1
35 46 -1
35 47 -1
35 48 1
35 60 -1
36 8 1
36 12 1
36 17 -1
36 34 -1
36 37 1
36 39 -1
36 40 1
36 42 -1
36 43 -1
36 44 1
36 46 -1
36 47 1
36 48 -1
36 50 1
37 2 -1
37 8 1
37 18 -1
37 34 1
37 36 1
37 38 1
37 39 -1
37 40 1
37 41 -1
37 43 -1
37 44 -1
37 47 1
37 48 1
37 54 1
37 61 -1
37 64 1
38 7 1
38 11 1
38 26 1
38 32 1
38 33 1
38 34 -1
38 37 1
38 40 1
38 41 -1
38 42 1
38 44 1
38 45 -1
38 46 -1
38 47 1
38 50 -1
39 11 -1
39 15 -1
39 29 1
39 33 1
39 35 1
39 36 -1
39 37 -1
39 42 1
39 43 -1
39 45 1
39 46 1
39 47 1
39 48 -1
39 50 -1
39 51 1
39 57 -1
40 14 1
40 16 -1
40 20 -1
40 22 -1
40 33 1
40 35 1
40 36 1
40 37 1
40 38 1
40 41 1
40 42 -1
40 44 1
40 46 -1
40 48 1
40 58 -1
41 13 -1
41 21 1
41 23 -1
41 25 1
41 33 -1
41 37 -1
41 38 -1
41 40 1
41 42 -1
41 43 1
41 45 -1
41 46 1
41 47 -1
41 48 1
41 58 -1
42 9 -1
42 25 1
42 29 -1
42 34 -1
42 35 1
42 36 -1
42 38 1
42 39 1
42 40 -1
42 41 -1
42 43 -1
42 47 -1
42 48 -1
42 55 1
42 57 -1
42 63 -1
43 1 1
43 10 1
43 13 -1
43 14 1
43 33 1
43 35 -1
43 36 -1
43 37 -1
43 39 -1
43 41 1
43 42 -1
43 44 1
43 45 -1
43 46 1
44 2 -1
44 33 -1
44 35 -1
44 36 1
44 37 -1
44 38 1
44 40 1
44 43 1
44 45 -1
44 46 1
44 47 1
44 51 -1
44 58 -1
44 64 1
45 5 -1
45 12 1
45 16 -1
45 17 1
45 27 -1
45 29 -1
45 33 -1
45 34 1
45 35 1
45 38 -1
45 39 1
45 41 -1
45 43 -1
45 44 -1
45 46 -1
45 48 -1
46 17 -1
46 19 -1
46 21 1
46 34 1
46 35 -1
46 36 -1
46 38 -1
46 39 1
46 40 -1
46 41 1
46 43 1
46 44 1
46 45 -1
46 51 -1
46 55 -1
46 61 1
47 5 -1
47 10 1
47 13 1
47 31 -1
47 33 1
47 34 1
47 35 -1
47 36 1
47 37 1
47 38 1
47 39 1
47 41 -1
47 42 -1
47 44 1
47 59 -1
47 61 1
48 14 -1
48 15 1
48 24 1
48 26 1
48 28 -1
48 33 1
48 34 1
48 35 1
48 36 -1
48 37 1
48 39 -1
48 40 1
48 41 1
48 42 -1
48 45 -1
48 61 -1
49 11 1
49 15 -1
49 20 -1
49 22 1
49 27 -1
49 29 1
49 50 -1
49 52 -1
49 53 -1
49 55 -1
49 56 -1
49 59 -1
49 60 -1
49 61 -1
49 62 1
49 64 -1
50 7 1
50 22 1
50 36 1
50 38 -1
50 39 -1
50 49 -1
50 51 -1
50 52 -1
50 53 -1
50 54 -1
50 56 1
50 57 -1
50 60 1
50 63 1
50 64 -1
51 5 1
51 18 -1
51 39 1
51 44 -1
51 46 -1
51 50 -1
51 52 -1
51 53 1
51 54 -1
51 56 1
51 58 -1
51 60 1
51 61 1
51 62 -1
51 64 -1
52 7 -1
52 11 1
52 12 1
52 14 1
52 24 -1
52 27 1
52 49 -1
52 50 -1
52 51 -1
52 55 1
52 58 -1
52 59 1
52 60 -1
52 62 1
52 63 -1
52 64 -1
53 4 1
53 11 1
53 13 1
53 21 1
53 24 1
53 49 -1
53 50 -1
53 51 1
53 54 -1
53 56 -1
53 57 1
53 58 1
53 61 1
53 62 -1
53 64 1
54 3 1
54 8 1
54 9 1
54 17 -1
54 33 -1
54 37 1
54 50 -1
54 51 -1
54 53 -1
54 56 1
54 57 1
54 58 -1
54 59 1
54 60 -1
54 61 1
54 63 -1
55 17 -1
55 18 -1
55 25 -1
55 29 -1
55 42 1
55 46 -1
55 49 -1
55 52 1
55 56 1
55 58 1
55 59 -1
55 60 1
55 61 1
55 62 1
55 63 1
55 64 -1
56 3 1
56 19 1
56 27 1
56 31 -1
56 49 -1
56 50 1
56 51 1
56 53 -1
56 54 1
56 55 1
56 57 -1
56 58 -1
56 61 -1
56 63 1
57 1 1
57 8 -1
57 13 1
57 18 1
57 39 -1
57 42 -1
57 50 -1
57 53 1
57 54 1
57 56 -1
57 58 -1
57 59 -1
57 60 -1
57 61 1
57 62 -1
57 64 1
58 16 1
58 40 -1
58 41 -1
58 44 -1
58 51 -1
58 52 -1
58 53 1
58 54 -1
58 55 1
58 56 -1
58 57 -1
58 59 -1
58 61 -1
58 63 -1
59 4 -1
59 11 1
59 19 1
59 30 -1
59 34 1
59 47 -1
59 49 -1
59 52 1
59 54 1
59 55 -1
59 57 -1
59 58 -1
59 60 -1
59 62 1
59 63 -1
59 64 1
60 9 -1
60 15 -1
60 21 1
60 24 -1
60 35 -1
60 49 -1
60 50 1
60 51 1
60 52 -1
60 54 -1
60 55 1
60 57 -1
60 59 -1
60 63 -1
60 64 -1
61 26 -1
61 27 1
61 37 -1
61 46 1
61 47 1
61 48 -1
61 49 -1
61 51 1
61 53 1
61 54 1
61 55 1
61 56 -1
61 57 1
61 58 -1
61 62 -1
61 63 1
62 2 -1
62 28 1
62 30 1
62 32 -1
62 33 1
62 49 1
62 51 -1
62 52 1
62 53 -1
62 55 1
62 57 -1
62 59 1
62 61 -1
62 63 -1
62 64 -1
63 3 1
63 19 1
63 24 1
63 28 1
63 33 1
63 42 -1
63 50 1
63 52 -1
63 54 -1
63 55 1
63 56 1
63 58 -1
63 59 -1
63 60 -1
63 61 1
63 62 -1
64 6 -1
64 14 1
64 21 -1
64 27 -1
64 37 1
64 44 1
64 49 -1
64 50 -1
64 51 -1
64 52 -1
64 53 1
64 55 -1
64 57 1
64 59 1
64 60 -1
64 62 -1
