1 3 1
1 4 -1
1 5 1
1 6 -1
1 7 1
1 10 -1
1 13 -1
1 14 -1
1 15 -1
1 16 1
1 32 1
1 34 -1
1 49 -1
1 50 1
1 64 1
2 3 -1
2 4 -1
2 5 1
2 7 -1
2 8 -1
2 9 -1
2 10 1
2 11 -1
2 14 1
2 15 -1
2 31 -1
2 41 -1
2 54 1
2 57 -1
2 64 1
3 1 1
3 2 -1
3 6 -1
3 7 -1
3 9 1
3 10 -1
3 11 1
3 13 -1
3 14 1
3 15 1
3 17 -1
3 34 1
3 39 -1
3 53 -1
3 64 1
4 1 -1
4 2 -1
4 6 -1
4 8 1
4 9 -1
4 10 -1
4 11 -1
4 12 -1
4 14 -1
4 15 1
4 18 -1
4 48 1
4 51 -1
4 53 1
4 58 -1
4 60 -1
5 1 1
5 2 1
5 6 -1
5 7 1
5 9 -1
5 11 1
5 12 -1
5 14 -1
5 15 1
5 16 1
5 20 -1
5 26 1
5 43 1
5 49 -1
5 55 -1
5 61 -1
6 1 -1
6 3 -1
6 4 -1
6 5 -1
6 7 -1
6 9 1
6 11 1
6 12 -1
6 13 1
6 16 1
6 26 1
6 35 -1
6 41 -1
6 56 1
6 57 -1
6 64 -1
7 1 1
7 2 -1
7 3 -1
7 5 1
7 6 -1
7 8 1
7 10 -1
7 13 -1
7 15 1
7 16 -1
7 27 1
7 28 -1
7 30 -1
7 34 -1
7 37 -1
8 2 -1
8 4 1
8 7 1
8 9 1
8 10 -1
8 11 -1
8 12 1
8 14 -1
8 15 -1
8 16 -1
8 22 -1
8 32 -1
8 40 -1
8 45 1
8 46 -1
8 62 -1
9 2 -1
9 3 1
9 4 -1
9 5 -1
9 6 1
9 8 1
9 12 1
9 13 1
9 14 -1
9 16 1
9 20 -1
9 26 -1
9 33 -1
9 40 -1
9 61 -1
10 1 -1
10 2 1
10 3 -1
10 4 -1
10 7 -1
10 8 -1
10 11 -1
10 12 1
10 13 1
10 14 -1
10 21 -1
10 23 1
10 29 1
10 37 -1
10 39 -1
10 43 -1
11 2 -1
11 3 1
11 4 -1
11 5 1
11 6 1
11 8 -1
11 10 -1
11 12 -1
11 15 -1
11 16 -1
11 23 -1
11 24 1
11 28 -1
11 34 1
11 45 1
11 50 -1
12 4 -1
12 5 -1
12 6 -1
12 8 1
12 9 1
12 10 1
12 11 -1
12 13 -1
12 15 -1
12 16 -1
12 18 -1
12 19 -1
12 25 -1
12 28 -1
12 43 -1
13 1 -1
13 3 -1
13 6 1
13 7 -1
13 9 1
13 10 1
13 12 -1
13 14 -1
13 15 -1
13 16 -1
13 49 1
13 53 -1
13 56 -1
13 63 -1
13 64 -1
14 1 -1
14 2 1
14 3 1
14 4 -1
14 5 -1
14 8 -1
14 9 -1
14 10 -1
14 13 -1
14 16 -1
14 19 -1
14 21 -1
14 35 -1
14 37 1
14 47 -1
14 57 1
15 1 -1
15 2 -1
15 3 1
15 4 1
15 5 1
15 7 1
15 8 -1
15 11 -1
15 12 -1
15 13 -1
15 19 1
15 25 -1
15 38 -1
15 43 -1
15 63 -1
16 1 1
16 5 1
16 6 1
16 7 -1
16 8 -1
16 9 1
16 11 -1
16 12 -1
16 13 -1
16 14 -1
16 18 -1
16 35 -1
16 39 -1
16 41 -1
16 50 -1
16 60 1
17 3 -1
17 18 -1
17 20 -1
17 21 -1
17 24 1
17 25 -1
17 26 1
17 28 -1
17 29 1
17 31 1
17 32 1
17 38 1
17 45 1
17 50 1
17 62 1
17 63 -1
18 4 -1
18 12 -1
18 16 -1
18 17 -1
18 19 1
18 21 1
18 23 -1
18 24 1
18 25 1
18 26 -1
18 28 -1
18 29 -1
18 32 -1
18 37 1
18 40 -1
18 64 -1
19 12 -1
19 14 -1
19 15 1
19 18 1
19 21 1
19 22 -1
19 23 1
19 26 -1
19 27 -1
19 28 -1
19 29 -1
19 30 1
19 31 -1
19 43 -1
19 59 -1
19 61 1
20 5 -1
20 9 -1
20 17 -1
20 23 1
20 24 -1
20 25 -1
20 26 -1
20 27 -1
20 28 1
20 29 1
20 30 -1
20 31 -1
20 36 -1
20 48 1
20 58 -1
21 10 -1
21 14 -1
21 17 -1
21 18 1
21 19 1
21 22 1
21 23 1
21 24 1
21 25 1
21 27 -1
21 30 1
21 31 1
21 33 -1
21 35 1
21 45 -1
21 54 1
22 8 -1
22 19 -1
22 21 1
22 23 -1
22 25 -1
22 26 -1
22 27 -1
22 28 1
22 30 -1
22 31 1
22 32 1
22 33 -1
22 36 -1
22 55 -1
22 62 1
23 10 1
23 11 -1
23 18 -1
23 19 1
23 20 1
23 21 1
23 22 -1
23 24 -1
23 27 1
23 30 1
23 31 -1
23 32 1
23 46 1
23 48 -1
23 58 1
24 11 1
24 17 1
24 18 1
24 20 -1
24 21 1
24 23 -1
24 25 1
24 26 -1
24 29 -1
24 30 -1
24 32 -1
24 36 -1
24 47 -1
24 51 -1
24 53 -1
25 12 -1
25 15 -1
25 17 -1
25 18 1
25 20 -1
25 21 1
25 22 -1
25 24 1
25 27 -1
25 29 -1
25 30 1
25 31 -1
25 34 -1
25 39 1
25 46 1
26 5 1
26 6 1
26 9 -1
26 17 1
26 18 -1
26 19 -1
26 20 -1
26 22 -1
26 24 -1
26 27 1
26 28 1
26 29 1
26 32 1
26 33 -1
26 47 1
26 63 1
27 7 1
27 19 -1
27 20 -1
27 21 -1
27 22 -1
27 23 1
27 25 -1
27 26 1
27 28 -1
27 31 1
27 32 -1
27 33 -1
27 40 -1
27 42 -1
27 62 -1
28 7 -1
28 11 -1
28 12 -1
28 17 -1
28 18 -1
28 19 -1
28 20 1
28 22 1
28 26 1
28 27 -1
28 29 -1
28 30 -1
28 32 1
28 45 -1
28 53 -1
29 10 1
29 17 1
29 18 -1
29 19 -1
29 20 1
29 24 -1
29 25 -1
29 26 1
29 28 -1
29 30 -1
29 32 -1
29 42 -1
29 56 -1
29 58 1
29 60 -1
30 7 -1
30 19 1
30 20 -1
30 21 1
30 22 -1
30 23 1
30 24 -1
30 25 1
30 28 -1
30 29 -1
30 31 1
30 41 1
30 50 -1
30 52 -1
30 54 1
31 2 -1
31 17 1
31 19 -1
31 20 -1
31 21 1
31 22 1
31 23 -1
31 25 -1
31 27 1
31 30 1
31 32 1
31 42 -1
31 47 -1
31 53 -1
31 59 1
32 1 1
32 8 -1
32 17 1
32 18 -1
32 22 1
32 23 1
32 24 -1
32 26 1
32 27 -1
32 28 1
32 29 -1
32 31 1
32 38 -1
32 55 -1
32 59 -1
33 9 -1
33 21 -1
33 22 -1
33 26 -1
33 27 -1
33 34 -1
33 35 -1
33 36 -1
33 37 1
33 38 1
33 39 -1
33 41 -1
33 42 -1
33 43 -1
33 47 1
33 58 -1
34 1 -1
34 3 1
34 7 -1
34 11 1
34 25 -1
34 33 -1
34 35 1
34 37 1
34 38 -1
34 39 1
34 41 1
34 42 -1
34 45 -1
34 46 -1
34 47 -1
35 6 -1
35 14 -1
35 16 -1
35 21 1
35 33 -1
35 34 1
35 39 -1
35 40 -1
35 42 1
35 43 1
35 44 -1
35 45 -1
35 46 -1
35 48 -1
35 51 -1
35 62 -1
36 20 -1
36 22 -1
36 24 -1
36 33 -1
36 37 -1
36 38 -1
36 40 1
36 41 -1
36 42 1
36 43 1
36 45 1
36 46 1
36 48 1
36 49 1
37 7 -1
37 10 -1
37 14 1
37 18 1
37 33 1
37 34 1
37 36 -1
37 39 1
37 40 -1
37 42 -1
37 44 1
37 46 1
37 47 1
37 48 1
37 56 -1
37 63 1
38 15 -1
38 17 1
38 32 -1
38 33 1
38 34 -1
38 36 -1
38 41 -1
38 42 -1
38 43 1
38 45 -1
38 46 -1
38 47 1
38 48 -1
38 52 1
38 60 1
39 3 -1
39 10 -1
39 16 -1
39 25 1
39 33 -1
39 34 1
39 35 -1
39 37 1
39 40 1
39 43 -1
39 44 1
39 45 -1
39 46 1
39 47 -1
39 55 -1
39 60 1
40 8 -1
40 9 -1
40 18 -1
40 27 -1
40 35 -1
40 36 1
40 37 -1
40 39 1
40 42 -1
40 43 1
40 44 1
40 46 -1
40 47 1
40 48 -1
40 55 1
41 2 -1
41 6 -1
41 16 -1
41 30 1
41 33 -1
41 34 1
41 36 -1
41 38 -1
41 42 1
41 43 1
41 44 1
41 45 -1
41 46 -1
41 47 -1
41 51 -1
41 61 -1
42 27 -1
42 29 -1
42 31 -1
42 33 -1
42 34 -1
42 35 1
42 36 1
42 37 -1
42 38 -1
42 40 -1
42 41 1
42 44 1
42 45 -1
42 57 -1
43 5 1
43 10 -1
43 12 -1
43 15 -1
43 19 -1
43 33 -1
43 35 1
43 36 1
43 38 1
43 39 -1
43 40 1
43 41 1
43 44 -1
43 45 1
43 48 1
43 59 -1
44 35 -1
44 37 1
44 39 1
44 40 1
44 41 1
44 42 1
44 43 -1
44 46 1
44 47 -1
44 48 1
44 51 -1
44 52 -1
44 54 -1
44 60 1
44 61 1
45 8 1
45 11 1
45 17 1
45 21 -1
45 28 -1
45 34 -1
45 35 -1
45 36 1
45 38 -1
45 39 -1
45 41 -1
45 42 -1
45 43 1
45 47 1
45 48 1
45 62 -1
46 8 -1
46 23 1
46 25 1
46 34 -1
46 35 -1
46 36 1
46 37 1
46 38 -1
46 39 1
46 40 -1
46 41 -1
46 44 1
46 48 1
46 59 -1
46 61 1
46 63 1
47 14 -1
47 24 -1
47 26 1
47 31 -1
47 33 1
47 34 -1
47 37 1
47 38 1
47 39 -1
47 40 1
47 41 -1
47 44 -1
47 45 1
47 48 1
47 50 1
47 56 -1
48 4 1
48 20 1
48 23 -1
48 35 -1
48 36 1
48 37 1
48 38 -1
48 40 -1
48 43 1
48 44 1
48 45 1
48 46 1
48 47 1
48 52 -1
48 54 1
49 1 -1
49 5 -1
49 13 1
49 36 1
49 50 1
49 51 1
49 55 1
49 56 -1
49 58 1
49 59 1
49 60 -1
49 61 -1
49 62 -1
49 64 1
50 1 1
50 11 -1
50 16 -1
50 17 1
50 30 -1
50 47 1
50 49 1
50 52 1
50 53 -1
50 54 -1
50 55 -1
50 57 1
50 59 -1
50 60 -1
50 62 1
50 64 1
51 4 -1
51 24 -1
51 35 -1
51 41 -1
51 44 -1
51 49 1
51 52 -1
51 53 -1
51 54 -1
51 55 -1
51 56 1
51 57 -1
51 58 -1
51 60 -1
51 63 -1
52 30 -1
52 38 1
52 44 -1
52 48 -1
52 50 1
52 51 -1
52 55 -1
52 56 -1
52 57 -1
52 58 1
52 59 -1
52 62 1
52 63 -1
52 64 1
53 3 -1
53 4 1
53 13 -1
53 24 -1
53 28 -1
53 31 -1
53 50 -1
53 51 -1
53 54 -1
53 55 -1
53 56 1
53 57 -1
53 58 1
53 60 1
53 63 -1
53 64 -1
54 2 1
54 21 1
54 30 1
54 44 -1
54 48 1
54 50 -1
54 51 -1
54 53 -1
54 56 1
54 57 -1
54 59 -1
54 61 -1
54 62 -1
54 63 1
54 64 -1
55 5 -1
55 22 -1
55 32 -1
55 39 -1
55 40 1
55 49 1
55 50 -1
55 51 -1
55 52 -1
55 53 -1
55 57 1
55 58 -1
55 59 1
55 61 -1
55 64 1
56 6 1
56 13 -1
56 29 -1
56 37 -1
56 47 -1
56 49 -1
56 51 1
56 52 -1
56 53 1
56 54 1
56 59 -1
56 60 1
56 61 -1
56 63 -1
56 64 -1
57 2 -1
57 6 -1
57 14 1
57 42 -1
57 50 1
57 51 -1
57 52 -1
57 53 -1
57 54 -1
57 55 1
57 58 -1
57 60 -1
57 61 -1
57 62 1
58 4 -1
58 20 -1
58 23 1
58 29 1
58 33 -1
58 49 1
58 51 -1
58 52 1
58 53 1
58 55 -1
58 57 -1
58 59 1
58 60 1
58 61 1
58 62 -1
59 19 -1
59 31 1
59 32 -1
59 43 -1
59 46 -1
59 49 1
59 50 -1
59 52 -1
59 54 -1
59 55 1
59 56 -1
59 58 1
59 60 -1
59 61 -1
59 63 1
60 4 -1
60 16 1
60 29 -1
60 38 1
60 39 1
60 44 1
60 49 -1
60 50 -1
60 51 -1
60 53 1
60 56 1
60 57 -1
60 58 1
60 59 -1
60 62 -1
60 63 1
61 5 -1
61 9 -1
61 19 1
61 41 -1
61 44 1
61 46 1
61 49 -1
61 54 -1
61 55 -1
61 56 -1
61 57 -1
61 58 1
61 59 -1
61 62 1
61 63 -1
61 64 -1
62 8 -1
62 17 1
62 22 1
62 27 -1
62 35 -1
62 45 -1
62 49 -1
62 50 1
62 52 1
62 54 -1
62 57 1
62 58 -1
62 60 -1
62 61 1
62 63 1
62 64 1
63 13 -1
63 15 -1
63 17 -1
63 26 1
63 37 1
63 46 1
63 51 -1
63 52 -1
63 53 -1
63 54 1
63 56 -1
63 59 1
63 60 1
63 61 -1
63 62 1
63 64 1
64 1 1
64 2 1
64 3 1
64 6 -1
64 13 -1
64 18 -1
64 49 1
64 50 1
64 52 1
64 53 -1
64 54 -1
64 55 1
64 56 -1
64 61 -1
64 62 1
64 63 1
