1 2 1
1 3 1
1 4 -1
1 6 1
1 8 1
1 10 -1
1 11 1
1 12 -1
1 15 1
1 16 -1
1 32 1
1 40 -1
1 47 1
1 48 1
1 56 1
1 57 1
2 1 1
2 4 1
2 5 -1
2 6 1
2 7 1
2 10 1
2 11 1
2 12 1
2 13 1
2 14 1
2 23 1
2 44 1
2 45 1
2 51 1
2 55 -1
3 1 1
3 6 -1
3 7 1
3 8 1
3 9 1
3 11 1
3 12 1
3 13 1
3 15 -1
3 16 1
3 25 1
3 26 1
3 38 -1
3 42 1
3 46 1
3 64 1
4 1 -1
4 2 1
4 5 -1
4 6 1
4 9 1
4 10 1
4 11 1
4 12 1
4 14 -1
4 15 1
4 20 1
4 26 1
4 28 1
4 34 -1
4 40 -1
4 45 1
5 2 -1
5 4 -1
5 7 1
5 8 1
5 9 -1
5 11 1
5 12 1
5 14 1
5 15 1
5 16 1
5 20 1
5 34 1
5 38 -1
5 53 1
5 60 1
5 64 1
6 1 1
6 2 1
6 3 -1
6 4 1
6 8 1
6 9 -1
6 10 1
6 13 1
6 15 1
6 16 1
6 18 1
6 20 -1
6 32 1
6 42 1
6 56 -1
6 60 1
7 2 1
7 3 1
7 5 1
7 8 1
7 9 1
7 10 1
7 11 1
7 13 1
7 14 1
7 16 1
7 21 1
7 25 1
7 33 1
7 51 1
7 61 1
7 64 1
8 1 1
8 3 1
8 5 1
8 6 1
8 7 1
8 9 1
8 12 1
8 14 -1
8 15 1
8 16 1
8 21 1
8 22 1
8 32 1
8 39 1
8 55 1
8 62 1
9 3 1
9 4 1
9 5 -1
9 6 -1
9 7 1
9 8 1
9 12 1
9 13 -1
9 14 1
9 15 1
9 18 1
9 20 1
9 24 1
9 33 1
9 40 1
9 50 1
10 1 -1
10 2 1
10 4 1
10 6 1
10 7 1
10 11 1
10 12 -1
10 13 1
10 15 1
10 16 1
10 25 1
10 35 1
10 44 1
10 47 -1
10 59 -1
11 1 1
11 2 1
11 3 1
11 4 1
11 5 1
11 7 1
11 10 1
11 12 1
11 13 1
11 16 1
11 24 1
11 35 1
11 36 1
11 56 1
11 63 1
11 64 1
12 1 -1
12 2 1
12 3 1
12 4 1
12 5 1
12 8 1
12 9 1
12 10 -1
12 11 1
12 14 -1
12 33 1
12 37 1
12 41 1
12 45 1
12 61 1
12 63 1
13 2 1
13 3 1
13 6 1
13 7 1
13 9 -1
13 10 1
13 11 1
13 14 -1
13 15 -1
13 16 -1
13 36 1
13 48 1
13 52 -1
13 55 -1
13 56 1
14 2 1
14 4 -1
14 5 1
14 7 1
14 8 -1
14 9 1
14 12 -1
14 13 -1
14 15 -1
14 16 1
14 19 1
14 26 1
14 40 1
14 46 1
14 61 1
14 63 1
15 1 1
15 3 -1
15 4 1
15 5 1
15 6 1
15 8 1
15 9 1
15 10 1
15 13 -1
15 14 -1
15 21 1
15 39 1
15 41 1
15 52 1
15 58 1
15 63 1
16 1 -1
16 3 1
16 5 1
16 6 1
16 7 1
16 8 1
16 10 1
16 11 1
16 13 -1
16 14 1
16 17 1
16 31 1
16 32 -1
16 37 1
16 53 1
17 16 1
17 18 1
17 19 1
17 20 -1
17 21 1
17 22 1
17 24 1
17 26 -1
17 28 -1
17 29 1
17 30 -1
17 34 1
17 44 1
17 55 -1
17 62 1
18 6 1
18 9 1
18 17 1
18 19 -1
18 20 1
18 22 1
18 23 1
18 27 1
18 28 1
18 29 1
18 31 1
18 32 -1
18 34 1
18 36 1
18 37 1
19 14 1
19 17 1
19 18 -1
19 20 1
19 22 -1
19 25 1
19 26 1
19 27 1
19 28 1
19 29 1
19 30 -1
19 46 -1
19 47 1
19 49 1
19 51 1
19 57 1
20 4 1
20 5 1
20 6 -1
20 9 1
20 17 -1
20 18 1
20 19 1
20 21 -1
20 23 -1
20 25 1
20 26 1
20 27 1
20 31 1
20 32 -1
20 53 1
20 57 1
21 7 1
21 8 1
21 15 1
21 17 1
21 20 -1
21 25 1
21 26 1
21 27 1
21 28 1
21 29 1
21 30 -1
21 31 1
21 32 1
21 38 1
21 41 1
21 46 1
22 8 1
22 17 1
22 18 1
22 19 -1
22 23 1
22 24 -1
22 25 -1
22 26 1
22 27 1
22 30 1
22 32 -1
22 40 1
22 48 1
22 53 -1
22 58 1
22 62 1
23 2 1
23 18 1
23 20 -1
23 22 1
23 24 1
23 25 -1
23 27 1
23 28 1
23 29 -1
23 31 1
23 32 1
23 38 -1
23 49 1
23 60 1
23 62 1
23 63 -1
24 9 1
24 11 1
24 17 1
24 22 -1
24 23 1
24 25 -1
24 26 1
24 27 1
24 29 1
24 30 1
24 31 -1
24 32 1
24 35 1
24 43 1
24 44 1
24 62 1
25 3 1
25 7 1
25 10 1
25 19 1
25 20 1
25 21 1
25 22 -1
25 23 -1
25 24 -1
25 27 1
25 28 1
25 29 1
25 31 1
25 39 1
25 45 1
25 47 1
26 3 1
26 4 1
26 14 1
26 17 -1
26 19 1
26 20 1
26 21 1
26 22 1
26 24 1
26 28 -1
26 29 1
26 30 1
26 32 1
26 36 1
26 51 1
26 59 1
27 18 1
27 19 1
27 20 1
27 21 1
27 22 1
27 23 1
27 24 1
27 25 1
27 28 1
27 32 1
27 33 1
27 37 1
27 48 1
27 50 -1
27 54 1
27 60 -1
28 4 1
28 17 -1
28 18 1
28 19 1
28 21 1
28 23 1
28 25 1
28 26 -1
28 27 1
28 30 1
28 31 -1
28 36 1
28 52 1
28 53 1
28 54 1
28 61 1
29 17 1
29 18 1
29 19 1
29 21 1
29 23 -1
29 24 1
29 25 1
29 26 1
29 30 1
29 31 1
29 44 1
29 49 1
29 50 1
29 51 1
29 59 1
29 62 1
30 17 -1
30 19 -1
30 21 -1
30 22 1
30 24 1
30 26 1
30 28 1
30 29 1
30 31 1
30 32 1
30 39 1
30 44 1
30 52 1
30 54 1
30 55 -1
30 59 -1
31 16 1
31 18 1
31 20 1
31 21 1
31 23 1
31 24 -1
31 25 1
31 28 -1
31 29 1
31 30 1
31 32 1
31 37 1
31 43 -1
31 46 1
31 50 1
31 60 -1
32 1 1
32 6 1
32 8 1
32 16 -1
32 18 -1
32 20 -1
32 21 1
32 22 -1
32 23 1
32 24 1
32 26 1
32 27 1
32 30 1
32 31 1
32 40 1
32 52 1
33 7 1
33 9 1
33 12 1
33 27 1
33 35 -1
33 36 -1
33 39 -1
33 40 1
33 41 -1
33 42 1
33 45 -1
33 46 1
33 47 1
33 48 1
33 63 -1
33 64 1
34 4 -1
34 5 1
34 17 1
34 18 1
34 35 1
34 36 1
34 38 -1
34 39 1
34 40 1
34 43 1
34 44 1
34 45 1
34 46 1
34 48 1
34 52 1
35 10 1
35 11 1
35 24 1
35 33 -1
35 34 1
35 36 1
35 37 1
35 38 1
35 39 1
35 42 -1
35 43 1
35 44 1
35 48 1
35 50 1
35 59 -1
36 11 1
36 13 1
36 18 1
36 26 1
36 28 1
36 33 -1
36 34 1
36 35 1
36 37 -1
36 38 1
36 40 1
36 43 1
36 44 1
36 45 1
36 46 -1
36 49 1
37 12 1
37 16 1
37 18 1
37 27 1
37 31 1
37 35 1
37 36 -1
37 38 1
37 40 1
37 41 1
37 42 1
37 43 -1
37 44 1
37 45 1
37 47 1
37 50 -1
38 3 -1
38 5 -1
38 21 1
38 23 -1
38 34 -1
38 35 1
38 36 1
38 37 1
38 39 1
38 41 -1
38 43 1
38 45 1
38 46 1
38 47 1
38 49 -1
38 61 1
39 8 1
39 15 1
39 25 1
39 30 1
39 33 -1
39 34 1
39 35 1
39 38 1
39 40 1
39 41 1
39 42 1
39 45 1
39 46 1
39 48 1
39 54 1
39 57 -1
40 1 -1
40 4 -1
40 9 1
40 14 1
40 22 1
40 32 1
40 33 1
40 34 1
40 36 1
40 37 1
40 39 1
40 41 1
40 44 1
40 45 1
40 47 1
40 48 1
41 12 1
41 15 1
41 21 1
41 33 -1
41 37 1
41 38 -1
41 39 1
41 40 1
41 42 1
41 43 1
41 44 1
41 47 1
41 48 1
41 49 1
41 57 1
41 64 -1
42 3 1
42 6 1
42 33 1
42 35 -1
42 37 1
42 39 1
42 41 1
42 44 1
42 45 1
42 46 -1
42 47 1
42 48 1
42 58 1
43 24 1
43 31 -1
43 34 1
43 35 1
43 36 1
43 37 -1
43 38 1
43 41 1
43 45 -1
43 46 1
43 47 1
43 48 1
43 54 1
43 57 1
43 60 1
44 2 1
44 10 1
44 17 1
44 24 1
44 29 1
44 30 1
44 34 1
44 35 1
44 36 1
44 37 1
44 40 1
44 41 1
44 42 1
44 46 1
44 47 1
44 48 -1
45 2 1
45 4 1
45 12 1
45 25 1
45 33 -1
45 34 1
45 36 1
45 37 1
45 38 1
45 39 1
45 40 1
45 42 1
45 43 -1
45 47 1
45 53 1
46 3 1
46 14 1
46 19 -1
46 21 1
46 31 1
46 33 1
46 34 1
46 36 -1
46 38 1
46 39 1
46 42 -1
46 43 1
46 44 1
46 47 -1
46 48 1
46 61 1
47 1 1
47 10 -1
47 19 1
47 25 1
47 33 1
47 37 1
47 38 1
47 40 1
47 41 1
47 42 1
47 43 1
47 44 1
47 45 1
47 46 -1
47 56 1
48 1 1
48 13 1
48 22 1
48 27 1
48 33 1
48 34 1
48 35 1
48 39 1
48 40 1
48 41 1
48 42 1
48 43 1
48 44 -1
48 46 1
48 51 1
48 59 1
49 19 1
49 23 1
49 29 1
49 36 1
49 38 -1
49 41 1
49 51 -1
49 52 1
49 53 1
49 54 1
49 55 -1
49 56 -1
49 57 1
49 59 1
49 62 1
49 63 1
50 9 1
50 27 -1
50 29 1
50 31 1
50 35 1
50 37 -1
50 53 1
50 54 1
50 55 1
50 56 1
50 57 1
50 58 1
50 59 1
50 60 1
50 61 1
50 63 1
51 2 1
51 7 1
51 19 1
51 26 1
51 29 1
51 48 1
51 49 -1
51 53 1
51 54 1
51 55 1
51 56 1
51 59 -1
51 60 1
51 62 1
51 63 -1
51 64 1
52 13 -1
52 15 1
52 28 1
52 30 1
52 32 1
52 34 1
52 49 1
52 53 1
52 54 1
52 57 1
52 58 1
52 59 1
52 60 1
52 61 1
52 62 1
52 63 1
53 5 1
53 16 1
53 20 1
53 22 -1
53 28 1
53 45 1
53 49 1
53 50 1
53 51 1
53 52 1
53 55 1
53 57 1
53 58 1
53 61 1
53 62 1
53 63 1
54 27 1
54 28 1
54 30 1
54 39 1
54 43 1
54 49 1
54 50 1
54 51 1
54 52 1
54 56 1
54 57 1
54 59 1
54 60 1
54 62 -1
54 64 1
55 2 -1
55 8 1
55 13 -1
55 17 -1
55 30 -1
55 49 -1
55 50 1
55 51 1
55 53 1
55 56 1
55 57 1
55 58 1
55 61 -1
55 62 1
55 64 1
56 1 1
56 6 -1
56 11 1
56 13 1
56 47 1
56 49 -1
56 50 1
56 51 1
56 54 1
56 55 1
56 57 1
56 59 1
56 60 1
56 61 -1
56 64 -1
57 1 1
57 19 1
57 20 1
57 39 -1
57 41 1
57 43 1
57 49 1
57 50 1
57 52 1
57 53 1
57 54 1
57 55 1
57 56 1
57 58 1
57 60 -1
57 64 -1
58 15 1
58 22 1
58 42 1
58 50 1
58 52 1
58 53 1
58 55 1
58 57 1
58 59 1
58 60 1
58 61 1
58 62 1
58 64 1
59 10 -1
59 26 1
59 29 1
59 30 -1
59 35 -1
59 48 1
59 49 1
59 50 1
59 51 -1
59 52 1
59 54 1
59 56 1
59 58 1
59 60 1
59 61 1
59 63 1
60 5 1
60 6 1
60 23 1
60 27 -1
60 31 -1
60 43 1
60 50 1
60 51 1
60 52 1
60 54 1
60 56 1
60 57 -1
60 58 1
60 59 1
60 63 1
60 64 -1
61 7 1
61 12 1
61 14 1
61 28 1
61 38 1
61 46 1
61 50 1
61 52 1
61 53 1
61 55 -1
61 56 -1
61 58 1
61 59 1
61 62 1
61 63 1
61 64 1
62 8 1
62 17 1
62 22 1
62 23 1
62 24 1
62 29 1
62 49 1
62 51 1
62 52 1
62 53 1
62 54 -1
62 55 1
62 58 1
62 61 1
62 63 -1
62 64 -1
63 11 1
63 12 1
63 14 1
63 15 1
63 23 -1
63 33 -1
63 49 1
63 50 1
63 51 -1
63 52 1
63 53 1
63 59 1
63 60 1
63 61 1
63 62 -1
63 64 -1
64 3 1
64 5 1
64 7 1
64 11 1
64 33 1
64 41 -1
64 51 1
64 54 1
64 55 1
64 56 -1
64 57 -1
64 58 1
64 60 -1
64 61 1
64 62 -1
64 63 -1
