1 2 -1
1 4 1
1 6 1
1 7 1
1 9 1
1 11 -1
1 13 1
1 14 1
1 15 1
1 16 -1
1 19 1
1 25 -1
1 35 -1
1 39 -1
1 41 1
1 55 1
2 1 -1
2 3 1
2 5 1
2 6 1
2 7 -1
2 8 1
2 11 -1
2 12 1
2 14 1
2 15 1
2 25 1
2 46 1
2 52 1
2 54 1
2 64 1
3 2 1
3 4 1
3 5 1
3 6 1
3 9 -1
3 11 1
3 12 1
3 13 1
3 14 1
3 15 1
3 29 1
3 35 1
3 39 1
3 43 1
3 56 -1
3 61 1
4 1 1
4 3 1
4 5 -1
4 7 -1
4 8 1
4 9 -1
4 12 -1
4 13 1
4 15 1
4 16 1
4 17 1
4 28 1
4 34 1
4 40 1
4 51 1
4 63 -1
5 2 1
5 3 1
5 4 -1
5 9 -1
5 10 1
5 11 -1
5 12 1
5 13 1
5 15 1
5 16 -1
5 30 1
5 51 1
5 52 -1
5 53 1
5 60 1
6 1 1
6 2 1
6 3 1
6 8 -1
6 9 1
6 10 1
6 11 1
6 12 1
6 14 1
6 16 1
6 25 1
6 37 1
6 41 1
6 45 -1
6 48 1
6 49 -1
7 1 1
7 2 -1
7 4 -1
7 8 -1
7 9 -1
7 10 -1
7 11 1
7 12 -1
7 13 -1
7 14 1
7 22 1
7 24 1
7 30 1
7 32 -1
7 44 1
7 56 1
8 2 1
8 4 1
8 6 -1
8 7 -1
8 10 1
8 11 1
8 12 1
8 13 1
8 15 1
8 16 1
8 21 1
8 24 -1
8 38 1
8 42 -1
8 63 1
9 1 1
9 3 -1
9 4 -1
9 5 -1
9 6 1
9 7 -1
9 10 1
9 12 1
9 14 -1
9 16 1
9 24 1
9 29 -1
9 35 1
9 39 -1
9 43 -1
9 64 -1
10 5 1
10 6 1
10 7 -1
10 8 1
10 9 1
10 11 -1
10 12 1
10 13 -1
10 14 1
10 16 1
10 23 -1
10 37 1
10 41 1
10 47 1
10 53 -1
11 1 -1
11 2 -1
11 3 1
11 5 -1
11 6 1
11 7 1
11 8 1
11 10 -1
11 14 1
11 15 -1
11 26 1
11 33 1
11 55 -1
11 59 1
11 60 1
11 61 1
12 2 1
12 3 1
12 4 -1
12 5 1
12 6 1
12 7 -1
12 8 1
12 9 1
12 10 1
12 15 1
12 21 1
12 22 1
12 26 1
12 40 -1
12 42 1
12 46 1
13 1 1
13 3 1
13 4 1
13 5 1
13 7 -1
13 8 1
13 10 -1
13 14 1
13 15 1
13 16 -1
13 28 1
13 36 -1
13 39 -1
13 48 -1
13 60 -1
14 1 1
14 2 1
14 3 1
14 6 1
14 7 1
14 9 -1
14 10 1
14 11 1
14 13 1
14 16 -1
14 26 1
14 40 -1
14 46 -1
14 58 1
14 59 1
15 1 1
15 2 1
15 3 1
15 4 1
15 5 1
15 8 1
15 11 -1
15 12 1
15 13 1
15 16 1
15 19 1
15 32 1
15 40 -1
15 51 1
15 58 1
15 61 -1
16 1 -1
16 4 1
16 5 -1
16 6 1
16 8 1
16 9 1
16 10 1
16 13 -1
16 14 -1
16 15 1
16 19 1
16 25 1
16 26 -1
16 34 1
16 52 1
16 54 -1
17 4 1
17 18 -1
17 19 1
17 20 1
17 21 1
17 22 1
17 25 1
17 26 -1
17 27 1
17 30 1
17 32 1
17 41 -1
17 42 1
17 54 1
17 58 1
17 63 1
18 17 -1
18 20 1
18 21 1
18 23 -1
18 24 1
18 25 -1
18 26 -1
18 28 1
18 29 -1
18 30 -1
18 42 1
18 49 1
18 53 1
18 54 1
18 58 1
19 1 1
19 15 1
19 16 1
19 17 1
19 20 -1
19 23 1
19 24 -1
19 25 1
19 26 -1
19 27 1
19 28 1
19 29 1
19 30 1
19 36 1
19 42 1
19 64 -1
20 17 1
20 18 1
20 19 -1
20 21 1
20 22 1
20 27 1
20 28 -1
20 30 -1
20 31 1
20 32 -1
20 34 1
20 44 1
20 46 1
20 48 1
20 49 -1
20 52 1
21 8 1
21 12 1
21 17 1
21 18 1
21 20 1
21 22 1
21 23 1
21 24 1
21 25 -1
21 26 1
21 29 1
21 31 -1
21 44 1
21 52 1
21 57 1
22 7 1
22 12 1
22 17 1
22 20 1
22 21 1
22 24 1
22 26 1
22 27 1
22 28 -1
22 29 1
22 31 -1
22 32 1
22 33 1
22 34 1
22 44 1
22 54 1
23 10 -1
23 18 -1
23 19 1
23 21 1
23 24 1
23 25 -1
23 27 1
23 28 1
23 30 1
23 31 1
23 32 1
23 37 -1
23 55 -1
23 56 -1
23 61 -1
23 64 1
24 7 1
24 8 -1
24 9 1
24 18 1
24 19 -1
24 21 1
24 22 1
24 23 1
24 27 -1
24 28 1
24 30 1
24 31 1
24 32 1
24 36 1
24 62 1
25 1 -1
25 2 1
25 6 1
25 16 1
25 17 1
25 18 -1
25 19 1
25 21 -1
25 23 -1
25 27 -1
25 28 1
25 29 1
25 30 -1
25 31 -1
25 48 1
25 53 1
26 11 1
26 12 1
26 14 1
26 16 -1
26 17 -1
26 18 -1
26 19 -1
26 21 1
26 22 1
26 27 -1
26 28 1
26 29 1
26 31 1
26 32 1
26 36 1
26 55 -1
27 17 1
27 19 1
27 20 1
27 22 1
27 23 1
27 24 -1
27 25 -1
27 26 -1
27 29 1
27 31 1
27 56 1
27 57 1
27 58 1
27 59 1
27 60 1
27 63 1
28 4 1
28 13 1
28 18 1
28 19 1
28 20 -1
28 22 -1
28 23 1
28 24 1
28 25 1
28 26 1
28 30 1
28 32 1
28 33 -1
28 43 1
28 49 -1
28 55 1
29 3 1
29 9 -1
29 18 -1
29 19 1
29 21 1
29 22 1
29 25 1
29 26 1
29 27 1
29 30 -1
29 31 1
29 32 1
29 43 1
29 44 1
29 59 1
29 60 -1
30 5 1
30 7 1
30 17 1
30 18 -1
30 19 1
30 20 -1
30 23 1
30 24 1
30 25 -1
30 28 1
30 29 -1
30 32 1
30 36 1
30 39 1
30 51 1
30 61 -1
31 20 1
31 21 -1
31 22 -1
31 23 1
31 24 1
31 25 -1
31 26 1
31 27 1
31 29 1
31 32 -1
31 43 1
31 49 1
31 53 1
31 57 -1
32 7 -1
32 15 1
32 17 1
32 20 -1
32 22 1
32 23 1
32 24 1
32 26 1
32 28 1
32 29 1
32 30 1
32 31 -1
32 35 1
32 38 -1
32 44 1
32 45 1
33 11 1
33 22 1
33 28 -1
33 34 1
33 35 1
33 36 1
33 37 1
33 39 1
33 40 1
33 41 -1
33 44 1
33 45 1
33 48 1
33 54 1
33 56 -1
33 64 1
34 4 1
34 16 1
34 20 1
34 22 1
34 33 1
34 35 -1
34 36 1
34 37 1
34 39 1
34 41 1
34 42 1
34 45 1
34 46 1
34 48 1
34 50 1
34 62 1
35 1 -1
35 3 1
35 9 1
35 32 1
35 33 1
35 34 -1
35 38 -1
35 39 -1
35 40 -1
35 41 1
35 44 1
35 45 1
35 47 1
35 48 1
35 49 1
35 63 1
36 13 -1
36 19 1
36 24 1
36 26 1
36 30 1
36 33 1
36 34 1
36 38 -1
36 39 1
36 42 1
36 43 1
36 44 1
36 45 1
36 47 1
36 48 1
36 63 1
37 6 1
37 10 1
37 23 -1
37 33 1
37 34 1
37 38 -1
37 39 -1
37 40 -1
37 42 1
37 43 1
37 46 -1
37 47 1
37 48 1
37 50 -1
37 58 1
37 64 1
38 8 1
38 32 -1
38 35 -1
38 36 -1
38 37 -1
38 39 -1
38 40 -1
38 41 1
38 42 1
38 43 -1
38 45 1
38 46 -1
38 50 -1
38 62 1
39 1 -1
39 3 1
39 9 -1
39 13 -1
39 30 1
39 33 1
39 34 1
39 35 -1
39 36 1
39 37 -1
39 38 -1
39 40 -1
39 43 1
39 46 1
39 47 1
39 56 -1
40 4 1
40 12 -1
40 14 -1
40 15 -1
40 33 1
40 35 -1
40 37 -1
40 38 -1
40 39 -1
40 43 1
40 44 1
40 46 -1
40 47 -1
40 48 -1
40 50 1
40 62 1
41 1 1
41 6 1
41 10 1
41 17 -1
41 33 -1
41 34 1
41 35 1
41 38 1
41 42 -1
41 43 -1
41 44 1
41 46 -1
41 47 1
41 48 -1
41 52 1
41 60 1
42 8 -1
42 12 1
42 17 1
42 18 1
42 19 1
42 34 1
42 36 1
42 37 1
42 38 1
42 41 -1
42 43 -1
42 44 -1
42 45 1
42 47 1
42 48 -1
43 3 1
43 9 -1
43 28 1
43 29 1
43 31 1
43 36 1
43 37 1
43 38 -1
43 39 1
43 40 1
43 41 -1
43 42 -1
43 44 1
43 45 1
43 46 1
44 7 1
44 20 1
44 21 1
44 22 1
44 29 1
44 32 1
44 33 1
44 35 1
44 36 1
44 40 1
44 41 1
44 42 -1
44 43 1
44 45 1
44 46 1
44 47 1
45 6 -1
45 32 1
45 33 1
45 34 1
45 35 1
45 36 1
45 38 1
45 42 1
45 43 1
45 44 1
45 46 1
45 47 1
45 50 1
45 51 1
45 57 -1
46 2 1
46 12 1
46 14 -1
46 20 1
46 34 1
46 37 -1
46 38 -1
46 39 1
46 40 -1
46 41 -1
46 43 1
46 44 1
46 45 1
46 48 1
47 10 1
47 35 1
47 36 1
47 37 1
47 39 1
47 40 -1
47 41 1
47 42 1
47 44 1
47 45 1
47 48 1
47 55 1
47 57 -1
47 59 1
47 61 1
48 6 1
48 13 -1
48 20 1
48 25 1
48 33 1
48 34 1
48 35 1
48 36 1
48 37 1
48 40 -1
48 41 -1
48 42 -1
48 46 1
48 47 1
48 59 1
49 6 -1
49 18 1
49 20 -1
49 28 -1
49 31 1
49 35 1
49 50 -1
49 52 -1
49 53 1
49 55 -1
49 56 1
49 58 1
49 59 -1
49 60 1
49 63 -1
49 64 -1
50 34 1
50 37 -1
50 38 -1
50 40 1
50 45 1
50 49 -1
50 52 1
50 53 1
50 54 1
50 57 1
50 60 1
50 61 1
50 62 1
50 63 1
50 64 -1
51 4 1
51 5 1
51 15 1
51 30 1
51 45 1
51 52 1
51 53 1
51 54 1
51 56 1
51 57 1
51 58 -1
51 59 -1
51 60 -1
51 61 -1
51 64 1
52 2 1
52 5 -1
52 16 1
52 20 1
52 21 1
52 41 1
52 49 -1
52 50 1
52 51 1
52 56 1
52 57 1
52 58 1
52 59 -1
52 60 1
52 62 1
52 63 1
53 5 1
53 10 -1
53 18 1
53 25 1
53 31 1
53 49 1
53 50 1
53 51 1
53 55 -1
53 57 1
53 59 -1
53 60 1
53 61 1
53 63 1
53 64 1
54 2 1
54 16 -1
54 17 1
54 18 1
54 22 1
54 33 1
54 50 1
54 51 1
54 55 1
54 56 -1
54 58 1
54 59 1
54 60 1
54 61 1
54 63 1
54 64 1
55 1 1
55 11 -1
55 23 -1
55 26 -1
55 28 1
55 47 1
55 49 -1
55 53 -1
55 54 1
55 56 1
55 57 1
55 58 -1
55 59 1
55 60 1
55 61 1
55 62 -1
56 3 -1
56 7 1
56 23 -1
56 27 1
56 33 -1
56 39 -1
56 49 1
56 51 1
56 52 1
56 54 -1
56 55 1
56 59 1
56 60 -1
56 61 -1
56 62 -1
56 64 -1
57 21 1
57 27 1
57 31 -1
57 45 -1
57 47 -1
57 50 1
57 51 1
57 52 1
57 53 1
57 55 1
57 58 1
57 59 1
57 62 1
57 63 1
57 64 1
58 14 1
58 15 1
58 17 1
58 18 1
58 27 1
58 37 1
58 49 1
58 51 -1
58 52 1
58 54 1
58 55 -1
58 57 1
58 60 1
58 61 1
58 62 -1
58 63 1
59 11 1
59 14 1
59 27 1
59 29 1
59 47 1
59 48 1
59 49 -1
59 51 -1
59 52 -1
59 53 -1
59 54 1
59 55 1
59 56 1
59 57 1
59 61 1
59 62 -1
60 5 1
60 11 1
60 13 -1
60 27 1
60 29 -1
60 41 1
60 49 1
60 50 1
60 51 -1
60 52 1
60 53 1
60 54 1
60 55 1
60 56 -1
60 58 1
60 63 1
61 3 1
61 11 1
61 15 -1
61 23 -1
61 30 -1
61 47 1
61 50 1
61 51 -1
61 53 1
61 54 1
61 55 1
61 56 -1
61 58 1
61 59 1
61 62 -1
61 64 1
62 24 1
62 34 1
62 38 1
62 40 1
62 50 1
62 52 1
62 55 -1
62 56 -1
62 57 1
62 58 -1
62 59 -1
62 61 -1
62 63 1
62 64 1
63 4 -1
63 8 1
63 17 1
63 27 1
63 35 1
63 36 1
63 49 -1
63 50 1
63 52 1
63 53 1
63 54 1
63 57 1
63 58 1
63 60 1
63 62 1
63 64 -1
64 2 1
64 9 -1
64 19 -1
64 23 1
64 33 1
64 37 1
64 49 -1
64 50 -1
64 51 1
64 53 1
64 54 1
64 56 -1
64 57 1
64 61 1
64 62 1
64 63 -1
