1 4 -1
1 5 -1
1 8 -1
1 9 1
1 10 1
1 12 -1
1 13 -1
1 14 -1
1 15 1
1 16 1
1 22 1
1 30 -1
1 42 1
1 43 -1
1 46 1
1 60 1
2 3 1
2 4 -1
2 7 1
2 8 1
2 9 -1
2 10 1
2 11 1
2 12 1
2 14 1
2 15 1
2 17 1
2 36 -1
2 47 1
2 55 -1
2 61 1
2 62 -1
3 2 1
3 6 1
3 7 1
3 9 1
3 10 1
3 11 1
3 12 -1
3 13 1
3 14 1
3 16 -1
3 28 -1
3 31 1
3 45 1
3 60 1
3 63 -1
3 64 -1
4 1 -1
4 2 -1
4 5 -1
4 7 1
4 9 -1
4 10 1
4 11 1
4 13 1
4 15 1
4 16 1
4 20 1
4 22 1
4 34 1
4 42 1
4 43 -1
4 46 1
5 1 -1
5 4 -1
5 6 1
5 7 1
5 8 1
5 11 1
5 12 -1
5 14 -1
5 15 -1
5 16 -1
5 19 -1
5 23 1
5 27 1
5 29 1
5 53 1
5 55 1
6 3 1
6 5 1
6 7 -1
6 9 1
6 10 -1
6 11 -1
6 12 -1
6 13 -1
6 15 -1
6 16 -1
6 23 -1
6 25 1
6 34 -1
6 35 -1
6 43 1
6 53 -1
7 2 1
7 3 1
7 4 1
7 5 1
7 6 -1
7 11 1
7 12 -1
7 14 -1
7 15 1
7 16 -1
7 17 1
7 25 -1
7 41 -1
7 51 -1
7 56 -1
7 57 -1
8 1 -1
8 2 1
8 5 1
8 9 -1
8 10 1
8 11 1
8 13 -1
8 14 1
8 15 -1
8 16 1
8 24 -1
8 43 1
8 54 1
8 56 -1
8 58 -1
8 60 1
9 1 1
9 2 -1
9 3 1
9 4 -1
9 6 1
9 8 -1
9 10 -1
9 12 1
9 13 -1
9 15 1
9 19 1
9 21 1
9 31 -1
9 47 1
9 62 -1
10 1 1
10 2 1
10 3 1
10 4 1
10 6 -1
10 8 1
10 9 -1
10 11 1
10 13 1
10 14 -1
10 18 -1
10 19 -1
10 27 -1
10 32 -1
10 38 1
10 54 1
11 2 1
11 3 1
11 4 1
11 5 1
11 6 -1
11 7 1
11 8 1
11 10 1
11 15 1
11 16 1
11 27 -1
11 29 1
11 31 1
11 35 -1
11 39 1
11 45 1
12 1 -1
12 2 1
12 3 -1
12 5 -1
12 6 -1
12 7 -1
12 9 1
12 13 -1
12 14 -1
12 16 -1
12 25 1
12 32 1
12 33 1
12 55 1
12 56 1
12 63 1
13 1 -1
13 3 1
13 4 1
13 6 -1
13 8 -1
13 9 -1
13 10 1
13 12 -1
13 14 -1
13 16 1
13 36 1
13 46 -1
13 47 -1
13 51 -1
13 58 1
13 59 1
14 1 -1
14 2 1
14 3 1
14 5 -1
14 7 -1
14 8 1
14 10 -1
14 12 -1
14 13 -1
14 15 -1
14 35 -1
14 48 -1
14 56 1
14 59 1
15 1 1
15 2 1
15 4 1
15 5 -1
15 6 -1
15 7 1
15 8 -1
15 9 1
15 11 1
15 14 -1
15 19 -1
15 20 1
15 25 1
15 26 1
15 41 -1
15 64 1
16 1 1
16 3 -1
16 4 1
16 5 -1
16 6 -1
16 7 -1
16 8 1
16 11 1
16 12 -1
16 13 1
16 30 1
16 54 -1
16 58 1
16 60 1
16 61 -1
16 62 1
17 2 1
17 7 1
17 19 1
17 21 1
17 22 1
17 23 1
17 25 -1
17 26 1
17 27 -1
17 30 -1
17 31 -1
17 32 -1
17 43 -1
17 44 -1
17 57 1
17 58 -1
18 10 -1
18 20 1
18 21 1
18 22 -1
18 23 1
18 24 1
18 26 -1
18 27 1
18 29 1
18 30 1
18 32 1
18 33 -1
18 34 -1
18 48 1
18 52 1
18 58 1
19 5 -1
19 9 1
19 10 -1
19 15 -1
19 17 1
19 20 1
19 21 1
19 22 -1
19 23 1
19 24 1
19 26 -1
19 27 -1
19 29 -1
19 32 1
19 44 -1
20 4 1
20 15 1
20 18 1
20 19 1
20 22 -1
20 24 1
20 25 -1
20 26 1
20 27 1
20 28 1
20 30 1
20 31 -1
20 34 1
20 35 -1
20 47 1
20 51 1
21 9 1
21 17 1
21 18 1
21 19 1
21 23 -1
21 24 -1
21 26 -1
21 28 -1
21 29 1
21 31 1
21 32 1
21 33 1
21 38 1
21 44 -1
21 45 -1
21 55 -1
22 1 1
22 4 1
22 17 1
22 18 -1
22 19 -1
22 20 -1
22 24 1
22 26 1
22 27 1
22 30 1
22 31 1
22 32 -1
22 40 1
22 52 1
22 56 1
22 62 1
23 5 1
23 6 -1
23 17 1
23 18 1
23 19 1
23 21 -1
23 25 -1
23 26 1
23 27 1
23 28 -1
23 29 -1
23 30 -1
23 40 1
23 50 1
23 57 1
23 58 1
24 8 -1
24 18 1
24 19 1
24 20 1
24 21 -1
24 22 1
24 25 1
24 26 1
24 28 -1
24 29 1
24 31 -1
24 46 -1
24 49 1
24 50 1
24 51 1
25 6 1
25 7 -1
25 12 1
25 15 1
25 17 -1
25 20 -1
25 23 -1
25 24 1
25 26 -1
25 27 -1
25 28 1
25 29 1
25 30 1
25 31 1
25 44 -1
25 47 1
26 15 1
26 17 1
26 18 -1
26 19 -1
26 20 1
26 21 -1
26 22 1
26 23 1
26 24 1
26 25 -1
26 32 -1
26 49 -1
26 53 1
26 61 1
27 5 1
27 10 -1
27 11 -1
27 17 -1
27 18 1
27 19 -1
27 20 1
27 22 1
27 23 1
27 25 -1
27 28 1
27 31 -1
27 32 -1
27 35 1
27 60 1
27 64 -1
28 3 -1
28 20 1
28 21 -1
28 23 -1
28 24 -1
28 25 1
28 27 1
28 29 -1
28 30 1
28 31 -1
28 32 -1
28 33 -1
28 37 1
28 39 1
28 42 -1
29 5 1
29 11 1
29 18 1
29 19 -1
29 21 1
29 23 -1
29 24 1
29 25 1
29 28 -1
29 30 1
29 31 -1
29 32 1
29 37 1
29 38 1
29 40 1
29 60 1
30 1 -1
30 16 1
30 17 -1
30 18 1
30 20 1
30 22 1
30 23 -1
30 25 1
30 28 1
30 29 1
30 31 1
30 32 1
30 38 1
30 46 -1
30 50 1
30 52 -1
31 3 1
31 9 -1
31 11 1
31 17 -1
31 20 -1
31 21 1
31 22 1
31 24 -1
31 25 1
31 27 -1
31 28 -1
31 29 -1
31 30 1
31 45 1
31 61 1
31 62 1
32 10 -1
32 12 1
32 17 -1
32 18 1
32 19 1
32 21 1
32 22 -1
32 26 -1
32 27 -1
32 28 -1
32 29 1
32 30 1
32 37 1
32 39 1
32 55 1
32 57 -1
33 12 1
33 18 -1
33 21 1
33 28 -1
33 35 1
33 36 1
33 37 -1
33 40 1
33 43 1
33 44 -1
33 45 1
33 46 1
33 47 1
33 48 -1
33 50 1
33 62 -1
34 4 1
34 6 -1
34 18 -1
34 20 1
34 35 1
34 37 1
34 38 -1
34 41 -1
34 42 1
34 43 1
34 44 -1
34 45 1
34 47 1
34 48 1
34 59 1
35 6 -1
35 11 -1
35 14 -1
35 20 -1
35 27 1
35 33 1
35 34 1
35 36 1
35 37 1
35 38 -1
35 39 1
35 40 -1
35 45 1
35 47 1
35 48 -1
35 54 1
36 2 -1
36 13 1
36 33 1
36 35 1
36 37 1
36 40 -1
36 41 1
36 42 1
36 43 1
36 44 1
36 47 1
36 48 1
36 53 1
36 59 -1
36 61 1
36 63 -1
37 28 1
37 29 1
37 32 1
37 33 -1
37 34 1
37 35 1
37 36 1
37 38 1
37 39 1
37 41 1
37 42 1
37 43 1
37 44 1
37 54 -1
37 61 -1
37 63 -1
38 10 1
38 21 1
38 29 1
38 30 1
38 34 -1
38 35 -1
38 37 1
38 39 1
38 40 1
38 41 -1
38 44 -1
38 46 -1
38 47 1
38 48 -1
38 51 1
38 63 1
39 11 1
39 28 1
39 32 1
39 35 1
39 37 1
39 38 1
39 40 1
39 41 1
39 42 1
39 43 -1
39 45 -1
39 46 1
39 47 1
39 49 -1
39 51 -1
40 22 1
40 23 1
40 29 1
40 33 1
40 35 -1
40 36 -1
40 38 1
40 39 1
40 41 1
40 42 1
40 43 -1
40 46 1
40 47 1
40 55 1
40 64 1
41 7 -1
41 15 -1
41 34 -1
41 36 1
41 37 1
41 38 -1
41 39 1
41 40 1
41 44 1
41 45 -1
41 46 1
41 48 -1
41 49 -1
41 52 -1
41 53 -1
41 56 1
42 1 1
42 4 1
42 28 -1
42 34 1
42 36 1
42 37 1
42 39 1
42 40 1
42 43 1
42 44 1
42 45 1
42 46 -1
42 48 -1
42 50 1
42 52 1
42 64 -1
43 1 -1
43 4 -1
43 6 1
43 8 1
43 17 -1
43 33 1
43 34 1
43 36 1
43 37 1
43 39 -1
43 40 -1
43 42 1
43 44 -1
43 45 1
43 46 1
43 54 -1
44 17 -1
44 19 -1
44 21 -1
44 25 -1
44 33 -1
44 34 -1
44 36 1
44 37 1
44 38 -1
44 41 1
44 42 1
44 43 -1
44 47 1
44 48 1
44 57 1
45 3 1
45 11 1
45 21 -1
45 31 1
45 33 1
45 34 1
45 35 1
45 39 -1
45 41 -1
45 42 1
45 43 1
45 46 -1
45 47 -1
45 48 -1
45 59 -1
45 63 1
46 1 1
46 4 1
46 13 -1
46 24 -1
46 30 -1
46 33 1
46 38 -1
46 39 1
46 40 1
46 41 1
46 42 -1
46 43 1
46 45 -1
46 47 -1
46 48 1
47 2 1
47 9 1
47 13 -1
47 20 1
47 25 1
47 33 1
47 34 1
47 35 1
47 36 1
47 38 1
47 39 1
47 40 1
47 44 1
47 45 -1
47 46 -1
47 52 -1
48 14 -1
48 18 1
48 33 -1
48 34 1
48 35 -1
48 36 1
48 38 -1
48 41 -1
48 42 -1
48 44 1
48 45 -1
48 46 1
48 49 1
48 50 1
49 24 1
49 26 -1
49 39 -1
49 41 -1
49 48 1
49 50 -1
49 51 1
49 52 1
49 56 -1
49 57 -1
49 58 -1
49 59 1
49 61 -1
49 63 1
49 64 -1
50 23 1
50 24 1
50 30 1
50 33 1
50 42 1
50 48 1
50 49 -1
50 51 1
50 53 1
50 54 -1
50 55 1
50 56 1
50 58 1
50 59 -1
50 60 1
50 61 1
51 7 -1
51 13 -1
51 20 1
51 24 1
51 38 1
51 39 -1
51 49 1
51 50 1
51 52 1
51 53 -1
51 54 -1
51 55 1
51 58 -1
51 59 -1
51 60 -1
51 63 -1
52 18 1
52 22 1
52 30 -1
52 41 -1
52 42 1
52 47 -1
52 49 1
52 51 1
52 53 1
52 54 1
52 58 1
52 59 1
52 60 1
52 61 1
52 62 1
52 64 1
53 5 1
53 6 -1
53 26 1
53 36 1
53 41 -1
53 50 1
53 51 -1
53 52 1
53 54 1
53 56 1
53 57 -1
53 59 -1
53 62 -1
53 63 1
53 64 1
54 8 1
54 10 1
54 16 -1
54 35 1
54 37 -1
54 43 -1
54 50 -1
54 51 -1
54 52 1
54 53 1
54 55 1
54 56 -1
54 58 1
54 59 -1
54 62 -1
54 63 1
55 2 -1
55 5 1
55 12 1
55 21 -1
55 32 1
55 40 1
55 50 1
55 51 1
55 54 1
55 57 -1
55 58 1
55 59 -1
55 60 1
55 61 -1
55 62 -1
55 63 1
56 7 -1
56 8 -1
56 12 1
56 14 1
56 22 1
56 41 1
56 49 -1
56 50 1
56 53 1
56 54 -1
56 57 -1
56 58 1
56 60 1
56 61 1
56 62 1
56 64 1
57 7 -1
57 17 1
57 23 1
57 32 -1
57 44 1
57 49 -1
57 53 -1
57 55 -1
57 56 -1
57 59 -1
57 60 1
57 61 1
57 62 1
57 63 1
57 64 1
58 8 -1
58 13 1
58 16 1
58 17 -1
58 18 1
58 23 1
58 49 -1
58 50 1
58 51 -1
58 52 1
58 54 1
58 55 1
58 56 1
58 59 -1
58 60 1
58 62 1
59 13 1
59 14 1
59 34 1
59 36 -1
59 45 -1
59 49 1
59 50 -1
59 51 -1
59 52 1
59 53 -1
59 54 -1
59 55 -1
59 57 -1
59 58 -1
59 64 1
60 1 1
60 3 1
60 8 1
60 16 1
60 27 1
60 29 1
60 50 1
60 51 -1
60 52 1
60 55 1
60 56 1
60 57 1
60 58 1
60 61 1
60 63 1
60 64 -1
61 2 1
61 16 -1
61 26 1
61 31 1
61 36 1
61 37 -1
61 49 -1
61 50 1
61 52 1
61 55 -1
61 56 1
61 57 1
61 60 1
61 62 1
61 63 1
61 64 -1
62 2 -1
62 9 -1
62 16 1
62 22 1
62 31 1
62 33 -1
62 52 1
62 53 -1
62 54 -1
62 55 -1
62 56 1
62 57 1
62 58 1
62 61 1
62 63 1
62 64 -1
63 3 -1
63 12 1
63 36 -1
63 37 -1
63 38 1
63 45 1
63 49 1
63 51 -1
63 53 1
63 54 1
63 55 1
63 57 1
63 60 1
63 61 1
63 62 1
63 64 1
64 3 -1
64 15 1
64 27 -1
64 40 1
64 42 -1
64 49 -1
64 52 1
64 53 1
64 56 1
64 57 1
64 59 1
64 60 -1
64 61 -1
64 62 -1
64 63 1
