1 3 -1
1 6 -1
1 8 1
1 9 1
1 11 -1
1 12 1
1 13 1
1 14 1
1 15 1
1 16 -1
1 20 1
1 34 1
1 36 1
1 38 -1
1 58 1
2 3 1
2 4 -1
2 7 1
2 8 1
2 10 1
2 11 1
2 12 -1
2 13 1
2 14 1
2 15 1
2 20 1
2 28 -1
2 34 -1
2 39 -1
2 50 1
2 54 1
3 1 -1
3 2 1
3 5 1
3 6 1
3 7 -1
3 8 1
3 11 1
3 12 1
3 13 1
3 14 1
3 26 1
3 27 -1
3 28 1
3 31 -1
3 57 1
3 60 1
4 2 -1
4 5 -1
4 6 1
4 7 1
4 9 1
4 10 1
4 11 -1
4 13 1
4 14 -1
4 15 1
4 19 1
4 20 -1
4 49 -1
4 57 1
4 60 -1
4 62 -1
5 3 1
5 4 -1
5 6 -1
5 7 -1
5 8 1
5 9 1
5 10 1
5 11 -1
5 13 -1
5 14 -1
5 26 -1
5 38 1
5 43 1
5 49 -1
5 50 1
5 63 1
6 1 -1
6 3 1
6 4 1
6 5 -1
6 7 -1
6 8 1
6 9 1
6 13 -1
6 15 1
6 16 -1
6 33 -1
6 35 -1
6 40 1
6 45 1
6 47 1
6 58 1
7 2 1
7 3 -1
7 4 1
7 5 -1
7 6 -1
7 9 1
7 10 -1
7 12 1
7 15 -1
7 16 1
7 22 1
7 28 1
7 38 1
7 48 1
7 56 -1
8 1 1
8 2 1
8 3 1
8 5 1
8 6 1
8 10 1
8 11 1
8 12 1
8 13 1
8 14 1
8 30 1
8 32 -1
8 52 -1
8 58 1
8 64 1
9 1 1
9 4 1
9 5 1
9 6 1
9 7 1
9 11 -1
9 12 -1
9 14 1
9 15 1
9 16 -1
9 45 1
9 48 1
9 50 -1
9 53 1
9 56 1
9 63 -1
10 2 1
10 4 1
10 5 1
10 7 -1
10 8 1
10 11 -1
10 13 -1
10 14 1
10 15 -1
10 16 1
10 19 -1
10 35 1
10 39 1
10 44 1
10 51 -1
10 53 1
11 1 -1
11 2 1
11 3 1
11 4 -1
11 5 -1
11 8 1
11 9 -1
11 10 -1
11 15 1
11 16 -1
11 18 1
11 23 -1
11 26 -1
11 32 -1
11 46 1
11 49 -1
12 1 1
12 2 -1
12 3 1
12 7 1
12 8 1
12 9 -1
12 13 -1
12 14 -1
12 15 1
12 16 -1
12 18 1
12 21 1
12 22 -1
12 28 1
12 30 -1
12 40 1
13 1 1
13 2 1
13 3 1
13 4 1
13 5 -1
13 6 -1
13 8 1
13 10 -1
13 12 -1
13 16 -1
13 23 1
13 24 -1
13 26 1
13 38 -1
13 60 1
13 62 1
14 1 1
14 2 1
14 3 1
14 4 -1
14 5 -1
14 8 1
14 9 1
14 10 1
14 12 -1
14 16 -1
14 21 1
14 22 -1
14 43 -1
14 49 1
14 53 1
14 55 1
15 1 1
15 2 1
15 4 1
15 6 1
15 7 -1
15 9 1
15 10 -1
15 11 1
15 12 1
15 16 1
15 37 -1
15 39 -1
15 42 1
15 54 -1
15 56 1
15 61 -1
16 1 -1
16 6 -1
16 7 1
16 9 -1
16 10 1
16 11 -1
16 12 -1
16 13 -1
16 14 -1
16 15 1
16 18 -1
16 41 -1
16 44 -1
16 55 -1
16 63 1
17 18 1
17 19 1
17 20 -1
17 22 1
17 23 1
17 25 1
17 26 1
17 27 1
17 29 1
17 32 -1
17 34 -1
17 41 1
17 44 1
17 51 -1
17 52 1
17 54 -1
18 11 1
18 12 1
18 16 -1
18 17 1
18 19 -1
18 20 -1
18 21 -1
18 25 1
18 26 1
18 28 -1
18 30 1
18 31 1
18 32 -1
18 53 1
18 55 -1
18 63 -1
19 4 1
19 10 -1
19 17 1
19 18 -1
19 20 -1
19 22 1
19 23 -1
19 24 1
19 25 1
19 28 -1
19 30 1
19 31 1
19 41 1
19 42 1
19 44 -1
19 50 1
20 1 1
20 2 1
20 4 -1
20 17 -1
20 18 -1
20 19 -1
20 23 1
20 26 1
20 27 -1
20 29 1
20 30 -1
20 31 -1
20 32 1
20 43 1
20 52 1
20 53 1
21 12 1
21 14 1
21 18 -1
21 22 1
21 23 -1
21 24 -1
21 25 -1
21 27 1
21 28 1
21 30 1
21 31 1
21 32 1
21 47 1
21 58 1
21 64 1
22 7 1
22 12 -1
22 14 -1
22 17 1
22 19 1
22 21 1
22 23 1
22 24 1
22 25 -1
22 26 -1
22 28 -1
22 29 -1
22 30 1
22 46 1
22 48 -1
23 11 -1
23 13 1
23 17 1
23 19 -1
23 20 1
23 21 -1
23 22 1
23 24 1
23 26 1
23 27 -1
23 29 1
23 30 1
23 42 1
23 50 1
23 56 1
24 13 -1
24 19 1
24 21 -1
24 22 1
24 23 1
24 25 1
24 26 1
24 27 1
24 28 1
24 29 1
24 32 1
24 34 -1
24 36 -1
24 38 1
24 48 1
24 64 1
25 17 1
25 18 1
25 19 1
25 21 -1
25 22 -1
25 24 1
25 26 -1
25 29 -1
25 30 1
25 31 -1
25 35 1
25 42 1
25 44 1
25 59 1
25 62 1
26 3 1
26 5 -1
26 11 -1
26 13 1
26 17 1
26 18 1
26 20 1
26 22 -1
26 23 1
26 24 1
26 25 -1
26 28 -1
26 31 1
26 32 1
26 51 1
26 57 -1
27 3 -1
27 17 1
27 20 -1
27 21 1
27 23 -1
27 24 1
27 28 -1
27 29 -1
27 30 -1
27 31 -1
27 32 1
27 39 -1
27 52 1
27 54 1
27 61 1
28 2 -1
28 3 1
28 7 1
28 12 1
28 18 -1
28 19 -1
28 21 1
28 22 -1
28 24 1
28 26 -1
28 27 -1
28 30 1
28 31 1
28 32 -1
28 46 1
28 48 1
29 17 1
29 20 1
29 22 -1
29 23 1
29 24 1
29 25 -1
29 27 -1
29 30 -1
29 31 -1
29 32 -1
29 41 1
29 43 -1
29 51 1
29 57 -1
29 59 -1
30 8 1
30 12 -1
30 18 1
30 19 1
30 20 -1
30 21 1
30 22 1
30 23 1
30 25 1
30 27 -1
30 28 1
30 29 -1
30 35 1
30 37 1
30 41 -1
30 59 1
31 3 -1
31 18 1
31 19 1
31 20 -1
31 21 1
31 25 -1
31 26 1
31 27 -1
31 28 1
31 29 -1
31 32 1
31 37 1
31 43 1
31 46 1
31 61 1
31 62 1
32 8 -1
32 11 -1
32 17 -1
32 18 -1
32 20 1
32 21 1
32 24 1
32 26 1
32 27 1
32 28 -1
32 29 -1
32 31 1
32 33 -1
32 36 1
32 40 -1
32 48 -1
33 6 -1
33 32 -1
33 34 1
33 35 1
33 37 -1
33 38 -1
33 39 -1
33 41 -1
33 42 -1
33 43 1
33 44 1
33 45 -1
33 52 -1
33 58 1
33 62 1
34 1 1
34 2 -1
34 17 -1
34 24 -1
34 33 1
34 35 1
34 36 -1
34 37 -1
34 38 1
34 44 -1
34 45 1
34 46 -1
34 47 1
34 48 -1
34 51 1
35 6 -1
35 10 1
35 25 1
35 30 1
35 33 1
35 34 1
35 38 1
35 39 -1
35 40 -1
35 41 -1
35 42 1
35 46 -1
35 47 -1
35 48 -1
35 61 1
35 64 1
36 1 1
36 24 -1
36 32 1
36 34 -1
36 38 -1
36 39 1
36 40 -1
36 41 1
36 42 1
36 43 1
36 45 -1
36 46 1
36 48 1
36 49 -1
36 59 1
36 60 1
37 15 -1
37 30 1
37 31 1
37 33 -1
37 34 -1
37 39 1
37 40 1
37 41 1
37 43 1
37 44 1
37 45 -1
37 47 1
37 48 1
37 50 -1
37 55 1
37 60 -1
38 1 -1
38 5 1
38 7 1
38 13 -1
38 24 1
38 33 -1
38 34 1
38 35 1
38 36 -1
38 39 1
38 40 1
38 42 1
38 44 1
38 46 -1
38 47 -1
38 55 1
39 2 -1
39 10 1
39 15 -1
39 27 -1
39 33 -1
39 35 -1
39 36 1
39 37 1
39 38 1
39 40 -1
39 41 1
39 45 1
39 47 1
39 48 1
39 53 1
39 56 -1
40 6 1
40 12 1
40 32 -1
40 35 -1
40 36 -1
40 37 1
40 38 1
40 39 -1
40 41 1
40 42 -1
40 43 1
40 46 -1
40 47 1
40 54 1
40 60 -1
40 63 1
41 16 -1
41 17 1
41 19 1
41 29 1
41 30 -1
41 33 -1
41 35 -1
41 36 1
41 37 1
41 39 1
41 40 1
41 42 1
41 44 1
41 46 -1
41 48 1
41 62 1
42 15 1
42 19 1
42 23 1
42 25 1
42 33 -1
42 35 1
42 36 1
42 38 1
42 40 -1
42 41 1
42 43 1
42 44 1
42 45 -1
42 47 -1
42 61 1
43 5 1
43 14 -1
43 20 1
43 29 -1
43 31 1
43 33 1
43 36 1
43 37 1
43 40 1
43 42 1
43 44 1
43 45 1
43 46 -1
43 47 1
43 48 1
43 51 -1
44 10 1
44 16 -1
44 17 1
44 19 -1
44 25 1
44 33 1
44 34 -1
44 37 1
44 38 1
44 41 1
44 42 1
44 43 1
44 45 1
44 46 -1
44 48 1
45 6 1
45 9 1
45 33 -1
45 34 1
45 36 -1
45 37 -1
45 39 1
45 42 -1
45 43 1
45 44 1
45 47 1
45 48 1
45 49 -1
45 55 1
45 57 -1
45 58 1
46 11 1
46 22 1
46 28 1
46 31 1
46 34 -1
46 35 -1
46 36 1
46 38 -1
46 40 -1
46 41 -1
46 43 -1
46 44 -1
46 47 1
46 48 -1
46 54 1
47 6 1
47 21 1
47 34 1
47 35 -1
47 37 1
47 38 -1
47 39 1
47 40 1
47 42 -1
47 43 1
47 45 1
47 46 1
47 57 -1
47 63 1
47 64 1
48 7 1
48 9 1
48 22 -1
48 24 1
48 28 1
48 32 -1
48 34 -1
48 35 -1
48 36 1
48 37 1
48 39 1
48 41 1
48 43 1
48 44 1
48 45 1
48 46 -1
49 4 -1
49 5 -1
49 11 -1
49 14 1
49 36 -1
49 45 -1
49 50 1
49 52 1
49 54 -1
49 55 -1
49 58 -1
49 59 1
49 60 1
49 62 -1
49 63 -1
49 64 1
50 2 1
50 5 1
50 9 -1
50 19 1
50 23 1
50 37 -1
50 49 1
50 53 -1
50 54 -1
50 55 -1
50 56 1
50 57 -1
50 58 -1
50 61 -1
50 63 1
50 64 -1
51 10 -1
51 17 -1
51 26 1
51 29 1
51 34 1
51 43 -1
51 54 -1
51 55 1
51 57 1
51 58 1
51 59 -1
51 60 1
51 61 1
51 62 1
51 63 -1
51 64 -1
52 8 -1
52 17 1
52 20 1
52 27 1
52 33 -1
52 49 1
52 53 1
52 56 1
52 57 1
52 58 1
52 59 1
52 60 1
52 61 1
52 62 1
52 64 -1
53 9 1
53 10 1
53 14 1
53 18 1
53 20 1
53 39 1
53 50 -1
53 52 1
53 54 1
53 55 1
53 56 1
53 57 1
53 60 1
53 61 -1
53 63 1
53 64 -1
54 2 1
54 15 -1
54 17 -1
54 27 1
54 40 1
54 46 1
54 49 -1
54 50 -1
54 51 -1
54 53 1
54 56 -1
54 58 -1
54 59 -1
54 61 -1
54 62 -1
54 64 -1
55 14 1
55 16 -1
55 18 -1
55 37 1
55 38 1
55 45 1
55 49 -1
55 50 -1
55 51 1
55 53 1
55 56 -1
55 58 1
55 59 1
55 61 1
55 62 -1
55 63 -1
56 7 -1
56 9 1
56 15 1
56 23 1
56 39 -1
56 50 1
56 52 1
56 53 1
56 54 -1
56 55 -1
56 57 -1
56 59 -1
56 60 -1
56 63 1
56 64 1
57 3 1
57 4 1
57 26 -1
57 29 -1
57 45 -1
57 47 -1
57 50 -1
57 51 1
57 52 1
57 53 1
57 56 -1
57 59 -1
57 61 1
57 62 1
57 63 -1
57 64 1
58 1 1
58 6 1
58 8 1
58 21 1
58 33 1
58 45 1
58 49 -1
58 50 -1
58 51 1
58 52 1
58 54 -1
58 55 1
58 60 1
58 61 1
58 62 1
58 64 -1
59 25 1
59 29 -1
59 30 1
59 36 1
59 49 1
59 51 -1
59 52 1
59 54 -1
59 55 1
59 56 -1
59 57 -1
59 60 1
59 61 1
59 62 -1
60 3 1
60 4 -1
60 13 1
60 36 1
60 37 -1
60 40 -1
60 49 1
60 51 1
60 52 1
60 53 1
60 56 -1
60 58 1
60 59 1
60 61 1
60 62 1
60 63 1
61 15 -1
61 27 1
61 31 1
61 35 1
61 42 1
61 50 -1
61 51 1
61 52 1
61 53 -1
61 54 -1
61 55 1
61 57 1
61 58 1
61 59 1
61 60 1
62 4 -1
62 13 1
62 25 1
62 31 1
62 33 1
62 41 1
62 49 -1
62 51 1
62 52 1
62 54 -1
62 55 -1
62 57 1
62 58 1
62 59 -1
62 60 1
62 63 -1
63 5 1
63 9 -1
63 16 1
63 18 -1
63 40 1
63 47 1
63 49 -1
63 50 1
63 51 -1
63 53 1
63 55 -1
63 56 1
63 57 -1
63 60 1
63 62 -1
63 64 1
64 8 1
64 21 1
64 24 1
64 35 1
64 47 1
64 49 1
64 50 -1
64 51 -1
64 52 -1
64 53 -1
64 54 -1
64 56 1
64 57 1
64 58 -1
64 63 1
