1 4 1
1 7 1
1 8 1
1 10 1
1 11 1
1 12 -1
1 13 1
1 14 1
1 15 1
1 16 1
1 19 1
1 26 1
1 37 1
1 48 1
1 50 1
2 3 1
2 4 1
2 5 1
2 7 1
2 8 1
2 9 1
2 10 1
2 12 1
2 13 -1
2 16 1
2 17 1
2 18 1
2 35 1
2 41 -1
2 49 1
3 2 1
3 4 1
3 6 1
3 8 1
3 9 1
3 11 -1
3 12 1
3 14 1
3 15 1
3 16 1
3 33 1
3 39 1
3 49 1
3 51 1
3 63 1
4 1 1
4 2 1
4 3 1
4 5 1
4 7 1
4 8 1
4 9 1
4 10 1
4 11 1
4 16 -1
4 31 -1
4 35 1
4 47 1
4 57 -1
4 61 1
5 2 1
5 4 1
5 6 1
5 7 1
5 9 1
5 10 1
5 12 1
5 13 1
5 14 1
5 15 1
5 18 1
5 20 1
5 46 1
5 52 -1
5 55 1
5 56 1
6 3 1
6 5 1
6 7 1
6 8 1
6 9 1
6 12 1
6 13 1
6 14 1
6 15 1
6 16 1
6 22 1
6 30 1
6 31 1
6 42 1
6 51 -1
6 54 1
7 1 1
7 2 1
7 4 1
7 5 1
7 6 1
7 8 1
7 11 1
7 12 1
7 13 1
7 14 1
7 30 1
7 52 1
7 57 1
7 58 -1
8 1 1
8 2 1
8 3 1
8 4 1
8 6 1
8 7 1
8 9 1
8 11 -1
8 12 1
8 13 1
8 32 1
8 44 1
8 50 1
8 64 1
9 2 1
9 3 1
9 4 1
9 5 1
9 6 1
9 8 1
9 10 1
9 12 1
9 15 1
9 16 1
9 21 1
9 33 1
9 40 1
9 58 1
9 59 -1
9 64 1
10 1 1
10 2 1
10 4 1
10 5 1
10 9 1
10 11 1
10 13 1
10 14 -1
10 15 1
10 16 1
10 18 1
10 25 1
10 26 1
10 27 1
10 29 -1
11 1 1
11 3 -1
11 4 1
11 7 1
11 8 -1
11 10 1
11 12 1
11 14 1
11 15 1
11 16 -1
11 24 1
11 39 -1
11 41 -1
11 44 1
11 57 1
11 63 1
12 1 -1
12 2 1
12 3 1
12 5 1
12 6 1
12 7 1
12 8 1
12 9 1
12 11 1
12 14 1
12 19 1
12 22 1
12 32 1
12 42 1
12 45 1
13 1 1
13 2 -1
13 5 1
13 6 1
13 7 1
13 8 1
13 10 1
13 14 1
13 15 1
13 16 1
13 27 1
13 42 1
13 51 1
13 52 1
13 61 1
14 1 1
14 3 1
14 5 1
14 6 1
14 7 1
14 10 -1
14 11 1
14 12 1
14 13 1
14 15 1
14 23 1
14 25 1
14 39 1
14 54 1
14 64 1
15 1 1
15 3 1
15 5 1
15 6 1
15 9 1
15 10 1
15 11 1
15 13 1
15 14 1
15 16 -1
15 23 -1
15 28 1
15 29 1
15 38 1
15 45 1
15 48 1
16 1 1
16 2 1
16 3 1
16 4 -1
16 6 1
16 9 1
16 10 1
16 11 -1
16 13 1
16 15 -1
16 29 1
16 43 1
16 51 1
16 55 1
16 57 1
16 59 1
17 2 1
17 19 1
17 22 1
17 24 1
17 25 1
17 27 1
17 28 1
17 29 1
17 30 1
17 31 1
17 32 1
17 37 1
17 43 1
17 46 1
17 50 1
18 2 1
18 5 1
18 10 1
18 19 -1
18 20 1
18 21 1
18 22 1
18 23 1
18 24 1
18 28 1
18 30 1
18 31 1
18 32 1
18 49 1
18 61 1
18 62 1
19 1 1
19 12 1
19 17 1
19 18 -1
19 20 1
19 22 1
19 24 1
19 26 1
19 27 1
19 28 1
19 29 1
19 30 1
19 40 1
19 46 1
19 52 1
20 5 1
20 18 1
20 19 1
20 21 -1
20 22 1
20 23 1
20 25 1
20 26 1
20 27 -1
20 29 1
20 31 1
20 34 1
20 41 1
20 48 -1
20 50 1
20 64 1
21 9 1
21 18 1
21 20 -1
21 23 1
21 24 1
21 25 1
21 26 1
21 28 1
21 29 1
21 30 1
21 32 1
21 35 -1
21 36 1
21 47 1
21 53 1
21 58 1
22 6 1
22 12 1
22 17 1
22 18 1
22 19 1
22 20 1
22 23 1
22 24 1
22 26 1
22 29 1
22 30 1
22 32 1
22 40 1
22 43 1
22 49 1
22 53 1
23 14 1
23 15 -1
23 18 1
23 20 1
23 21 1
23 22 1
23 24 1
23 25 -1
23 27 1
23 28 1
23 29 1
23 31 -1
23 37 1
23 38 1
23 44 1
23 53 1
24 11 1
24 17 1
24 18 1
24 19 1
24 21 1
24 22 1
24 23 1
24 25 1
24 28 1
24 29 1
24 32 1
24 43 1
24 53 1
24 54 1
24 55 1
24 59 1
25 10 1
25 14 1
25 17 1
25 20 1
25 21 1
25 23 -1
25 24 1
25 26 1
25 27 1
25 29 1
25 31 1
25 32 1
25 36 -1
25 60 1
26 1 1
26 10 1
26 19 1
26 20 1
26 21 1
26 22 1
26 25 1
26 27 -1
26 28 1
26 30 1
26 31 1
26 32 1
26 56 1
26 62 1
27 10 1
27 13 1
27 17 1
27 19 1
27 20 -1
27 23 1
27 25 1
27 26 -1
27 29 1
27 30 1
27 31 1
27 32 -1
27 36 -1
27 38 1
27 58 1
28 15 1
28 17 1
28 18 1
28 19 1
28 21 1
28 23 1
28 24 1
28 26 1
28 30 1
28 31 1
28 32 1
28 40 1
28 44 1
28 45 1
28 59 -1
28 62 1
29 10 -1
29 15 1
29 16 1
29 17 1
29 19 1
29 20 1
29 21 1
29 22 1
29 23 1
29 24 1
29 25 1
29 27 1
29 31 1
29 37 1
29 42 1
29 60 1
30 6 1
30 7 1
30 17 1
30 18 1
30 19 1
30 21 1
30 22 1
30 26 1
30 27 1
30 28 1
30 31 1
30 32 1
30 41 1
30 47 1
30 63 1
31 4 -1
31 6 1
31 17 1
31 18 1
31 20 1
31 23 -1
31 25 1
31 26 1
31 27 1
31 28 1
31 29 1
31 30 1
31 37 1
31 39 1
31 43 1
31 46 1
32 8 1
32 12 1
32 17 1
32 18 1
32 21 1
32 22 1
32 24 1
32 25 1
32 26 1
32 27 -1
32 28 1
32 30 1
32 48 1
32 60 1
33 3 1
33 9 1
33 34 1
33 36 -1
33 38 1
33 39 1
33 40 1
33 42 1
33 44 1
33 46 1
33 47 1
33 48 1
33 49 -1
33 53 1
33 54 1
33 64 1
34 20 1
34 33 1
34 35 -1
34 36 1
34 37 1
34 40 1
34 41 1
34 44 1
34 45 1
34 46 1
34 48 1
34 50 1
34 54 1
34 56 -1
34 63 1
35 2 1
35 4 1
35 21 -1
35 34 -1
35 37 1
35 38 1
35 39 1
35 40 1
35 41 1
35 42 1
35 43 1
35 45 1
35 46 1
35 51 1
35 58 1
35 62 1
36 21 1
36 25 -1
36 27 -1
36 33 -1
36 34 1
36 37 1
36 38 1
36 39 1
36 40 1
36 43 1
36 44 1
36 45 1
36 48 1
36 60 1
36 64 1
37 1 1
37 17 1
37 23 1
37 29 1
37 31 1
37 34 1
37 35 1
37 36 1
37 41 1
37 43 1
37 44 1
37 45 1
37 46 -1
37 47 1
37 48 1
37 62 1
38 15 1
38 23 1
38 27 1
38 33 1
38 35 1
38 36 1
38 40 1
38 42 1
38 44 1
38 45 1
38 46 1
38 47 1
38 48 1
38 55 1
38 59 1
39 3 1
39 11 -1
39 14 1
39 31 1
39 33 1
39 35 1
39 36 1
39 40 1
39 41 1
39 42 1
39 43 1
39 45 1
39 46 1
39 48 1
39 59 -1
40 9 1
40 19 1
40 22 1
40 28 1
40 33 1
40 34 1
40 35 1
40 36 1
40 38 1
40 39 1
40 41 1
40 42 1
40 44 1
40 47 1
40 54 1
40 61 1
41 2 -1
41 11 -1
41 20 1
41 30 1
41 34 1
41 35 1
41 37 1
41 39 1
41 40 1
41 43 -1
41 44 1
41 45 1
41 47 1
41 48 1
41 61 1
41 62 1
42 6 1
42 12 1
42 13 1
42 29 1
42 33 1
42 35 1
42 38 1
42 39 1
42 40 1
42 43 1
42 45 1
42 46 1
42 47 1
42 48 1
42 60 1
43 16 1
43 17 1
43 22 1
43 24 1
43 31 1
43 35 1
43 36 1
43 37 1
43 39 1
43 41 -1
43 42 1
43 44 1
43 45 -1
43 47 1
43 48 1
43 50 1
44 8 1
44 11 1
44 23 1
44 28 1
44 33 1
44 34 1
44 36 1
44 37 1
44 38 1
44 40 1
44 41 1
44 43 1
44 46 1
44 47 1
44 55 1
44 57 1
45 12 1
45 15 1
45 28 1
45 34 1
45 35 1
45 36 1
45 37 1
45 38 1
45 39 1
45 41 1
45 42 1
45 43 -1
45 46 1
45 57 1
45 61 1
46 5 1
46 17 1
46 19 1
46 31 1
46 33 1
46 34 1
46 35 1
46 37 -1
46 38 1
46 39 1
46 42 1
46 44 1
46 45 1
46 47 1
46 53 -1
47 4 1
47 21 1
47 30 1
47 33 1
47 37 1
47 38 1
47 40 1
47 41 1
47 42 1
47 43 1
47 44 1
47 46 1
47 48 1
47 58 1
47 63 1
48 1 1
48 15 1
48 20 -1
48 32 1
48 33 1
48 34 1
48 36 1
48 37 1
48 38 1
48 39 1
48 41 1
48 42 1
48 43 1
48 47 1
48 63 1
49 2 1
49 3 1
49 18 1
49 22 1
49 33 -1
49 50 1
49 51 1
49 53 1
49 56 1
49 57 1
49 58 1
49 59 1
49 60 1
49 62 1
49 63 1
50 1 1
50 8 1
50 17 1
50 20 1
50 34 1
50 43 1
50 49 1
50 54 1
50 55 1
50 56 1
50 57 1
50 58 1
50 59 1
50 60 1
50 63 -1
50 64 -1
51 3 1
51 6 -1
51 13 1
51 16 1
51 35 1
51 49 1
51 54 1
51 55 1
51 56 1
51 57 1
51 58 -1
51 59 1
51 61 -1
51 62 -1
51 63 1
52 5 -1
52 7 1
52 13 1
52 19 1
52 53 1
52 54 1
52 55 1
52 56 1
52 57 1
52 59 1
52 60 1
52 61 1
52 62 -1
52 63 -1
53 21 1
53 22 1
53 23 1
53 24 1
53 33 1
53 46 -1
53 49 1
53 52 1
53 56 1
53 58 1
53 59 1
53 60 1
53 61 1
53 62 1
53 63 1
53 64 1
54 6 1
54 14 1
54 24 1
54 33 1
54 34 1
54 40 1
54 50 1
54 51 1
54 52 1
54 55 1
54 57 1
54 58 1
54 59 1
54 60 1
54 61 1
54 64 1
55 5 1
55 16 1
55 24 1
55 38 1
55 44 1
55 50 1
55 51 1
55 52 1
55 54 1
55 57 1
55 59 1
55 60 1
55 62 1
55 63 1
55 64 1
56 5 1
56 26 1
56 34 -1
56 49 1
56 50 1
56 51 1
56 52 1
56 53 1
56 58 1
56 59 1
56 60 1
56 61 1
56 63 1
57 4 -1
57 7 1
57 11 1
57 16 1
57 44 1
57 45 1
57 49 1
57 50 1
57 51 1
57 52 1
57 54 1
57 55 1
57 58 1
57 62 1
57 63 1
57 64 1
58 7 -1
58 9 1
58 21 1
58 27 1
58 35 1
58 47 1
58 49 1
58 50 1
58 51 -1
58 53 1
58 54 1
58 56 1
58 57 1
58 60 1
58 61 1
58 64 1
59 9 -1
59 16 1
59 24 1
59 28 -1
59 38 1
59 39 -1
59 49 1
59 50 1
59 51 1
59 52 1
59 53 1
59 54 1
59 55 1
59 56 1
59 61 -1
59 64 1
60 25 1
60 29 1
60 32 1
60 36 1
60 42 1
60 49 1
60 50 1
60 52 1
60 53 1
60 54 1
60 55 1
60 56 1
60 58 1
60 61 -1
60 62 1
61 4 1
61 13 1
61 18 1
61 40 1
61 41 1
61 45 1
61 51 -1
61 52 1
61 53 1
61 54 1
61 56 1
61 58 1
61 59 -1
61 60 -1
61 62 1
61 64 1
62 18 1
62 26 1
62 28 1
62 35 1
62 37 1
62 41 1
62 49 1
62 51 -1
62 52 -1
62 53 1
62 55 1
62 57 1
62 60 1
62 61 1
62 63 1
62 64 1
63 3 1
63 11 1
63 30 1
63 34 1
63 47 1
63 48 1
63 49 1
63 50 -1
63 51 1
63 52 -1
63 53 1
63 55 1
63 56 1
63 57 1
63 62 1
63 64 1
64 8 1
64 9 1
64 14 1
64 20 1
64 33 1
64 36 1
64 50 -1
64 53 1
64 54 1
64 55 1
64 57 1
64 58 1
64 59 1
64 61 1
64 62 1
64 63 1
