1 2 1
1 3 -1
1 4 1
1 8 -1
1 9 1
1 11 1
1 12 1
1 14 1
1 15 1
1 16 -1
1 23 -1
1 41 -1
1 43 -1
1 45 -1
1 56 -1
2 1 1
2 4 1
2 5 -1
2 7 -1
2 10 1
2 11 1
2 12 -1
2 13 -1
2 14 1
2 16 -1
2 17 1
2 19 1
2 24 1
2 30 1
2 33 -1
2 47 1
3 1 -1
3 4 -1
3 5 1
3 8 1
3 9 1
3 10 -1
3 12 1
3 13 1
3 15 1
3 16 -1
3 19 1
3 20 -1
3 21 -1
3 28 -1
3 42 1
4 1 1
4 2 1
4 3 -1
4 6 1
4 7 -1
4 8 1
4 9 -1
4 11 1
4 14 -1
4 15 -1
4 24 1
4 34 1
4 38 -1
4 42 1
4 58 1
5 2 -1
5 3 1
5 6 1
5 8 1
5 9 -1
5 10 -1
5 11 -1
5 13 1
5 14 1
5 16 -1
5 20 1
5 34 -1
5 39 1
5 44 1
5 45 -1
5 48 1
6 4 1
6 5 1
6 7 -1
6 8 1
6 9 1
6 12 1
6 13 -1
6 14 -1
6 15 1
6 16 -1
6 19 -1
6 42 -1
6 56 1
6 58 1
6 60 1
7 2 -1
7 4 -1
7 6 -1
7 8 1
7 9 -1
7 10 1
7 11 1
7 12 1
7 13 -1
7 16 1
7 23 1
7 29 -1
7 50 1
7 51 -1
7 55 1
7 56 1
8 1 -1
8 3 1
8 4 1
8 5 1
8 6 1
8 7 1
8 9 1
8 10 -1
8 13 1
8 15 -1
8 18 -1
8 38 -1
8 44 1
8 53 1
8 55 -1
8 57 -1
9 1 1
9 3 1
9 4 -1
9 5 -1
9 6 1
9 7 -1
9 8 1
9 10 -1
9 11 1
9 14 -1
9 28 -1
9 31 1
9 32 1
9 44 -1
9 45 -1
9 50 -1
10 2 1
10 3 -1
10 5 -1
10 7 1
10 8 -1
10 9 -1
10 11 1
10 12 1
10 14 -1
10 16 1
10 23 -1
10 39 -1
10 51 1
10 54 1
10 58 1
10 63 -1
11 1 1
11 2 1
11 4 1
11 5 -1
11 7 1
11 9 1
11 10 1
11 12 -1
11 14 1
11 15 1
11 30 -1
11 33 -1
11 34 -1
11 43 -1
11 52 -1
11 55 1
12 1 1
12 2 -1
12 3 1
12 6 1
12 7 1
12 10 1
12 11 -1
12 13 -1
12 15 -1
12 16 1
12 24 1
12 27 1
12 40 1
12 56 -1
12 57 1
13 2 -1
13 3 1
13 5 1
13 6 -1
13 7 -1
13 8 1
13 12 -1
13 14 -1
13 15 -1
13 16 1
13 19 1
13 26 1
13 27 -1
13 28 1
13 49 -1
13 51 1
14 1 1
14 2 1
14 4 -1
14 5 1
14 6 -1
14 9 -1
14 10 -1
14 11 1
14 13 -1
14 15 -1
14 17 -1
14 22 -1
14 40 1
14 43 1
14 63 1
15 1 1
15 3 1
15 4 -1
15 6 1
15 8 -1
15 11 1
15 12 -1
15 13 -1
15 14 -1
15 16 1
15 36 1
15 37 -1
15 44 1
15 51 -1
15 52 1
15 62 1
16 1 -1
16 2 -1
16 3 -1
16 5 -1
16 6 -1
16 7 1
16 10 1
16 12 1
16 13 1
16 15 1
16 18 1
16 29 1
16 34 1
16 47 1
16 53 1
16 54 1
17 2 1
17 14 -1
17 18 -1
17 19 -1
17 20 1
17 23 1
17 24 -1
17 25 1
17 26 1
17 29 1
17 30 1
17 31 -1
17 40 -1
17 55 1
17 57 1
17 63 -1
18 8 -1
18 16 1
18 17 -1
18 21 -1
18 22 1
18 23 -1
18 24 -1
18 27 1
18 28 -1
18 29 -1
18 30 -1
18 32 1
18 34 -1
18 48 1
18 61 -1
18 62 1
19 2 1
19 3 1
19 6 -1
19 13 1
19 17 -1
19 20 -1
19 23 -1
19 24 -1
19 26 1
19 27 -1
19 28 1
19 30 -1
19 31 -1
19 32 -1
19 50 -1
19 53 -1
20 3 -1
20 5 1
20 17 1
20 19 -1
20 21 1
20 22 1
20 23 1
20 25 1
20 27 1
20 29 1
20 30 1
20 31 -1
20 44 1
20 52 -1
20 54 -1
20 62 1
21 3 -1
21 18 -1
21 20 1
21 23 1
21 24 1
21 26 1
21 28 1
21 29 -1
21 30 1
21 31 1
21 32 1
21 36 1
21 40 -1
21 63 1
21 64 1
22 14 -1
22 18 1
22 20 1
22 23 -1
22 25 1
22 26 -1
22 27 1
22 28 -1
22 29 -1
22 30 1
22 32 -1
22 38 1
22 47 -1
22 51 -1
22 52 1
22 54 -1
23 1 -1
23 7 1
23 10 -1
23 17 1
23 18 -1
23 19 -1
23 20 1
23 21 1
23 22 -1
23 25 1
23 27 -1
23 28 -1
23 32 1
23 50 1
23 57 1
23 62 1
24 2 1
24 4 1
24 12 1
24 17 -1
24 18 -1
24 19 -1
24 21 1
24 25 -1
24 26 -1
24 28 -1
24 30 1
24 31 -1
24 32 1
24 39 -1
24 41 1
24 53 -1
25 17 1
25 20 1
25 22 1
25 23 1
25 24 -1
25 26 1
25 28 1
25 29 1
25 31 1
25 32 1
25 39 1
25 43 -1
25 46 -1
25 59 -1
25 62 -1
26 13 1
26 17 1
26 19 1
26 21 1
26 22 -1
26 24 -1
26 25 1
26 29 -1
26 30 -1
26 31 1
26 32 1
26 33 -1
26 41 1
26 51 1
26 55 1
27 12 1
27 13 -1
27 18 1
27 19 -1
27 20 1
27 22 1
27 23 -1
27 28 1
27 29 -1
27 30 -1
27 31 1
27 32 1
27 33 1
27 36 1
27 49 -1
27 64 1
28 3 -1
28 9 -1
28 13 1
28 18 -1
28 19 1
28 21 1
28 22 -1
28 23 -1
28 24 -1
28 25 1
28 27 1
28 29 -1
28 31 -1
28 37 -1
28 61 1
29 7 -1
29 16 1
29 17 1
29 18 -1
29 20 1
29 21 -1
29 22 -1
29 25 1
29 26 -1
29 27 -1
29 28 -1
29 32 1
29 34 -1
29 39 -1
29 46 1
29 64 1
30 2 1
30 11 -1
30 17 1
30 18 -1
30 19 -1
30 20 1
30 21 1
30 22 1
30 24 1
30 26 -1
30 27 -1
30 31 -1
30 38 -1
30 40 1
30 47 1
30 49 1
31 9 1
31 17 -1
31 19 -1
31 20 -1
31 21 1
31 24 -1
31 25 1
31 26 1
31 27 1
31 28 -1
31 30 -1
31 36 1
31 46 -1
31 64 1
32 9 1
32 18 1
32 19 -1
32 21 1
32 22 -1
32 23 1
32 24 1
32 25 1
32 26 1
32 27 1
32 29 1
32 39 1
32 47 1
32 49 1
32 57 1
33 2 -1
33 11 -1
33 26 -1
33 27 1
33 34 1
33 35 -1
33 38 1
33 39 1
33 40 1
33 41 -1
33 42 1
33 43 -1
33 45 1
33 46 1
33 54 1
33 59 1
34 4 1
34 5 -1
34 11 -1
34 16 1
34 18 -1
34 29 -1
34 33 1
34 35 1
34 36 1
34 37 -1
34 39 -1
34 40 1
34 42 1
34 45 1
34 46 -1
34 48 1
35 33 -1
35 34 1
35 37 1
35 38 1
35 40 -1
35 41 1
35 42 1
35 43 1
35 47 1
35 48 1
35 49 1
35 50 -1
35 54 1
35 58 -1
35 61 1
35 63 1
36 15 1
36 21 1
36 27 1
36 31 1
36 34 1
36 37 -1
36 39 1
36 41 1
36 42 1
36 43 -1
36 44 1
36 46 -1
36 47 -1
36 48 1
36 55 1
36 59 1
37 15 -1
37 28 -1
37 34 -1
37 35 1
37 36 -1
37 38 -1
37 39 1
37 44 1
37 45 -1
37 46 1
37 47 -1
37 48 -1
37 50 -1
37 58 1
37 60 -1
37 64 1
38 4 -1
38 8 -1
38 22 1
38 30 -1
38 33 1
38 35 1
38 37 -1
38 40 -1
38 43 1
38 44 -1
38 45 1
38 46 -1
38 47 1
38 48 1
38 53 1
38 58 1
39 5 1
39 10 -1
39 24 -1
39 25 1
39 29 -1
39 32 1
39 33 1
39 34 -1
39 36 1
39 37 1
39 41 1
39 42 -1
39 43 1
39 44 1
39 45 -1
39 47 -1
40 12 1
40 14 1
40 17 -1
40 21 -1
40 30 1
40 33 1
40 34 1
40 35 -1
40 38 -1
40 42 -1
40 43 -1
40 44 1
40 45 1
40 47 -1
40 48 1
40 61 1
41 1 -1
41 24 1
41 26 1
41 33 -1
41 35 1
41 36 1
41 39 1
41 42 1
41 44 1
41 45 -1
41 46 1
41 47 1
41 48 1
41 52 1
41 57 1
42 3 1
42 4 1
42 6 -1
42 33 1
42 34 1
42 35 1
42 36 1
42 39 -1
42 40 -1
42 41 1
42 43 -1
42 47 -1
42 48 1
42 61 1
43 1 -1
43 11 -1
43 14 1
43 25 -1
43 33 -1
43 35 1
43 36 -1
43 38 1
43 39 1
43 40 -1
43 42 -1
43 44 1
43 45 1
43 46 1
44 5 1
44 8 1
44 9 -1
44 15 1
44 20 1
44 36 1
44 37 1
44 38 -1
44 39 1
44 40 1
44 41 1
44 43 1
44 45 -1
44 46 1
44 48 1
44 60 1
45 1 -1
45 5 -1
45 9 -1
45 33 1
45 34 1
45 37 -1
45 38 1
45 39 -1
45 40 1
45 41 -1
45 43 1
45 44 -1
45 47 1
45 53 1
45 59 1
46 25 -1
46 29 1
46 31 -1
46 33 1
46 34 -1
46 36 -1
46 37 1
46 38 -1
46 41 1
46 43 1
46 44 1
46 47 1
46 48 1
46 59 1
47 2 1
47 16 1
47 22 -1
47 30 1
47 32 1
47 35 1
47 36 -1
47 37 -1
47 38 1
47 39 -1
47 40 -1
47 41 1
47 42 -1
47 45 1
47 46 1
47 64 -1
48 5 1
48 18 1
48 34 1
48 35 1
48 36 1
48 37 -1
48 38 1
48 40 1
48 41 1
48 42 1
48 44 1
48 46 1
48 52 -1
48 60 1
48 62 1
49 13 -1
49 27 -1
49 30 1
49 32 1
49 35 1
49 50 -1
49 51 1
49 52 -1
49 54 1
49 57 -1
49 58 1
49 60 1
49 61 1
49 62 -1
49 63 1
50 7 1
50 9 -1
50 19 -1
50 23 1
50 35 -1
50 37 -1
50 49 -1
50 51 1
50 52 1
50 56 1
50 58 1
50 59 -1
50 60 1
50 62 1
50 63 1
50 64 1
51 7 -1
51 10 1
51 13 1
51 15 -1
51 22 -1
51 26 1
51 49 1
51 50 1
51 52 1
51 53 1
51 55 1
51 56 1
51 58 1
51 59 1
51 61 1
51 62 1
52 11 -1
52 15 1
52 20 -1
52 22 1
52 41 1
52 48 -1
52 49 -1
52 50 1
52 51 1
52 54 1
52 56 -1
52 57 -1
52 58 -1
52 59 1
52 61 -1
52 62 1
53 8 1
53 16 1
53 19 -1
53 24 -1
53 38 1
53 45 1
53 51 1
53 54 1
53 55 -1
53 57 1
53 59 1
53 60 1
53 61 1
53 62 -1
53 63 1
53 64 1
54 10 1
54 16 1
54 20 -1
54 22 -1
54 33 1
54 35 1
54 49 1
54 52 1
54 53 1
54 55 -1
54 56 -1
54 57 1
54 58 -1
54 61 1
54 63 -1
54 64 -1
55 7 1
55 8 -1
55 11 1
55 17 1
55 26 1
55 36 1
55 51 1
55 53 -1
55 54 -1
55 57 1
55 58 -1
55 59 1
55 61 1
55 62 1
55 63 -1
55 64 -1
56 1 -1
56 6 1
56 7 1
56 12 -1
56 50 1
56 51 1
56 52 -1
56 54 -1
56 57 1
56 59 1
56 60 -1
56 62 -1
56 63 1
56 64 1
57 8 -1
57 12 1
57 17 1
57 23 1
57 32 1
57 41 1
57 49 -1
57 52 -1
57 53 1
57 54 1
57 55 1
57 56 1
57 58 1
57 59 1
57 60 -1
57 63 1
58 4 1
58 6 1
58 10 1
58 35 -1
58 37 1
58 38 1
58 49 1
58 50 1
58 51 1
58 52 -1
58 54 -1
58 55 -1
58 57 1
58 59 1
58 60 1
58 62 1
59 25 -1
59 33 1
59 36 1
59 45 1
59 46 1
59 50 -1
59 51 1
59 52 1
59 53 1
59 55 1
59 56 1
59 57 1
59 58 1
59 60 1
59 64 -1
60 6 1
60 37 -1
60 44 1
60 48 1
60 49 1
60 50 1
60 53 1
60 56 -1
60 57 -1
60 58 1
60 59 1
60 61 -1
60 63 -1
60 64 1
61 18 -1
61 28 1
61 35 1
61 40 1
61 42 1
61 49 1
61 51 1
61 52 -1
61 53 1
61 54 1
61 55 1
61 60 -1
61 62 -1
61 63 -1
61 64 1
62 15 1
62 18 1
62 20 1
62 23 1
62 25 -1
62 48 1
62 49 -1
62 50 1
62 51 1
62 52 1
62 53 -1
62 55 1
62 56 -1
62 58 1
62 61 -1
62 64 1
63 10 -1
63 14 1
63 17 -1
63 21 1
63 35 1
63 49 1
63 50 1
63 53 1
63 54 -1
63 55 -1
63 56 1
63 57 1
63 60 -1
63 61 -1
63 64 1
64 21 1
64 27 1
64 29 1
64 31 1
64 37 1
64 47 -1
64 50 1
64 53 1
64 54 -1
64 55 -1
64 56 1
64 59 -1
64 60 1
64 61 1
64 62 1
64 63 1
