1 3 1
1 4 -1
1 5 1
1 6 1
1 7 1
1 8 1
1 11 1
1 13 1
1 14 1
1 16 1
1 30 1
1 32 1
1 38 1
1 44 1
1 50 1
1 52 1
2 3 1
2 4 1
2 5 1
2 7 -1
2 10 1
2 11 1
2 12 1
2 13 1
2 15 1
2 16 1
2 25 1
2 35 1
2 43 1
2 49 -1
2 53 1
2 61 -1
3 1 1
3 2 1
3 6 1
3 8 1
3 9 1
3 10 1
3 12 1
3 14 1
3 15 -1
3 16 1
3 22 1
3 30 -1
3 40 1
3 53 1
3 54 1
3 61 1
4 1 -1
4 2 1
4 6 1
4 7 1
4 9 1
4 10 1
4 11 1
4 13 1
4 14 -1
4 16 1
4 31 -1
4 55 1
4 59 1
4 61 1
5 1 1
5 2 1
5 6 1
5 7 1
5 8 1
5 9 1
5 11 1
5 12 1
5 13 -1
5 14 1
5 28 -1
5 30 1
5 34 -1
5 42 1
5 59 1
5 60 1
6 1 1
6 3 1
6 4 1
6 5 1
6 8 -1
6 9 1
6 10 1
6 12 1
6 13 1
6 15 1
6 19 1
6 33 1
6 35 1
6 48 1
6 55 1
7 1 1
7 2 -1
7 4 1
7 5 1
7 8 -1
7 10 1
7 12 1
7 13 -1
7 14 -1
7 16 1
7 19 -1
7 26 1
7 38 1
7 41 -1
7 57 1
7 63 1
8 1 1
8 3 1
8 5 1
8 6 -1
8 7 -1
8 9 1
8 11 -1
8 12 1
8 15 -1
8 16 1
8 26 1
8 34 1
8 40 1
8 41 1
8 44 -1
8 48 -1
9 3 1
9 4 1
9 5 1
9 6 1
9 8 1
9 10 1
9 11 1
9 12 1
9 15 1
9 16 1
9 22 1
9 31 1
9 46 -1
9 55 -1
9 63 1
10 2 1
10 3 1
10 4 1
10 6 1
10 7 1
10 9 1
10 11 -1
10 14 1
10 15 1
10 16 -1
10 20 1
10 25 -1
10 34 1
10 39 1
10 55 1
10 64 1
11 1 1
11 2 1
11 4 1
11 5 1
11 8 -1
11 9 1
11 10 -1
11 12 1
11 13 1
11 14 1
11 29 1
11 37 1
11 47 1
11 48 1
11 49 1
11 54 1
12 2 1
12 3 1
12 5 1
12 6 1
12 7 1
12 8 1
12 9 1
12 11 1
12 14 1
12 15 1
12 28 1
12 30 1
12 33 1
12 37 1
12 40 1
12 56 -1
13 1 1
13 2 1
13 4 1
13 5 -1
13 6 1
13 7 -1
13 11 1
13 14 -1
13 15 1
13 16 1
13 18 1
13 43 1
13 54 1
13 58 1
13 60 1
13 63 1
14 1 1
14 3 1
14 4 -1
14 5 1
14 7 -1
14 10 1
14 11 1
14 12 1
14 13 -1
14 15 -1
14 17 -1
14 19 1
14 21 1
14 44 1
14 46 -1
14 58 1
15 2 1
15 3 -1
15 6 1
15 8 -1
15 9 1
15 10 1
15 12 1
15 13 1
15 14 -1
15 16 1
15 31 -1
15 37 1
15 45 1
15 59 1
15 63 1
16 1 1
16 2 1
16 3 1
16 4 1
16 7 1
16 8 1
16 9 1
16 10 -1
16 13 1
16 15 1
16 19 1
16 20 1
16 27 1
16 44 1
16 55 1
17 14 -1
17 19 1
17 20 1
17 22 -1
17 24 1
17 25 1
17 26 1
17 28 1
17 29 1
17 30 1
17 31 1
17 38 1
17 55 -1
17 56 1
17 62 -1
18 13 1
18 19 -1
18 20 -1
18 21 1
18 23 -1
18 24 1
18 25 1
18 26 1
18 27 1
18 28 1
18 30 1
18 34 -1
18 37 -1
18 41 1
18 44 1
18 45 1
19 6 1
19 7 -1
19 14 1
19 16 1
19 17 1
19 18 -1
19 20 1
19 22 1
19 23 -1
19 24 1
19 26 1
19 29 1
19 30 1
19 31 1
19 36 1
20 10 1
20 16 1
20 17 1
20 18 -1
20 19 1
20 21 1
20 22 1
20 26 1
20 27 1
20 28 1
20 31 1
20 32 -1
20 33 1
20 45 -1
20 62 1
20 64 1
21 14 1
21 18 1
21 20 1
21 24 1
21 25 1
21 26 1
21 28 1
21 29 1
21 30 1
21 31 1
21 32 -1
21 33 1
21 38 1
21 39 1
21 46 1
21 52 1
22 3 1
22 9 1
22 17 -1
22 19 1
22 20 1
22 26 1
22 27 1
22 28 1
22 29 1
22 30 -1
22 31 1
22 32 1
22 39 1
22 47 -1
22 49 1
23 18 -1
23 19 -1
23 24 1
23 25 1
23 26 1
23 27 1
23 28 1
23 29 1
23 30 1
23 32 1
23 39 -1
23 40 1
23 43 -1
23 50 1
23 61 1
23 62 1
24 17 1
24 18 1
24 19 1
24 21 1
24 23 1
24 25 1
24 27 1
24 30 -1
24 31 1
24 32 1
24 34 1
24 42 1
24 43 1
24 51 1
24 53 -1
24 64 1
25 2 1
25 10 -1
25 17 1
25 18 1
25 21 1
25 23 1
25 24 1
25 26 -1
25 27 -1
25 28 -1
25 29 -1
25 31 1
25 37 1
25 41 1
25 47 1
25 60 1
26 7 1
26 8 1
26 17 1
26 18 1
26 19 1
26 20 1
26 21 1
26 22 1
26 23 1
26 25 -1
26 29 1
26 32 -1
26 59 -1
26 60 1
26 62 1
26 63 1
27 16 1
27 18 1
27 20 1
27 22 1
27 23 1
27 24 1
27 25 -1
27 29 1
27 30 1
27 31 -1
27 32 1
27 40 -1
27 44 -1
27 51 1
27 64 -1
28 5 -1
28 12 1
28 17 1
28 18 1
28 20 1
28 21 1
28 22 1
28 23 1
28 25 -1
28 29 1
28 30 1
28 32 1
28 48 1
28 51 1
28 56 1
28 58 1
29 11 1
29 17 1
29 19 1
29 21 1
29 22 1
29 23 1
29 25 -1
29 26 1
29 27 1
29 28 1
29 32 1
29 36 1
29 49 -1
29 54 1
29 58 1
30 1 1
30 3 -1
30 5 1
30 12 1
30 17 1
30 18 1
30 19 1
30 21 1
30 22 -1
30 23 1
30 24 -1
30 27 1
30 28 1
30 31 -1
30 46 1
30 61 1
31 4 -1
31 9 1
31 15 -1
31 17 1
31 19 1
31 20 1
31 21 1
31 22 1
31 24 1
31 25 1
31 27 -1
31 30 -1
31 32 1
31 62 1
32 1 1
32 20 -1
32 21 -1
32 22 1
32 23 1
32 24 1
32 26 -1
32 27 1
32 28 1
32 29 1
32 31 1
32 46 1
32 52 1
32 56 1
32 57 1
33 6 1
33 12 1
33 20 1
33 21 1
33 34 1
33 35 1
33 36 -1
33 38 1
33 41 1
33 43 1
33 44 1
33 45 1
33 46 -1
33 47 1
33 50 1
33 57 1
34 5 -1
34 8 1
34 10 1
34 18 -1
34 24 1
34 33 1
34 35 1
34 40 1
34 41 -1
34 43 1
34 44 1
34 45 1
34 46 1
34 47 -1
34 48 1
34 57 -1
35 2 1
35 6 1
35 33 1
35 34 1
35 37 -1
35 38 -1
35 39 1
35 40 1
35 42 1
35 44 1
35 47 1
35 48 1
35 49 1
35 51 1
35 54 1
35 57 1
36 19 1
36 29 1
36 33 -1
36 37 -1
36 38 1
36 40 -1
36 41 -1
36 42 1
36 43 1
36 44 1
36 45 1
36 47 1
36 49 1
36 53 1
36 57 1
37 11 1
37 12 1
37 15 1
37 18 -1
37 25 1
37 35 -1
37 36 -1
37 38 1
37 39 1
37 40 -1
37 42 1
37 44 -1
37 45 1
37 46 -1
37 48 1
37 54 1
38 1 1
38 7 1
38 17 1
38 21 1
38 33 1
38 35 -1
38 36 1
38 37 1
38 39 1
38 41 1
38 43 1
38 45 1
38 47 1
38 48 1
38 53 1
39 10 1
39 21 1
39 22 1
39 23 -1
39 35 1
39 37 1
39 38 1
39 40 1
39 41 1
39 42 -1
39 43 1
39 44 1
39 45 1
39 47 1
39 50 1
39 60 1
40 3 1
40 8 1
40 12 1
40 23 1
40 27 -1
40 34 1
40 35 1
40 36 -1
40 37 -1
40 39 1
40 42 1
40 43 1
40 45 1
40 47 1
40 48 -1
40 60 1
41 7 -1
41 8 1
41 18 1
41 25 1
41 33 1
41 34 -1
41 36 -1
41 38 1
41 39 1
41 42 1
41 44 1
41 45 1
41 46 1
41 47 1
41 58 1
42 5 1
42 24 1
42 35 1
42 36 1
42 37 1
42 39 -1
42 40 1
42 41 1
42 43 1
42 44 -1
42 46 1
42 48 1
42 52 1
42 59 1
43 2 1
43 13 1
43 23 -1
43 24 1
43 33 1
43 34 1
43 36 1
43 38 1
43 39 1
43 40 1
43 42 1
43 46 1
43 47 1
43 48 1
43 50 1
43 62 1
44 1 1
44 8 -1
44 14 1
44 16 1
44 18 1
44 27 -1
44 33 1
44 34 1
44 35 1
44 36 1
44 37 -1
44 39 1
44 41 1
44 42 -1
44 46 -1
44 48 -1
45 15 1
45 18 1
45 20 -1
45 33 1
45 34 1
45 36 1
45 37 1
45 38 1
45 39 1
45 40 1
45 41 1
45 46 -1
45 48 1
45 50 -1
45 51 -1
45 64 1
46 9 -1
46 14 -1
46 21 1
46 30 1
46 32 1
46 33 -1
46 34 1
46 37 -1
46 41 1
46 42 1
46 43 1
46 44 -1
46 45 -1
46 47 1
46 48 1
46 59 1
47 11 1
47 22 -1
47 25 1
47 33 1
47 34 -1
47 35 1
47 36 1
47 38 1
47 39 1
47 40 1
47 41 1
47 43 1
47 46 1
47 56 -1
47 64 1
48 6 1
48 8 -1
48 11 1
48 28 1
48 34 1
48 35 1
48 37 1
48 38 1
48 40 -1
48 42 1
48 43 1
48 44 -1
48 45 1
48 46 1
48 53 1
49 2 -1
49 11 1
49 22 1
49 29 -1
49 35 1
49 36 1
49 50 1
49 51 1
49 52 1
49 53 -1
49 55 1
49 56 -1
49 58 1
49 59 1
49 62 1
49 64 -1
50 1 1
50 23 1
50 33 1
50 39 1
50 43 1
50 45 -1
50 49 1
50 51 1
50 54 1
50 55 -1
50 57 -1
50 58 1
50 59 1
50 61 1
50 63 1
50 64 1
51 24 1
51 27 1
51 28 1
51 35 1
51 45 -1
51 49 1
51 50 1
51 53 1
51 54 1
51 56 1
51 59 1
51 60 1
51 61 1
51 63 1
51 64 1
52 1 1
52 21 1
52 32 1
52 42 1
52 49 1
52 54 1
52 55 1
52 56 -1
52 57 1
52 58 1
52 59 -1
52 60 1
52 62 1
52 64 1
53 2 1
53 3 1
53 24 -1
53 36 1
53 38 1
53 48 1
53 49 -1
53 51 1
53 54 1
53 55 1
53 57 -1
53 58 1
53 60 -1
53 62 1
53 63 -1
53 64 1
54 3 1
54 11 1
54 13 1
54 29 1
54 35 1
54 37 1
54 50 1
54 51 1
54 52 1
54 53 1
54 55 1
54 56 1
54 58 1
54 60 1
54 61 1
54 63 1
55 4 1
55 6 1
55 9 -1
55 10 1
55 16 1
55 17 -1
55 49 1
55 50 -1
55 52 1
55 53 1
55 54 1
55 56 -1
55 57 1
55 59 1
55 61 1
55 63 1
56 12 -1
56 17 1
56 28 1
56 32 1
56 47 -1
56 49 -1
56 51 1
56 52 -1
56 54 1
56 55 -1
56 58 1
56 59 1
56 60 1
56 62 1
56 64 1
57 7 1
57 32 1
57 33 1
57 34 -1
57 35 1
57 36 1
57 50 -1
57 52 1
57 53 -1
57 55 1
57 58 1
57 59 -1
57 60 1
57 61 1
57 63 1
57 64 1
58 13 1
58 14 1
58 28 1
58 29 1
58 41 1
58 49 1
58 50 1
58 52 1
58 53 1
58 54 1
58 56 1
58 57 1
58 61 -1
58 62 1
58 64 1
59 4 1
59 5 1
59 15 1
59 26 -1
59 42 1
59 46 1
59 49 1
59 50 1
59 51 1
59 52 -1
59 55 1
59 56 1
59 57 -1
59 60 1
59 61 1
59 62 1
60 5 1
60 13 1
60 25 1
60 26 1
60 39 1
60 40 1
60 51 1
60 52 1
60 53 -1
60 54 1
60 56 1
60 57 1
60 59 1
60 61 1
60 62 1
60 63 -1
61 2 -1
61 3 1
61 4 1
61 23 1
61 30 1
61 50 1
61 51 1
61 54 1
61 55 1
61 57 1
61 58 -1
61 59 1
61 60 1
61 62 1
61 63 1
62 17 -1
62 20 1
62 23 1
62 26 1
62 31 1
62 43 1
62 49 1
62 52 1
62 53 1
62 56 1
62 58 1
62 59 1
62 60 1
62 61 1
62 63 1
62 64 1
63 7 1
63 9 1
63 13 1
63 15 1
63 26 1
63 50 1
63 51 1
63 53 -1
63 54 1
63 55 1
63 57 1
63 60 -1
63 61 1
63 62 1
63 64 -1
64 10 1
64 20 1
64 24 1
64 27 -1
64 45 1
64 47 1
64 49 -1
64 50 1
64 51 1
64 52 1
64 53 1
64 56 1
64 57 1
64 58 1
64 62 1
64 63 -1
