1 3 -1
1 4 1
1 5 -1
1 8 1
1 9 1
1 10 1
1 12 -1
1 14 1
1 15 -1
1 16 1
1 21 -1
1 31 1
1 35 1
1 41 1
2 3 1
2 4 1
2 5 1
2 6 1
2 7 1
2 8 1
2 10 1
2 11 1
2 13 1
2 16 1
2 20 -1
2 21 1
2 34 1
2 46 1
2 52 -1
2 60 -1
3 1 -1
3 2 1
3 4 1
3 5 -1
3 6 1
3 7 1
3 9 1
3 11 -1
3 14 1
3 15 1
3 18 1
3 34 -1
3 39 1
3 54 1
3 55 1
3 61 1
4 1 1
4 2 1
4 3 1
4 5 1
4 8 -1
4 10 -1
4 13 -1
4 14 1
4 15 1
4 16 1
4 21 -1
4 30 -1
4 31 -1
4 43 1
4 46 1
5 1 -1
5 2 1
5 3 -1
5 4 1
5 6 -1
5 8 -1
5 9 -1
5 10 -1
5 12 -1
5 15 1
5 24 1
5 28 -1
5 42 -1
5 56 1
5 59 1
6 2 1
6 3 1
6 5 -1
6 7 1
6 8 1
6 11 1
6 12 -1
6 13 1
6 14 1
6 16 -1
6 38 1
6 42 -1
6 46 1
6 58 -1
6 60 1
6 64 1
7 2 1
7 3 1
7 6 1
7 8 1
7 9 -1
7 10 -1
7 11 -1
7 12 1
7 13 1
7 15 -1
7 17 1
7 29 -1
7 41 1
7 51 -1
7 53 1
7 57 1
8 1 1
8 2 1
8 4 -1
8 5 -1
8 6 1
8 7 1
8 10 -1
8 13 1
8 15 1
8 16 1
8 29 1
8 33 1
8 34 -1
8 56 1
8 63 1
9 1 1
9 3 1
9 5 -1
9 7 -1
9 10 1
9 11 1
9 12 1
9 14 1
9 15 1
9 16 1
9 20 -1
9 34 -1
9 48 1
9 58 1
9 60 1
10 1 1
10 2 1
10 4 -1
10 5 -1
10 7 -1
10 8 -1
10 9 1
10 12 1
10 13 1
10 14 1
10 33 1
10 43 -1
10 45 -1
10 55 1
11 2 1
11 3 -1
11 6 1
11 7 -1
11 9 1
11 12 1
11 13 -1
11 14 1
11 15 1
11 16 1
11 17 1
11 24 1
11 31 1
11 32 1
11 52 1
11 63 -1
12 1 -1
12 5 -1
12 6 -1
12 7 1
12 9 1
12 10 1
12 11 1
12 13 1
12 15 -1
12 16 1
12 28 1
12 30 -1
12 37 1
12 40 -1
12 58 -1
12 62 1
13 2 1
13 4 -1
13 6 1
13 7 1
13 8 1
13 10 1
13 11 -1
13 12 1
13 14 1
13 16 1
13 21 -1
13 31 1
13 39 -1
13 43 -1
13 49 1
13 61 1
14 1 1
14 3 1
14 4 1
14 6 1
14 9 1
14 10 1
14 11 1
14 13 1
14 15 1
14 16 1
14 22 1
14 25 -1
14 30 -1
14 38 1
14 48 1
14 54 1
15 1 -1
15 3 1
15 4 1
15 5 1
15 7 -1
15 8 1
15 9 1
15 11 1
15 12 -1
15 14 1
15 36 1
15 37 -1
15 42 -1
15 43 1
15 50 1
15 60 1
16 1 1
16 2 1
16 4 1
16 6 -1
16 8 1
16 9 1
16 11 1
16 12 1
16 13 1
16 14 1
16 32 1
16 43 -1
16 45 1
16 48 1
16 56 1
16 57 1
17 7 1
17 11 1
17 18 1
17 21 -1
17 22 1
17 24 1
17 25 1
17 26 -1
17 27 1
17 28 1
17 29 1
17 31 1
17 38 1
17 40 -1
17 62 1
18 3 1
18 17 1
18 19 1
18 20 1
18 22 1
18 23 1
18 25 1
18 27 1
18 29 -1
18 30 1
18 32 1
18 34 1
18 47 -1
18 48 1
18 60 -1
18 64 -1
19 18 1
19 22 1
19 23 1
19 25 1
19 26 -1
19 27 -1
19 28 1
19 29 1
19 30 -1
19 31 1
19 33 1
19 52 1
19 54 -1
19 59 -1
19 61 1
20 2 -1
20 9 -1
20 18 1
20 21 1
20 24 1
20 25 1
20 26 1
20 27 1
20 28 1
20 29 1
20 31 1
20 32 1
20 47 1
20 61 1
20 63 -1
21 1 -1
21 2 1
21 4 -1
21 13 -1
21 17 -1
21 20 1
21 23 1
21 24 1
21 25 1
21 26 -1
21 27 -1
21 28 1
21 29 1
21 32 1
21 41 1
21 60 1
22 14 1
22 17 1
22 18 1
22 19 1
22 23 1
22 24 -1
22 25 1
22 28 -1
22 30 1
22 31 1
22 32 1
22 36 1
22 40 1
22 45 1
22 46 1
22 58 1
23 18 1
23 19 1
23 21 1
23 22 1
23 24 1
23 26 1
23 27 1
23 29 1
23 30 1
23 31 1
23 35 -1
23 49 -1
23 53 1
23 55 1
23 59 -1
24 5 1
24 11 1
24 17 1
24 20 1
24 21 1
24 22 -1
24 23 1
24 25 1
24 26 -1
24 28 1
24 31 1
24 32 1
24 37 1
24 54 1
24 57 1
24 61 -1
25 14 -1
25 17 1
25 18 1
25 19 1
25 20 1
25 21 1
25 22 1
25 24 1
25 26 1
25 29 1
25 30 1
25 37 -1
25 38 1
25 44 1
25 50 1
26 17 -1
26 19 -1
26 20 1
26 21 -1
26 23 1
26 24 -1
26 25 1
26 27 1
26 30 1
26 32 -1
26 51 1
26 52 1
26 53 1
26 56 1
26 64 1
27 17 1
27 18 1
27 19 -1
27 20 1
27 21 -1
27 23 1
27 26 1
27 28 -1
27 29 1
27 31 -1
27 35 1
27 39 1
27 48 1
27 53 1
27 57 1
28 5 -1
28 12 1
28 17 1
28 19 1
28 20 1
28 21 1
28 22 -1
28 24 1
28 27 -1
28 30 1
28 31 -1
28 32 1
28 49 -1
28 51 1
28 63 -1
29 7 -1
29 8 1
29 17 1
29 18 -1
29 19 1
29 20 1
29 21 1
29 23 1
29 25 1
29 27 1
29 30 1
29 32 1
29 41 1
29 51 1
29 57 1
29 59 -1
30 4 -1
30 12 -1
30 14 -1
30 18 1
30 19 -1
30 22 1
30 23 1
30 25 1
30 26 1
30 28 1
30 29 1
30 31 -1
30 32 1
30 35 1
30 49 -1
30 58 -1
31 1 1
31 4 -1
31 11 1
31 13 1
31 17 1
31 19 1
31 20 1
31 22 1
31 23 1
31 24 1
31 27 -1
31 28 -1
31 30 -1
31 32 -1
31 42 1
31 44 1
32 11 1
32 16 1
32 18 1
32 20 1
32 21 1
32 22 1
32 24 1
32 26 -1
32 28 1
32 29 1
32 30 1
32 31 -1
32 44 1
32 47 -1
32 54 1
32 64 1
33 8 1
33 10 1
33 19 1
33 35 1
33 36 1
33 37 -1
33 39 1
33 40 -1
33 41 1
33 42 1
33 45 1
33 46 -1
33 47 1
33 53 1
33 62 1
34 2 1
34 3 -1
34 8 -1
34 9 -1
34 18 1
34 35 1
34 36 -1
34 37 1
34 39 1
34 40 -1
34 41 -1
34 42 1
34 43 1
34 45 1
34 48 1
34 64 1
35 1 1
35 23 -1
35 27 1
35 30 1
35 33 1
35 34 1
35 36 -1
35 38 -1
35 40 -1
35 41 1
35 42 1
35 44 -1
35 47 1
35 48 1
35 58 -1
36 15 1
36 22 1
36 33 1
36 34 -1
36 35 -1
36 38 1
36 39 1
36 43 -1
36 44 1
36 45 1
36 46 1
36 48 1
36 50 -1
36 52 1
36 55 -1
36 62 1
37 12 1
37 15 -1
37 24 1
37 25 -1
37 33 -1
37 34 1
37 39 1
37 40 -1
37 41 1
37 42 1
37 43 -1
37 44 1
37 47 1
37 48 1
37 55 1
37 63 -1
38 6 1
38 14 1
38 17 1
38 25 1
38 35 -1
38 36 1
38 39 -1
38 40 1
38 41 -1
38 43 1
38 44 1
38 45 1
38 46 1
38 47 1
38 50 1
38 53 -1
39 3 1
39 13 -1
39 27 1
39 33 1
39 34 1
39 36 1
39 37 1
39 38 -1
39 42 1
39 44 1
39 46 1
39 47 1
39 48 1
39 54 1
39 56 -1
40 12 -1
40 17 -1
40 22 1
40 33 -1
40 34 -1
40 35 -1
40 37 -1
40 38 1
40 43 1
40 45 1
40 46 1
40 47 -1
40 48 1
40 50 1
40 59 1
41 1 1
41 7 1
41 21 1
41 29 1
41 33 1
41 34 -1
41 35 1
41 37 1
41 38 -1
41 42 1
41 43 1
41 44 -1
41 45 -1
41 46 1
41 63 1
42 5 -1
42 6 -1
42 15 -1
42 31 1
42 33 1
42 34 1
42 35 1
42 37 1
42 39 1
42 41 1
42 43 1
42 44 1
42 45 -1
42 47 1
42 51 1
42 57 1
43 4 1
43 10 -1
43 13 -1
43 15 1
43 16 -1
43 34 1
43 36 -1
43 37 -1
43 38 1
43 40 1
43 41 1
43 42 1
43 44 1
43 47 1
43 48 1
43 49 -1
44 25 1
44 31 1
44 32 1
44 35 -1
44 36 1
44 37 1
44 38 1
44 39 1
44 41 -1
44 42 1
44 43 1
44 46 -1
44 48 -1
44 51 1
44 62 1
45 10 -1
45 16 1
45 22 1
45 33 1
45 34 1
45 36 1
45 38 1
45 40 1
45 41 -1
45 42 -1
45 46 -1
45 47 1
45 48 -1
45 64 1
46 2 1
46 4 1
46 6 1
46 22 1
46 33 -1
46 36 1
46 38 1
46 39 1
46 40 1
46 41 1
46 44 -1
46 45 -1
46 47 -1
46 48 -1
46 56 1
47 18 -1
47 20 1
47 32 -1
47 33 1
47 35 1
47 37 1
47 38 1
47 39 1
47 40 -1
47 42 1
47 43 1
47 45 1
47 46 -1
47 55 -1
47 61 1
48 9 1
48 14 1
48 16 1
48 18 1
48 27 1
48 34 1
48 35 1
48 36 1
48 37 1
48 39 1
48 40 1
48 43 1
48 44 -1
48 45 -1
48 46 -1
49 13 1
49 23 -1
49 28 -1
49 30 -1
49 43 -1
49 51 1
49 52 1
49 55 1
49 56 1
49 57 1
49 58 1
49 59 1
49 61 1
49 62 -1
49 63 1
50 15 1
50 25 1
50 36 -1
50 38 1
50 40 1
50 52 1
50 53 1
50 54 -1
50 55 -1
50 56 -1
50 59 -1
50 61 1
50 62 1
50 63 1
50 64 1
51 7 -1
51 26 1
51 28 1
51 29 1
51 42 1
51 44 1
51 49 1
51 53 1
51 54 -1
51 55 1
51 56 1
51 57 1
51 58 -1
51 59 1
51 61 -1
51 64 1
52 2 -1
52 11 1
52 19 1
52 26 1
52 36 1
52 49 1
52 50 1
52 53 -1
52 55 1
52 57 1
52 58 1
52 60 1
52 61 -1
52 63 1
52 64 1
53 7 1
53 23 1
53 26 1
53 27 1
53 33 1
53 38 -1
53 50 1
53 51 1
53 52 -1
53 54 1
53 56 -1
53 57 -1
53 58 1
53 60 1
53 61 1
53 62 -1
54 3 1
54 14 1
54 19 -1
54 24 1
54 32 1
54 39 1
54 50 -1
54 51 -1
54 53 1
54 56 1
54 57 1
54 58 1
54 60 -1
54 62 1
54 63 -1
54 64 -1
55 3 1
55 10 1
55 23 1
55 36 -1
55 37 1
55 47 -1
55 49 1
55 50 -1
55 51 1
55 52 1
55 56 -1
55 59 1
55 60 -1
55 61 -1
55 63 -1
55 64 1
56 5 1
56 8 1
56 16 1
56 26 1
56 39 -1
56 46 1
56 49 1
56 50 -1
56 51 1
56 53 -1
56 54 1
56 55 -1
56 57 1
56 62 -1
56 63 1
56 64 1
57 7 1
57 16 1
57 24 1
57 27 1
57 29 1
57 42 1
57 49 1
57 51 1
57 52 1
57 53 -1
57 54 1
57 56 1
57 58 1
57 59 1
57 60 1
57 63 -1
58 6 -1
58 9 1
58 12 -1
58 22 1
58 30 -1
58 35 -1
58 49 1
58 51 -1
58 52 1
58 53 1
58 54 1
58 57 1
58 59 1
58 60 -1
58 61 1
58 64 1
59 5 1
59 19 -1
59 23 -1
59 29 -1
59 40 1
59 49 1
59 50 -1
59 51 1
59 55 1
59 57 1
59 58 1
59 60 1
59 61 -1
59 62 1
59 63 1
60 2 -1
60 6 1
60 9 1
60 15 1
60 18 -1
60 21 1
60 52 1
60 53 1
60 54 -1
60 55 -1
60 57 1
60 58 -1
60 59 1
60 61 1
60 62 -1
60 64 1
61 3 1
61 13 1
61 19 1
61 20 1
61 24 -1
61 47 1
61 49 1
61 50 1
61 51 -1
61 52 -1
61 53 1
61 55 -1
61 58 1
61 59 -1
61 60 1
61 62 1
62 12 1
62 17 1
62 33 1
62 36 1
62 44 1
62 49 -1
62 50 1
62 53 -1
62 54 1
62 56 -1
62 59 1
62 60 -1
62 61 1
62 63 1
62 64 -1
63 8 1
63 11 -1
63 20 -1
63 28 -1
63 37 -1
63 41 1
63 49 1
63 50 1
63 52 1
63 54 -1
63 55 -1
63 56 1
63 57 -1
63 59 1
63 62 1
63 64 1
64 6 1
64 18 -1
64 26 1
64 32 1
64 34 1
64 45 1
64 50 1
64 51 1
64 52 1
64 54 -1
64 55 1
64 56 1
64 58 1
64 60 1
64 62 -1
64 63 1
