1 2 1
1 4 -1
1 6 -1
1 7 1
1 8 1
1 9 1
1 10 1
1 13 1
1 15 1
1 16 1
1 22 1
1 28 1
1 30 -1
1 32 1
1 46 -1
1 64 1
2 1 1
2 3 -1
2 4 1
2 5 1
2 8 1
2 11 -1
2 12 1
2 13 -1
2 14 1
2 16 -1
2 21 1
2 23 1
2 46 1
2 56 1
2 62 1
3 2 -1
3 4 1
3 5 1
3 7 1
3 9 -1
3 10 -1
3 11 1
3 13 1
3 14 -1
3 16 1
3 27 1
3 28 1
3 44 -1
3 54 1
3 57 -1
4 1 -1
4 2 1
4 3 1
4 7 1
4 8 1
4 9 1
4 10 1
4 12 -1
4 13 -1
4 16 1
4 25 1
4 41 1
4 43 1
4 46 1
4 57 -1
4 63 1
5 2 1
5 3 1
5 7 1
5 9 1
5 10 -1
5 11 -1
5 12 1
5 13 1
5 14 1
5 15 -1
5 22 -1
5 26 -1
5 34 1
5 37 1
5 38 -1
5 52 1
6 1 -1
6 8 -1
6 9 -1
6 10 1
6 11 -1
6 12 1
6 13 1
6 14 1
6 15 -1
6 16 -1
6 24 1
6 28 -1
6 34 -1
6 56 -1
6 60 -1
6 62 -1
7 1 1
7 3 1
7 4 1
7 5 1
7 8 -1
7 11 -1
7 12 1
7 14 1
7 15 -1
7 16 -1
7 26 -1
7 40 -1
7 44 1
7 52 -1
7 61 1
7 64 -1
8 1 1
8 2 1
8 4 1
8 6 -1
8 7 -1
8 9 1
8 12 -1
8 13 1
8 14 -1
8 15 -1
8 22 1
8 24 1
8 25 -1
8 30 1
8 42 1
8 49 -1
9 1 1
9 3 -1
9 4 1
9 5 1
9 6 -1
9 8 1
9 10 1
9 11 -1
9 13 -1
9 14 1
9 18 -1
9 27 -1
9 43 1
9 51 1
9 54 1
10 1 1
10 3 -1
10 4 1
10 5 -1
10 6 1
10 9 1
10 12 1
10 13 1
10 15 1
10 16 -1
10 36 -1
10 40 -1
10 44 1
10 50 -1
11 2 -1
11 3 1
11 5 -1
11 6 -1
11 7 -1
11 9 -1
11 12 1
11 14 1
11 15 1
11 16 1
11 18 -1
11 29 1
11 42 -1
11 49 1
11 50 -1
11 54 1
12 2 1
12 4 -1
12 5 1
12 6 1
12 7 1
12 8 -1
12 10 1
12 11 1
12 15 -1
12 16 -1
12 29 -1
12 33 1
12 35 1
12 43 1
12 47 1
12 49 -1
13 1 1
13 2 -1
13 3 1
13 4 -1
13 5 1
13 6 1
13 8 1
13 9 -1
13 10 1
13 15 1
13 21 -1
13 25 -1
13 29 1
13 36 1
13 45 1
13 61 1
14 2 1
14 3 -1
14 5 1
14 6 1
14 7 1
14 8 -1
14 9 1
14 11 1
14 15 1
14 16 -1
14 23 1
14 33 1
14 58 1
14 59 -1
15 1 1
15 5 -1
15 6 -1
15 7 -1
15 8 -1
15 10 1
15 11 1
15 12 -1
15 13 1
15 14 1
15 24 -1
15 32 1
15 33 1
15 38 1
15 53 -1
15 60 1
16 1 1
16 2 -1
16 3 1
16 4 1
16 6 -1
16 7 -1
16 10 -1
16 11 1
16 12 -1
16 14 -1
16 22 1
16 23 1
16 30 1
16 42 1
16 52 -1
16 56 -1
17 19 1
17 20 1
17 22 -1
17 23 1
17 24 1
17 25 -1
17 26 1
17 27 1
17 30 1
17 31 1
17 35 1
17 37 1
17 38 1
17 47 -1
17 58 1
17 60 1
18 9 -1
18 11 -1
18 19 -1
18 20 1
18 21 1
18 22 1
18 24 1
18 27 1
18 28 1
18 29 1
18 31 -1
18 32 1
18 37 1
18 45 1
18 47 1
19 17 1
19 18 -1
19 21 1
19 22 -1
19 24 1
19 26 -1
19 29 1
19 30 -1
19 31 1
19 32 1
19 33 -1
19 43 1
19 53 1
19 54 -1
19 55 -1
19 57 1
20 17 1
20 18 1
20 21 1
20 22 1
20 25 1
20 26 1
20 27 -1
20 30 1
20 31 -1
20 32 -1
20 39 1
20 43 1
20 51 1
20 59 1
20 63 -1
21 2 1
21 13 -1
21 18 1
21 19 1
21 20 1
21 22 -1
21 23 1
21 26 -1
21 28 1
21 29 -1
21 30 1
21 32 -1
21 37 1
21 41 1
21 51 1
21 53 -1
22 1 1
22 5 -1
22 8 1
22 16 1
22 17 -1
22 18 1
22 19 -1
22 20 1
22 21 -1
22 25 1
22 27 1
22 28 1
22 30 1
22 32 1
22 40 -1
22 64 1
23 2 1
23 14 1
23 16 1
23 17 1
23 21 1
23 24 -1
23 25 -1
23 27 -1
23 28 -1
23 29 1
23 30 1
23 31 1
23 32 1
23 53 -1
23 56 1
24 6 1
24 8 1
24 15 -1
24 17 1
24 18 1
24 19 1
24 23 -1
24 25 1
24 26 1
24 28 1
24 30 1
24 31 1
24 32 1
24 39 1
24 54 -1
24 59 -1
25 4 1
25 8 -1
25 13 -1
25 17 -1
25 20 1
25 22 1
25 23 -1
25 24 1
25 26 -1
25 27 1
25 28 1
25 29 1
25 32 1
25 40 1
25 42 1
25 52 1
26 5 -1
26 7 -1
26 17 1
26 19 -1
26 20 1
26 21 -1
26 24 1
26 25 -1
26 28 1
26 29 1
26 31 -1
26 32 1
26 33 -1
26 61 -1
26 64 1
27 3 1
27 9 -1
27 17 1
27 18 1
27 20 -1
27 22 1
27 23 -1
27 25 1
27 28 -1
27 29 1
27 30 -1
27 31 -1
27 42 -1
27 60 -1
28 1 1
28 3 1
28 6 -1
28 18 1
28 21 1
28 22 1
28 23 -1
28 24 1
28 25 1
28 26 1
28 27 -1
28 29 -1
28 31 1
28 39 -1
28 41 1
28 51 -1
29 11 1
29 12 -1
29 13 1
29 18 1
29 19 1
29 21 -1
29 23 1
29 25 1
29 26 1
29 27 1
29 28 -1
29 30 1
29 32 -1
29 41 1
29 57 -1
29 62 1
30 1 -1
30 8 1
30 16 1
30 17 1
30 19 -1
30 20 1
30 21 1
30 22 1
30 23 1
30 24 1
30 27 -1
30 29 1
30 31 1
30 37 1
30 56 1
30 61 -1
31 17 1
31 18 -1
31 19 1
31 20 -1
31 23 1
31 24 1
31 26 -1
31 27 -1
31 28 1
31 30 1
31 34 1
31 36 -1
31 37 1
31 39 1
31 45 1
31 64 1
32 1 1
32 15 1
32 18 1
32 19 1
32 20 -1
32 21 -1
32 22 1
32 23 1
32 24 1
32 25 1
32 26 1
32 29 -1
32 39 -1
32 57 -1
32 58 1
32 63 1
33 12 1
33 14 1
33 15 1
33 19 -1
33 26 -1
33 35 1
33 36 -1
33 37 1
33 39 1
33 42 1
33 43 -1
33 45 1
33 46 -1
33 47 -1
33 48 -1
33 55 1
34 5 1
34 6 -1
34 31 1
34 35 -1
34 37 1
34 38 1
34 40 -1
34 41 -1
34 42 1
34 43 1
34 44 1
34 47 -1
34 48 -1
34 49 -1
34 52 1
35 12 1
35 17 1
35 33 1
35 34 -1
35 36 1
35 38 1
35 40 1
35 41 -1
35 43 -1
35 44 1
35 46 1
35 48 -1
35 53 1
35 57 1
35 58 -1
35 62 -1
36 10 -1
36 13 1
36 31 -1
36 33 -1
36 35 1
36 38 -1
36 39 1
36 41 -1
36 42 -1
36 43 1
36 44 -1
36 47 -1
36 48 -1
36 63 1
37 5 1
37 17 1
37 18 1
37 21 1
37 30 1
37 31 1
37 33 1
37 34 1
37 38 1
37 39 -1
37 40 1
37 41 -1
37 42 -1
37 43 1
37 45 1
37 47 1
38 5 -1
38 15 1
38 17 1
38 34 1
38 35 1
38 36 -1
38 37 1
38 39 1
38 40 1
38 41 1
38 44 -1
38 45 1
38 46 -1
38 51 1
38 55 -1
38 61 1
39 20 1
39 24 1
39 28 -1
39 31 1
39 32 -1
39 33 1
39 36 1
39 37 -1
39 38 1
39 41 1
39 42 -1
39 43 -1
39 44 -1
39 45 1
39 47 -1
39 59 1
40 7 -1
40 10 -1
40 22 -1
40 25 1
40 34 -1
40 35 1
40 37 1
40 38 1
40 43 -1
40 44 -1
40 45 1
40 46 1
40 47 -1
40 48 -1
40 55 -1
40 59 1
41 4 1
41 21 1
41 28 1
41 29 1
41 34 -1
41 35 -1
41 36 -1
41 37 -1
41 38 1
41 39 1
41 43 -1
41 45 1
41 46 -1
41 48 1
41 55 1
41 56 -1
42 8 1
42 11 -1
42 16 1
42 25 1
42 27 -1
42 33 1
42 34 1
42 36 -1
42 37 -1
42 39 -1
42 44 1
42 45 1
42 46 1
42 47 -1
42 48 1
43 4 1
43 9 1
43 12 1
43 19 1
43 20 1
43 33 -1
43 34 1
43 35 -1
43 36 1
43 37 1
43 39 -1
43 40 -1
43 41 -1
43 46 1
43 47 1
43 58 1
44 3 -1
44 7 1
44 10 1
44 34 1
44 35 1
44 36 -1
44 38 -1
44 39 -1
44 40 -1
44 42 1
44 45 1
44 47 1
44 48 1
44 50 -1
44 60 1
44 61 -1
45 13 1
45 18 1
45 31 1
45 33 1
45 37 1
45 38 1
45 39 1
45 40 1
45 41 1
45 42 1
45 44 1
45 46 -1
45 48 1
45 55 1
45 60 -1
45 62 -1
46 1 -1
46 2 1
46 4 1
46 33 -1
46 35 1
46 38 -1
46 40 1
46 41 -1
46 42 1
46 43 1
46 45 -1
46 47 -1
46 48 1
46 51 -1
46 63 -1
47 12 1
47 17 -1
47 18 1
47 33 -1
47 34 -1
47 36 -1
47 37 1
47 39 -1
47 40 -1
47 42 -1
47 43 1
47 44 1
47 46 -1
47 50 1
47 53 1
48 33 -1
48 34 -1
48 35 -1
48 36 -1
48 40 -1
48 41 1
48 42 1
48 44 1
48 45 1
48 46 1
48 49 -1
48 50 -1
48 52 -1
48 58 -1
48 62 1
49 8 -1
49 11 1
49 12 -1
49 34 -1
49 48 -1
49 50 -1
49 51 -1
49 53 -1
49 54 1
49 55 1
49 60 -1
49 61 -1
49 62 1
49 63 1
49 64 -1
50 10 -1
50 11 -1
50 44 -1
50 47 1
50 48 -1
50 49 -1
50 51 -1
50 52 1
50 53 1
50 54 -1
50 57 -1
50 59 -1
50 61 1
50 63 -1
50 64 1
51 9 1
51 20 1
51 21 1
51 28 -1
51 38 1
51 46 -1
51 49 -1
51 50 -1
51 52 -1
51 53 -1
51 57 1
51 58 -1
51 60 1
51 62 -1
51 63 1
51 64 1
52 5 1
52 7 -1
52 16 -1
52 25 1
52 34 1
52 48 -1
52 50 1
52 51 -1
52 53 1
52 54 1
52 55 1
52 56 -1
52 57 1
52 59 1
52 60 1
52 64 1
53 15 -1
53 19 1
53 21 -1
53 23 -1
53 35 1
53 47 1
53 49 -1
53 50 1
53 51 -1
53 52 1
53 56 -1
53 58 1
53 59 1
53 61 -1
53 62 1
53 63 1
54 3 1
54 9 1
54 11 1
54 19 -1
54 24 -1
54 49 1
54 50 -1
54 52 1
54 55 1
54 56 1
54 59 1
54 60 1
54 61 1
54 62 1
54 64 1
55 19 -1
55 33 1
55 38 -1
55 40 -1
55 41 1
55 45 1
55 49 1
55 52 1
55 54 1
55 56 -1
55 57 1
55 58 -1
55 59 -1
55 60 1
55 61 1
55 64 1
56 2 1
56 6 -1
56 16 -1
56 23 1
56 30 1
56 41 -1
56 52 -1
56 53 -1
56 54 1
56 55 -1
56 58 1
56 60 -1
56 61 1
56 62 -1
56 63 1
56 64 1
57 3 -1
57 4 -1
57 19 1
57 29 -1
57 32 -1
57 35 1
57 50 -1
57 51 1
57 52 1
57 55 1
57 59 -1
57 60 -1
57 61 1
57 62 1
57 63 1
57 64 -1
58 14 1
58 17 1
58 32 1
58 35 -1
58 43 1
58 48 -1
58 51 -1
58 53 1
58 55 -1
58 56 1
58 59 1
58 60 -1
58 61 -1
58 62 1
58 63 -1
58 64 1
59 14 -1
59 20 1
59 24 -1
59 39 1
59 40 1
59 50 -1
59 52 1
59 53 1
59 54 1
59 55 -1
59 57 -1
59 58 1
59 61 -1
59 62 1
59 63 1
60 6 -1
60 15 1
60 17 1
60 27 -1
60 44 1
60 45 -1
60 49 -1
60 51 1
60 52 1
60 54 1
60 55 1
60 56 -1
60 57 -1
60 58 -1
60 62 1
60 64 -1
61 7 1
61 13 1
61 26 -1
61 30 -1
61 38 1
61 44 -1
61 49 -1
61 50 1
61 53 -1
61 54 1
61 55 1
61 56 1
61 57 1
61 58 -1
61 59 -1
61 63 1
62 2 1
62 6 -1
62 29 1
62 35 -1
62 45 -1
62 48 1
62 49 1
62 51 -1
62 53 1
62 54 1
62 56 -1
62 57 1
62 58 1
62 59 1
62 60 1
62 63 -1
63 4 1
63 20 -1
63 32 1
63 36 1
63 46 -1
63 49 1
63 50 -1
63 51 1
63 53 1
63 56 1
63 57 1
63 58 -1
63 59 1
63 61 1
63 62 -1
64 1 1
64 7 -1
64 22 1
64 26 1
64 31 1
64 49 -1
64 50 1
64 51 1
64 52 1
64 54 1
64 55 1
64 56 1
64 57 -1
64 58 1
64 60 -1
