1 2 1
1 3 1
1 5 1
1 7 1
1 8 1
1 9 -1
1 11 1
1 13 -1
1 14 1
1 16 1
1 22 -1
1 30 -1
1 35 -1
1 52 -1
1 53 -1
2 1 1
2 3 -1
2 4 1
2 8 1
2 10 -1
2 11 -1
2 12 -1
2 14 -1
2 15 1
2 16 -1
2 24 -1
2 39 -1
2 47 1
2 48 1
2 60 -1
2 61 1
3 1 1
3 2 -1
3 5 1
3 6 1
3 9 -1
3 10 -1
3 12 1
3 13 -1
3 14 -1
3 15 1
3 21 -1
3 27 -1
3 37 1
3 43 1
3 51 -1
3 64 -1
4 2 1
4 5 1
4 6 -1
4 7 1
4 8 1
4 11 1
4 12 -1
4 13 1
4 15 -1
4 16 -1
4 19 1
4 32 1
4 34 -1
4 48 1
4 50 1
5 1 1
5 3 1
5 4 1
5 6 1
5 8 -1
5 9 1
5 11 -1
5 12 1
5 13 1
5 15 1
5 25 -1
5 26 1
5 30 -1
5 44 1
5 57 -1
5 59 1
6 3 1
6 4 -1
6 5 1
6 7 -1
6 9 -1
6 10 -1
6 11 1
6 12 -1
6 13 1
6 14 -1
6 22 -1
6 39 1
6 46 1
6 55 1
6 56 1
6 59 -1
7 1 1
7 4 1
7 6 -1
7 8 1
7 9 -1
7 10 -1
7 13 1
7 14 1
7 15 -1
7 16 1
7 20 1
7 28 1
7 36 -1
7 42 1
7 62 1
7 64 1
8 1 1
8 2 1
8 4 1
8 5 -1
8 7 1
8 9 -1
8 10 1
8 11 1
8 12 -1
8 15 1
8 22 -1
8 28 1
8 29 1
8 31 -1
8 32 -1
8 40 1
9 1 -1
9 3 -1
9 5 1
9 6 -1
9 7 -1
9 8 -1
9 10 1
9 11 -1
9 12 -1
9 14 -1
9 20 -1
9 24 -1
9 32 -1
9 37 1
9 54 -1
9 62 1
10 2 -1
10 3 -1
10 6 -1
10 7 -1
10 8 1
10 9 1
10 12 1
10 13 1
10 14 1
10 16 1
10 24 1
10 27 1
10 40 1
10 42 1
10 44 -1
10 49 -1
11 1 1
11 2 -1
11 4 1
11 5 -1
11 6 1
11 8 1
11 9 -1
11 13 1
11 15 1
11 16 -1
11 18 -1
11 22 -1
11 30 -1
11 58 -1
11 63 -1
12 2 -1
12 3 1
12 4 -1
12 5 1
12 6 -1
12 8 -1
12 9 -1
12 10 1
12 14 -1
12 16 -1
12 20 -1
12 25 -1
12 27 1
12 46 1
12 59 -1
12 60 -1
13 1 -1
13 3 -1
13 4 1
13 5 1
13 6 1
13 7 1
13 10 1
13 11 1
13 15 -1
13 16 1
13 30 1
13 45 1
13 48 1
13 52 -1
13 53 1
13 57 1
14 1 1
14 2 -1
14 3 -1
14 6 -1
14 7 1
14 9 -1
14 10 1
14 12 -1
14 15 -1
14 16 1
14 29 1
14 36 -1
14 42 1
14 47 1
14 48 -1
14 49 -1
15 2 1
15 3 1
15 4 -1
15 5 1
15 7 -1
15 8 1
15 11 1
15 13 -1
15 14 -1
15 16 -1
15 20 -1
15 26 1
15 42 1
15 44 1
15 49 -1
15 52 -1
16 1 1
16 2 -1
16 4 -1
16 7 1
16 10 1
16 11 -1
16 12 -1
16 13 1
16 14 1
16 15 -1
16 18 -1
16 34 -1
16 36 -1
16 56 1
16 64 -1
17 18 -1
17 19 -1
17 20 -1
17 22 1
17 23 -1
17 24 1
17 27 -1
17 28 -1
17 30 1
17 31 -1
17 33 1
17 40 -1
17 43 -1
17 51 1
17 55 1
17 58 -1
18 11 -1
18 16 -1
18 17 -1
18 19 -1
18 20 1
18 21 1
18 22 1
18 24 1
18 28 1
18 30 1
18 31 1
18 32 -1
18 43 1
18 50 1
18 56 1
19 4 1
19 17 -1
19 18 -1
19 21 1
19 23 1
19 25 -1
19 27 -1
19 28 -1
19 29 -1
19 30 -1
19 31 1
19 48 1
19 52 -1
19 54 1
19 59 1
19 62 -1
20 7 1
20 9 -1
20 12 -1
20 15 -1
20 17 -1
20 18 1
20 21 1
20 22 1
20 25 1
20 26 1
20 28 -1
20 30 -1
20 31 -1
20 32 1
20 61 1
20 63 1
21 3 -1
21 18 1
21 19 1
21 20 1
21 22 1
21 23 -1
21 24 -1
21 26 1
21 27 -1
21 29 -1
21 31 -1
21 41 -1
21 45 1
21 53 1
21 63 -1
22 1 -1
22 6 -1
22 8 -1
22 11 -1
22 17 1
22 18 1
22 20 1
22 21 1
22 23 -1
22 24 1
22 25 1
22 27 1
22 29 -1
22 30 1
22 60 -1
22 64 -1
23 17 -1
23 19 1
23 21 -1
23 22 -1
23 24 -1
23 25 1
23 27 1
23 29 -1
23 31 -1
23 32 -1
23 34 1
23 35 -1
23 37 1
23 38 -1
23 43 -1
24 2 -1
24 9 -1
24 10 1
24 17 1
24 18 1
24 21 -1
24 22 1
24 23 -1
24 25 1
24 26 1
24 28 -1
24 29 1
24 32 1
24 41 -1
24 46 1
24 51 -1
25 5 -1
25 12 -1
25 19 -1
25 20 1
25 22 1
25 23 1
25 24 1
25 26 -1
25 28 -1
25 29 -1
25 31 1
25 32 -1
25 36 -1
25 38 1
25 46 1
25 54 1
26 5 1
26 15 1
26 20 1
26 21 1
26 24 1
26 25 -1
26 27 1
26 28 -1
26 29 -1
26 30 1
26 31 1
26 32 1
26 33 -1
26 41 -1
26 49 -1
26 59 -1
27 3 -1
27 10 1
27 12 1
27 17 -1
27 19 -1
27 21 -1
27 22 1
27 23 1
27 26 1
27 28 1
27 30 -1
27 31 -1
27 32 1
27 46 -1
27 56 1
27 57 1
28 7 1
28 8 1
28 17 -1
28 18 1
28 19 -1
28 20 -1
28 24 -1
28 25 -1
28 26 -1
28 27 1
28 29 -1
28 30 -1
28 44 -1
28 47 -1
28 50 1
28 58 1
29 8 1
29 14 1
29 19 -1
29 21 -1
29 22 -1
29 23 -1
29 24 1
29 25 -1
29 26 -1
29 28 -1
29 30 -1
29 32 -1
29 36 -1
29 39 -1
29 55 -1
29 63 -1
30 1 -1
30 5 -1
30 11 -1
30 13 1
30 17 1
30 18 1
30 19 -1
30 20 -1
30 22 1
30 26 1
30 27 -1
30 28 -1
30 29 -1
30 32 1
30 35 -1
30 41 1
31 8 -1
31 17 -1
31 18 1
31 19 1
31 20 -1
31 21 -1
31 23 -1
31 25 1
31 26 1
31 27 -1
31 32 1
31 39 -1
31 49 -1
31 55 1
31 58 -1
32 4 1
32 8 -1
32 9 -1
32 18 -1
32 20 1
32 23 -1
32 24 1
32 25 -1
32 26 1
32 27 1
32 29 -1
32 30 1
32 31 1
32 43 1
32 45 1
33 17 1
33 26 -1
33 34 1
33 35 1
33 37 -1
33 39 1
33 41 1
33 42 -1
33 44 -1
33 45 -1
33 46 1
33 47 -1
33 51 -1
33 54 -1
33 62 1
34 4 -1
34 16 -1
34 23 1
34 33 1
34 35 1
34 39 1
34 41 1
34 42 1
34 43 -1
34 44 1
34 45 1
34 47 -1
34 48 1
34 50 -1
34 58 1
34 60 -1
35 1 -1
35 23 -1
35 30 -1
35 33 1
35 34 1
35 36 1
35 37 -1
35 40 1
35 41 1
35 42 -1
35 43 1
35 47 -1
35 48 1
35 56 -1
35 59 -1
35 62 -1
36 7 -1
36 14 -1
36 16 -1
36 25 -1
36 29 -1
36 35 1
36 37 -1
36 38 -1
36 39 -1
36 40 1
36 41 -1
36 43 1
36 44 1
36 46 -1
36 47 1
36 56 -1
37 3 1
37 9 1
37 23 1
37 33 -1
37 35 -1
37 36 -1
37 38 1
37 40 1
37 44 -1
37 45 1
37 46 -1
37 47 1
37 48 -1
37 57 -1
37 61 -1
38 23 -1
38 25 1
38 36 -1
38 37 1
38 39 1
38 41 1
38 42 1
38 43 -1
38 44 -1
38 45 1
38 46 -1
38 48 -1
38 51 1
38 60 -1
38 61 1
38 64 -1
39 2 -1
39 6 1
39 29 -1
39 31 -1
39 33 1
39 34 1
39 36 -1
39 38 1
39 40 1
39 41 1
39 42 -1
39 45 -1
39 46 -1
39 48 1
39 54 -1
40 8 1
40 10 1
40 17 -1
40 35 1
40 36 1
40 37 1
40 39 1
40 41 -1
40 43 1
40 44 -1
40 46 1
40 47 -1
40 48 1
40 49 -1
40 50 1
40 52 1
41 21 -1
41 24 -1
41 26 -1
41 30 1
41 33 1
41 34 1
41 35 1
41 36 -1
41 38 1
41 39 1
41 40 -1
41 42 -1
41 44 1
41 48 -1
41 54 1
41 57 -1
42 7 1
42 10 1
42 14 1
42 15 1
42 33 -1
42 34 1
42 35 -1
42 38 1
42 39 -1
42 41 -1
42 43 -1
42 45 1
42 46 -1
42 47 -1
42 57 1
42 64 -1
43 3 1
43 17 -1
43 18 1
43 23 -1
43 32 1
43 34 -1
43 35 1
43 36 1
43 38 -1
43 40 1
43 42 -1
43 44 1
43 45 1
43 46 -1
43 47 1
43 61 -1
44 5 1
44 10 -1
44 15 1
44 28 -1
44 33 -1
44 34 1
44 36 1
44 37 -1
44 38 -1
44 40 -1
44 41 1
44 43 1
44 45 1
44 48 1
44 52 -1
44 55 -1
45 13 1
45 21 1
45 32 1
45 33 -1
45 34 1
45 37 1
45 38 1
45 39 -1
45 42 1
45 43 1
45 44 1
45 46 -1
45 48 1
45 50 1
45 60 1
45 63 1
46 6 1
46 12 1
46 24 1
46 25 1
46 27 -1
46 33 1
46 36 -1
46 37 -1
46 38 -1
46 39 -1
46 40 1
46 42 -1
46 43 -1
46 45 -1
46 47 1
46 55 1
47 2 1
47 14 1
47 28 -1
47 33 -1
47 34 -1
47 35 -1
47 36 1
47 37 1
47 40 -1
47 42 -1
47 43 1
47 46 1
47 48 -1
47 53 1
47 58 -1
47 62 1
48 2 1
48 4 1
48 13 1
48 14 -1
48 19 1
48 34 1
48 35 1
48 37 -1
48 38 -1
48 39 1
48 40 1
48 41 -1
48 44 1
48 45 1
48 47 -1
48 61 1
49 10 -1
49 14 -1
49 15 -1
49 26 -1
49 31 -1
49 40 -1
49 51 -1
49 52 1
49 53 -1
49 54 -1
49 55 -1
49 56 1
49 58 -1
49 59 1
49 62 -1
49 63 -1
50 4 1
50 18 1
50 28 1
50 34 -1
50 40 1
50 45 1
50 53 -1
50 54 1
50 55 1
50 56 -1
50 57 -1
50 59 -1
50 60 1
50 61 -1
50 62 -1
50 63 1
51 3 -1
51 17 1
51 24 -1
51 33 -1
51 38 1
51 49 -1
51 53 -1
51 55 -1
51 56 1
51 57 -1
51 59 -1
51 61 -1
51 62 1
51 63 -1
51 64 1
52 1 -1
52 13 -1
52 15 -1
52 19 -1
52 40 1
52 44 -1
52 49 1
52 55 1
52 56 1
52 57 -1
52 58 1
52 59 -1
52 60 -1
52 61 1
52 62 1
52 64 1
53 1 -1
53 13 1
53 21 1
53 47 1
53 49 -1
53 50 -1
53 51 -1
53 54 1
53 55 -1
53 56 1
53 58 -1
53 59 1
53 61 -1
53 64 1
54 9 -1
54 19 1
54 25 1
54 33 -1
54 39 -1
54 41 1
54 49 -1
54 50 1
54 53 1
54 55 -1
54 58 1
54 59 -1
54 60 -1
54 62 1
54 63 1
54 64 1
55 6 1
55 17 1
55 29 -1
55 31 1
55 44 -1
55 46 1
55 49 -1
55 50 1
55 51 -1
55 52 1
55 53 -1
55 54 -1
55 56 -1
55 57 1
55 58 1
55 63 -1
56 6 1
56 16 1
56 18 1
56 27 1
56 35 -1
56 36 -1
56 49 1
56 50 -1
56 51 1
56 52 1
56 53 1
56 55 -1
56 58 1
56 60 1
56 62 1
56 63 -1
57 5 -1
57 13 1
57 27 1
57 37 -1
57 41 -1
57 42 1
57 50 -1
57 51 -1
57 52 -1
57 55 1
57 59 -1
57 60 1
57 61 1
57 62 1
57 63 -1
57 64 -1
58 11 -1
58 17 -1
58 28 1
58 31 -1
58 34 1
58 47 -1
58 49 -1
58 52 1
58 53 -1
58 54 1
58 55 1
58 56 1
58 60 1
58 61 -1
58 62 1
58 64 1
59 5 1
59 6 -1
59 12 -1
59 19 1
59 26 -1
59 35 -1
59 49 1
59 50 -1
59 51 -1
59 52 -1
59 53 1
59 54 -1
59 57 -1
59 60 -1
59 61 1
59 64 -1
60 2 -1
60 12 -1
60 22 -1
60 34 -1
60 38 -1
60 45 1
60 50 1
60 52 -1
60 54 -1
60 56 1
60 57 1
60 58 1
60 59 -1
60 62 -1
60 63 1
60 64 1
61 2 1
61 20 1
61 37 -1
61 38 1
61 43 -1
61 48 1
61 50 -1
61 51 -1
61 52 1
61 53 -1
61 57 1
61 58 -1
61 59 1
61 62 -1
61 63 1
61 64 1
62 7 1
62 9 1
62 19 -1
62 33 1
62 35 -1
62 47 1
62 49 -1
62 50 -1
62 51 1
62 52 1
62 54 1
62 56 1
62 57 1
62 58 1
62 60 -1
62 61 -1
63 11 -1
63 20 1
63 21 -1
63 29 -1
63 45 1
63 49 -1
63 50 1
63 51 -1
63 54 1
63 55 -1
63 56 -1
63 57 -1
63 60 1
63 61 1
63 64 -1
64 3 -1
64 7 1
64 16 -1
64 22 -1
64 38 -1
64 42 -1
64 51 1
64 52 1
64 53 1
64 54 1
64 57 -1
64 58 1
64 59 -1
64 60 1
64 61 1
64 63 -1
