1 2 1
1 3 1
1 4 -1
1 6 1
1 7 1
1 8 1
1 9 1
1 10 1
1 11 1
1 15 -1
1 20 1
1 26 1
1 52 1
1 58 -1
1 59 1
1 63 1
2 1 1
2 4 -1
2 6 -1
2 7 1
2 8 1
2 10 -1
2 11 1
2 12 1
2 13 1
2 16 -1
2 24 1
2 26 1
2 29 1
2 60 -1
2 62 1
2 63 1
3 1 1
3 5 -1
3 6 1
3 8 1
3 9 1
3 10 -1
3 11 1
3 14 -1
3 15 1
3 16 1
3 25 1
3 35 1
3 39 -1
3 43 1
3 49 1
3 59 1
4 1 -1
4 2 -1
4 5 1
4 6 1
4 9 1
4 10 1
4 12 1
4 13 1
4 14 1
4 16 1
4 22 1
4 36 -1
4 44 1
4 47 1
4 50 1
4 60 -1
5 3 -1
5 4 1
5 7 1
5 8 1
5 9 -1
5 11 -1
5 12 1
5 13 -1
5 14 1
5 16 1
5 38 1
5 39 1
5 53 1
5 54 1
5 60 1
5 61 1
6 1 1
6 2 -1
6 3 1
6 4 1
6 7 1
6 8 1
6 9 1
6 11 1
6 12 1
6 14 1
6 34 1
6 40 1
6 44 1
6 50 1
6 54 1
6 61 1
7 1 1
7 2 1
7 5 1
7 6 1
7 9 1
7 10 1
7 11 1
7 12 1
7 13 -1
7 14 1
7 17 1
7 18 1
7 42 1
7 44 1
7 50 1
7 54 1
8 1 1
8 2 1
8 3 1
8 5 1
8 6 1
8 10 1
8 11 1
8 13 -1
8 15 1
8 16 1
8 25 1
8 43 -1
8 45 1
8 51 1
8 53 1
8 59 1
9 1 1
9 3 1
9 4 1
9 5 -1
9 6 1
9 7 1
9 12 1
9 13 1
9 15 1
9 16 1
9 20 -1
9 36 1
9 40 1
9 42 -1
10 1 1
10 2 -1
10 3 -1
10 4 1
10 7 1
10 8 1
10 11 1
10 13 -1
10 14 1
10 15 1
10 19 1
10 21 1
10 38 1
10 39 -1
10 51 1
10 55 1
11 1 1
11 2 1
11 3 1
11 5 -1
11 6 1
11 7 1
11 8 1
11 10 1
11 12 1
11 15 -1
11 35 1
11 41 1
11 52 1
11 57 1
11 59 -1
11 61 1
12 2 1
12 4 1
12 5 1
12 6 1
12 7 1
12 9 1
12 11 1
12 14 1
12 15 1
12 16 1
12 35 1
12 45 1
12 51 -1
12 55 1
12 59 1
13 2 1
13 4 1
13 5 -1
13 7 -1
13 8 -1
13 9 1
13 10 -1
13 14 1
13 15 1
13 16 1
13 28 1
13 30 1
13 51 -1
13 58 1
13 61 -1
13 62 1
14 3 -1
14 4 1
14 5 1
14 6 1
14 7 1
14 10 1
14 12 1
14 13 1
14 15 1
14 16 -1
14 25 1
14 33 1
14 39 -1
14 43 1
14 47 1
14 49 1
15 1 -1
15 3 1
15 8 1
15 9 1
15 10 1
15 11 -1
15 12 1
15 13 1
15 14 1
15 16 1
15 17 1
15 18 -1
15 32 1
15 39 1
15 58 -1
15 63 -1
16 2 -1
16 3 1
16 4 1
16 5 1
16 8 1
16 9 1
16 12 1
16 13 1
16 14 -1
16 15 1
16 23 1
16 25 1
16 28 1
16 47 1
16 51 1
17 7 1
17 15 1
17 18 1
17 20 -1
17 21 -1
17 23 1
17 24 1
17 25 1
17 26 -1
17 28 1
17 29 1
17 30 1
17 37 1
17 41 1
17 45 1
17 63 1
18 7 1
18 15 -1
18 17 1
18 19 1
18 22 -1
18 24 1
18 25 -1
18 26 1
18 27 1
18 28 -1
18 31 1
18 32 1
18 43 1
18 55 1
18 61 1
19 10 1
19 18 1
19 20 1
19 21 1
19 22 -1
19 23 1
19 25 1
19 26 1
19 27 1
19 28 -1
19 31 1
19 38 -1
19 47 1
19 48 -1
19 49 1
19 58 1
20 1 1
20 9 -1
20 17 -1
20 19 1
20 22 -1
20 24 1
20 25 1
20 27 1
20 28 -1
20 29 1
20 30 1
20 32 1
20 37 1
20 44 1
20 52 1
20 64 1
21 10 1
21 17 -1
21 19 1
21 23 -1
21 24 1
21 26 1
21 27 -1
21 29 -1
21 30 1
21 31 1
21 32 1
21 42 1
21 55 1
21 62 1
21 64 1
22 4 1
22 18 -1
22 19 -1
22 20 -1
22 23 -1
22 26 1
22 27 1
22 28 1
22 29 1
22 31 1
22 32 1
22 34 1
22 35 1
22 37 1
22 44 1
22 64 1
23 16 1
23 17 1
23 19 1
23 21 -1
23 22 -1
23 24 1
23 25 -1
23 26 1
23 30 1
23 31 1
23 32 1
23 47 1
23 48 1
23 52 1
23 53 1
23 54 1
24 2 1
24 17 1
24 18 1
24 20 1
24 21 1
24 23 1
24 25 1
24 26 1
24 29 1
24 31 1
24 32 1
24 45 1
24 49 1
24 56 1
24 58 1
24 63 -1
25 3 1
25 8 1
25 14 1
25 16 1
25 17 1
25 18 -1
25 19 1
25 20 1
25 23 -1
25 24 1
25 27 1
25 28 1
25 30 1
25 32 1
25 38 1
26 1 1
26 2 1
26 17 -1
26 18 1
26 19 1
26 21 1
26 22 1
26 23 1
26 24 1
26 29 1
26 30 1
26 31 1
26 40 1
26 46 1
26 53 -1
26 56 -1
27 18 1
27 19 1
27 20 1
27 21 -1
27 22 1
27 25 1
27 28 1
27 30 1
27 31 -1
27 32 1
27 33 1
27 41 1
27 48 1
27 54 1
27 63 1
28 13 1
28 16 1
28 17 1
28 18 -1
28 19 -1
28 20 -1
28 22 1
28 25 1
28 27 1
28 29 1
28 30 -1
28 32 1
28 36 1
28 45 1
28 46 1
28 50 1
29 2 1
29 17 1
29 20 1
29 21 -1
29 22 1
29 24 1
29 26 1
29 28 1
29 30 -1
29 31 1
29 32 1
29 37 1
29 44 -1
29 46 1
29 56 1
29 60 1
30 13 1
30 17 1
30 20 1
30 21 1
30 23 1
30 25 1
30 26 1
30 27 1
30 28 -1
30 29 -1
30 31 1
30 33 1
30 37 1
30 46 -1
30 49 1
30 57 1
31 18 1
31 19 1
31 21 1
31 22 1
31 23 1
31 24 1
31 26 1
31 27 -1
31 29 1
31 30 1
31 40 1
31 42 -1
31 48 1
31 52 1
31 64 1
32 15 1
32 18 1
32 20 1
32 21 1
32 22 1
32 23 1
32 24 1
32 25 1
32 27 1
32 28 1
32 29 1
32 34 -1
32 36 1
32 46 -1
32 56 1
33 14 1
33 27 1
33 30 1
33 35 1
33 36 1
33 38 -1
33 41 1
33 43 -1
33 44 1
33 45 1
33 46 1
33 47 1
33 48 1
33 54 1
33 60 1
34 6 1
34 22 1
34 32 -1
34 35 1
34 37 1
34 38 1
34 39 -1
34 40 1
34 41 -1
34 42 1
34 43 1
34 44 -1
34 48 -1
34 56 1
34 62 1
35 3 1
35 11 1
35 12 1
35 22 1
35 33 1
35 34 1
35 36 1
35 37 1
35 42 -1
35 43 1
35 44 1
35 45 1
35 47 1
35 48 1
35 50 1
35 52 1
36 4 -1
36 9 1
36 28 1
36 32 1
36 33 1
36 35 1
36 37 1
36 39 -1
36 41 1
36 42 1
36 43 1
36 45 1
36 47 1
36 48 1
37 17 1
37 20 1
37 22 1
37 29 1
37 30 1
37 34 1
37 35 1
37 36 1
37 40 -1
37 41 -1
37 44 -1
37 45 1
37 46 1
37 47 1
37 48 1
37 55 1
38 5 1
38 10 1
38 19 -1
38 25 1
38 33 -1
38 34 1
38 39 -1
38 40 1
38 41 1
38 42 1
38 43 -1
38 44 1
38 46 1
38 47 1
38 51 1
38 53 1
39 3 -1
39 5 1
39 10 -1
39 14 -1
39 15 1
39 34 -1
39 36 -1
39 38 -1
39 40 1
39 41 -1
39 42 1
39 43 1
39 44 1
39 46 1
39 48 -1
39 58 1
40 6 1
40 9 1
40 26 1
40 31 1
40 34 1
40 37 -1
40 38 1
40 39 1
40 41 1
40 42 1
40 43 1
40 44 1
40 47 1
40 48 1
40 61 1
41 11 1
41 17 1
41 27 1
41 33 1
41 34 -1
41 36 1
41 37 -1
41 38 1
41 39 -1
41 40 1
41 42 1
41 45 1
41 46 -1
41 49 -1
41 57 1
41 60 -1
42 7 1
42 9 -1
42 21 1
42 31 -1
42 34 1
42 35 -1
42 36 1
42 38 1
42 39 1
42 40 1
42 41 1
42 45 1
42 46 1
42 47 -1
42 53 1
42 57 1
43 3 1
43 8 -1
43 14 1
43 18 1
43 33 -1
43 34 1
43 35 1
43 36 1
43 38 -1
43 39 1
43 40 1
43 44 -1
43 46 1
43 47 1
43 50 -1
43 59 1
44 4 1
44 6 1
44 7 1
44 20 1
44 22 1
44 29 -1
44 33 1
44 34 -1
44 35 1
44 37 -1
44 38 1
44 39 1
44 40 1
44 43 -1
44 45 1
44 48 1
45 8 1
45 12 1
45 17 1
45 24 1
45 28 1
45 33 1
45 35 1
45 36 1
45 37 1
45 41 1
45 42 1
45 44 1
45 46 1
45 47 1
45 48 -1
46 26 1
46 28 1
46 29 1
46 30 -1
46 32 -1
46 33 1
46 37 1
46 38 1
46 39 1
46 41 -1
46 42 1
46 43 1
46 45 1
46 47 1
46 48 1
46 62 1
47 4 1
47 14 1
47 16 1
47 19 1
47 23 1
47 33 1
47 35 1
47 36 1
47 37 1
47 38 1
47 40 1
47 42 -1
47 43 1
47 45 1
47 46 1
47 64 1
48 19 -1
48 23 1
48 27 1
48 31 1
48 33 1
48 34 -1
48 35 1
48 36 1
48 37 1
48 39 -1
48 40 1
48 44 1
48 45 -1
48 46 1
48 57 -1
49 3 1
49 14 1
49 19 1
49 24 1
49 30 1
49 41 -1
49 50 1
49 52 1
49 54 1
49 55 1
49 56 1
49 57 1
49 58 1
49 59 1
49 61 1
49 62 1
50 4 1
50 6 1
50 7 1
50 28 1
50 35 1
50 43 -1
50 49 1
50 51 1
50 55 1
50 56 1
50 57 1
50 58 -1
50 60 1
50 62 1
50 63 -1
50 64 1
51 8 1
51 10 1
51 12 -1
51 13 -1
51 16 1
51 38 1
51 50 1
51 52 -1
51 53 -1
51 54 -1
51 55 1
51 57 1
51 58 1
51 60 1
51 61 1
51 62 1
52 1 1
52 11 1
52 20 1
52 23 1
52 31 1
52 35 1
52 49 1
52 51 -1
52 53 1
52 54 -1
52 55 1
52 58 1
52 59 1
52 60 -1
52 63 1
52 64 1
53 5 1
53 8 1
53 23 1
53 26 -1
53 38 1
53 42 1
53 51 -1
53 52 1
53 54 1
53 56 -1
53 59 1
53 60 1
53 61 1
53 62 1
53 63 -1
53 64 1
54 5 1
54 6 1
54 7 1
54 23 1
54 27 1
54 33 1
54 49 1
54 51 -1
54 52 -1
54 53 1
54 55 -1
54 56 -1
54 57 1
54 58 1
54 61 1
54 62 1
55 10 1
55 12 1
55 18 1
55 21 1
55 37 1
55 49 1
55 50 1
55 51 1
55 52 1
55 54 -1
55 59 1
55 60 -1
55 61 1
55 62 1
55 64 1
56 24 1
56 26 -1
56 29 1
56 32 1
56 34 1
56 49 1
56 50 1
56 53 -1
56 54 -1
56 58 1
56 59 1
56 60 1
56 61 1
56 62 1
56 63 -1
57 11 1
57 30 1
57 41 1
57 42 1
57 48 -1
57 49 1
57 50 1
57 51 1
57 54 1
57 59 1
57 60 -1
57 61 1
57 62 1
57 63 1
57 64 1
58 1 -1
58 13 1
58 15 -1
58 19 1
58 24 1
58 39 1
58 49 1
58 50 -1
58 51 1
58 52 1
58 54 1
58 56 1
58 59 -1
58 60 1
58 63 1
58 64 1
59 1 1
59 3 1
59 8 1
59 11 -1
59 12 1
59 43 1
59 49 1
59 52 1
59 53 1
59 55 1
59 56 1
59 57 1
59 58 -1
59 61 1
59 63 1
59 64 1
60 2 -1
60 4 -1
60 5 1
60 29 1
60 33 1
60 41 -1
60 50 1
60 51 1
60 52 -1
60 53 1
60 55 -1
60 56 1
60 57 -1
60 58 1
60 61 1
60 64 1
61 5 1
61 6 1
61 11 1
61 13 -1
61 18 1
61 40 1
61 49 1
61 51 1
61 53 1
61 54 1
61 55 1
61 56 1
61 57 1
61 59 1
61 60 1
61 63 1
62 2 1
62 13 1
62 21 1
62 34 1
62 46 1
62 49 1
62 50 1
62 51 1
62 53 1
62 54 1
62 55 1
62 56 1
62 57 1
62 63 1
62 64 1
63 1 1
63 2 1
63 15 -1
63 17 1
63 24 -1
63 27 1
63 50 -1
63 52 1
63 53 -1
63 56 -1
63 57 1
63 58 1
63 59 1
63 61 1
63 62 1
63 64 1
64 20 1
64 21 1
64 22 1
64 31 1
64 47 1
64 50 1
64 52 1
64 53 1
64 55 1
64 57 1
64 58 1
64 59 1
64 60 1
64 62 1
64 63 1
