1 2 1
1 4 -1
1 5 1
1 6 1
1 9 1
1 11 1
1 13 -1
1 14 1
1 15 1
1 16 1
1 26 1
1 37 1
1 52 1
1 55 -1
1 58 1
2 1 1
2 4 1
2 6 1
2 7 1
2 8 -1
2 10 1
2 11 -1
2 12 1
2 13 -1
2 14 1
2 18 -1
2 20 1
2 22 1
2 29 1
2 48 -1
3 5 1
3 6 1
3 7 1
3 8 1
3 9 1
3 10 1
3 11 1
3 12 -1
3 13 1
3 16 1
3 21 1
3 28 -1
3 30 -1
3 49 1
3 59 1
3 60 1
4 1 -1
4 2 1
4 5 -1
4 7 -1
4 9 -1
4 10 1
4 13 1
4 14 1
4 15 1
4 16 1
4 17 1
4 46 1
4 52 -1
4 60 1
4 61 1
5 1 1
5 3 1
5 4 -1
5 6 1
5 7 1
5 8 1
5 11 1
5 12 1
5 14 1
5 15 1
5 19 1
5 29 1
5 37 1
5 41 1
5 47 1
5 51 1
6 1 1
6 2 1
6 3 1
6 5 1
6 8 -1
6 9 -1
6 10 1
6 11 -1
6 12 1
6 14 1
6 32 -1
6 44 1
6 45 1
6 48 -1
6 49 -1
6 50 1
7 2 1
7 3 1
7 4 -1
7 5 1
7 9 1
7 10 1
7 13 1
7 14 -1
7 15 1
7 16 1
7 42 1
7 43 1
7 52 1
7 58 1
7 60 -1
7 61 1
8 2 -1
8 3 1
8 5 1
8 6 -1
8 9 1
8 10 1
8 12 1
8 13 1
8 15 1
8 16 1
8 30 -1
8 49 -1
8 52 1
8 57 -1
8 60 1
8 63 1
9 1 1
9 3 1
9 4 -1
9 6 -1
9 7 1
9 8 1
9 10 1
9 12 1
9 13 1
9 14 1
9 25 -1
9 27 1
9 37 1
9 47 1
9 62 -1
10 2 1
10 3 1
10 4 1
10 6 1
10 7 1
10 8 1
10 9 1
10 11 -1
10 12 -1
10 16 1
10 29 1
10 31 1
10 50 1
10 51 1
10 53 -1
10 63 1
11 1 1
11 2 -1
11 3 1
11 5 1
11 6 -1
11 10 -1
11 13 1
11 14 1
11 15 1
11 16 1
11 26 1
11 30 -1
11 32 1
11 34 -1
11 56 1
11 64 -1
12 2 1
12 3 -1
12 5 1
12 6 1
12 8 1
12 9 1
12 10 -1
12 13 -1
12 15 1
12 16 -1
12 20 -1
12 25 1
12 28 1
12 43 -1
12 45 -1
12 55 1
13 1 -1
13 2 -1
13 3 1
13 4 1
13 7 1
13 8 1
13 9 1
13 11 1
13 12 -1
13 15 1
13 17 1
13 21 1
13 31 1
13 49 -1
13 61 1
14 1 1
14 2 1
14 4 1
14 5 1
14 6 1
14 7 -1
14 9 1
14 11 1
14 15 -1
14 16 1
14 25 1
14 26 1
14 34 1
14 54 1
15 1 1
15 4 1
15 5 1
15 7 1
15 8 1
15 11 1
15 12 1
15 13 1
15 14 -1
15 16 1
15 22 1
15 31 1
15 41 1
15 48 1
15 61 1
15 62 1
16 1 1
16 3 1
16 4 1
16 7 1
16 8 1
16 10 1
16 11 1
16 12 -1
16 14 1
16 15 1
16 17 1
16 24 1
16 26 1
16 38 -1
16 44 -1
16 64 -1
17 4 1
17 13 1
17 16 1
17 19 1
17 20 -1
17 23 -1
17 25 1
17 26 -1
17 27 1
17 28 1
17 30 -1
17 31 -1
17 32 -1
17 34 1
17 56 1
18 2 -1
18 19 1
18 20 1
18 21 1
18 23 1
18 25 1
18 26 1
18 27 1
18 28 -1
18 30 -1
18 32 1
18 38 1
18 44 -1
18 46 1
18 48 1
18 50 -1
19 5 1
19 17 1
19 18 1
19 20 1
19 22 -1
19 24 -1
19 28 1
19 29 1
19 30 1
19 31 1
19 32 -1
19 48 -1
19 50 1
19 60 -1
19 62 -1
20 2 1
20 12 -1
20 17 -1
20 18 1
20 19 1
20 21 -1
20 23 1
20 24 1
20 27 1
20 29 1
20 31 1
20 32 1
20 37 1
20 47 1
20 59 1
21 3 1
21 13 1
21 18 1
21 20 -1
21 22 1
21 24 -1
21 26 1
21 28 -1
21 29 1
21 30 1
21 31 -1
21 32 -1
21 33 1
21 45 -1
21 53 1
21 62 1
22 2 1
22 15 1
22 19 -1
22 21 1
22 24 1
22 25 -1
22 26 -1
22 28 1
22 29 -1
22 30 1
22 31 -1
22 32 1
22 39 -1
22 50 -1
22 64 1
23 17 -1
23 18 1
23 20 1
23 24 1
23 25 -1
23 26 -1
23 27 1
23 30 1
23 31 1
23 32 -1
23 33 1
23 35 1
23 40 -1
23 42 -1
23 47 1
23 59 1
24 16 1
24 19 -1
24 20 1
24 21 -1
24 22 1
24 23 1
24 25 1
24 28 -1
24 29 -1
24 31 -1
24 32 1
24 34 1
24 38 1
24 50 1
25 9 -1
25 12 1
25 14 1
25 17 1
25 18 1
25 22 -1
25 23 -1
25 24 1
25 26 1
25 27 1
25 30 1
25 31 1
25 32 -1
25 33 1
25 57 -1
25 59 -1
26 1 1
26 11 1
26 14 1
26 16 1
26 17 -1
26 18 1
26 21 1
26 22 -1
26 23 -1
26 25 1
26 27 1
26 28 1
26 29 1
26 30 1
26 37 1
26 44 1
27 9 1
27 17 1
27 18 1
27 20 1
27 23 1
27 25 1
27 26 1
27 28 -1
27 29 -1
27 31 1
27 32 1
27 33 1
27 52 1
27 53 1
27 59 1
28 3 -1
28 12 1
28 17 1
28 18 -1
28 19 1
28 21 -1
28 22 1
28 24 -1
28 26 1
28 27 -1
28 29 1
28 30 1
28 38 1
28 41 1
28 44 -1
28 53 1
29 2 1
29 5 1
29 10 1
29 19 1
29 20 1
29 21 1
29 22 -1
29 24 -1
29 26 1
29 27 -1
29 28 1
29 30 1
29 31 -1
29 40 1
29 41 1
29 43 -1
30 3 -1
30 8 -1
30 11 -1
30 17 -1
30 18 -1
30 19 1
30 21 1
30 22 1
30 23 1
30 25 1
30 26 1
30 28 1
30 29 1
30 42 1
30 45 1
30 63 1
31 10 1
31 13 1
31 15 1
31 17 -1
31 19 1
31 20 1
31 21 -1
31 22 -1
31 23 1
31 24 -1
31 25 1
31 27 1
31 29 -1
31 40 -1
31 58 1
32 6 -1
32 11 1
32 17 -1
32 18 1
32 19 -1
32 20 1
32 21 -1
32 22 1
32 23 -1
32 24 1
32 25 -1
32 27 1
32 35 1
32 44 1
32 46 1
32 57 1
33 21 1
33 23 1
33 25 1
33 27 1
33 34 -1
33 35 1
33 36 1
33 39 1
33 41 1
33 42 1
33 43 1
33 45 1
33 46 -1
33 48 1
33 51 1
33 56 1
34 11 -1
34 14 1
34 17 1
34 24 1
34 33 -1
34 35 -1
34 37 -1
34 38 -1
34 40 1
34 41 1
34 45 1
34 46 1
34 47 -1
34 48 1
34 54 -1
35 23 1
35 32 1
35 33 1
35 34 -1
35 37 1
35 38 1
35 39 1
35 41 1
35 43 1
35 44 1
35 46 -1
35 47 -1
35 51 1
35 55 1
35 62 1
35 64 1
36 33 1
36 37 1
36 38 1
36 39 1
36 41 -1
36 43 1
36 44 1
36 45 -1
36 46 1
36 48 1
36 53 1
36 55 1
36 57 1
36 63 1
37 1 1
37 5 1
37 9 1
37 20 1
37 26 1
37 34 -1
37 35 1
37 36 1
37 40 1
37 41 -1
37 42 1
37 44 1
37 45 1
37 47 1
37 48 1
37 56 1
38 16 -1
38 18 1
38 24 1
38 28 1
38 34 -1
38 35 1
38 36 1
38 39 -1
38 42 1
38 43 1
38 44 -1
38 46 -1
38 47 1
38 48 -1
39 22 -1
39 33 1
39 35 1
39 36 1
39 38 -1
39 40 -1
39 42 1
39 43 1
39 44 1
39 46 1
39 48 1
39 49 1
39 56 -1
39 57 1
39 58 -1
40 23 -1
40 29 1
40 31 -1
40 34 1
40 37 1
40 39 -1
40 41 1
40 43 1
40 44 1
40 45 1
40 46 1
40 47 -1
40 48 1
40 51 1
40 57 -1
41 5 1
41 15 1
41 28 1
41 29 1
41 33 1
41 34 1
41 35 1
41 36 -1
41 37 -1
41 40 1
41 42 1
41 43 -1
41 47 -1
41 48 1
41 51 1
41 55 -1
42 7 1
42 23 -1
42 30 1
42 33 1
42 37 1
42 38 1
42 39 1
42 41 1
42 43 1
42 45 -1
42 46 1
42 47 1
42 48 1
42 54 -1
42 61 1
42 63 1
43 7 1
43 12 -1
43 29 -1
43 33 1
43 35 1
43 36 1
43 38 1
43 39 1
43 40 1
43 41 -1
43 42 1
43 44 1
43 45 1
43 56 1
43 58 1
43 64 -1
44 6 1
44 16 -1
44 18 -1
44 26 1
44 28 -1
44 32 1
44 35 1
44 36 1
44 37 1
44 38 -1
44 39 1
44 40 1
44 43 1
44 45 1
44 47 1
44 48 1
45 6 1
45 12 -1
45 21 -1
45 30 1
45 33 1
45 34 1
45 36 -1
45 37 1
45 40 1
45 42 -1
45 43 1
45 44 1
45 46 1
45 47 1
45 55 -1
45 58 -1
46 4 1
46 18 1
46 32 1
46 33 -1
46 34 1
46 35 -1
46 36 1
46 38 -1
46 39 1
46 40 1
46 42 1
46 45 1
46 47 -1
46 54 1
47 5 1
47 9 1
47 20 1
47 23 1
47 34 -1
47 35 -1
47 37 1
47 38 1
47 40 -1
47 41 -1
47 42 1
47 44 1
47 45 1
47 46 -1
47 61 -1
47 62 -1
48 2 -1
48 6 -1
48 15 1
48 18 1
48 19 -1
48 33 1
48 34 1
48 36 1
48 37 1
48 38 -1
48 39 1
48 40 1
48 41 1
48 42 1
48 44 1
48 59 1
49 3 1
49 6 -1
49 8 -1
49 13 -1
49 39 1
49 50 1
49 52 1
49 54 1
49 55 1
49 56 1
49 57 1
49 58 1
49 60 1
49 62 1
49 64 1
50 6 1
50 10 1
50 18 -1
50 19 1
50 22 -1
50 24 1
50 49 1
50 52 -1
50 53 1
50 54 -1
50 58 1
50 59 -1
50 60 -1
50 61 1
50 62 1
50 64 -1
51 5 1
51 10 1
51 33 1
51 35 1
51 40 1
51 41 1
51 52 1
51 53 1
51 55 -1
51 56 -1
51 57 -1
51 59 1
51 60 1
51 61 1
51 62 1
51 64 -1
52 1 1
52 4 -1
52 7 1
52 8 1
52 27 1
52 49 1
52 50 -1
52 51 1
52 55 -1
52 56 1
52 57 1
52 58 1
52 59 1
52 63 1
52 64 -1
53 10 -1
53 21 1
53 27 1
53 28 1
53 36 1
53 50 1
53 51 1
53 54 1
53 56 1
53 57 1
53 58 1
53 59 -1
53 60 1
53 62 1
53 63 1
54 14 1
54 34 -1
54 42 -1
54 46 1
54 49 1
54 50 -1
54 53 1
54 55 -1
54 57 1
54 58 -1
54 59 1
54 61 1
54 63 -1
54 64 -1
55 1 -1
55 12 1
55 35 1
55 36 1
55 41 -1
55 45 -1
55 49 1
55 51 -1
55 52 -1
55 54 -1
55 56 1
55 59 -1
55 60 -1
55 61 -1
55 63 1
55 64 1
56 11 1
56 17 1
56 33 1
56 37 1
56 39 -1
56 43 1
56 49 1
56 51 -1
56 52 1
56 53 1
56 55 1
56 57 -1
56 58 1
56 59 -1
56 62 -1
56 63 1
57 8 -1
57 25 -1
57 32 1
57 36 1
57 39 1
57 40 -1
57 49 1
57 51 -1
57 52 1
57 53 1
57 54 1
57 56 -1
57 58 1
57 61 1
57 63 1
57 64 1
58 1 1
58 7 1
58 31 1
58 39 -1
58 43 1
58 45 -1
58 49 1
58 50 1
58 52 1
58 53 1
58 54 -1
58 56 1
58 57 1
58 60 1
58 61 1
58 62 -1
59 3 1
59 20 1
59 23 1
59 25 -1
59 27 1
59 48 1
59 50 -1
59 51 1
59 52 1
59 53 -1
59 54 1
59 55 -1
59 56 -1
59 60 1
59 62 1
59 63 1
60 3 1
60 4 1
60 7 -1
60 8 1
60 19 -1
60 49 1
60 50 -1
60 51 1
60 53 1
60 55 -1
60 58 1
60 59 1
60 61 -1
60 62 1
60 64 -1
61 4 1
61 7 1
61 13 1
61 15 1
61 42 1
61 47 -1
61 50 1
61 51 1
61 54 1
61 55 -1
61 57 1
61 58 1
61 60 -1
61 62 1
61 63 1
61 64 -1
62 9 -1
62 15 1
62 19 -1
62 21 1
62 35 1
62 47 -1
62 49 1
62 50 1
62 51 1
62 53 1
62 56 -1
62 58 -1
62 59 1
62 60 1
62 61 1
62 63 -1
63 8 1
63 10 1
63 30 1
63 36 1
63 42 1
63 52 1
63 53 1
63 54 -1
63 55 1
63 56 1
63 57 1
63 59 1
63 61 1
63 62 -1
63 64 1
64 11 -1
64 16 -1
64 22 1
64 35 1
64 43 -1
64 49 1
64 50 -1
64 51 -1
64 52 -1
64 54 -1
64 55 1
64 57 1
64 60 -1
64 61 -1
64 63 1
