1 3 1
1 5 -1
1 6 1
1 9 1
1 11 1
1 12 -1
1 13 -1
1 14 1
1 15 -1
1 16 -1
1 28 -1
1 46 -1
1 50 1
1 53 -1
1 64 -1
2 4 1
2 5 -1
2 7 -1
2 8 1
2 9 1
2 10 1
2 11 -1
2 12 -1
2 14 -1
2 15 1
2 17 -1
2 19 1
2 28 -1
2 29 1
2 56 1
2 57 -1
3 1 1
3 4 -1
3 5 1
3 7 -1
3 8 -1
3 9 1
3 11 -1
3 14 1
3 15 -1
3 16 1
3 22 1
3 27 1
3 34 1
3 44 1
3 48 -1
4 2 1
4 3 -1
4 5 -1
4 7 -1
4 8 -1
4 10 -1
4 11 -1
4 13 1
4 15 1
4 16 1
4 22 1
4 27 -1
4 44 -1
4 54 -1
4 60 -1
4 61 1
5 1 -1
5 2 -1
5 3 1
5 4 -1
5 7 1
5 10 -1
5 11 1
5 12 1
5 13 1
5 15 1
5 22 -1
5 34 1
5 38 1
5 48 -1
5 50 -1
5 57 -1
6 1 1
6 7 -1
6 8 1
6 9 -1
6 10 1
6 12 -1
6 13 1
6 14 -1
6 15 -1
6 16 -1
6 27 -1
6 35 1
6 38 -1
6 43 1
6 55 -1
6 57 1
7 2 -1
7 3 -1
7 4 -1
7 5 1
7 6 -1
7 8 1
7 9 1
7 10 -1
7 11 1
7 16 -1
7 34 1
7 35 1
7 38 1
7 58 -1
7 60 1
8 2 1
8 3 -1
8 4 -1
8 6 1
8 7 1
8 9 1
8 12 1
8 13 -1
8 14 -1
8 15 -1
8 28 1
8 34 1
8 53 1
8 54 -1
8 56 1
9 1 1
9 2 1
9 3 1
9 6 -1
9 7 1
9 8 1
9 10 -1
9 13 -1
9 15 -1
9 16 -1
9 29 1
9 48 -1
9 49 -1
9 55 -1
9 59 1
9 61 1
10 2 1
10 4 -1
10 5 -1
10 6 1
10 7 -1
10 9 -1
10 11 -1
10 12 1
10 14 1
10 16 1
10 19 -1
10 32 -1
10 38 -1
10 42 1
10 51 1
10 54 -1
11 1 1
11 2 -1
11 3 -1
11 4 -1
11 5 1
11 7 1
11 10 -1
11 12 -1
11 13 -1
11 14 -1
11 23 1
11 27 1
11 31 -1
11 33 1
11 43 1
11 46 -1
12 1 -1
12 2 -1
12 5 1
12 6 -1
12 8 1
12 10 1
12 11 -1
12 13 1
12 14 -1
12 16 1
12 24 -1
12 43 -1
12 51 -1
12 53 1
12 54 -1
13 1 -1
13 4 1
13 5 1
13 6 1
13 8 -1
13 9 -1
13 11 -1
13 12 1
13 15 -1
13 16 -1
13 18 -1
13 24 -1
13 36 -1
13 38 1
13 48 1
13 58 -1
14 1 1
14 2 -1
14 3 1
14 6 -1
14 8 -1
14 10 1
14 11 -1
14 12 -1
14 15 1
14 16 -1
14 37 1
14 45 1
14 47 -1
14 50 1
14 52 1
14 63 1
15 1 -1
15 2 1
15 3 -1
15 4 1
15 5 1
15 6 -1
15 8 -1
15 9 -1
15 13 -1
15 14 1
15 17 1
15 19 -1
15 29 1
15 36 1
15 41 1
15 49 1
16 1 -1
16 3 1
16 4 1
16 6 -1
16 7 -1
16 9 -1
16 10 1
16 12 1
16 13 -1
16 14 -1
16 18 -1
16 24 1
16 25 1
16 26 -1
16 33 -1
16 55 1
17 2 -1
17 15 1
17 19 1
17 20 -1
17 21 1
17 23 -1
17 24 -1
17 25 -1
17 26 1
17 27 -1
17 30 1
17 31 -1
17 34 -1
17 39 -1
17 42 1
17 45 -1
18 13 -1
18 16 -1
18 21 1
18 22 1
18 23 -1
18 24 1
18 25 -1
18 26 -1
18 27 1
18 28 -1
18 29 -1
18 31 -1
18 45 1
18 49 1
18 54 -1
18 56 -1
19 2 1
19 10 -1
19 15 -1
19 17 1
19 21 -1
19 22 -1
19 23 1
19 24 -1
19 27 1
19 29 1
19 30 1
19 31 -1
19 32 -1
19 42 -1
19 51 -1
19 62 1
20 17 -1
20 22 -1
20 24 -1
20 25 1
20 26 -1
20 27 1
20 28 -1
20 29 -1
20 30 -1
20 32 1
20 39 1
20 41 -1
20 43 1
20 49 1
20 53 1
20 63 1
21 17 1
21 18 1
21 19 -1
21 23 1
21 24 -1
21 25 -1
21 27 -1
21 28 -1
21 30 -1
21 32 1
21 35 1
21 37 1
21 50 -1
21 58 -1
21 61 1
21 64 1
22 3 1
22 4 1
22 5 -1
22 18 1
22 19 -1
22 20 -1
22 23 -1
22 26 1
22 27 1
22 29 -1
22 30 1
22 31 -1
22 32 -1
22 35 1
22 41 -1
22 57 1
23 11 1
23 17 -1
23 18 -1
23 19 1
23 21 1
23 22 -1
23 26 1
23 28 -1
23 29 1
23 31 -1
23 32 -1
23 44 1
23 45 1
23 59 1
23 61 -1
24 12 -1
24 13 -1
24 16 1
24 17 -1
24 18 1
24 19 -1
24 20 -1
24 21 -1
24 25 -1
24 26 -1
24 28 1
24 29 1
24 31 1
24 34 1
24 49 1
24 52 1
25 16 1
25 17 -1
25 18 -1
25 20 1
25 21 -1
25 24 -1
25 28 1
25 29 -1
25 30 -1
25 31 -1
25 32 -1
25 36 1
25 37 -1
25 47 -1
25 58 -1
26 16 -1
26 17 1
26 18 -1
26 20 -1
26 22 1
26 23 1
26 24 -1
26 27 -1
26 30 -1
26 31 1
26 32 1
26 41 1
26 43 -1
26 52 1
26 56 -1
26 63 1
27 3 1
27 4 -1
27 6 -1
27 11 1
27 17 -1
27 18 1
27 19 1
27 20 1
27 21 -1
27 22 1
27 26 -1
27 28 -1
27 29 -1
27 32 1
27 46 1
27 61 1
28 1 -1
28 2 -1
28 8 1
28 18 -1
28 20 -1
28 21 -1
28 23 -1
28 24 1
28 25 1
28 27 -1
28 30 -1
28 31 -1
28 32 1
28 33 1
28 35 1
29 2 1
29 9 1
29 15 1
29 18 -1
29 19 1
29 20 -1
29 22 -1
29 23 1
29 24 1
29 25 -1
29 27 -1
29 30 -1
29 31 -1
29 39 1
29 44 1
29 59 1
30 17 1
30 19 1
30 20 -1
30 21 -1
30 22 1
30 25 -1
30 26 -1
30 28 -1
30 29 -1
30 32 -1
30 33 -1
30 36 1
30 60 1
30 63 -1
31 11 -1
31 17 -1
31 18 -1
31 19 -1
31 22 -1
31 23 -1
31 24 1
31 25 -1
31 26 1
31 28 -1
31 29 -1
31 44 1
31 59 1
31 62 -1
31 63 1
31 64 1
32 10 -1
32 19 -1
32 20 1
32 21 1
32 22 -1
32 23 -1
32 25 -1
32 26 1
32 27 1
32 28 1
32 30 -1
32 36 1
32 40 1
32 42 -1
32 52 -1
32 62 1
33 11 1
33 16 -1
33 28 1
33 30 -1
33 34 -1
33 36 -1
33 38 -1
33 39 1
33 40 -1
33 42 1
33 43 -1
33 44 -1
33 45 1
33 48 -1
33 55 1
33 56 1
34 3 1
34 5 1
34 7 1
34 8 1
34 17 -1
34 24 1
34 33 -1
34 35 -1
34 36 1
34 40 1
34 41 -1
34 43 -1
34 44 -1
34 45 -1
34 47 -1
34 48 -1
35 6 1
35 7 1
35 21 1
35 22 1
35 28 1
35 34 -1
35 37 -1
35 38 1
35 41 1
35 42 -1
35 43 1
35 44 -1
35 45 -1
35 46 1
35 47 -1
35 59 1
36 13 -1
36 15 1
36 25 1
36 30 1
36 32 1
36 33 -1
36 34 1
36 38 -1
36 39 1
36 41 1
36 43 1
36 44 -1
36 45 -1
36 46 1
36 47 -1
37 14 1
37 21 1
37 25 -1
37 35 -1
37 38 -1
37 39 -1
37 40 1
37 41 -1
37 42 -1
37 43 1
37 44 -1
37 47 -1
37 48 -1
37 53 -1
37 54 1
37 64 1
38 5 1
38 6 -1
38 7 1
38 10 -1
38 13 1
38 33 -1
38 35 1
38 36 -1
38 37 -1
38 39 1
38 40 1
38 42 1
38 44 -1
38 47 1
38 48 1
39 17 -1
39 20 1
39 29 1
39 33 1
39 36 1
39 37 -1
39 38 1
39 40 -1
39 42 -1
39 45 -1
39 46 -1
39 47 -1
39 48 -1
39 51 1
39 60 -1
39 64 -1
40 32 1
40 33 -1
40 34 1
40 37 1
40 38 1
40 39 -1
40 43 1
40 44 -1
40 46 1
40 47 -1
40 48 1
40 50 -1
40 57 1
40 60 -1
40 62 1
41 15 1
41 20 -1
41 22 -1
41 26 1
41 34 -1
41 35 1
41 36 1
41 37 -1
41 42 1
41 44 1
41 45 1
41 46 -1
41 47 1
41 48 -1
41 52 1
41 56 -1
42 10 1
42 17 1
42 19 -1
42 32 -1
42 33 1
42 35 -1
42 37 -1
42 38 1
42 39 -1
42 41 1
42 43 1
42 45 -1
42 46 1
42 47 -1
42 49 -1
42 63 1
43 6 1
43 11 1
43 12 -1
43 20 1
43 26 -1
43 33 -1
43 34 -1
43 35 1
43 36 1
43 37 1
43 40 1
43 42 1
43 45 1
43 46 -1
43 48 -1
43 62 1
44 3 1
44 4 -1
44 23 1
44 29 1
44 31 1
44 33 -1
44 34 -1
44 35 -1
44 36 -1
44 37 -1
44 38 -1
44 40 -1
44 41 1
44 45 1
44 48 -1
44 55 -1
45 14 1
45 17 -1
45 18 1
45 23 1
45 33 1
45 34 -1
45 35 -1
45 36 -1
45 39 -1
45 41 1
45 42 -1
45 43 1
45 44 1
45 46 1
45 57 -1
46 1 -1
46 11 -1
46 27 1
46 35 1
46 36 1
46 39 -1
46 40 1
46 41 -1
46 42 1
46 43 -1
46 45 1
46 47 1
46 48 1
46 51 1
46 59 -1
46 61 -1
47 14 -1
47 25 -1
47 34 -1
47 35 -1
47 36 -1
47 37 -1
47 38 1
47 39 -1
47 40 -1
47 41 1
47 42 -1
47 46 1
47 52 1
47 53 -1
47 58 1
47 64 1
48 3 -1
48 5 -1
48 9 -1
48 13 1
48 33 -1
48 34 -1
48 37 -1
48 38 1
48 39 -1
48 40 1
48 41 -1
48 43 -1
48 44 -1
48 46 1
48 55 -1
49 9 -1
49 15 1
49 18 1
49 20 1
49 24 1
49 42 -1
49 50 1
49 52 -1
49 53 1
49 55 1
49 56 -1
49 57 1
49 59 1
49 60 -1
49 62 -1
49 64 -1
50 1 1
50 5 -1
50 14 1
50 21 -1
50 40 -1
50 49 1
50 51 1
50 54 -1
50 55 1
50 57 1
50 58 1
50 59 1
50 61 -1
50 62 1
50 63 -1
51 10 1
51 12 -1
51 19 -1
51 39 1
51 46 1
51 50 1
51 52 -1
51 53 1
51 54 1
51 55 -1
51 57 -1
51 58 -1
51 61 1
51 63 1
51 64 -1
52 14 1
52 24 1
52 26 1
52 32 -1
52 41 1
52 47 1
52 49 -1
52 51 -1
52 55 -1
52 57 1
52 58 1
52 59 -1
52 60 -1
52 61 -1
52 62 -1
52 64 -1
53 1 -1
53 8 1
53 12 1
53 20 1
53 37 -1
53 47 -1
53 49 1
53 51 1
53 54 1
53 56 -1
53 57 1
53 58 1
53 59 1
53 60 1
53 63 -1
53 64 1
54 4 -1
54 8 -1
54 10 -1
54 12 -1
54 18 -1
54 37 1
54 50 -1
54 51 1
54 53 1
54 56 1
54 57 1
54 58 -1
54 59 1
54 60 1
54 61 1
54 63 1
55 6 -1
55 9 -1
55 16 1
55 33 1
55 44 -1
55 48 -1
55 49 1
55 50 1
55 51 -1
55 52 -1
55 56 -1
55 57 1
55 59 -1
55 60 -1
55 61 1
55 62 -1
56 2 1
56 8 1
56 18 -1
56 26 -1
56 33 1
56 41 -1
56 49 -1
56 53 -1
56 54 1
56 55 -1
56 58 1
56 60 1
56 61 1
56 62 1
56 63 1
56 64 -1
57 2 -1
57 5 -1
57 6 1
57 22 1
57 40 1
57 45 -1
57 49 1
57 50 1
57 51 -1
57 52 1
57 53 1
57 54 1
57 55 1
57 58 -1
57 63 1
57 64 1
58 7 -1
58 13 -1
58 21 -1
58 25 -1
58 47 1
58 50 1
58 51 -1
58 52 1
58 53 1
58 54 -1
58 56 1
58 57 -1
58 59 -1
58 60 1
58 62 -1
59 9 1
59 23 1
59 29 1
59 31 1
59 35 1
59 46 -1
59 49 1
59 50 1
59 52 -1
59 53 1
59 54 1
59 55 -1
59 58 -1
59 61 1
59 62 1
59 63 1
60 4 -1
60 7 1
60 30 1
60 39 -1
60 40 -1
60 49 -1
60 52 -1
60 53 1
60 54 1
60 55 -1
60 56 1
60 58 1
60 62 1
60 63 1
60 64 1
61 4 1
61 9 1
61 21 1
61 23 -1
61 27 1
61 46 -1
61 50 -1
61 51 1
61 52 -1
61 54 1
61 55 1
61 56 1
61 59 1
61 62 1
61 63 -1
61 64 -1
62 19 1
62 31 -1
62 32 1
62 40 1
62 43 1
62 49 -1
62 50 1
62 52 -1
62 55 -1
62 56 1
62 58 -1
62 59 1
62 60 1
62 61 1
62 64 -1
63 14 1
63 20 1
63 26 1
63 30 -1
63 31 1
63 42 1
63 50 -1
63 51 1
63 53 -1
63 54 1
63 56 1
63 57 1
63 59 1
63 60 1
63 61 -1
63 64 1
64 1 -1
64 21 1
64 31 1
64 37 1
64 39 -1
64 47 1
64 49 -1
64 51 -1
64 52 -1
64 53 1
64 56 -1
64 57 1
64 60 1
64 61 -1
64 62 -1
64 63 1
