1 2 -1
1 5 -1
1 6 -1
1 7 -1
1 8 -1
1 10 -1
1 11 -1
1 12 -1
1 13 -1
1 14 -1
1 16 1
1 18 -1
1 37 -1
1 42 -1
1 50 -1
1 63 -1
2 1 -1
2 4 1
2 5 1
2 6 -1
2 9 -1
2 10 -1
2 11 1
2 12 -1
2 13 -1
2 14 1
2 15 -1
2 24 -1
2 25 1
2 28 -1
2 34 -1
2 48 -1
3 4 -1
3 5 -1
3 6 -1
3 7 -1
3 8 -1
3 9 -1
3 10 -1
3 12 -1
3 13 -1
3 14 -1
3 16 -1
3 23 -1
3 41 -1
3 49 -1
3 50 -1
4 2 1
4 3 -1
4 5 -1
4 6 -1
4 7 -1
4 8 -1
4 11 1
4 12 -1
4 13 1
4 14 -1
4 15 -1
4 18 -1
4 27 1
4 28 -1
4 32 -1
4 60 -1
5 1 -1
5 2 1
5 3 -1
5 4 -1
5 7 1
5 8 1
5 9 -1
5 10 1
5 12 -1
5 14 -1
5 15 -1
5 25 -1
5 32 1
5 38 -1
5 55 -1
5 58 1
6 1 -1
6 2 -1
6 3 -1
6 4 -1
6 8 -1
6 9 -1
6 10 -1
6 11 -1
6 12 -1
6 15 -1
6 16 -1
6 31 -1
6 36 -1
6 48 -1
6 56 1
6 63 -1
7 1 -1
7 3 -1
7 4 -1
7 5 1
7 8 -1
7 10 -1
7 11 -1
7 12 1
7 13 -1
7 14 -1
7 16 -1
7 17 -1
7 22 -1
7 24 -1
7 27 -1
7 39 -1
8 1 -1
8 3 -1
8 4 -1
8 5 1
8 6 -1
8 7 -1
8 9 -1
8 11 -1
8 13 -1
8 14 1
8 15 1
8 35 -1
8 37 -1
8 51 -1
8 58 -1
8 60 -1
9 2 -1
9 3 -1
9 5 -1
9 6 -1
9 8 -1
9 10 1
9 11 -1
9 13 -1
9 14 -1
9 15 -1
9 16 -1
9 28 -1
9 37 -1
9 42 -1
9 45 -1
9 48 -1
10 1 -1
10 2 -1
10 3 -1
10 5 1
10 6 -1
10 7 -1
10 9 1
10 11 -1
10 13 1
10 15 -1
10 16 -1
10 22 1
10 32 -1
10 50 -1
10 52 -1
10 62 -1
11 1 -1
11 2 1
11 4 1
11 6 -1
11 7 -1
11 8 -1
11 9 -1
11 10 -1
11 12 -1
11 14 -1
11 16 1
11 19 -1
11 22 -1
11 47 -1
11 51 -1
11 59 1
12 1 -1
12 2 -1
12 3 -1
12 4 -1
12 5 -1
12 6 -1
12 7 1
12 11 -1
12 13 -1
12 15 -1
12 16 -1
12 38 -1
12 39 1
12 42 -1
12 52 1
12 62 -1
13 1 -1
13 2 -1
13 3 -1
13 4 1
13 7 -1
13 8 -1
13 9 -1
13 10 1
13 12 -1
13 15 -1
13 16 -1
13 31 -1
13 46 -1
13 52 -1
13 61 -1
14 1 -1
14 2 1
14 3 -1
14 4 -1
14 5 -1
14 7 -1
14 8 1
14 9 -1
14 11 -1
14 15 -1
14 16 -1
14 28 -1
14 29 1
14 54 -1
14 56 1
14 64 -1
15 2 -1
15 4 -1
15 5 -1
15 6 -1
15 8 1
15 9 -1
15 10 -1
15 12 -1
15 13 -1
15 14 -1
15 16 -1
15 18 -1
15 19 -1
15 25 1
15 36 -1
15 49 -1
16 1 1
16 3 -1
16 6 -1
16 7 -1
16 9 -1
16 10 -1
16 11 1
16 12 -1
16 13 -1
16 14 -1
16 15 -1
16 20 -1
16 46 -1
16 52 -1
16 57 -1
16 64 -1
17 7 -1
17 19 -1
17 21 -1
17 22 1
17 23 -1
17 24 -1
17 26 -1
17 27 -1
17 28 -1
17 29 1
17 30 -1
17 31 -1
17 38 1
17 40 -1
17 62 -1
17 63 -1
18 1 -1
18 4 -1
18 15 -1
18 19 1
18 20 -1
18 21 -1
18 22 -1
18 23 -1
18 24 -1
18 26 -1
18 28 -1
18 30 -1
18 31 -1
18 32 -1
18 33 -1
18 39 -1
19 11 -1
19 15 -1
19 17 -1
19 18 1
19 20 -1
19 22 -1
19 24 1
19 25 -1
19 27 -1
19 28 1
19 30 -1
19 31 -1
19 32 -1
19 35 -1
19 48 -1
19 53 1
20 16 -1
20 18 -1
20 19 -1
20 21 1
20 22 1
20 23 -1
20 24 -1
20 26 -1
20 27 -1
20 29 -1
20 31 -1
20 32 1
20 38 -1
20 48 -1
20 58 -1
20 62 -1
21 17 -1
21 18 -1
21 20 1
21 23 -1
21 24 -1
21 25 -1
21 27 1
21 28 1
21 29 1
21 30 -1
21 31 -1
21 33 -1
21 39 -1
21 50 -1
21 63 -1
22 7 -1
22 10 1
22 11 -1
22 17 1
22 18 -1
22 19 -1
22 20 1
22 23 -1
22 24 -1
22 25 -1
22 26 -1
22 28 -1
22 30 -1
22 32 -1
22 41 -1
22 60 -1
23 3 -1
23 17 -1
23 18 -1
23 20 -1
23 21 -1
23 22 -1
23 24 1
23 25 -1
23 27 -1
23 29 -1
23 31 -1
23 32 -1
23 43 -1
23 52 -1
23 53 -1
24 2 -1
24 7 -1
24 17 -1
24 18 -1
24 19 1
24 20 -1
24 21 -1
24 22 -1
24 23 1
24 25 1
24 26 1
24 30 -1
24 31 -1
24 34 1
24 42 -1
25 2 1
25 5 -1
25 15 1
25 19 -1
25 21 -1
25 22 -1
25 23 -1
25 24 1
25 26 -1
25 27 -1
25 28 -1
25 29 -1
25 31 -1
25 32 1
25 40 -1
26 17 -1
26 18 -1
26 20 -1
26 22 -1
26 24 1
26 25 -1
26 27 -1
26 28 -1
26 29 -1
26 30 -1
26 32 -1
26 53 -1
26 54 -1
26 56 -1
26 59 -1
27 4 1
27 7 -1
27 17 -1
27 19 -1
27 20 -1
27 21 1
27 23 -1
27 25 -1
27 26 -1
27 28 1
27 29 1
27 30 -1
27 32 -1
27 34 1
27 40 -1
27 51 1
28 2 -1
28 4 -1
28 9 -1
28 14 -1
28 17 -1
28 18 -1
28 19 1
28 21 1
28 22 -1
28 25 -1
28 26 -1
28 27 1
28 29 -1
28 30 -1
28 31 -1
28 51 -1
29 14 1
29 17 1
29 20 -1
29 21 1
29 23 -1
29 25 -1
29 26 -1
29 27 1
29 28 -1
29 30 -1
29 31 -1
29 32 -1
29 36 -1
29 46 -1
29 51 -1
29 60 1
30 17 -1
30 18 -1
30 19 -1
30 21 -1
30 22 -1
30 24 -1
30 26 -1
30 27 -1
30 28 -1
30 29 -1
30 32 -1
30 35 -1
30 45 -1
30 47 -1
30 61 -1
31 6 -1
31 13 -1
31 17 -1
31 18 -1
31 19 -1
31 20 -1
31 21 -1
31 23 -1
31 24 -1
31 25 -1
31 28 -1
31 29 -1
31 32 -1
31 36 -1
31 45 -1
31 64 -1
32 4 -1
32 5 1
32 10 -1
32 18 -1
32 19 -1
32 20 1
32 22 -1
32 23 -1
32 25 1
32 26 -1
32 27 -1
32 29 -1
32 30 -1
32 31 -1
32 45 -1
32 57 -1
33 18 -1
33 21 -1
33 34 -1
33 35 -1
33 37 1
33 39 -1
33 40 -1
33 42 1
33 43 -1
33 44 -1
33 45 -1
33 46 1
33 47 -1
33 49 -1
33 57 1
33 59 -1
34 2 -1
34 24 1
34 27 1
34 33 -1
34 36 -1
34 37 -1
34 38 1
34 39 -1
34 43 -1
34 44 -1
34 45 -1
34 46 -1
34 47 -1
34 48 1
34 56 -1
35 8 -1
35 19 -1
35 30 -1
35 33 -1
35 37 1
35 38 -1
35 39 1
35 41 -1
35 42 1
35 43 -1
35 44 1
35 45 1
35 46 -1
35 47 -1
35 54 -1
35 55 -1
36 6 -1
36 15 -1
36 29 -1
36 31 -1
36 34 -1
36 37 -1
36 38 -1
36 39 1
36 40 -1
36 41 -1
36 43 -1
36 45 -1
36 46 1
36 47 -1
36 48 1
36 63 -1
37 1 -1
37 8 -1
37 9 -1
37 33 1
37 34 -1
37 35 1
37 36 -1
37 38 -1
37 40 -1
37 42 -1
37 43 -1
37 44 -1
37 46 1
37 48 -1
37 60 -1
37 62 -1
38 5 -1
38 12 -1
38 17 1
38 20 -1
38 34 1
38 35 -1
38 36 -1
38 37 -1
38 39 -1
38 40 -1
38 42 1
38 43 -1
38 44 -1
38 46 1
38 48 -1
38 59 -1
39 7 -1
39 12 1
39 18 -1
39 21 -1
39 33 -1
39 34 -1
39 35 1
39 36 1
39 38 -1
39 41 -1
39 42 -1
39 45 -1
39 46 -1
39 47 -1
39 48 1
40 17 -1
40 25 -1
40 27 -1
40 33 -1
40 36 -1
40 37 -1
40 38 -1
40 41 -1
40 42 1
40 43 -1
40 45 -1
40 46 -1
40 47 -1
40 48 -1
40 57 -1
41 3 -1
41 22 -1
41 35 -1
41 36 -1
41 39 -1
41 40 -1
41 42 -1
41 43 -1
41 44 -1
41 45 -1
41 46 -1
41 47 1
41 48 1
41 49 -1
41 59 1
41 64 -1
42 1 -1
42 9 -1
42 12 -1
42 24 -1
42 33 1
42 35 1
42 37 -1
42 38 1
42 39 -1
42 40 1
42 41 -1
42 43 -1
42 45 -1
42 47 -1
42 48 1
42 61 -1
43 23 -1
43 33 -1
43 34 -1
43 35 -1
43 36 -1
43 37 -1
43 38 -1
43 40 -1
43 41 -1
43 42 -1
43 44 -1
43 45 -1
43 50 -1
43 53 1
43 55 -1
44 33 -1
44 34 -1
44 35 1
44 37 -1
44 38 -1
44 41 -1
44 43 -1
44 45 1
44 46 -1
44 47 -1
44 48 -1
44 53 1
44 56 1
44 57 -1
44 58 1
45 9 -1
45 30 -1
45 31 -1
45 32 -1
45 33 -1
45 34 -1
45 35 1
45 36 -1
45 39 -1
45 40 -1
45 41 -1
45 42 -1
45 43 -1
45 44 1
45 48 -1
45 61 -1
46 13 -1
46 16 -1
46 29 -1
46 33 1
46 34 -1
46 35 -1
46 36 1
46 37 1
46 38 1
46 39 -1
46 40 -1
46 41 -1
46 44 -1
46 47 -1
46 49 -1
46 54 -1
47 11 -1
47 30 -1
47 33 -1
47 34 -1
47 35 -1
47 36 -1
47 39 -1
47 40 -1
47 41 1
47 42 -1
47 44 -1
47 46 -1
47 48 -1
47 55 1
47 64 -1
48 2 -1
48 6 -1
48 9 -1
48 19 -1
48 20 -1
48 34 1
48 36 1
48 37 -1
48 38 -1
48 39 1
48 40 -1
48 41 1
48 42 1
48 44 -1
48 45 -1
48 47 -1
49 3 -1
49 15 -1
49 33 -1
49 41 -1
49 46 -1
49 51 -1
49 52 1
49 54 -1
49 55 -1
49 57 -1
49 58 -1
49 59 -1
49 60 -1
49 61 -1
49 63 -1
49 64 1
50 1 -1
50 3 -1
50 10 -1
50 21 -1
50 43 -1
50 51 1
50 52 -1
50 53 -1
50 54 -1
50 55 -1
50 56 -1
50 58 -1
50 59 -1
50 61 -1
50 63 -1
50 64 -1
51 8 -1
51 11 -1
51 27 1
51 28 -1
51 29 -1
51 49 -1
51 50 1
51 52 1
51 53 -1
51 54 -1
51 55 -1
51 56 -1
51 58 -1
51 59 -1
51 61 -1
51 63 -1
52 10 -1
52 12 1
52 13 -1
52 16 -1
52 23 -1
52 49 1
52 50 -1
52 51 1
52 53 1
52 54 -1
52 57 1
52 58 -1
52 61 -1
52 62 -1
52 63 -1
52 64 1
53 19 1
53 23 -1
53 26 -1
53 43 1
53 44 1
53 50 -1
53 51 -1
53 52 1
53 55 1
53 56 -1
53 57 -1
53 59 1
53 60 -1
53 62 -1
53 63 -1
53 64 -1
54 14 -1
54 26 -1
54 35 -1
54 46 -1
54 49 -1
54 50 -1
54 51 -1
54 52 -1
54 55 1
54 56 -1
54 57 1
54 58 1
54 59 1
54 60 -1
54 62 1
55 5 -1
55 35 -1
55 43 -1
55 47 1
55 49 -1
55 50 -1
55 51 -1
55 53 1
55 54 1
55 56 -1
55 58 1
55 59 -1
55 60 -1
55 62 -1
55 64 -1
56 6 1
56 14 1
56 26 -1
56 34 -1
56 44 1
56 50 -1
56 51 -1
56 53 -1
56 54 -1
56 55 -1
56 57 1
56 60 -1
56 61 -1
56 62 -1
56 63 -1
56 64 -1
57 16 -1
57 32 -1
57 33 1
57 40 -1
57 44 -1
57 49 -1
57 52 1
57 53 -1
57 54 1
57 56 1
57 58 -1
57 60 -1
57 61 -1
57 62 -1
57 63 -1
57 64 -1
58 5 1
58 8 -1
58 20 -1
58 44 1
58 49 -1
58 50 -1
58 51 -1
58 52 -1
58 54 1
58 55 1
58 57 -1
58 60 -1
58 61 -1
58 62 1
58 64 -1
59 11 1
59 26 -1
59 33 -1
59 38 -1
59 41 1
59 49 -1
59 50 -1
59 51 -1
59 53 1
59 54 1
59 55 -1
59 60 1
59 61 -1
59 62 -1
59 63 1
59 64 1
60 4 -1
60 8 -1
60 22 -1
60 29 1
60 37 -1
60 49 -1
60 53 -1
60 54 -1
60 55 -1
60 56 -1
60 57 -1
60 58 -1
60 59 1
60 61 1
60 62 -1
60 64 -1
61 13 -1
61 30 -1
61 42 -1
61 45 -1
61 49 -1
61 50 -1
61 51 -1
61 52 -1
61 56 -1
61 57 -1
61 58 -1
61 59 -1
61 60 1
61 62 -1
61 63 -1
62 10 -1
62 12 -1
62 17 -1
62 20 -1
62 37 -1
62 52 -1
62 53 -1
62 54 1
62 55 -1
62 56 -1
62 57 -1
62 58 1
62 59 -1
62 60 -1
62 61 -1
62 63 -1
63 1 -1
63 6 -1
63 17 -1
63 21 -1
63 36 -1
63 49 -1
63 50 -1
63 51 -1
63 52 -1
63 53 -1
63 56 -1
63 57 -1
63 59 1
63 61 -1
63 62 -1
63 64 -1
64 14 -1
64 16 -1
64 31 -1
64 41 -1
64 47 -1
64 49 1
64 50 -1
64 52 1
64 53 -1
64 55 -1
64 56 -1
64 57 -1
64 58 -1
64 59 1
64 60 -1
64 63 -1
