1 2 1
1 5 -1
1 6 -1
1 8 1
1 9 -1
1 10 -1
1 11 -1
1 12 1
1 13 1
1 14 -1
1 15 1
1 25 -1
1 37 -1
1 38 1
1 48 1
1 54 1
2 1 1
2 3 1
2 4 -1
2 6 -1
2 7 1
2 10 1
2 11 -1
2 12 -1
2 13 1
2 14 -1
2 15 -1
2 29 -1
2 32 1
2 47 1
2 49 1
2 62 -1
3 2 1
3 5 -1
3 6 -1
3 7 -1
3 8 1
3 9 1
3 11 1
3 12 -1
3 13 -1
3 15 1
3 16 1
3 22 1
3 26 1
3 51 1
3 60 -1
3 62 -1
4 2 -1
4 5 1
4 6 -1
4 7 -1
4 8 1
4 9 1
4 10 -1
4 12 1
4 13 -1
4 15 -1
4 16 -1
4 20 -1
4 25 1
4 28 1
4 33 1
4 53 1
5 1 -1
5 3 -1
5 4 1
5 7 -1
5 8 1
5 9 -1
5 10 1
5 11 1
5 13 1
5 15 1
5 16 1
5 18 1
5 31 1
5 32 -1
5 42 -1
6 1 -1
6 2 -1
6 3 -1
6 4 -1
6 7 -1
6 8 1
6 10 -1
6 11 -1
6 12 -1
6 14 -1
6 15 1
6 20 1
6 39 1
6 43 -1
6 48 1
7 2 1
7 3 -1
7 4 -1
7 5 -1
7 6 -1
7 9 -1
7 10 -1
7 11 -1
7 12 -1
7 13 -1
7 14 -1
7 24 1
7 36 1
7 47 1
7 50 1
7 53 -1
8 1 1
8 3 1
8 4 1
8 5 1
8 6 1
8 10 1
8 12 1
8 13 -1
8 14 1
8 15 -1
8 16 1
8 30 1
8 34 -1
8 53 -1
8 62 1
8 64 1
9 1 -1
9 3 1
9 4 1
9 5 -1
9 7 -1
9 10 1
9 11 1
9 12 -1
9 13 -1
9 14 -1
9 16 1
9 19 1
9 40 1
9 43 -1
9 52 -1
9 63 1
10 1 -1
10 2 1
10 4 -1
10 5 1
10 6 -1
10 7 -1
10 8 1
10 9 1
10 11 1
10 15 1
10 16 -1
10 19 1
10 28 1
10 55 1
10 60 1
10 63 1
11 1 -1
11 2 -1
11 3 1
11 5 1
11 6 -1
11 7 -1
11 9 1
11 10 1
11 13 -1
11 14 1
11 16 1
11 21 1
11 34 -1
11 36 1
11 56 1
11 58 -1
12 1 1
12 2 -1
12 3 -1
12 4 1
12 6 -1
12 7 -1
12 8 1
12 9 -1
12 14 1
12 15 1
12 16 -1
12 28 1
12 32 1
12 41 -1
12 52 -1
12 64 -1
13 1 1
13 2 1
13 3 -1
13 4 -1
13 5 1
13 7 -1
13 8 -1
13 9 -1
13 11 -1
13 14 -1
13 16 1
13 17 -1
13 23 1
13 42 -1
13 53 -1
14 1 -1
14 2 -1
14 6 -1
14 7 -1
14 8 1
14 9 -1
14 11 1
14 12 1
14 13 -1
14 15 -1
14 16 1
14 29 -1
14 30 1
14 36 -1
14 52 -1
14 57 1
15 1 1
15 2 -1
15 3 1
15 4 -1
15 5 1
15 6 1
15 8 -1
15 10 1
15 12 1
15 14 -1
15 16 1
15 21 1
15 22 -1
15 23 -1
15 27 -1
15 32 -1
16 3 1
16 4 -1
16 5 1
16 8 1
16 9 1
16 10 -1
16 11 1
16 12 -1
16 13 1
16 14 1
16 15 1
16 20 -1
16 24 1
16 27 1
16 41 -1
16 50 1
17 13 -1
17 21 -1
17 22 -1
17 23 1
17 24 1
17 25 -1
17 26 -1
17 27 -1
17 28 -1
17 29 1
17 31 -1
17 32 -1
17 35 1
17 38 -1
17 40 1
18 5 1
18 19 -1
18 20 -1
18 22 -1
18 23 -1
18 24 1
18 25 1
18 26 -1
18 27 1
18 28 -1
18 31 -1
18 32 1
18 49 1
18 57 1
19 9 1
19 10 1
19 18 -1
19 20 -1
19 21 1
19 22 -1
19 23 -1
19 24 1
19 25 1
19 26 1
19 27 1
19 29 1
19 32 -1
19 33 1
19 52 1
19 55 1
20 4 -1
20 6 1
20 16 -1
20 18 -1
20 19 -1
20 21 1
20 22 1
20 24 1
20 25 1
20 26 -1
20 27 -1
20 28 -1
20 30 -1
20 32 1
20 44 1
20 51 -1
21 11 1
21 15 1
21 17 -1
21 19 1
21 20 1
21 22 -1
21 24 -1
21 25 1
21 26 1
21 28 1
21 30 1
21 31 1
21 32 -1
21 33 -1
21 38 1
21 52 -1
22 3 1
22 15 -1
22 17 -1
22 18 -1
22 19 -1
22 20 1
22 21 -1
22 23 1
22 25 -1
22 27 -1
22 28 -1
22 30 -1
22 31 1
22 41 -1
22 46 -1
22 54 -1
23 13 1
23 15 -1
23 17 1
23 18 -1
23 19 -1
23 22 1
23 24 -1
23 26 1
23 27 -1
23 28 1
23 29 1
23 30 -1
23 31 -1
23 33 -1
23 48 1
23 53 1
24 7 1
24 16 1
24 17 1
24 18 1
24 19 1
24 20 1
24 21 -1
24 23 -1
24 26 1
24 27 1
24 29 -1
24 30 -1
24 31 -1
24 35 1
24 39 -1
24 46 1
25 1 -1
25 4 1
25 17 -1
25 18 1
25 19 1
25 20 1
25 21 1
25 22 -1
25 26 -1
25 28 -1
25 29 -1
25 30 1
25 32 -1
25 47 1
25 59 -1
25 62 -1
26 3 1
26 17 -1
26 18 -1
26 19 1
26 20 -1
26 21 1
26 23 1
26 24 1
26 25 -1
26 28 -1
26 29 -1
26 30 1
26 38 1
26 45 -1
26 51 -1
26 54 1
27 15 -1
27 16 1
27 17 -1
27 18 1
27 19 1
27 20 -1
27 22 -1
27 23 -1
27 24 1
27 29 1
27 30 -1
27 31 1
27 32 -1
27 36 1
27 42 -1
27 50 -1
28 4 1
28 10 1
28 12 1
28 17 -1
28 18 -1
28 20 -1
28 21 1
28 22 -1
28 23 1
28 25 -1
28 26 -1
28 29 -1
28 31 1
28 32 -1
28 34 1
28 56 1
29 2 -1
29 14 -1
29 17 1
29 19 1
29 23 1
29 24 -1
29 25 -1
29 26 -1
29 27 1
29 28 -1
29 30 -1
29 31 -1
29 32 1
29 36 1
29 37 -1
29 46 1
30 8 1
30 14 1
30 20 -1
30 21 1
30 22 -1
30 23 -1
30 24 -1
30 25 1
30 26 1
30 27 -1
30 29 -1
30 31 1
30 32 -1
30 58 1
30 60 -1
30 64 -1
31 5 1
31 17 -1
31 18 -1
31 21 1
31 22 1
31 23 -1
31 24 -1
31 27 1
31 28 1
31 29 -1
31 30 1
31 32 -1
31 34 1
31 39 1
31 58 1
31 63 1
32 2 1
32 5 -1
32 12 1
32 15 -1
32 17 -1
32 18 1
32 19 -1
32 20 1
32 21 -1
32 25 -1
32 27 -1
32 28 -1
32 29 1
32 30 -1
32 31 -1
32 49 -1
33 4 1
33 19 1
33 21 -1
33 23 -1
33 34 -1
33 35 1
33 37 -1
33 38 -1
33 41 -1
33 42 -1
33 44 1
33 45 1
33 46 -1
33 47 -1
33 48 -1
33 54 1
34 8 -1
34 11 -1
34 28 1
34 31 1
34 33 -1
34 35 -1
34 36 1
34 38 1
34 40 1
34 41 1
34 43 1
34 44 1
34 45 1
34 46 -1
34 47 1
34 61 1
35 17 1
35 24 1
35 33 1
35 34 -1
35 37 1
35 39 1
35 40 -1
35 41 1
35 42 1
35 45 1
35 46 -1
35 47 -1
35 48 -1
35 50 -1
35 55 1
35 63 1
36 7 1
36 11 1
36 14 -1
36 27 1
36 29 1
36 34 1
36 37 1
36 38 1
36 39 1
36 40 1
36 41 1
36 43 -1
36 44 1
36 45 -1
36 47 1
36 48 1
37 1 -1
37 29 -1
37 33 -1
37 35 1
37 36 1
37 38 -1
37 39 -1
37 41 -1
37 42 -1
37 43 1
37 44 -1
37 46 -1
37 47 1
37 51 -1
37 55 1
37 59 -1
38 1 1
38 17 -1
38 21 1
38 26 1
38 33 -1
38 34 1
38 36 1
38 37 -1
38 39 -1
38 40 -1
38 42 1
38 44 1
38 46 -1
38 47 1
38 48 1
38 60 -1
39 6 1
39 24 -1
39 31 1
39 35 1
39 36 1
39 37 -1
39 38 -1
39 40 1
39 41 -1
39 43 -1
39 44 1
39 45 -1
39 46 1
39 48 1
39 59 -1
40 9 1
40 17 1
40 34 1
40 35 -1
40 36 1
40 38 -1
40 39 1
40 41 -1
40 42 1
40 43 1
40 45 1
40 47 1
40 48 1
40 58 -1
40 59 1
40 60 -1
41 12 -1
41 16 -1
41 22 -1
41 33 -1
41 34 1
41 35 1
41 36 1
41 37 -1
41 39 -1
41 40 -1
41 42 -1
41 43 -1
41 46 1
41 48 -1
41 62 1
41 63 -1
42 5 -1
42 13 -1
42 27 -1
42 33 -1
42 35 1
42 37 -1
42 38 1
42 40 1
42 41 -1
42 43 1
42 44 1
42 45 -1
42 46 1
42 47 -1
42 51 -1
42 57 -1
43 6 -1
43 9 -1
43 34 1
43 36 -1
43 37 1
43 39 -1
43 40 1
43 41 -1
43 42 1
43 44 1
43 46 -1
43 47 1
43 48 -1
43 55 1
43 61 -1
44 20 1
44 33 1
44 34 1
44 36 1
44 37 -1
44 38 1
44 39 1
44 42 1
44 43 1
44 45 1
44 47 -1
44 48 -1
44 49 -1
44 56 -1
44 58 -1
45 26 -1
45 33 1
45 34 1
45 35 1
45 36 -1
45 39 -1
45 40 1
45 42 -1
45 44 1
45 46 -1
45 47 -1
45 48 -1
45 54 -1
45 61 -1
45 64 -1
46 22 -1
46 24 1
46 29 1
46 33 -1
46 34 -1
46 35 -1
46 37 -1
46 38 -1
46 39 1
46 41 1
46 42 1
46 43 -1
46 45 -1
46 48 -1
46 56 1
46 61 1
47 2 1
47 7 1
47 25 1
47 33 -1
47 34 1
47 35 -1
47 36 1
47 37 1
47 38 1
47 40 1
47 42 -1
47 43 1
47 44 -1
47 45 -1
47 50 1
47 57 -1
48 1 1
48 6 1
48 23 1
48 33 -1
48 35 -1
48 36 1
48 38 1
48 39 1
48 40 1
48 41 -1
48 43 -1
48 44 -1
48 45 -1
48 46 -1
48 57 1
49 2 1
49 18 1
49 32 -1
49 44 -1
49 50 1
49 51 1
49 52 1
49 53 1
49 54 -1
49 56 1
49 58 -1
49 59 -1
49 60 -1
49 63 -1
49 64 1
50 7 1
50 16 1
50 27 -1
50 35 -1
50 47 1
50 49 1
50 52 1
50 53 1
50 54 -1
50 57 -1
50 59 1
50 60 1
50 61 1
50 62 -1
50 63 -1
50 64 1
51 3 1
51 20 -1
51 26 -1
51 37 -1
51 42 -1
51 49 1
51 52 1
51 53 1
51 54 -1
51 55 -1
51 56 1
51 58 1
51 59 -1
51 60 1
51 61 -1
51 62 -1
52 9 -1
52 12 -1
52 14 -1
52 19 1
52 21 -1
52 49 1
52 50 1
52 51 1
52 54 1
52 55 -1
52 56 1
52 57 -1
52 58 1
52 62 -1
52 63 1
52 64 -1
53 4 1
53 7 -1
53 8 -1
53 13 -1
53 23 1
53 49 1
53 50 1
53 51 1
53 55 1
53 56 1
53 58 -1
53 59 1
53 61 -1
53 62 1
53 63 1
53 64 -1
54 1 1
54 22 -1
54 26 1
54 33 1
54 45 -1
54 49 -1
54 50 -1
54 51 -1
54 52 1
54 55 1
54 56 -1
54 57 -1
54 60 1
54 62 1
54 63 1
54 64 1
55 10 1
55 19 1
55 35 1
55 37 1
55 43 1
55 51 -1
55 52 -1
55 53 1
55 54 1
55 56 -1
55 57 -1
55 58 -1
55 59 -1
55 60 1
55 61 -1
55 63 1
56 11 1
56 28 1
56 44 -1
56 46 1
56 49 1
56 51 1
56 52 1
56 53 1
56 54 -1
56 55 -1
56 57 1
56 58 -1
56 59 1
56 61 -1
56 63 1
57 14 1
57 18 1
57 42 -1
57 47 -1
57 48 1
57 50 -1
57 52 -1
57 54 -1
57 55 -1
57 56 1
57 58 -1
57 59 1
57 60 -1
57 61 -1
57 62 1
57 64 -1
58 11 -1
58 30 1
58 31 1
58 40 -1
58 44 -1
58 49 -1
58 51 1
58 52 1
58 53 -1
58 55 -1
58 56 -1
58 57 -1
58 61 -1
58 62 1
58 63 1
58 64 -1
59 25 -1
59 37 -1
59 39 -1
59 40 1
59 49 -1
59 50 1
59 51 -1
59 53 1
59 55 -1
59 56 1
59 57 1
59 60 -1
59 61 1
59 63 -1
59 64 -1
60 3 -1
60 10 1
60 30 -1
60 38 -1
60 40 -1
60 49 -1
60 50 1
60 51 1
60 54 1
60 55 1
60 57 -1
60 59 -1
60 61 1
60 62 -1
60 63 1
60 64 -1
61 34 1
61 43 -1
61 45 -1
61 46 1
61 50 1
61 51 -1
61 53 -1
61 55 -1
61 56 -1
61 57 -1
61 58 -1
61 59 1
61 60 1
61 62 -1
61 64 -1
62 2 -1
62 3 -1
62 8 1
62 25 -1
62 41 1
62 50 -1
62 51 -1
62 52 -1
62 53 1
62 54 1
62 57 1
62 58 1
62 60 -1
62 61 -1
62 63 -1
62 64 1
63 9 1
63 10 1
63 31 1
63 35 1
63 41 -1
63 49 -1
63 50 -1
63 52 1
63 53 1
63 54 1
63 55 1
63 56 1
63 58 1
63 59 -1
63 60 1
63 62 -1
64 8 1
64 12 -1
64 30 -1
64 45 -1
64 49 1
64 50 1
64 52 -1
64 53 -1
64 54 1
64 57 -1
64 58 -1
64 59 -1
64 60 -1
64 61 -1
64 62 1
