1 2 1
1 3 1
1 5 -1
1 6 -1
1 7 1
1 8 -1
1 9 -1
1 11 -1
1 12 1
1 13 1
1 15 1
1 17 1
1 26 1
1 55 1
1 57 -1
2 1 1
2 3 1
2 4 -1
2 5 1
2 7 1
2 8 1
2 9 1
2 10 -1
2 11 1
2 12 1
2 13 1
2 38 -1
2 40 1
2 44 -1
2 56 1
2 59 1
3 1 1
3 2 1
3 5 1
3 7 1
3 10 1
3 11 -1
3 12 -1
3 13 1
3 14 1
3 15 -1
3 16 -1
3 17 1
3 21 -1
3 26 1
3 39 -1
3 40 1
4 2 -1
4 5 1
4 6 1
4 7 1
4 9 1
4 10 1
4 11 1
4 13 1
4 14 1
4 15 1
4 16 1
4 28 1
4 45 -1
4 50 1
4 51 1
5 1 -1
5 2 1
5 3 1
5 4 1
5 6 -1
5 7 1
5 8 1
5 9 1
5 10 1
5 11 1
5 14 1
5 35 1
5 36 1
5 52 1
5 54 1
5 64 1
6 1 -1
6 4 1
6 5 -1
6 7 1
6 8 1
6 9 1
6 10 1
6 11 -1
6 12 -1
6 15 -1
6 16 1
6 29 1
6 47 1
6 51 1
6 59 1
6 63 1
7 1 1
7 2 1
7 3 1
7 4 1
7 5 1
7 6 1
7 9 1
7 11 -1
7 13 1
7 14 -1
7 16 1
7 19 -1
7 44 1
7 49 -1
7 57 1
7 61 1
8 1 -1
8 2 1
8 5 1
8 6 1
8 9 -1
8 11 1
8 12 -1
8 13 -1
8 14 -1
8 15 -1
8 16 1
8 24 1
8 42 1
8 43 -1
8 44 1
8 53 1
9 1 -1
9 2 1
9 4 1
9 5 1
9 6 1
9 7 1
9 8 -1
9 10 1
9 12 1
9 14 1
9 15 1
9 32 1
9 39 1
9 46 -1
9 48 1
9 50 1
10 2 -1
10 3 1
10 4 1
10 5 1
10 6 1
10 9 1
10 12 1
10 13 1
10 14 1
10 15 1
10 16 1
10 18 1
10 29 1
10 43 1
10 56 -1
10 62 1
11 1 -1
11 2 1
11 3 -1
11 4 1
11 5 1
11 6 -1
11 7 -1
11 8 1
11 14 1
11 15 -1
11 16 1
11 21 -1
11 28 1
11 39 1
11 41 1
11 62 1
12 1 1
12 2 1
12 3 -1
12 6 -1
12 8 -1
12 9 1
12 10 1
12 13 1
12 14 1
12 15 1
12 16 1
12 18 1
12 19 1
12 31 -1
12 49 1
12 51 1
13 1 1
13 2 1
13 3 1
13 4 1
13 7 1
13 8 -1
13 10 1
13 12 1
13 14 1
13 15 -1
13 16 1
13 25 1
13 29 -1
13 31 1
13 41 1
14 3 1
14 4 1
14 5 1
14 7 -1
14 8 -1
14 9 1
14 10 1
14 11 1
14 12 1
14 13 1
14 16 1
14 26 1
14 32 1
14 42 1
14 54 1
15 1 1
15 3 -1
15 4 1
15 6 -1
15 8 -1
15 9 1
15 10 1
15 11 -1
15 12 1
15 13 -1
15 16 1
15 33 -1
15 43 1
15 53 1
15 61 1
16 3 -1
16 4 1
16 6 1
16 7 1
16 8 1
16 10 1
16 11 1
16 12 1
16 13 1
16 14 1
16 15 1
16 20 1
16 35 1
16 36 1
16 38 -1
16 56 1
17 1 1
17 3 1
17 18 1
17 20 1
17 22 1
17 23 1
17 25 -1
17 26 1
17 27 1
17 28 1
17 30 -1
17 31 1
17 32 1
17 46 1
17 58 -1
17 60 1
18 10 1
18 12 1
18 17 1
18 19 1
18 20 1
18 22 -1
18 23 1
18 24 -1
18 25 1
18 27 1
18 29 1
18 30 1
18 32 1
18 43 1
18 48 1
18 62 -1
19 7 -1
19 12 1
19 18 1
19 20 -1
19 21 1
19 22 1
19 23 -1
19 24 -1
19 27 1
19 28 1
19 29 -1
19 31 -1
19 32 1
19 35 1
19 42 1
19 64 1
20 16 1
20 17 1
20 18 1
20 19 -1
20 21 -1
20 22 -1
20 23 1
20 24 1
20 28 1
20 29 1
20 30 -1
20 31 -1
20 34 1
20 42 -1
20 60 1
20 62 -1
21 3 -1
21 11 -1
21 19 1
21 20 -1
21 22 1
21 24 1
21 26 1
21 27 1
21 28 1
21 29 -1
21 30 1
21 31 1
21 32 1
21 49 1
21 56 -1
21 57 -1
22 17 1
22 18 -1
22 19 1
22 20 -1
22 21 1
22 24 1
22 26 -1
22 27 1
22 29 -1
22 31 -1
22 32 1
22 33 1
22 36 -1
22 39 1
22 63 1
23 17 1
23 18 1
23 19 -1
23 20 1
23 24 -1
23 25 1
23 26 1
23 27 -1
23 28 1
23 30 -1
23 31 -1
23 36 1
23 37 1
23 50 1
23 58 -1
23 59 1
24 8 1
24 18 -1
24 19 -1
24 20 1
24 21 1
24 22 1
24 23 -1
24 25 -1
24 26 -1
24 27 1
24 28 1
24 30 1
24 34 -1
24 38 1
24 47 -1
24 54 1
25 13 1
25 17 -1
25 18 1
25 23 1
25 24 -1
25 26 1
25 27 1
25 28 -1
25 29 1
25 30 -1
25 31 -1
25 32 1
25 37 1
25 45 -1
25 55 -1
25 58 1
26 1 1
26 3 1
26 14 1
26 17 1
26 21 1
26 22 -1
26 23 1
26 24 -1
26 25 1
26 27 -1
26 28 1
26 29 1
26 30 1
26 31 1
26 62 -1
27 17 1
27 18 1
27 19 1
27 21 1
27 22 1
27 23 -1
27 24 1
27 25 1
27 26 -1
27 29 1
27 32 -1
27 40 1
27 44 -1
27 45 1
27 61 -1
28 4 1
28 11 1
28 17 1
28 19 1
28 20 1
28 21 1
28 23 1
28 24 1
28 25 -1
28 26 1
28 29 1
28 30 1
28 32 1
28 59 -1
28 63 1
29 6 1
29 10 1
29 13 -1
29 18 1
29 19 -1
29 20 1
29 21 -1
29 22 -1
29 25 1
29 26 1
29 27 1
29 28 1
29 31 1
29 32 1
29 45 1
29 57 1
30 17 -1
30 18 1
30 20 -1
30 21 1
30 23 -1
30 24 1
30 25 -1
30 26 1
30 28 1
30 31 1
30 32 -1
30 35 -1
30 37 1
30 49 1
30 61 1
31 12 -1
31 13 1
31 17 1
31 19 -1
31 20 -1
31 21 1
31 22 -1
31 23 -1
31 25 -1
31 26 1
31 29 1
31 30 1
31 32 1
31 46 -1
31 48 -1
31 50 -1
32 9 1
32 14 1
32 17 1
32 18 1
32 19 1
32 21 1
32 22 1
32 25 1
32 27 -1
32 28 1
32 29 1
32 30 -1
32 31 1
32 33 -1
32 34 -1
32 55 1
33 15 -1
33 22 1
33 32 -1
33 34 1
33 35 1
33 36 -1
33 37 -1
33 38 -1
33 40 1
33 42 -1
33 43 1
33 45 1
33 46 1
33 47 1
33 50 -1
33 56 1
34 20 1
34 24 -1
34 32 -1
34 33 1
34 38 1
34 39 1
34 40 -1
34 41 1
34 42 1
34 43 1
34 44 -1
34 45 1
34 46 1
34 48 1
34 52 1
34 60 1
35 5 1
35 16 1
35 19 1
35 30 -1
35 33 1
35 36 1
35 37 -1
35 39 1
35 40 -1
35 42 1
35 43 1
35 45 1
35 46 -1
35 47 1
35 48 1
35 54 1
36 5 1
36 16 1
36 22 -1
36 23 1
36 33 -1
36 35 1
36 37 1
36 38 -1
36 41 1
36 42 1
36 43 1
36 45 1
36 46 -1
36 47 1
36 48 1
36 53 1
37 23 1
37 25 1
37 30 1
37 33 -1
37 35 -1
37 36 1
37 39 -1
37 40 1
37 41 1
37 42 1
37 44 1
37 45 -1
37 47 -1
37 48 1
37 52 1
37 63 1
38 2 -1
38 16 -1
38 24 1
38 33 -1
38 34 1
38 36 -1
38 39 1
38 41 -1
38 42 1
38 43 -1
38 44 1
38 45 1
38 47 1
38 48 -1
38 60 1
38 64 -1
39 3 -1
39 9 1
39 11 1
39 22 1
39 34 1
39 35 1
39 37 -1
39 38 1
39 40 -1
39 42 1
39 43 -1
39 44 -1
39 45 1
39 47 1
39 48 1
39 52 -1
40 2 1
40 3 1
40 27 1
40 33 1
40 34 -1
40 35 -1
40 37 1
40 39 -1
40 41 1
40 43 -1
40 44 1
40 45 -1
40 46 1
40 47 -1
40 53 1
41 11 1
41 13 1
41 34 1
41 36 1
41 37 1
41 38 -1
41 40 1
41 42 1
41 43 1
41 44 -1
41 45 1
41 47 1
41 48 1
41 55 1
41 58 1
42 8 1
42 14 1
42 19 1
42 20 -1
42 33 -1
42 34 1
42 35 1
42 36 1
42 37 1
42 38 1
42 39 1
42 41 1
42 44 1
42 45 1
42 46 -1
42 64 1
43 8 -1
43 10 1
43 15 1
43 18 1
43 33 1
43 34 1
43 35 1
43 36 1
43 38 -1
43 39 -1
43 40 -1
43 41 1
43 44 1
43 46 1
43 48 1
43 52 1
44 2 -1
44 7 1
44 8 1
44 27 -1
44 34 -1
44 37 1
44 38 1
44 39 -1
44 40 1
44 41 -1
44 42 1
44 43 1
44 46 1
44 47 -1
44 48 -1
44 49 1
45 4 -1
45 25 -1
45 27 1
45 29 1
45 33 1
45 34 1
45 35 1
45 36 1
45 37 -1
45 38 1
45 39 1
45 40 -1
45 41 1
45 42 1
45 46 1
45 57 -1
46 9 -1
46 17 1
46 31 -1
46 33 1
46 34 1
46 35 -1
46 36 -1
46 40 1
46 42 -1
46 43 1
46 44 1
46 45 1
46 47 -1
46 48 1
46 55 1
46 59 1
47 6 1
47 24 -1
47 33 1
47 35 1
47 36 1
47 37 -1
47 38 1
47 39 1
47 40 -1
47 41 1
47 44 -1
47 46 -1
47 48 1
47 51 1
47 58 -1
48 9 1
48 18 1
48 31 -1
48 34 1
48 35 1
48 36 1
48 37 1
48 38 -1
48 39 1
48 41 1
48 43 1
48 44 -1
48 46 1
48 47 1
48 60 1
48 64 -1
49 7 -1
49 12 1
49 21 1
49 30 1
49 44 1
49 50 1
49 51 -1
49 53 1
49 54 -1
49 55 1
49 57 1
49 59 -1
49 60 1
49 61 1
49 62 1
49 63 1
50 4 1
50 9 1
50 23 1
50 31 -1
50 33 -1
50 49 1
50 51 -1
50 52 1
50 54 1
50 56 -1
50 57 1
50 58 1
50 59 1
50 60 -1
50 61 1
50 64 1
51 4 1
51 6 1
51 12 1
51 47 1
51 49 -1
51 50 -1
51 52 -1
51 53 1
51 55 1
51 56 1
51 58 1
51 60 1
51 62 1
51 63 -1
51 64 1
52 5 1
52 34 1
52 37 1
52 39 -1
52 43 1
52 50 1
52 51 -1
52 53 -1
52 54 1
52 55 1
52 56 1
52 58 1
52 59 1
52 61 1
52 62 1
52 63 1
53 8 1
53 15 1
53 36 1
53 40 1
53 49 1
53 51 1
53 52 -1
53 54 1
53 56 1
53 57 1
53 58 -1
53 59 1
53 60 1
53 62 1
53 63 -1
54 5 1
54 14 1
54 24 1
54 35 1
54 49 -1
54 50 1
54 52 1
54 53 1
54 55 -1
54 56 1
54 57 -1
54 60 -1
54 61 1
54 63 1
54 64 1
55 1 1
55 25 -1
55 32 1
55 41 1
55 46 1
55 49 1
55 51 1
55 52 1
55 54 -1
55 56 1
55 57 -1
55 58 1
55 59 -1
55 61 -1
55 62 1
55 64 1
56 2 1
56 10 -1
56 16 1
56 21 -1
56 33 1
56 50 -1
56 51 1
56 52 1
56 53 1
56 54 1
56 55 1
56 57 1
56 59 1
56 60 1
56 61 -1
56 62 1
57 1 -1
57 7 1
57 21 -1
57 29 1
57 45 -1
57 49 1
57 50 1
57 53 1
57 54 -1
57 55 -1
57 56 1
57 58 1
57 59 1
57 61 -1
57 63 -1
57 64 1
58 17 -1
58 23 -1
58 25 1
58 41 1
58 47 -1
58 50 1
58 51 1
58 52 1
58 53 -1
58 55 1
58 57 1
58 59 1
58 60 1
58 62 -1
58 63 1
58 64 1
59 2 1
59 6 1
59 23 1
59 28 -1
59 46 1
59 49 -1
59 50 1
59 52 1
59 53 1
59 55 -1
59 56 1
59 57 1
59 58 1
59 61 1
59 62 -1
59 64 1
60 17 1
60 20 1
60 34 1
60 38 1
60 48 1
60 49 1
60 50 -1
60 51 1
60 53 1
60 54 -1
60 56 1
60 58 1
60 61 -1
60 62 1
60 63 -1
60 64 1
61 7 1
61 15 1
61 27 -1
61 30 1
61 49 1
61 50 1
61 52 1
61 54 1
61 55 -1
61 56 -1
61 57 -1
61 59 1
61 60 -1
61 63 -1
61 64 1
62 10 1
62 11 1
62 18 -1
62 20 -1
62 26 -1
62 49 1
62 51 1
62 52 1
62 53 1
62 55 1
62 56 1
62 58 -1
62 59 -1
62 60 1
62 63 1
62 64 1
63 6 1
63 22 1
63 28 1
63 37 1
63 49 1
63 51 -1
63 52 1
63 53 -1
63 54 1
63 57 -1
63 58 1
63 60 -1
63 61 -1
63 62 1
63 64 1
64 5 1
64 19 1
64 38 -1
64 42 1
64 48 -1
64 50 1
64 51 1
64 54 1
64 55 1
64 57 1
64 58 1
64 59 1
64 60 1
64 61 1
64 62 1
64 63 1
