1 2 1
1 3 1
1 5 1
1 9 1
1 10 1
1 11 1
1 12 -1
1 13 1
1 14 1
1 15 1
1 16 1
1 25 -1
1 39 1
1 59 1
1 61 -1
1 62 1
2 1 1
2 3 1
2 4 -1
2 5 1
2 7 1
2 8 1
2 10 1
2 11 1
2 12 1
2 15 1
2 16 1
2 21 1
2 27 1
2 32 1
2 48 1
2 51 1
3 1 1
3 2 1
3 5 1
3 6 1
3 7 1
3 8 1
3 9 1
3 11 1
3 13 1
3 14 -1
3 16 1
3 17 1
3 29 1
3 51 1
3 55 1
3 61 1
4 2 -1
4 5 1
4 6 1
4 7 1
4 8 1
4 10 -1
4 12 1
4 13 1
4 14 1
4 15 -1
4 16 1
4 25 1
4 34 1
4 36 1
4 38 1
4 47 1
5 1 1
5 2 1
5 3 1
5 4 1
5 6 1
5 7 1
5 9 1
5 12 1
5 14 1
5 15 1
5 16 1
5 24 1
5 46 -1
5 47 1
5 49 1
5 64 1
6 3 1
6 4 1
6 5 1
6 8 1
6 9 -1
6 10 1
6 11 1
6 12 1
6 13 1
6 15 -1
6 16 -1
6 30 1
6 34 1
6 38 1
6 52 1
6 54 1
7 2 1
7 3 1
7 4 1
7 5 1
7 8 1
7 10 1
7 11 1
7 12 1
7 13 1
7 15 1
7 16 1
7 31 1
7 47 1
7 53 1
7 56 1
7 58 1
8 2 1
8 3 1
8 4 1
8 6 1
8 7 1
8 9 1
8 10 1
8 11 1
8 12 1
8 13 1
8 14 1
8 21 1
8 32 1
8 53 1
8 57 1
8 64 1
9 1 1
9 3 1
9 5 1
9 6 -1
9 8 1
9 10 1
9 12 1
9 13 1
9 14 1
9 15 1
9 16 1
9 22 1
9 29 1
9 43 1
9 45 1
10 1 1
10 2 1
10 4 -1
10 6 1
10 7 1
10 8 1
10 9 1
10 13 1
10 14 1
10 15 1
10 16 1
10 28 1
10 30 1
10 61 1
10 62 1
10 63 1
11 1 1
11 2 1
11 3 1
11 6 1
11 7 1
11 8 1
11 12 1
11 13 1
11 14 1
11 15 1
11 16 1
11 24 1
11 25 1
11 26 1
11 35 1
11 43 1
12 1 -1
12 2 1
12 4 1
12 5 1
12 6 1
12 7 1
12 8 1
12 9 1
12 11 1
12 14 1
12 15 1
12 23 1
12 26 1
12 30 1
12 50 1
12 51 1
13 1 1
13 3 1
13 4 1
13 6 1
13 7 1
13 8 1
13 9 1
13 10 1
13 11 1
13 14 1
13 16 1
13 17 -1
13 25 1
13 33 1
13 41 1
13 44 1
14 1 1
14 3 -1
14 4 1
14 5 1
14 8 1
14 9 1
14 10 1
14 11 1
14 12 1
14 13 1
14 15 1
14 25 1
14 33 1
14 39 1
14 41 1
14 49 1
15 1 1
15 2 1
15 4 -1
15 5 1
15 6 -1
15 7 1
15 9 1
15 10 1
15 11 1
15 12 1
15 14 1
15 17 1
15 33 1
15 37 1
15 48 1
15 59 1
16 1 1
16 2 1
16 3 1
16 4 1
16 5 1
16 6 -1
16 7 1
16 9 1
16 10 1
16 11 1
16 13 1
16 23 -1
16 28 1
16 32 1
16 34 1
16 60 1
17 3 1
17 13 -1
17 15 1
17 18 1
17 20 1
17 23 1
17 24 1
17 26 1
17 27 1
17 28 1
17 29 1
17 30 1
17 31 1
17 32 1
17 42 1
17 46 1
18 17 1
18 19 1
18 20 1
18 22 -1
18 23 1
18 25 1
18 27 1
18 29 1
18 30 1
18 31 -1
18 32 1
18 36 1
18 49 1
18 52 1
18 57 1
18 62 1
19 18 1
19 20 1
19 23 1
19 24 1
19 25 1
19 27 1
19 28 1
19 29 1
19 30 1
19 31 1
19 32 1
19 35 1
19 52 1
19 54 1
19 55 1
20 17 1
20 18 1
20 19 1
20 21 1
20 22 1
20 24 1
20 25 1
20 26 1
20 27 1
20 28 1
20 30 1
20 41 1
20 45 1
20 57 1
20 63 -1
21 2 1
21 8 1
21 20 1
21 22 1
21 23 1
21 24 1
21 25 1
21 26 1
21 27 -1
21 28 -1
21 30 1
21 31 1
21 32 1
21 40 1
21 42 1
21 52 1
22 9 1
22 18 -1
22 20 1
22 21 1
22 23 1
22 24 -1
22 25 1
22 26 1
22 28 1
22 30 1
22 31 1
22 32 1
22 35 -1
22 43 1
22 61 1
23 12 1
23 16 -1
23 17 1
23 18 1
23 19 1
23 21 1
23 22 1
23 25 1
23 26 1
23 27 1
23 29 1
23 30 1
23 31 1
23 45 1
23 51 1
23 64 -1
24 5 1
24 11 1
24 17 1
24 19 1
24 20 1
24 21 1
24 22 -1
24 25 1
24 26 1
24 27 1
24 28 1
24 30 1
24 32 1
24 43 -1
24 45 1
24 53 1
25 1 -1
25 4 1
25 11 1
25 13 1
25 14 1
25 18 1
25 19 1
25 20 1
25 21 1
25 22 1
25 23 1
25 24 1
25 26 1
25 29 -1
25 31 1
25 32 1
26 11 1
26 12 1
26 17 1
26 20 1
26 21 1
26 22 1
26 23 1
26 24 1
26 25 1
26 27 -1
26 28 1
26 29 1
26 32 1
26 36 1
26 44 1
26 50 1
27 2 1
27 17 1
27 18 1
27 19 1
27 20 1
27 21 -1
27 23 1
27 24 1
27 26 -1
27 28 1
27 29 1
27 30 -1
27 42 1
27 47 1
27 56 1
27 57 1
28 10 1
28 16 1
28 17 1
28 19 1
28 20 1
28 21 -1
28 22 1
28 24 1
28 26 1
28 27 1
28 29 1
28 31 -1
28 32 1
28 46 1
28 62 1
28 64 1
29 3 1
29 9 1
29 17 1
29 18 1
29 19 1
29 23 1
29 25 -1
29 26 1
29 27 1
29 28 1
29 30 1
29 31 1
29 32 1
29 37 1
29 60 -1
30 6 1
30 10 1
30 12 1
30 17 1
30 18 1
30 19 1
30 20 1
30 21 1
30 22 1
30 23 1
30 24 1
30 27 -1
30 29 1
30 31 1
30 39 -1
30 55 1
31 7 1
31 17 1
31 18 -1
31 19 1
31 21 1
31 22 1
31 23 1
31 25 1
31 28 -1
31 29 1
31 30 1
31 32 1
31 35 1
31 37 1
31 42 1
31 64 1
32 2 1
32 8 1
32 16 1
32 17 1
32 18 1
32 19 1
32 21 1
32 22 1
32 24 1
32 25 1
32 26 1
32 28 1
32 29 1
32 31 1
32 48 1
32 63 1
33 13 1
33 14 1
33 15 1
33 34 1
33 35 -1
33 36 1
33 37 1
33 38 1
33 41 1
33 42 1
33 43 1
33 44 1
33 46 1
33 47 1
33 49 -1
33 61 1
34 4 1
34 6 1
34 16 1
34 33 1
34 35 1
34 36 1
34 39 1
34 41 1
34 42 1
34 43 1
34 44 1
34 45 1
34 46 1
34 47 1
34 51 1
34 58 -1
35 11 1
35 19 1
35 22 -1
35 31 1
35 33 -1
35 34 1
35 36 -1
35 37 1
35 38 1
35 40 1
35 41 1
35 43 1
35 45 1
35 47 1
35 48 1
36 4 1
36 18 1
36 26 1
36 33 1
36 34 1
36 35 -1
36 37 1
36 39 1
36 41 1
36 42 1
36 43 1
36 44 1
36 47 1
36 48 1
36 50 1
36 58 1
37 15 1
37 29 1
37 31 1
37 33 1
37 35 1
37 36 1
37 38 -1
37 39 1
37 40 1
37 42 1
37 43 1
37 45 1
37 46 1
37 47 1
37 49 1
37 50 1
38 4 1
38 6 1
38 33 1
38 35 1
38 37 -1
38 40 1
38 41 1
38 42 1
38 43 1
38 44 1
38 45 1
38 47 1
38 48 1
38 53 1
38 55 1
38 63 1
39 1 1
39 14 1
39 30 -1
39 34 1
39 36 1
39 37 1
39 40 1
39 41 1
39 42 1
39 44 1
39 45 1
39 46 1
39 47 1
39 48 1
39 54 1
39 62 -1
40 21 1
40 35 1
40 37 1
40 38 1
40 39 1
40 41 1
40 43 1
40 44 1
40 45 -1
40 46 1
40 47 -1
40 48 1
40 50 1
40 53 1
40 56 1
40 60 1
41 13 1
41 14 1
41 20 1
41 33 1
41 34 1
41 35 1
41 36 1
41 38 1
41 39 1
41 40 1
41 44 1
41 45 1
41 46 1
41 48 -1
41 55 1
41 59 1
42 17 1
42 21 1
42 27 1
42 31 1
42 33 1
42 34 1
42 36 1
42 37 1
42 38 1
42 39 1
42 43 -1
42 44 1
42 45 1
42 46 1
42 48 1
42 59 1
43 9 1
43 11 1
43 22 1
43 24 -1
43 33 1
43 34 1
43 35 1
43 36 1
43 37 1
43 38 1
43 40 1
43 42 -1
43 45 1
43 46 1
43 47 1
43 52 1
44 13 1
44 26 1
44 33 1
44 34 1
44 36 1
44 38 1
44 39 1
44 40 1
44 41 1
44 42 1
44 45 1
44 46 1
44 48 1
44 58 1
44 59 -1
44 60 1
45 9 1
45 20 1
45 23 1
45 24 1
45 34 1
45 35 1
45 37 1
45 38 1
45 39 1
45 40 -1
45 41 1
45 42 1
45 43 1
45 44 1
45 48 1
46 5 -1
46 17 1
46 28 1
46 33 1
46 34 1
46 37 1
46 39 1
46 40 1
46 41 1
46 42 1
46 43 1
46 44 1
46 47 1
46 48 1
46 56 1
46 58 1
47 4 1
47 5 1
47 7 1
47 27 1
47 33 1
47 34 1
47 35 1
47 36 1
47 37 1
47 38 1
47 39 1
47 40 -1
47 43 1
47 46 1
47 48 1
47 54 1
48 2 1
48 15 1
48 32 1
48 35 1
48 36 1
48 38 1
48 39 1
48 40 1
48 41 -1
48 42 1
48 44 1
48 45 1
48 46 1
48 47 1
48 56 1
48 57 1
49 5 1
49 14 1
49 18 1
49 33 -1
49 37 1
49 50 1
49 51 1
49 52 1
49 53 1
49 55 1
49 56 1
49 57 -1
49 59 -1
49 61 1
49 62 -1
49 64 1
50 12 1
50 26 1
50 36 1
50 37 1
50 40 1
50 49 1
50 51 1
50 52 1
50 55 1
50 56 1
50 58 1
50 60 1
50 61 1
50 62 1
50 63 1
50 64 1
51 2 1
51 3 1
51 12 1
51 23 1
51 34 1
51 49 1
51 50 1
51 52 1
51 53 -1
51 56 1
51 58 1
51 60 1
51 61 1
51 62 -1
51 63 1
51 64 1
52 6 1
52 18 1
52 19 1
52 21 1
52 43 1
52 49 1
52 50 1
52 51 1
52 53 1
52 54 1
52 55 1
52 56 1
52 57 -1
52 59 1
52 60 1
52 63 1
53 7 1
53 8 1
53 24 1
53 38 1
53 40 1
53 49 1
53 51 -1
53 52 1
53 54 -1
53 57 1
53 58 1
53 59 1
53 60 1
53 61 1
53 62 1
53 64 1
54 6 1
54 19 1
54 39 1
54 47 1
54 52 1
54 53 -1
54 55 1
54 56 1
54 57 1
54 58 1
54 59 1
54 60 1
54 61 1
54 63 1
54 64 1
55 3 1
55 19 1
55 30 1
55 38 1
55 41 1
55 49 1
55 50 1
55 52 1
55 54 1
55 56 1
55 57 1
55 58 1
55 59 1
55 62 1
55 63 1
55 64 1
56 7 1
56 27 1
56 40 1
56 46 1
56 48 1
56 49 1
56 50 1
56 51 1
56 52 1
56 54 1
56 55 1
56 57 1
56 59 1
56 60 -1
56 61 1
56 62 1
57 8 1
57 18 1
57 20 1
57 27 1
57 48 1
57 49 -1
57 52 -1
57 53 1
57 54 1
57 55 1
57 56 1
57 59 -1
57 60 1
57 61 1
57 63 -1
57 64 1
58 7 1
58 34 -1
58 36 1
58 44 1
58 46 1
58 50 1
58 51 1
58 53 1
58 54 1
58 55 1
58 59 1
58 60 1
58 61 1
58 62 1
58 63 1
58 64 1
59 1 1
59 15 1
59 41 1
59 42 1
59 44 -1
59 49 -1
59 52 1
59 53 1
59 54 1
59 55 1
59 56 1
59 57 -1
59 58 1
59 60 1
59 62 1
59 63 1
60 16 1
60 29 -1
60 40 1
60 44 1
60 50 1
60 51 1
60 52 1
60 53 1
60 54 1
60 56 -1
60 57 1
60 58 1
60 59 1
60 62 1
60 64 1
61 1 -1
61 3 1
61 10 1
61 22 1
61 33 1
61 49 1
61 50 1
61 51 1
61 53 1
61 54 1
61 56 1
61 57 1
61 58 1
61 62 -1
61 63 1
61 64 1
62 1 1
62 10 1
62 18 1
62 28 1
62 39 -1
62 49 -1
62 50 1
62 51 -1
62 53 1
62 55 1
62 56 1
62 58 1
62 59 1
62 60 1
62 61 -1
62 63 1
63 10 1
63 20 -1
63 32 1
63 38 1
63 50 1
63 51 1
63 52 1
63 54 1
63 55 1
63 57 -1
63 58 1
63 59 1
63 61 1
63 62 1
63 64 1
64 5 1
64 8 1
64 23 -1
64 28 1
64 31 1
64 49 1
64 50 1
64 51 1
64 53 1
64 54 1
64 55 1
64 57 1
64 58 1
64 60 1
64 61 1
64 63 1
