1 3 1
1 4 -1
1 5 1
1 6 1
1 7 1
1 8 -1
1 9 -1
1 11 -1
1 13 -1
1 14 1
1 16 -1
1 41 -1
1 44 -1
1 53 -1
1 59 -1
2 3 -1
2 4 -1
2 5 -1
2 6 -1
2 7 -1
2 11 -1
2 12 -1
2 13 -1
2 14 -1
2 15 -1
2 16 -1
2 35 1
2 39 -1
2 43 -1
2 47 -1
2 51 -1
3 1 1
3 2 -1
3 4 1
3 5 1
3 8 1
3 9 -1
3 10 1
3 11 -1
3 14 -1
3 15 -1
3 16 -1
3 18 -1
3 28 -1
3 33 -1
3 46 1
3 62 -1
4 1 -1
4 2 -1
4 3 1
4 5 -1
4 9 -1
4 11 -1
4 12 1
4 13 1
4 14 -1
4 15 -1
4 16 -1
4 26 -1
4 29 -1
4 45 -1
4 46 -1
4 61 -1
5 1 1
5 2 -1
5 3 1
5 4 -1
5 7 -1
5 10 -1
5 11 -1
5 12 -1
5 13 -1
5 14 -1
5 15 -1
5 34 -1
5 39 1
5 53 -1
5 56 -1
5 64 -1
6 1 1
6 2 -1
6 7 -1
6 8 -1
6 10 -1
6 11 -1
6 12 1
6 13 -1
6 14 1
6 15 -1
6 16 -1
6 30 -1
6 46 -1
6 50 -1
6 57 -1
6 60 1
7 1 1
7 2 -1
7 5 -1
7 6 -1
7 8 -1
7 9 -1
7 10 -1
7 11 1
7 12 -1
7 15 -1
7 16 1
7 20 -1
7 26 -1
7 29 -1
7 48 1
7 52 1
8 1 -1
8 3 1
8 6 -1
8 7 -1
8 10 1
8 11 -1
8 12 -1
8 13 -1
8 14 -1
8 15 -1
8 16 1
8 37 -1
8 42 1
8 47 1
8 57 1
8 61 -1
9 1 -1
9 3 -1
9 4 -1
9 7 -1
9 10 -1
9 11 -1
9 12 -1
9 13 1
9 14 1
9 15 -1
9 16 -1
9 31 -1
9 38 -1
9 50 -1
9 52 -1
9 63 1
10 3 1
10 5 -1
10 6 -1
10 7 -1
10 8 1
10 9 -1
10 11 -1
10 12 -1
10 13 -1
10 14 1
10 16 1
10 28 -1
10 30 -1
10 33 -1
10 54 1
10 64 1
11 1 -1
11 2 -1
11 3 -1
11 4 -1
11 5 -1
11 6 -1
11 7 1
11 8 -1
11 9 -1
11 10 -1
11 15 -1
11 21 -1
11 55 1
11 58 -1
11 60 -1
11 62 -1
12 2 -1
12 4 1
12 5 -1
12 6 1
12 7 -1
12 8 -1
12 9 -1
12 10 -1
12 13 -1
12 15 -1
12 16 -1
12 18 -1
12 22 1
12 32 1
12 40 -1
12 63 -1
13 1 -1
13 2 -1
13 4 1
13 5 -1
13 6 -1
13 8 -1
13 9 1
13 10 -1
13 12 -1
13 14 -1
13 16 -1
13 30 1
13 44 -1
13 46 -1
13 52 -1
13 54 1
14 1 1
14 2 -1
14 3 -1
14 4 -1
14 5 -1
14 6 1
14 8 -1
14 9 1
14 10 1
14 13 -1
14 15 1
14 18 -1
14 24 -1
14 37 -1
14 53 1
14 58 1
15 2 -1
15 3 -1
15 4 -1
15 5 -1
15 6 -1
15 7 -1
15 8 -1
15 9 -1
15 11 -1
15 12 -1
15 14 1
15 20 -1
15 24 -1
15 36 -1
15 47 -1
16 1 -1
16 2 -1
16 3 -1
16 4 -1
16 6 -1
16 7 1
16 8 1
16 9 -1
16 10 1
16 12 -1
16 13 -1
16 19 -1
16 33 -1
16 35 -1
16 56 1
16 62 1
17 20 1
17 21 -1
17 23 -1
17 24 -1
17 26 -1
17 27 1
17 28 -1
17 29 -1
17 30 1
17 31 1
17 32 1
17 33 -1
17 45 1
17 49 -1
17 57 1
17 61 -1
18 3 -1
18 12 -1
18 14 -1
18 20 1
18 21 -1
18 23 -1
18 24 -1
18 25 1
18 26 -1
18 27 -1
18 29 1
18 30 -1
18 31 -1
18 32 -1
18 33 -1
18 62 -1
19 16 -1
19 20 -1
19 21 -1
19 22 1
19 23 -1
19 24 -1
19 26 -1
19 27 -1
19 28 -1
19 30 -1
19 31 1
19 32 -1
19 36 -1
19 44 -1
19 45 1
19 50 -1
20 7 -1
20 15 -1
20 17 1
20 18 1
20 19 -1
20 22 -1
20 23 -1
20 25 1
20 26 -1
20 27 -1
20 29 1
20 30 -1
20 32 -1
20 48 -1
20 58 -1
20 64 1
21 11 -1
21 17 -1
21 18 -1
21 19 -1
21 22 1
21 23 -1
21 24 -1
21 25 1
21 26 -1
21 27 -1
21 28 -1
21 29 -1
21 37 -1
21 41 -1
21 43 1
21 49 -1
22 12 1
22 19 1
22 20 -1
22 21 1
22 23 1
22 24 -1
22 25 -1
22 26 -1
22 28 1
22 29 -1
22 31 -1
22 32 -1
22 34 -1
22 41 -1
22 51 -1
23 17 -1
23 18 -1
23 19 -1
23 20 -1
23 21 -1
23 22 1
23 25 1
23 28 1
23 29 -1
23 30 -1
23 32 -1
23 44 -1
23 48 -1
23 50 -1
23 60 1
23 61 -1
24 14 -1
24 15 -1
24 17 -1
24 18 -1
24 19 -1
24 21 -1
24 22 -1
24 26 -1
24 27 1
24 29 1
24 30 -1
24 31 -1
24 32 -1
24 42 -1
24 64 -1
25 18 1
25 20 1
25 21 1
25 22 -1
25 23 1
25 27 -1
25 28 1
25 29 -1
25 30 -1
25 31 -1
25 32 1
25 36 1
25 38 1
25 49 1
25 52 1
25 56 1
26 4 -1
26 7 -1
26 17 -1
26 18 -1
26 19 -1
26 20 -1
26 21 -1
26 22 -1
26 24 -1
26 28 1
26 29 -1
26 30 1
26 31 1
26 37 -1
26 48 -1
26 54 -1
27 17 1
27 18 -1
27 19 -1
27 20 -1
27 21 -1
27 24 1
27 25 -1
27 28 -1
27 30 -1
27 31 -1
27 32 -1
27 42 1
27 43 -1
27 60 -1
27 63 1
28 3 -1
28 10 -1
28 17 -1
28 19 -1
28 21 -1
28 22 1
28 23 1
28 25 1
28 26 1
28 27 -1
28 29 1
28 31 1
28 32 1
28 42 -1
28 51 -1
28 54 1
29 4 -1
29 7 -1
29 17 -1
29 18 1
29 20 1
29 21 -1
29 22 -1
29 23 -1
29 24 1
29 25 -1
29 26 -1
29 28 1
29 31 1
29 35 -1
29 50 -1
29 63 -1
30 6 -1
30 10 -1
30 13 1
30 17 1
30 18 -1
30 19 -1
30 20 -1
30 23 -1
30 24 -1
30 25 -1
30 26 1
30 27 -1
30 31 -1
30 32 -1
30 35 -1
30 39 1
31 9 -1
31 17 1
31 18 -1
31 19 1
31 22 -1
31 24 -1
31 25 -1
31 26 1
31 27 -1
31 28 1
31 29 1
31 30 -1
31 41 1
31 42 1
31 58 -1
31 62 1
32 12 1
32 17 1
32 18 -1
32 19 -1
32 20 -1
32 22 -1
32 23 -1
32 24 -1
32 25 1
32 27 -1
32 28 1
32 30 -1
32 34 1
32 38 1
32 58 -1
32 64 -1
33 3 -1
33 10 -1
33 16 -1
33 17 -1
33 18 -1
33 35 -1
33 36 -1
33 38 1
33 39 1
33 40 1
33 43 1
33 44 -1
33 45 1
33 46 -1
33 47 -1
33 48 -1
34 5 -1
34 22 -1
34 32 1
34 35 -1
34 36 -1
34 38 -1
34 39 1
34 40 -1
34 41 -1
34 42 -1
34 43 -1
34 45 -1
34 47 -1
34 48 1
34 51 -1
34 53 -1
35 2 1
35 16 -1
35 29 -1
35 30 -1
35 33 -1
35 34 -1
35 37 -1
35 38 1
35 39 -1
35 41 -1
35 42 -1
35 44 -1
35 45 1
35 46 -1
35 48 -1
35 63 -1
36 15 -1
36 19 -1
36 25 1
36 33 -1
36 34 -1
36 37 1
36 40 -1
36 42 -1
36 43 -1
36 44 1
36 45 -1
36 46 1
36 47 -1
36 48 1
36 49 -1
36 51 -1
37 8 -1
37 14 -1
37 21 -1
37 26 -1
37 35 -1
37 36 1
37 38 1
37 39 -1
37 40 -1
37 41 1
37 42 -1
37 43 -1
37 44 1
37 46 1
37 47 1
37 60 1
38 9 -1
38 25 1
38 32 1
38 33 1
38 34 -1
38 35 1
38 37 1
38 39 1
38 42 -1
38 43 -1
38 44 1
38 45 -1
38 46 -1
38 48 1
38 55 -1
38 59 1
39 2 -1
39 5 1
39 30 1
39 33 1
39 34 1
39 35 -1
39 37 -1
39 38 1
39 40 -1
39 41 -1
39 42 -1
39 43 -1
39 44 -1
39 46 -1
39 56 -1
39 59 -1
40 12 -1
40 33 1
40 34 -1
40 36 -1
40 37 -1
40 39 -1
40 41 1
40 42 -1
40 43 1
40 44 1
40 47 -1
40 48 1
40 53 -1
40 55 -1
40 57 -1
40 59 -1
41 1 -1
41 21 -1
41 22 -1
41 31 1
41 34 -1
41 35 -1
41 37 1
41 39 -1
41 40 1
41 42 -1
41 44 -1
41 45 -1
41 46 1
41 47 -1
41 48 1
42 8 1
42 24 -1
42 27 1
42 28 -1
42 31 1
42 34 -1
42 35 -1
42 36 -1
42 37 -1
42 38 -1
42 39 -1
42 40 -1
42 41 -1
42 44 -1
42 45 1
42 47 -1
43 2 -1
43 21 1
43 27 -1
43 33 1
43 34 -1
43 36 -1
43 37 -1
43 38 -1
43 39 -1
43 40 1
43 44 -1
43 45 -1
43 46 -1
43 47 -1
43 54 1
44 1 -1
44 13 -1
44 19 -1
44 23 -1
44 33 -1
44 35 -1
44 36 1
44 37 1
44 38 1
44 39 -1
44 40 1
44 41 -1
44 42 -1
44 43 -1
44 48 1
44 49 -1
45 4 -1
45 17 1
45 19 1
45 33 1
45 34 -1
45 35 1
45 36 -1
45 38 -1
45 41 -1
45 42 1
45 43 -1
45 46 -1
45 47 -1
45 48 -1
45 52 -1
45 57 -1
46 3 1
46 4 -1
46 6 -1
46 13 -1
46 33 -1
46 35 -1
46 36 1
46 37 1
46 38 -1
46 39 -1
46 41 1
46 43 -1
46 45 -1
46 47 -1
46 48 -1
46 55 1
47 2 -1
47 8 1
47 15 -1
47 33 -1
47 34 -1
47 36 -1
47 37 1
47 40 -1
47 41 -1
47 42 -1
47 43 -1
47 45 -1
47 46 -1
47 48 1
47 55 1
47 56 -1
48 7 1
48 20 -1
48 23 -1
48 26 -1
48 33 -1
48 34 1
48 35 -1
48 36 1
48 38 1
48 40 1
48 41 1
48 44 1
48 45 -1
48 46 -1
48 47 1
48 61 1
49 17 -1
49 21 -1
49 25 1
49 36 -1
49 44 -1
49 50 1
49 51 -1
49 53 -1
49 54 1
49 57 -1
49 59 -1
49 60 -1
49 61 -1
49 62 -1
49 63 -1
49 64 -1
50 6 -1
50 9 -1
50 19 -1
50 23 -1
50 29 -1
50 49 1
50 51 -1
50 53 -1
50 54 -1
50 56 -1
50 57 -1
50 58 -1
50 59 1
50 60 -1
50 61 1
50 63 -1
51 2 -1
51 22 -1
51 28 -1
51 34 -1
51 36 -1
51 49 -1
51 50 -1
51 52 -1
51 53 -1
51 54 1
51 55 -1
51 56 1
51 58 -1
51 59 -1
51 62 1
51 64 1
52 7 1
52 9 -1
52 13 -1
52 25 1
52 45 -1
52 51 -1
52 54 -1
52 56 -1
52 57 1
52 58 1
52 59 -1
52 60 -1
52 61 -1
52 62 -1
52 63 1
52 64 1
53 1 -1
53 5 -1
53 14 1
53 34 -1
53 40 -1
53 49 -1
53 50 -1
53 51 -1
53 54 -1
53 55 -1
53 57 -1
53 58 1
53 59 1
53 60 -1
53 63 1
53 64 1
54 10 1
54 13 1
54 26 -1
54 28 1
54 43 1
54 49 1
54 50 -1
54 51 1
54 52 -1
54 53 -1
54 57 -1
54 58 -1
54 59 -1
54 61 -1
54 62 -1
54 63 1
55 11 1
55 38 -1
55 40 -1
55 46 1
55 47 1
55 51 -1
55 53 -1
55 56 -1
55 57 -1
55 58 -1
55 59 -1
55 60 -1
55 61 -1
55 62 1
55 63 -1
55 64 1
56 5 -1
56 16 1
56 25 1
56 39 -1
56 47 -1
56 50 -1
56 51 1
56 52 -1
56 55 -1
56 57 -1
56 58 1
56 60 -1
56 61 1
56 62 -1
56 63 -1
56 64 -1
57 6 -1
57 8 1
57 17 1
57 40 -1
57 45 -1
57 49 -1
57 50 -1
57 52 1
57 53 -1
57 54 -1
57 55 -1
57 56 -1
57 58 -1
57 60 -1
57 61 1
57 64 1
58 11 -1
58 14 1
58 20 -1
58 31 -1
58 32 -1
58 50 -1
58 51 -1
58 52 1
58 53 1
58 54 -1
58 55 -1
58 56 1
58 57 -1
58 59 -1
58 62 -1
58 64 1
59 1 -1
59 38 1
59 39 -1
59 40 -1
59 49 -1
59 50 1
59 51 -1
59 52 -1
59 53 1
59 54 -1
59 55 -1
59 58 -1
59 60 -1
59 61 -1
59 62 -1
60 6 1
60 11 -1
60 23 1
60 27 -1
60 37 1
60 49 -1
60 50 -1
60 52 -1
60 53 -1
60 55 -1
60 56 -1
60 57 -1
60 59 -1
60 61 -1
60 63 -1
60 64 -1
61 4 -1
61 8 -1
61 17 -1
61 23 -1
61 48 1
61 49 -1
61 50 1
61 52 -1
61 54 -1
61 55 -1
61 56 1
61 57 1
61 59 -1
61 60 -1
61 62 1
61 63 -1
62 3 -1
62 11 -1
62 16 1
62 18 -1
62 31 1
62 49 -1
62 51 1
62 52 -1
62 54 -1
62 55 1
62 56 -1
62 58 -1
62 59 -1
62 61 1
62 63 -1
62 64 -1
63 9 1
63 12 -1
63 27 1
63 29 -1
63 35 -1
63 49 -1
63 50 -1
63 52 1
63 53 1
63 54 1
63 55 -1
63 56 -1
63 60 -1
63 61 -1
63 62 -1
63 64 -1
64 5 -1
64 10 1
64 20 1
64 24 -1
64 32 -1
64 49 -1
64 51 1
64 52 1
64 53 1
64 55 1
64 56 -1
64 57 1
64 58 1
64 60 -1
64 62 -1
64 63 -1
