1 2 -1
1 3 1
1 4 -1
1 5 -1
1 6 1
1 8 -1
1 9 -1
1 10 1
1 12 1
1 15 1
1 16 1
1 32 1
1 33 1
1 46 1
1 47 -1
1 63 -1
2 1 -1
2 5 -1
2 6 1
2 7 1
2 8 1
2 9 1
2 11 1
2 12 -1
2 14 1
2 15 1
2 16 -1
2 33 -1
2 40 -1
2 42 1
2 57 -1
2 64 -1
3 1 1
3 4 1
3 5 -1
3 6 1
3 7 1
3 8 1
3 9 1
3 11 1
3 13 1
3 14 1
3 15 1
3 21 1
3 30 1
3 31 1
3 47 1
3 62 1
4 1 -1
4 3 1
4 6 1
4 7 -1
4 8 -1
4 9 1
4 10 1
4 11 -1
4 13 1
4 14 -1
4 16 -1
4 18 1
4 32 1
4 53 -1
4 55 1
4 64 1
5 1 -1
5 2 -1
5 3 -1
5 6 1
5 7 -1
5 10 -1
5 11 1
5 12 1
5 13 1
5 14 -1
5 15 -1
5 23 1
5 24 1
5 38 -1
5 41 1
6 1 1
6 2 1
6 3 1
6 4 1
6 5 1
6 8 -1
6 9 -1
6 10 -1
6 12 1
6 13 1
6 16 1
6 18 -1
6 34 1
6 37 1
6 53 -1
7 2 1
7 3 1
7 4 -1
7 5 -1
7 9 -1
7 10 1
7 11 -1
7 12 -1
7 13 1
7 15 1
7 16 1
7 21 1
7 25 1
7 27 -1
7 51 -1
7 60 1
8 1 -1
8 2 1
8 3 1
8 4 -1
8 6 -1
8 11 1
8 12 -1
8 13 1
8 14 1
8 15 -1
8 16 1
8 20 1
8 30 1
8 38 1
8 50 1
9 1 -1
9 2 1
9 3 1
9 4 1
9 6 -1
9 7 -1
9 10 1
9 11 1
9 12 -1
9 13 -1
9 14 1
9 23 1
9 37 1
9 41 -1
9 43 1
9 47 1
10 1 1
10 4 1
10 5 -1
10 6 -1
10 7 1
10 9 1
10 11 1
10 12 1
10 14 1
10 15 1
10 16 1
10 25 -1
10 26 -1
10 32 1
10 49 1
10 64 1
11 2 1
11 3 1
11 4 -1
11 5 1
11 7 -1
11 8 1
11 9 1
11 10 1
11 13 -1
11 15 1
11 16 1
11 21 1
11 27 1
11 38 1
11 55 1
11 64 1
12 1 1
12 2 -1
12 5 1
12 6 1
12 7 -1
12 8 -1
12 9 -1
12 10 1
12 13 -1
12 14 -1
12 15 -1
12 36 1
12 42 -1
12 46 -1
12 54 -1
13 3 1
13 4 1
13 5 1
13 6 1
13 7 1
13 8 1
13 9 -1
13 11 -1
13 12 -1
13 14 1
13 16 -1
13 20 -1
13 51 1
13 56 1
13 58 1
13 63 1
14 2 1
14 3 1
14 4 -1
14 5 -1
14 8 1
14 9 1
14 10 1
14 12 -1
14 13 1
14 15 1
14 16 -1
14 30 1
14 31 -1
14 33 1
14 39 1
14 54 1
15 1 1
15 2 1
15 3 1
15 5 -1
15 7 1
15 8 -1
15 10 1
15 11 1
15 12 -1
15 14 1
15 16 -1
15 18 -1
15 32 -1
15 50 -1
15 59 1
15 62 1
16 1 1
16 2 -1
16 4 -1
16 6 1
16 7 1
16 8 1
16 10 1
16 11 1
16 13 -1
16 14 -1
16 15 -1
16 33 1
16 37 -1
16 39 1
16 50 1
16 56 1
17 18 1
17 19 -1
17 21 1
17 22 1
17 24 -1
17 25 -1
17 27 1
17 28 1
17 29 -1
17 30 -1
17 31 1
17 37 -1
17 39 -1
17 45 1
17 61 -1
17 63 1
18 4 1
18 6 -1
18 15 -1
18 17 1
18 19 1
18 21 1
18 22 -1
18 24 1
18 25 -1
18 26 1
18 27 -1
18 28 -1
18 30 -1
18 31 1
18 49 1
18 50 1
19 17 -1
19 18 1
19 20 1
19 22 1
19 23 1
19 24 1
19 25 1
19 26 1
19 28 1
19 29 1
19 32 -1
19 42 -1
19 48 1
19 53 1
19 62 1
20 8 1
20 13 -1
20 19 1
20 21 1
20 22 -1
20 23 1
20 25 1
20 26 -1
20 27 -1
20 29 -1
20 30 -1
20 31 1
20 32 -1
20 40 -1
20 41 -1
20 61 1
21 3 1
21 7 1
21 11 1
21 17 1
21 18 1
21 20 1
21 22 -1
21 23 1
21 24 1
21 25 -1
21 27 -1
21 28 1
21 29 -1
21 31 -1
21 39 1
21 59 1
22 17 1
22 18 -1
22 19 1
22 20 -1
22 21 -1
22 23 -1
22 24 1
22 26 1
22 29 1
22 30 -1
22 32 1
22 44 1
22 56 -1
22 58 -1
23 5 1
23 9 1
23 19 1
23 20 1
23 21 1
23 22 -1
23 24 1
23 25 1
23 26 1
23 27 1
23 29 1
23 30 -1
23 32 -1
23 41 -1
23 48 1
23 55 1
24 5 1
24 17 -1
24 18 1
24 19 1
24 21 1
24 22 1
24 23 1
24 26 1
24 28 1
24 30 1
24 31 -1
24 32 -1
24 45 1
24 51 -1
24 54 -1
25 7 1
25 10 -1
25 17 -1
25 18 -1
25 19 1
25 20 1
25 21 -1
25 23 1
25 27 -1
25 28 1
25 29 1
25 30 1
25 31 -1
25 56 1
25 58 1
25 60 1
26 10 -1
26 18 1
26 19 1
26 20 -1
26 22 1
26 23 1
26 24 1
26 27 1
26 28 1
26 30 1
26 31 1
26 32 1
26 35 -1
26 43 -1
26 45 1
26 63 1
27 7 -1
27 11 1
27 17 1
27 18 -1
27 20 -1
27 21 -1
27 23 1
27 25 -1
27 26 1
27 28 1
27 29 1
27 31 -1
27 32 1
27 42 1
27 53 -1
27 64 1
28 17 1
28 18 -1
28 19 1
28 21 1
28 24 1
28 25 1
28 26 1
28 27 1
28 29 1
28 31 -1
28 32 -1
28 41 1
28 44 -1
28 57 -1
28 58 1
28 60 1
29 17 -1
29 19 1
29 20 -1
29 21 -1
29 22 1
29 23 1
29 25 1
29 27 1
29 28 1
29 30 1
29 32 -1
29 34 1
29 45 1
29 48 -1
29 49 1
30 3 1
30 8 1
30 14 1
30 17 -1
30 18 -1
30 20 -1
30 22 -1
30 23 -1
30 24 1
30 25 1
30 26 1
30 29 1
30 31 -1
30 32 1
30 40 -1
30 49 1
31 3 1
31 14 -1
31 17 1
31 18 1
31 20 1
31 21 -1
31 24 -1
31 25 -1
31 26 1
31 27 -1
31 28 -1
31 30 -1
31 32 1
31 45 1
31 47 1
31 52 -1
32 1 1
32 4 1
32 10 1
32 15 -1
32 19 -1
32 20 -1
32 22 1
32 23 -1
32 24 -1
32 26 1
32 27 1
32 28 -1
32 29 -1
32 30 1
32 31 1
32 35 1
33 1 1
33 2 -1
33 14 1
33 16 1
33 35 1
33 36 -1
33 37 1
33 38 1
33 39 -1
33 42 1
33 43 -1
33 44 -1
33 45 1
33 46 1
33 47 1
33 59 -1
34 6 1
34 29 1
34 36 -1
34 37 -1
34 38 -1
34 39 1
34 40 -1
34 41 1
34 42 1
34 44 -1
34 46 -1
34 47 1
34 48 1
34 56 1
34 57 -1
34 61 1
35 26 -1
35 32 1
35 33 1
35 36 1
35 37 -1
35 38 -1
35 40 1
35 42 1
35 43 1
35 45 1
35 46 -1
35 47 1
35 48 1
35 51 1
35 57 1
35 62 1
36 12 1
36 33 -1
36 34 -1
36 35 1
36 37 -1
36 39 -1
36 40 1
36 42 -1
36 43 1
36 44 -1
36 45 -1
36 47 -1
36 50 1
36 52 1
36 58 1
37 6 1
37 9 1
37 16 -1
37 17 -1
37 33 1
37 34 -1
37 35 -1
37 36 -1
37 38 1
37 40 1
37 41 -1
37 42 -1
37 43 1
37 44 1
37 46 1
37 55 -1
38 5 -1
38 8 1
38 11 1
38 33 1
38 34 -1
38 35 -1
38 37 1
38 39 1
38 40 1
38 41 1
38 42 1
38 44 1
38 45 -1
38 47 -1
38 52 1
39 14 1
39 16 1
39 17 -1
39 21 1
39 33 -1
39 34 1
39 36 -1
39 38 1
39 41 1
39 42 1
39 43 -1
39 45 -1
39 46 1
39 47 -1
39 48 -1
39 54 1
40 2 -1
40 20 -1
40 30 -1
40 34 -1
40 35 1
40 36 1
40 37 1
40 38 1
40 41 -1
40 42 -1
40 43 1
40 44 -1
40 46 1
40 48 -1
40 54 -1
40 60 -1
41 5 1
41 9 -1
41 20 -1
41 23 -1
41 28 1
41 34 1
41 37 -1
41 38 1
41 39 1
41 40 -1
41 43 -1
41 44 1
41 45 -1
41 46 -1
41 47 -1
41 48 1
42 2 1
42 12 -1
42 19 -1
42 27 1
42 33 1
42 34 1
42 35 1
42 36 -1
42 37 -1
42 38 1
42 39 1
42 40 -1
42 46 -1
42 47 1
42 48 1
42 57 1
43 9 1
43 26 -1
43 33 -1
43 35 1
43 36 1
43 37 1
43 39 -1
43 40 1
43 41 -1
43 44 1
43 45 1
43 47 -1
43 48 1
43 59 -1
43 61 1
43 63 1
44 22 1
44 28 -1
44 33 -1
44 34 -1
44 36 -1
44 37 1
44 38 1
44 40 -1
44 41 1
44 43 1
44 45 1
44 46 1
44 48 -1
44 59 -1
45 17 1
45 24 1
45 26 1
45 29 1
45 31 1
45 33 1
45 35 1
45 36 -1
45 38 -1
45 39 -1
45 41 -1
45 43 1
45 44 1
45 46 1
45 47 -1
45 48 1
46 1 1
46 12 -1
46 33 1
46 34 -1
46 35 -1
46 37 1
46 39 1
46 40 1
46 41 -1
46 42 -1
46 44 1
46 45 1
46 48 1
46 52 1
46 60 1
47 1 -1
47 3 1
47 9 1
47 31 1
47 33 1
47 34 1
47 35 1
47 36 -1
47 38 -1
47 39 -1
47 41 -1
47 42 1
47 43 -1
47 45 -1
47 48 -1
47 61 1
48 19 1
48 23 1
48 29 -1
48 34 1
48 35 1
48 39 -1
48 40 -1
48 41 1
48 42 1
48 43 1
48 44 -1
48 45 1
48 46 1
48 47 -1
48 51 1
48 55 -1
49 10 1
49 18 1
49 29 1
49 30 1
49 50 -1
49 51 1
49 52 -1
49 53 1
49 54 1
49 55 -1
49 57 -1
49 58 1
49 59 1
49 63 1
49 64 1
50 8 1
50 15 -1
50 16 1
50 18 1
50 36 1
50 49 -1
50 51 -1
50 53 -1
50 55 -1
50 56 1
50 58 -1
50 59 1
50 60 1
50 61 1
50 62 1
50 63 1
51 7 -1
51 13 1
51 24 -1
51 35 1
51 48 1
51 49 1
51 50 -1
51 52 -1
51 54 -1
51 55 1
51 57 1
51 58 -1
51 61 1
51 62 -1
51 63 -1
51 64 -1
52 31 -1
52 36 1
52 38 1
52 46 1
52 49 -1
52 51 -1
52 55 -1
52 56 1
52 57 -1
52 58 1
52 59 1
52 60 1
52 62 1
52 63 1
52 64 1
53 4 -1
53 6 -1
53 19 1
53 27 -1
53 49 1
53 50 -1
53 54 -1
53 55 -1
53 56 1
53 58 -1
53 59 -1
53 60 -1
53 61 -1
53 62 1
53 63 1
54 12 -1
54 14 1
54 24 -1
54 39 1
54 40 -1
54 49 1
54 51 -1
54 53 -1
54 56 1
54 57 1
54 58 -1
54 60 1
54 61 -1
54 62 -1
54 63 -1
54 64 1
55 4 1
55 11 1
55 23 1
55 37 -1
55 48 -1
55 49 -1
55 50 -1
55 51 1
55 52 -1
55 53 -1
55 56 -1
55 57 1
55 59 -1
55 60 1
55 63 1
55 64 1
56 13 1
56 16 1
56 22 -1
56 25 1
56 34 1
56 50 1
56 52 1
56 53 1
56 54 1
56 55 -1
56 57 1
56 59 1
56 60 -1
56 61 -1
56 62 1
56 63 1
57 2 -1
57 28 -1
57 34 -1
57 35 1
57 42 1
57 49 -1
57 51 1
57 52 -1
57 54 1
57 55 1
57 56 1
57 58 1
57 59 -1
57 60 1
57 61 1
57 63 -1
58 13 1
58 22 -1
58 25 1
58 28 1
58 36 1
58 49 1
58 50 -1
58 51 -1
58 52 1
58 53 -1
58 54 -1
58 57 1
58 59 -1
58 60 1
58 62 1
58 64 -1
59 15 1
59 21 1
59 33 -1
59 43 -1
59 44 -1
59 49 1
59 50 1
59 52 1
59 53 -1
59 55 -1
59 56 1
59 57 -1
59 58 -1
59 61 1
59 62 -1
59 64 1
60 7 1
60 25 1
60 28 1
60 40 -1
60 46 1
60 50 1
60 52 1
60 53 -1
60 54 1
60 55 1
60 56 -1
60 57 1
60 58 1
60 61 -1
60 62 -1
60 64 -1
61 17 -1
61 20 1
61 34 1
61 43 1
61 47 1
61 50 1
61 51 1
61 53 -1
61 54 -1
61 56 -1
61 57 1
61 59 1
61 60 -1
61 62 -1
61 63 1
61 64 -1
62 3 1
62 15 1
62 19 1
62 35 1
62 50 1
62 51 -1
62 52 1
62 53 1
62 54 -1
62 56 1
62 58 1
62 59 -1
62 60 -1
62 61 -1
62 64 1
63 1 -1
63 13 1
63 17 1
63 26 1
63 43 1
63 49 1
63 50 1
63 51 -1
63 52 1
63 53 1
63 54 -1
63 55 1
63 56 1
63 57 -1
63 61 1
63 64 1
64 2 -1
64 4 1
64 10 1
64 11 1
64 27 1
64 49 1
64 51 -1
64 52 1
64 54 1
64 55 1
64 58 -1
64 59 1
64 60 -1
64 61 -1
64 62 1
64 63 1
