1 2 -1
1 3 1
1 4 1
1 5 1
1 6 -1
1 7 -1
1 8 1
1 12 -1
1 14 -1
1 15 -1
1 16 -1
1 23 -1
1 42 1
1 59 1
1 62 -1
1 64 1
2 1 -1
2 3 1
2 4 1
2 5 -1
2 7 -1
2 9 1
2 11 1
2 13 -1
2 14 -1
2 15 1
2 16 1
2 34 -1
2 45 1
2 52 -1
2 63 -1
3 1 1
3 2 1
3 4 1
3 6 -1
3 7 1
3 9 1
3 10 -1
3 12 1
3 13 -1
3 15 1
3 16 -1
3 22 1
3 30 -1
3 32 -1
3 48 -1
3 63 1
4 1 1
4 2 1
4 3 1
4 5 1
4 6 -1
4 7 -1
4 9 -1
4 11 -1
4 12 1
4 14 -1
4 16 1
4 20 -1
4 28 1
4 49 1
4 62 1
4 63 -1
5 1 1
5 2 -1
5 4 1
5 7 -1
5 8 1
5 9 -1
5 10 1
5 11 -1
5 14 1
5 15 -1
5 16 -1
5 18 -1
5 25 1
5 43 1
5 62 -1
6 1 -1
6 3 -1
6 4 -1
6 8 -1
6 10 1
6 11 1
6 12 1
6 13 1
6 14 1
6 15 -1
6 16 -1
6 35 1
6 36 -1
6 53 1
6 59 -1
7 1 -1
7 2 -1
7 3 1
7 4 -1
7 5 -1
7 8 -1
7 9 1
7 10 -1
7 11 -1
7 12 -1
7 13 1
7 19 -1
7 29 -1
7 37 -1
7 51 1
8 1 1
8 5 1
8 6 -1
8 7 -1
8 9 -1
8 11 1
8 12 1
8 13 1
8 14 -1
8 15 -1
8 16 -1
8 19 1
8 28 1
8 50 1
8 56 -1
8 57 1
9 2 1
9 3 1
9 4 -1
9 5 -1
9 7 1
9 8 -1
9 10 -1
9 11 -1
9 12 1
9 14 1
9 16 1
9 17 1
9 37 -1
9 49 1
9 57 -1
10 3 -1
10 5 1
10 6 1
10 7 -1
10 9 -1
10 11 1
10 12 1
10 13 1
10 14 1
10 15 1
10 16 -1
10 23 -1
10 24 1
10 25 1
10 31 -1
10 35 1
11 2 1
11 4 -1
11 5 -1
11 6 1
11 7 -1
11 8 1
11 9 -1
11 10 1
11 13 1
11 14 -1
11 15 -1
11 18 -1
11 35 -1
11 46 -1
11 47 -1
11 52 1
12 1 -1
12 3 1
12 4 1
12 6 1
12 7 -1
12 8 1
12 9 1
12 10 1
12 13 1
12 14 -1
12 15 -1
12 17 1
12 30 1
12 36 -1
12 44 1
12 46 -1
13 2 -1
13 3 -1
13 6 1
13 7 1
13 8 1
13 10 1
13 11 1
13 12 1
13 14 1
13 15 1
13 16 1
13 42 -1
13 50 1
13 52 -1
13 55 1
13 61 1
14 1 -1
14 2 -1
14 4 -1
14 5 1
14 6 1
14 8 -1
14 9 1
14 10 1
14 11 -1
14 12 -1
14 13 1
14 17 1
14 33 1
14 43 1
14 57 1
14 63 1
15 1 -1
15 2 1
15 3 1
15 5 -1
15 6 -1
15 8 -1
15 10 1
15 11 -1
15 12 -1
15 13 1
15 16 -1
15 26 1
15 39 1
15 61 -1
15 62 1
15 64 1
16 1 -1
16 2 1
16 3 -1
16 4 1
16 5 -1
16 6 -1
16 8 -1
16 9 1
16 10 -1
16 13 1
16 15 -1
16 20 -1
16 23 -1
16 30 -1
16 55 1
16 58 -1
17 9 1
17 12 1
17 14 1
17 18 -1
17 20 -1
17 22 -1
17 23 1
17 25 -1
17 26 -1
17 28 1
17 29 1
17 30 1
17 31 -1
17 32 1
17 41 -1
17 42 -1
18 5 -1
18 11 -1
18 17 -1
18 19 1
18 22 1
18 24 1
18 25 1
18 26 1
18 27 -1
18 28 -1
18 29 -1
18 30 -1
18 31 1
18 33 -1
18 55 -1
18 59 1
19 7 -1
19 8 1
19 18 1
19 20 -1
19 21 1
19 22 1
19 24 -1
19 25 1
19 26 1
19 27 1
19 28 1
19 30 -1
19 31 -1
19 39 1
19 49 -1
19 50 -1
20 4 -1
20 16 -1
20 17 -1
20 19 -1
20 21 -1
20 23 1
20 24 1
20 25 1
20 26 -1
20 27 -1
20 28 -1
20 29 -1
20 32 -1
20 41 -1
20 47 1
20 60 1
21 19 1
21 20 -1
21 23 -1
21 24 1
21 25 1
21 26 -1
21 27 1
21 29 -1
21 30 -1
21 31 -1
21 32 1
21 37 -1
21 46 1
21 50 1
21 51 -1
21 59 1
22 3 1
22 17 -1
22 18 1
22 19 1
22 23 -1
22 24 -1
22 25 1
22 26 -1
22 27 1
22 29 1
22 31 -1
22 32 1
22 36 -1
22 38 1
22 56 1
22 60 -1
23 1 -1
23 10 -1
23 16 -1
23 17 1
23 20 1
23 21 -1
23 22 -1
23 24 -1
23 25 1
23 27 -1
23 28 -1
23 29 1
23 30 1
23 31 -1
23 38 -1
23 48 -1
24 10 1
24 18 1
24 19 -1
24 20 1
24 21 1
24 22 -1
24 23 -1
24 28 -1
24 29 -1
24 30 1
24 31 -1
24 32 1
24 36 1
24 37 -1
24 44 1
24 56 1
25 5 1
25 10 1
25 17 -1
25 18 1
25 19 1
25 20 1
25 21 1
25 22 1
25 23 1
25 26 -1
25 27 -1
25 28 1
25 30 -1
25 37 -1
25 44 -1
25 48 1
26 15 1
26 17 -1
26 18 1
26 19 1
26 20 -1
26 21 -1
26 22 -1
26 25 -1
26 27 -1
26 29 -1
26 31 1
26 32 -1
26 38 1
26 39 1
26 44 -1
26 45 -1
27 18 -1
27 19 1
27 20 -1
27 21 1
27 22 1
27 23 -1
27 25 -1
27 26 -1
27 28 -1
27 30 1
27 32 1
27 39 1
27 42 -1
27 44 1
27 57 1
28 4 1
28 8 1
28 17 1
28 18 -1
28 19 1
28 20 -1
28 23 -1
28 24 -1
28 25 1
28 27 -1
28 30 -1
28 31 1
28 32 1
28 34 1
28 55 -1
28 58 -1
29 7 -1
29 17 1
29 18 -1
29 20 -1
29 21 -1
29 22 1
29 23 1
29 24 -1
29 26 -1
29 30 1
29 31 1
29 32 -1
29 47 1
29 48 -1
29 51 -1
29 55 -1
30 3 -1
30 12 1
30 16 -1
30 17 1
30 18 -1
30 19 -1
30 21 -1
30 23 1
30 24 1
30 25 -1
30 27 1
30 28 -1
30 29 1
30 32 1
30 38 -1
30 40 1
31 10 -1
31 17 -1
31 18 1
31 19 -1
31 21 -1
31 22 -1
31 23 -1
31 24 -1
31 26 1
31 28 1
31 29 1
31 32 -1
31 38 1
31 50 -1
31 52 -1
31 54 1
32 3 -1
32 17 1
32 20 -1
32 21 1
32 22 1
32 24 1
32 26 -1
32 27 1
32 28 1
32 29 -1
32 30 1
32 31 -1
32 36 1
32 43 1
32 60 1
32 64 -1
33 14 1
33 18 -1
33 35 1
33 36 1
33 38 1
33 39 -1
33 40 -1
33 42 -1
33 43 -1
33 44 1
33 45 1
33 46 1
33 48 1
33 60 -1
33 61 1
33 63 1
34 2 -1
34 28 1
34 35 -1
34 36 1
34 37 1
34 39 1
34 40 1
34 41 -1
34 43 1
34 44 1
34 46 1
34 47 -1
34 48 1
34 49 -1
34 61 -1
35 6 1
35 10 1
35 11 -1
35 33 1
35 34 -1
35 37 1
35 40 1
35 41 1
35 42 -1
35 43 1
35 44 1
35 45 -1
35 46 -1
35 47 1
35 56 -1
36 6 -1
36 12 -1
36 22 -1
36 24 1
36 32 1
36 33 1
36 34 1
36 38 1
36 39 1
36 41 1
36 42 -1
36 43 -1
36 44 -1
36 46 1
36 47 -1
36 48 1
37 7 -1
37 9 -1
37 21 -1
37 24 -1
37 25 -1
37 34 1
37 35 1
37 38 -1
37 39 -1
37 40 1
37 41 -1
37 43 -1
37 44 -1
37 46 1
37 47 -1
37 48 -1
38 22 1
38 23 -1
38 26 1
38 30 -1
38 31 1
38 33 1
38 36 1
38 37 -1
38 41 1
38 42 1
38 43 -1
38 44 1
38 45 1
38 46 1
38 47 1
38 48 1
39 15 1
39 19 1
39 26 1
39 27 1
39 33 -1
39 34 1
39 36 1
39 37 -1
39 41 1
39 42 1
39 44 1
39 45 1
39 46 -1
39 47 1
39 48 -1
39 54 1
40 30 1
40 33 -1
40 34 1
40 35 1
40 37 1
40 41 1
40 42 -1
40 43 1
40 45 -1
40 46 -1
40 47 -1
40 48 1
40 58 -1
40 60 -1
40 64 -1
41 17 -1
41 20 -1
41 34 -1
41 35 1
41 36 1
41 37 -1
41 38 1
41 39 1
41 40 1
41 43 1
41 45 -1
41 47 1
41 48 -1
41 52 -1
41 58 -1
41 64 1
42 1 1
42 13 -1
42 17 -1
42 27 -1
42 33 -1
42 35 -1
42 36 -1
42 38 1
42 39 1
42 40 -1
42 43 -1
42 44 -1
42 45 1
42 46 1
42 48 1
43 5 1
43 14 1
43 32 1
43 33 -1
43 34 1
43 35 1
43 36 -1
43 37 -1
43 38 -1
43 40 1
43 41 1
43 42 -1
43 45 -1
43 47 -1
43 49 -1
43 53 1
44 12 1
44 24 1
44 25 -1
44 26 -1
44 27 1
44 33 1
44 34 1
44 35 1
44 36 -1
44 37 -1
44 38 1
44 39 1
44 42 -1
44 46 1
44 47 1
44 48 1
45 2 1
45 26 -1
45 33 1
45 35 -1
45 38 1
45 39 1
45 40 -1
45 41 -1
45 42 1
45 43 -1
45 46 1
45 47 1
45 48 1
45 53 -1
45 54 1
46 11 -1
46 12 -1
46 21 1
46 33 1
46 34 1
46 35 -1
46 36 1
46 37 1
46 38 1
46 39 -1
46 40 -1
46 42 1
46 44 1
46 45 1
46 51 -1
46 59 -1
47 11 -1
47 20 1
47 29 1
47 34 -1
47 35 1
47 36 -1
47 37 -1
47 38 1
47 39 1
47 40 -1
47 41 1
47 43 -1
47 44 1
47 45 1
47 53 1
47 54 -1
48 3 -1
48 23 -1
48 25 1
48 29 -1
48 33 1
48 34 1
48 36 1
48 37 -1
48 38 1
48 39 -1
48 40 1
48 41 -1
48 42 1
48 44 1
48 45 1
48 61 1
49 4 1
49 9 1
49 19 -1
49 34 -1
49 43 -1
49 50 -1
49 53 -1
49 55 1
49 56 -1
49 57 -1
49 58 1
49 59 -1
49 60 -1
49 61 1
49 62 -1
49 63 1
50 8 1
50 13 1
50 19 -1
50 21 1
50 31 -1
50 49 -1
50 53 -1
50 54 -1
50 55 -1
50 56 -1
50 57 -1
50 58 1
50 59 1
50 61 1
50 63 -1
50 64 1
51 7 1
51 21 -1
51 29 -1
51 46 -1
51 52 1
51 53 -1
51 54 1
51 55 1
51 56 -1
51 57 1
51 58 1
51 59 -1
51 61 -1
51 62 1
51 63 -1
52 2 -1
52 11 1
52 13 -1
52 31 -1
52 41 -1
52 51 1
52 53 -1
52 54 1
52 55 1
52 56 -1
52 57 -1
52 58 1
52 60 1
52 61 -1
52 63 1
52 64 -1
53 6 1
53 43 1
53 45 -1
53 47 1
53 49 -1
53 50 -1
53 51 -1
53 52 -1
53 55 -1
53 56 -1
53 57 -1
53 59 1
53 62 -1
53 63 -1
53 64 1
54 31 1
54 39 1
54 45 1
54 47 -1
54 50 -1
54 51 1
54 52 1
54 55 1
54 56 1
54 57 1
54 58 1
54 60 -1
54 61 1
54 62 -1
54 64 -1
55 13 1
55 16 1
55 18 -1
55 28 -1
55 29 -1
55 49 1
55 50 -1
55 51 1
55 52 1
55 53 -1
55 54 1
55 56 -1
55 57 1
55 60 -1
55 63 1
55 64 -1
56 8 -1
56 22 1
56 24 1
56 35 -1
56 49 -1
56 50 -1
56 51 -1
56 52 -1
56 53 -1
56 54 1
56 55 -1
56 59 1
56 61 1
56 62 1
56 64 -1
57 8 1
57 9 -1
57 14 1
57 27 1
57 49 -1
57 50 -1
57 51 1
57 52 -1
57 53 -1
57 54 1
57 55 1
57 59 -1
57 60 -1
57 62 -1
57 63 1
58 16 -1
58 28 -1
58 40 -1
58 41 -1
58 49 1
58 50 1
58 51 1
58 52 1
58 54 1
58 59 1
58 60 1
58 61 -1
58 62 -1
58 63 -1
58 64 -1
59 1 1
59 6 -1
59 18 1
59 21 1
59 46 -1
59 49 -1
59 50 1
59 51 -1
59 53 1
59 56 1
59 57 -1
59 58 1
59 60 1
59 61 1
59 62 1
59 64 -1
60 20 1
60 22 -1
60 32 1
60 33 -1
60 40 -1
60 49 -1
60 52 1
60 54 -1
60 55 -1
60 57 -1
60 58 1
60 59 1
60 61 -1
60 62 -1
60 63 -1
60 64 -1
61 13 1
61 15 -1
61 33 1
61 34 -1
61 48 1
61 49 1
61 50 1
61 51 -1
61 52 -1
61 54 1
61 56 1
61 58 -1
61 59 1
61 60 -1
61 62 -1
61 64 1
62 1 -1
62 4 1
62 5 -1
62 15 1
62 49 -1
62 51 1
62 53 -1
62 54 -1
62 56 1
62 57 -1
62 58 -1
62 59 1
62 60 -1
62 61 -1
62 63 -1
63 2 -1
63 3 1
63 4 -1
63 14 1
63 33 1
63 49 1
63 50 -1
63 51 -1
63 52 1
63 53 -1
63 55 1
63 57 1
63 58 -1
63 60 -1
63 62 -1
63 64 -1
64 1 1
64 15 1
64 32 -1
64 40 -1
64 41 1
64 50 1
64 52 -1
64 53 1
64 54 -1
64 55 -1
64 56 -1
64 58 -1
64 59 -1
64 60 -1
64 61 1
64 63 -1
