1 2 -1
1 3 -1
1 4 -1
1 6 -1
1 8 -1
1 9 1
1 10 -1
1 12 -1
1 14 1
1 15 -1
1 16 -1
1 28 -1
1 30 -1
1 32 -1
1 40 -1
2 1 -1
2 3 -1
2 5 -1
2 6 1
2 8 -1
2 9 -1
2 12 -1
2 13 -1
2 14 -1
2 15 -1
2 16 1
2 24 -1
2 37 -1
2 41 -1
2 44 -1
2 61 1
3 1 -1
3 2 -1
3 4 -1
3 5 -1
3 6 1
3 9 -1
3 10 -1
3 13 -1
3 14 1
3 15 -1
3 16 -1
3 20 -1
3 25 -1
3 40 -1
3 46 1
3 48 -1
4 1 -1
4 3 -1
4 5 -1
4 6 -1
4 7 1
4 8 -1
4 9 -1
4 10 -1
4 11 -1
4 12 -1
4 13 -1
4 25 -1
4 27 -1
4 39 -1
4 42 -1
4 45 -1
5 2 -1
5 3 -1
5 4 -1
5 6 -1
5 7 1
5 9 -1
5 11 -1
5 13 -1
5 14 -1
5 15 -1
5 16 -1
5 32 -1
5 35 -1
5 46 -1
5 47 1
5 53 -1
6 1 -1
6 2 1
6 3 1
6 4 -1
6 5 -1
6 7 -1
6 8 -1
6 11 -1
6 12 -1
6 13 -1
6 16 -1
6 46 -1
6 49 -1
6 58 -1
6 62 -1
7 4 1
7 5 1
7 6 -1
7 8 -1
7 9 -1
7 10 -1
7 12 -1
7 13 1
7 14 -1
7 15 -1
7 16 -1
7 19 1
7 29 -1
7 31 -1
7 41 -1
7 44 -1
8 1 -1
8 2 -1
8 4 -1
8 6 -1
8 7 -1
8 10 -1
8 11 -1
8 12 -1
8 13 -1
8 14 -1
8 16 -1
8 27 1
8 29 -1
8 47 -1
8 56 -1
8 58 -1
9 1 1
9 2 -1
9 3 -1
9 4 -1
9 5 -1
9 7 -1
9 10 -1
9 11 -1
9 12 -1
9 13 -1
9 15 -1
9 38 1
9 42 -1
9 49 -1
9 52 1
9 63 -1
10 1 -1
10 3 -1
10 4 -1
10 7 -1
10 8 -1
10 9 -1
10 11 -1
10 12 -1
10 14 1
10 15 -1
10 16 -1
10 20 -1
10 30 -1
10 50 -1
10 54 -1
10 55 -1
11 4 -1
11 5 -1
11 6 -1
11 8 -1
11 9 -1
11 10 -1
11 12 -1
11 13 -1
11 14 -1
11 15 -1
11 16 -1
11 32 -1
11 35 -1
11 43 -1
11 44 -1
11 50 -1
12 1 -1
12 2 -1
12 4 -1
12 6 -1
12 7 -1
12 8 -1
12 9 -1
12 10 -1
12 11 -1
12 14 -1
12 15 -1
12 38 -1
12 40 -1
12 43 -1
12 54 1
12 64 -1
13 2 -1
13 3 -1
13 4 -1
13 5 -1
13 6 -1
13 7 1
13 8 -1
13 9 -1
13 11 -1
13 14 -1
13 15 -1
13 23 -1
13 43 -1
13 53 -1
13 55 -1
13 57 -1
14 1 1
14 2 -1
14 3 1
14 5 -1
14 7 -1
14 8 -1
14 10 1
14 11 -1
14 12 -1
14 13 -1
14 16 -1
14 24 -1
14 33 -1
14 48 -1
14 59 -1
14 64 -1
15 1 -1
15 2 -1
15 3 -1
15 5 -1
15 7 -1
15 9 -1
15 10 -1
15 11 -1
15 12 -1
15 13 -1
15 16 -1
15 35 -1
15 36 -1
15 38 -1
15 57 -1
15 59 -1
16 1 -1
16 2 1
16 3 -1
16 5 -1
16 6 -1
16 7 -1
16 8 -1
16 10 -1
16 11 -1
16 14 -1
16 15 -1
16 18 -1
16 23 -1
16 26 -1
16 56 -1
17 19 -1
17 20 -1
17 21 -1
17 24 -1
17 25 1
17 26 -1
17 27 -1
17 28 -1
17 30 -1
17 31 -1
17 32 -1
17 33 -1
17 39 -1
17 46 -1
17 62 -1
17 63 -1
18 16 -1
18 19 -1
18 20 -1
18 21 -1
18 22 1
18 23 -1
18 26 -1
18 27 -1
18 28 -1
18 29 -1
18 31 -1
18 32 -1
18 38 -1
18 41 -1
18 56 -1
19 7 1
19 17 -1
19 18 -1
19 20 1
19 21 -1
19 22 -1
19 23 -1
19 24 -1
19 26 -1
19 27 1
19 29 1
19 30 -1
19 36 1
19 44 -1
19 50 -1
19 61 -1
20 3 -1
20 10 -1
20 17 -1
20 18 -1
20 19 1
20 22 -1
20 23 -1
20 26 1
20 28 1
20 29 1
20 30 -1
20 31 1
20 32 1
20 33 -1
20 51 -1
20 52 -1
21 17 -1
21 18 -1
21 19 -1
21 23 -1
21 24 -1
21 25 -1
21 26 -1
21 27 1
21 29 -1
21 30 -1
21 31 1
21 34 -1
21 36 -1
21 37 -1
21 49 -1
21 61 -1
22 18 1
22 19 -1
22 20 -1
22 23 -1
22 24 1
22 25 -1
22 26 -1
22 28 -1
22 29 -1
22 31 -1
22 32 -1
22 54 -1
22 55 -1
22 59 -1
22 60 -1
23 13 -1
23 16 -1
23 18 -1
23 19 -1
23 20 -1
23 21 -1
23 22 -1
23 25 -1
23 26 -1
23 27 -1
23 30 -1
23 31 -1
23 32 -1
23 40 -1
23 48 -1
23 50 -1
24 2 -1
24 14 -1
24 17 -1
24 19 -1
24 21 -1
24 22 1
24 25 -1
24 27 -1
24 28 -1
24 29 -1
24 30 -1
24 31 -1
24 32 -1
24 34 -1
24 36 -1
24 55 -1
25 3 -1
25 4 -1
25 17 1
25 21 -1
25 22 -1
25 23 -1
25 24 -1
25 26 -1
25 27 -1
25 28 -1
25 29 -1
25 31 -1
25 32 -1
25 48 -1
25 50 -1
25 62 -1
26 16 -1
26 17 -1
26 18 -1
26 19 -1
26 20 1
26 21 -1
26 22 -1
26 23 -1
26 25 -1
26 27 -1
26 28 -1
26 30 -1
26 52 -1
26 57 1
26 60 -1
26 64 -1
27 4 -1
27 8 1
27 17 -1
27 18 -1
27 19 1
27 21 1
27 23 -1
27 24 -1
27 25 -1
27 26 -1
27 28 -1
27 29 -1
27 32 -1
27 46 -1
27 48 -1
27 54 -1
28 1 -1
28 17 -1
28 18 -1
28 20 1
28 22 -1
28 24 -1
28 25 -1
28 26 -1
28 27 -1
28 29 -1
28 30 -1
28 32 1
28 34 -1
28 35 -1
28 51 -1
28 64 -1
29 7 -1
29 8 -1
29 18 -1
29 19 1
29 20 1
29 21 -1
29 22 -1
29 24 -1
29 25 -1
29 27 -1
29 28 -1
29 30 -1
29 31 -1
29 37 -1
29 58 -1
29 62 -1
30 1 -1
30 10 -1
30 17 -1
30 19 -1
30 20 -1
30 21 -1
30 23 -1
30 24 -1
30 26 -1
30 28 -1
30 29 -1
30 31 -1
30 32 -1
30 43 -1
30 47 -1
30 53 -1
31 7 -1
31 17 -1
31 18 -1
31 20 1
31 21 1
31 22 -1
31 23 -1
31 24 -1
31 25 -1
31 29 -1
31 30 -1
31 32 -1
31 38 1
31 49 -1
31 60 -1
32 1 -1
32 5 -1
32 11 -1
32 17 -1
32 18 -1
32 20 1
32 22 -1
32 23 -1
32 24 -1
32 25 -1
32 27 -1
32 28 1
32 30 -1
32 31 -1
32 39 -1
32 57 -1
33 14 -1
33 17 -1
33 20 -1
33 34 -1
33 35 -1
33 36 -1
33 38 -1
33 39 -1
33 40 -1
33 41 -1
33 42 -1
33 43 -1
33 46 -1
33 48 -1
33 51 1
33 63 -1
34 21 -1
34 24 -1
34 28 -1
34 33 -1
34 35 -1
34 36 -1
34 37 -1
34 38 -1
34 42 -1
34 43 -1
34 45 -1
34 46 1
34 47 -1
34 48 -1
34 52 -1
34 61 -1
35 5 -1
35 11 -1
35 15 -1
35 28 -1
35 33 -1
35 34 -1
35 36 -1
35 37 -1
35 38 -1
35 41 -1
35 43 1
35 44 -1
35 46 -1
35 47 -1
35 48 -1
35 55 -1
36 15 -1
36 19 1
36 21 -1
36 24 -1
36 33 -1
36 34 -1
36 35 -1
36 37 -1
36 39 -1
36 42 1
36 43 -1
36 44 -1
36 45 -1
36 47 -1
36 48 -1
36 53 -1
37 2 -1
37 21 -1
37 29 -1
37 34 -1
37 35 -1
37 36 -1
37 38 -1
37 40 -1
37 42 -1
37 43 -1
37 44 -1
37 45 -1
37 46 -1
37 48 -1
37 54 -1
37 59 -1
38 9 1
38 12 -1
38 15 -1
38 18 -1
38 31 1
38 33 -1
38 34 -1
38 35 -1
38 37 -1
38 39 -1
38 40 -1
38 41 -1
38 43 -1
38 44 -1
38 45 -1
38 47 -1
39 4 -1
39 17 -1
39 32 -1
39 33 -1
39 36 -1
39 38 -1
39 40 -1
39 41 -1
39 42 -1
39 43 -1
39 44 -1
39 46 -1
39 47 -1
39 48 -1
39 52 -1
39 62 -1
40 1 -1
40 3 -1
40 12 -1
40 23 -1
40 33 -1
40 37 -1
40 38 -1
40 39 -1
40 41 -1
40 43 -1
40 44 -1
40 45 -1
40 46 -1
40 47 -1
40 48 1
41 2 -1
41 7 -1
41 18 -1
41 33 -1
41 35 -1
41 38 -1
41 39 -1
41 40 -1
41 42 -1
41 44 -1
41 45 -1
41 46 -1
41 47 -1
41 48 -1
41 53 -1
41 63 -1
42 4 -1
42 9 -1
42 33 -1
42 34 -1
42 36 1
42 37 -1
42 39 -1
42 41 -1
42 43 -1
42 44 -1
42 45 -1
42 46 -1
42 48 -1
42 51 -1
42 57 -1
42 63 -1
43 11 -1
43 12 -1
43 13 -1
43 30 -1
43 33 -1
43 34 -1
43 35 1
43 36 -1
43 37 -1
43 38 -1
43 39 -1
43 40 -1
43 42 -1
43 45 -1
43 46 -1
43 64 -1
44 2 -1
44 7 -1
44 11 -1
44 19 -1
44 35 -1
44 36 -1
44 37 -1
44 38 -1
44 39 -1
44 40 -1
44 41 -1
44 42 -1
44 45 -1
44 46 -1
44 47 -1
44 51 -1
45 4 -1
45 34 -1
45 36 -1
45 37 -1
45 38 -1
45 40 -1
45 41 -1
45 42 -1
45 43 -1
45 44 -1
45 47 -1
45 48 -1
45 56 -1
45 59 -1
45 60 -1
46 3 1
46 5 -1
46 6 -1
46 17 -1
46 27 -1
46 33 -1
46 34 1
46 35 -1
46 37 -1
46 39 -1
46 40 -1
46 41 -1
46 42 -1
46 43 -1
46 44 -1
46 47 1
47 5 1
47 8 -1
47 30 -1
47 34 -1
47 35 -1
47 36 -1
47 38 -1
47 39 -1
47 40 -1
47 41 -1
47 44 -1
47 45 -1
47 46 1
47 48 1
47 58 -1
47 61 -1
48 3 -1
48 14 -1
48 23 -1
48 25 -1
48 27 -1
48 33 -1
48 34 -1
48 35 -1
48 36 -1
48 37 -1
48 39 -1
48 40 1
48 41 -1
48 42 -1
48 45 -1
48 47 1
49 6 -1
49 9 -1
49 21 -1
49 31 -1
49 50 -1
49 51 -1
49 53 -1
49 55 1
49 56 -1
49 57 -1
49 58 -1
49 59 -1
49 61 -1
49 62 -1
49 63 -1
50 10 -1
50 11 -1
50 19 -1
50 23 -1
50 25 -1
50 49 -1
50 51 -1
50 53 -1
50 54 -1
50 55 -1
50 56 -1
50 58 -1
50 60 -1
50 62 -1
50 63 1
50 64 -1
51 20 -1
51 28 -1
51 33 1
51 42 -1
51 44 -1
51 49 -1
51 50 -1
51 52 -1
51 54 -1
51 55 -1
51 58 -1
51 59 -1
51 60 -1
51 61 -1
51 62 -1
51 64 -1
52 9 1
52 20 -1
52 26 -1
52 34 -1
52 39 -1
52 51 -1
52 53 -1
52 54 -1
52 55 -1
52 57 -1
52 58 -1
52 59 -1
52 60 -1
52 61 -1
52 62 -1
52 63 -1
53 5 -1
53 13 -1
53 30 -1
53 36 -1
53 41 -1
53 49 -1
53 50 -1
53 52 -1
53 54 -1
53 55 -1
53 56 -1
53 57 -1
53 59 -1
53 60 -1
53 61 1
53 62 -1
54 10 -1
54 12 1
54 22 -1
54 27 -1
54 37 -1
54 50 -1
54 51 -1
54 52 -1
54 53 -1
54 55 -1
54 58 -1
54 59 -1
54 60 -1
54 62 1
54 63 1
54 64 -1
55 10 -1
55 13 -1
55 22 -1
55 24 -1
55 35 -1
55 49 1
55 50 -1
55 51 -1
55 52 -1
55 53 -1
55 54 -1
55 56 -1
55 58 -1
55 59 -1
55 61 -1
55 62 -1
56 8 -1
56 16 -1
56 18 -1
56 45 -1
56 49 -1
56 50 -1
56 53 -1
56 55 -1
56 57 -1
56 58 1
56 59 -1
56 60 -1
56 61 -1
56 63 -1
56 64 -1
57 13 -1
57 15 -1
57 26 1
57 32 -1
57 42 -1
57 49 -1
57 52 -1
57 53 -1
57 56 -1
57 58 1
57 59 -1
57 60 -1
57 61 1
57 62 -1
57 63 -1
57 64 -1
58 6 -1
58 8 -1
58 29 -1
58 47 -1
58 49 -1
58 50 -1
58 51 -1
58 52 -1
58 54 -1
58 55 -1
58 56 1
58 57 1
58 60 -1
58 63 1
58 64 -1
59 14 -1
59 15 -1
59 22 -1
59 37 -1
59 45 -1
59 49 -1
59 51 -1
59 52 -1
59 53 -1
59 54 -1
59 55 -1
59 56 -1
59 57 -1
59 61 -1
59 63 -1
59 64 -1
60 22 -1
60 26 -1
60 31 -1
60 45 -1
60 50 -1
60 51 -1
60 52 -1
60 53 -1
60 54 -1
60 56 -1
60 57 -1
60 58 -1
60 61 -1
60 63 -1
60 64 -1
61 2 1
61 19 -1
61 21 -1
61 34 -1
61 47 -1
61 49 -1
61 51 -1
61 52 -1
61 53 1
61 55 -1
61 56 -1
61 57 1
61 59 -1
61 60 -1
61 62 -1
61 64 -1
62 6 -1
62 17 -1
62 25 -1
62 29 -1
62 39 -1
62 49 -1
62 50 -1
62 51 -1
62 52 -1
62 53 -1
62 54 1
62 55 -1
62 57 -1
62 61 -1
62 63 -1
62 64 -1
63 9 -1
63 17 -1
63 33 -1
63 41 -1
63 42 -1
63 49 -1
63 50 1
63 52 -1
63 54 1
63 56 -1
63 57 -1
63 58 1
63 59 -1
63 60 -1
63 62 -1
63 64 -1
64 12 -1
64 14 -1
64 26 -1
64 28 -1
64 43 -1
64 50 -1
64 51 -1
64 54 -1
64 56 -1
64 57 -1
64 58 -1
64 59 -1
64 60 -1
64 61 -1
64 62 -1
64 63 -1
