1 2 1
1 3 -1
1 4 1
1 6 1
1 7 1
1 8 1
1 10 1
1 11 1
1 13 1
1 14 -1
1 16 -1
1 27 1
1 30 1
1 41 1
1 57 1
1 63 1
2 1 1
2 3 -1
2 4 1
2 5 1
2 6 1
2 7 1
2 8 1
2 9 -1
2 10 -1
2 12 1
2 16 1
2 24 1
2 38 1
2 48 1
2 55 1
2 64 1
3 1 -1
3 2 -1
3 5 1
3 6 1
3 7 -1
3 9 1
3 11 1
3 12 1
3 13 1
3 15 1
3 16 1
3 19 1
3 22 1
3 23 1
3 27 1
4 1 1
4 2 1
4 5 1
4 6 -1
4 8 1
4 9 1
4 10 -1
4 11 -1
4 13 1
4 14 1
4 16 1
4 18 1
4 37 1
4 44 1
4 48 -1
4 58 1
5 2 1
5 3 1
5 4 1
5 7 1
5 8 1
5 10 1
5 11 1
5 12 -1
5 13 -1
5 14 1
5 16 1
5 35 1
5 37 1
5 40 1
5 52 1
5 64 1
6 1 1
6 2 1
6 3 1
6 4 -1
6 7 1
6 8 1
6 11 1
6 12 1
6 13 -1
6 14 1
6 15 -1
6 25 1
6 28 1
6 42 -1
6 44 1
6 61 1
7 1 1
7 2 1
7 3 -1
7 5 1
7 6 1
7 9 -1
7 10 1
7 11 1
7 13 -1
7 14 1
7 15 -1
7 36 -1
7 50 1
7 56 -1
7 58 1
7 63 -1
8 1 1
8 2 1
8 4 1
8 5 1
8 6 1
8 9 1
8 10 1
8 12 1
8 13 1
8 15 1
8 16 -1
8 19 1
8 26 1
8 32 1
8 44 -1
8 56 1
9 2 -1
9 3 1
9 4 1
9 7 -1
9 8 1
9 10 1
9 11 1
9 12 1
9 14 1
9 15 1
9 16 1
9 28 1
9 48 1
9 49 1
9 53 1
10 1 1
10 2 -1
10 4 -1
10 5 1
10 7 1
10 8 1
10 9 1
10 11 1
10 12 1
10 15 1
10 16 1
10 18 1
10 30 1
10 32 1
10 50 1
10 52 1
11 1 1
11 3 1
11 4 -1
11 5 1
11 6 1
11 7 1
11 9 1
11 10 1
11 12 -1
11 14 1
11 15 1
11 25 1
11 26 1
11 27 1
11 44 1
11 47 1
12 2 1
12 3 1
12 5 -1
12 6 1
12 8 1
12 9 1
12 10 1
12 11 -1
12 13 1
12 14 1
12 15 1
12 31 1
12 41 1
12 43 -1
12 47 1
12 63 -1
13 1 1
13 3 1
13 4 1
13 5 -1
13 6 -1
13 7 -1
13 8 1
13 12 1
13 14 1
13 15 1
13 16 1
13 25 1
13 28 -1
13 60 1
13 63 -1
14 1 -1
14 4 1
14 5 1
14 6 1
14 7 1
14 9 1
14 11 1
14 12 1
14 13 1
14 15 1
14 16 -1
14 21 1
14 22 1
14 36 1
14 55 -1
14 57 -1
15 3 1
15 6 -1
15 7 -1
15 8 1
15 9 1
15 10 1
15 11 1
15 12 1
15 13 1
15 14 1
15 16 1
15 31 1
15 42 1
15 52 1
15 53 1
15 57 1
16 1 -1
16 2 1
16 3 1
16 4 1
16 5 1
16 8 -1
16 9 1
16 10 1
16 13 1
16 14 -1
16 15 1
16 43 1
16 52 1
16 57 -1
16 58 -1
16 64 1
17 19 -1
17 21 -1
17 22 -1
17 23 1
17 24 1
17 26 1
17 28 1
17 29 1
17 30 1
17 31 1
17 32 1
17 35 1
17 39 1
17 45 1
17 51 1
17 60 1
18 4 1
18 10 1
18 20 1
18 21 1
18 22 -1
18 23 1
18 24 1
18 25 1
18 26 -1
18 27 1
18 28 1
18 29 1
18 31 1
18 36 1
18 53 -1
18 62 1
19 3 1
19 8 1
19 17 -1
19 21 1
19 22 -1
19 23 1
19 24 1
19 27 1
19 28 1
19 29 1
19 30 1
19 31 1
19 32 1
19 56 1
19 59 1
19 60 -1
20 18 1
20 21 -1
20 22 1
20 23 1
20 24 1
20 25 -1
20 26 1
20 28 1
20 29 1
20 31 1
20 32 -1
20 35 1
20 36 1
20 40 1
20 42 1
20 62 -1
21 14 1
21 17 -1
21 18 1
21 19 1
21 20 -1
21 22 1
21 23 1
21 24 1
21 26 -1
21 27 1
21 30 1
21 32 -1
21 34 1
21 37 1
21 45 1
22 3 1
22 14 1
22 17 -1
22 18 -1
22 19 -1
22 20 1
22 21 1
22 24 1
22 25 -1
22 27 1
22 29 1
22 30 1
22 32 1
22 46 1
22 48 1
22 61 1
23 3 1
23 17 1
23 18 1
23 19 1
23 20 1
23 21 1
23 25 1
23 26 -1
23 27 1
23 30 -1
23 31 1
23 32 1
23 50 1
23 54 1
23 62 1
24 2 1
24 17 1
24 18 1
24 19 1
24 20 1
24 21 1
24 22 1
24 25 1
24 26 1
24 28 1
24 30 1
24 31 1
24 42 1
24 48 1
24 49 1
24 59 -1
25 6 1
25 11 1
25 13 1
25 18 1
25 20 -1
25 22 -1
25 23 1
25 24 1
25 26 1
25 27 1
25 28 1
25 29 1
25 30 1
25 32 -1
25 41 1
25 50 1
26 8 1
26 11 1
26 17 1
26 18 -1
26 20 1
26 21 -1
26 23 -1
26 24 1
26 25 1
26 27 1
26 28 1
26 29 -1
26 31 1
26 41 1
26 46 1
26 57 1
27 1 1
27 3 1
27 11 1
27 18 1
27 19 1
27 21 1
27 22 1
27 23 1
27 25 1
27 26 1
27 29 1
27 30 1
27 31 1
27 32 1
27 42 1
27 60 1
28 6 1
28 9 1
28 13 -1
28 17 1
28 18 1
28 19 1
28 20 1
28 24 1
28 25 1
28 26 1
28 29 -1
28 30 1
28 31 1
28 32 1
29 17 1
29 18 1
29 19 1
29 20 1
29 22 1
29 25 1
29 26 -1
29 27 1
29 28 -1
29 30 -1
29 32 -1
29 33 1
29 37 1
29 51 1
29 58 1
30 1 1
30 10 1
30 17 1
30 19 1
30 21 1
30 22 1
30 23 -1
30 24 1
30 25 1
30 27 1
30 28 1
30 29 -1
30 31 1
30 38 1
30 46 1
31 12 1
31 15 1
31 17 1
31 18 1
31 19 1
31 20 1
31 23 1
31 24 1
31 26 1
31 27 1
31 28 1
31 30 1
31 32 1
31 43 1
31 50 1
31 64 -1
32 8 1
32 10 1
32 17 1
32 19 1
32 20 -1
32 21 -1
32 22 1
32 23 1
32 25 -1
32 27 1
32 28 1
32 29 -1
32 31 1
32 38 1
32 40 1
32 51 1
33 29 1
33 35 -1
33 36 1
33 38 -1
33 39 1
33 41 1
33 42 -1
33 43 1
33 44 1
33 45 1
33 47 -1
33 48 1
33 52 1
33 54 1
33 58 1
34 21 1
34 35 -1
34 36 1
34 37 -1
34 38 1
34 39 1
34 40 1
34 41 -1
34 42 1
34 43 1
34 44 1
34 46 1
34 51 -1
34 55 1
34 63 1
35 5 1
35 17 1
35 20 1
35 33 -1
35 34 -1
35 36 -1
35 37 1
35 39 1
35 40 1
35 42 1
35 44 -1
35 46 1
35 47 1
35 48 1
35 53 1
35 59 -1
36 7 -1
36 14 1
36 18 1
36 20 1
36 33 1
36 34 1
36 35 -1
36 37 1
36 38 1
36 41 1
36 42 1
36 43 -1
36 44 -1
36 45 1
36 48 1
36 49 1
37 4 1
37 5 1
37 21 1
37 29 1
37 34 -1
37 35 1
37 36 1
37 39 -1
37 40 1
37 41 1
37 42 1
37 44 1
37 45 -1
37 46 1
37 48 1
37 62 1
38 2 1
38 30 1
38 32 1
38 33 -1
38 34 1
38 36 1
38 40 1
38 42 1
38 43 1
38 44 1
38 45 1
38 46 1
38 47 1
38 48 1
38 55 1
39 17 1
39 33 1
39 34 1
39 35 1
39 37 -1
39 40 1
39 41 1
39 42 -1
39 45 1
39 46 1
39 47 1
39 48 1
39 53 1
39 54 1
39 61 1
40 5 1
40 20 1
40 32 1
40 34 1
40 35 1
40 37 1
40 38 1
40 39 1
40 41 1
40 43 1
40 44 1
40 45 1
40 46 -1
40 47 1
40 56 1
40 62 1
41 1 1
41 12 1
41 25 1
41 26 1
41 33 1
41 34 -1
41 36 1
41 37 1
41 39 1
41 40 1
41 42 1
41 43 1
41 44 -1
41 46 1
41 47 1
41 49 1
42 6 -1
42 15 1
42 20 1
42 24 1
42 27 1
42 33 -1
42 34 1
42 35 1
42 36 1
42 37 1
42 38 1
42 39 -1
42 41 1
42 45 1
42 47 1
42 48 1
43 12 -1
43 16 1
43 31 1
43 33 1
43 34 1
43 36 -1
43 38 1
43 40 1
43 41 1
43 44 1
43 45 1
43 46 1
43 47 1
43 48 1
43 49 1
43 61 1
44 4 1
44 6 1
44 8 -1
44 11 1
44 33 1
44 34 1
44 35 -1
44 36 -1
44 37 1
44 38 1
44 40 1
44 41 -1
44 43 1
44 45 1
44 47 1
44 59 1
45 17 1
45 21 1
45 33 1
45 36 1
45 37 -1
45 38 1
45 39 1
45 40 1
45 42 1
45 43 1
45 44 1
45 46 1
45 48 -1
45 54 1
45 59 -1
45 61 1
46 22 1
46 26 1
46 30 1
46 34 1
46 35 1
46 37 1
46 38 1
46 39 1
46 40 -1
46 41 1
46 43 1
46 45 1
46 47 -1
46 48 -1
46 56 -1
46 64 1
47 11 1
47 12 1
47 33 -1
47 35 1
47 38 1
47 39 1
47 40 1
47 41 1
47 42 1
47 43 1
47 44 1
47 46 -1
47 48 1
47 51 1
47 55 1
47 60 1
48 2 1
48 4 -1
48 9 1
48 22 1
48 24 1
48 33 1
48 35 1
48 36 1
48 37 1
48 38 1
48 39 1
48 42 1
48 43 1
48 45 -1
48 46 -1
48 47 1
49 9 1
49 24 1
49 36 1
49 41 1
49 43 1
49 50 -1
49 51 1
49 53 1
49 54 1
49 55 1
49 57 -1
49 58 1
49 59 1
49 61 1
49 63 1
49 64 1
50 7 1
50 10 1
50 23 1
50 25 1
50 31 1
50 49 -1
50 51 -1
50 52 1
50 53 1
50 54 1
50 55 1
50 57 1
50 58 -1
50 60 1
50 62 1
50 63 -1
51 17 1
51 29 1
51 32 1
51 34 -1
51 47 1
51 49 1
51 50 -1
51 53 1
51 55 1
51 56 -1
51 58 1
51 60 1
51 61 1
51 62 -1
51 63 -1
51 64 1
52 5 1
52 10 1
52 15 1
52 16 1
52 33 1
52 50 1
52 53 1
52 54 1
52 55 -1
52 56 1
52 57 1
52 58 1
52 59 1
52 61 1
52 62 1
52 64 1
53 9 1
53 15 1
53 18 -1
53 35 1
53 39 1
53 49 1
53 50 1
53 51 1
53 52 1
53 55 1
53 56 -1
53 58 -1
53 59 1
53 60 1
53 62 1
53 64 -1
54 23 1
54 33 1
54 39 1
54 45 1
54 49 1
54 50 1
54 52 1
54 55 -1
54 57 1
54 58 -1
54 59 1
54 60 -1
54 61 1
54 62 -1
54 64 -1
55 2 1
55 14 -1
55 34 1
55 38 1
55 47 1
55 49 1
55 50 1
55 51 1
55 52 -1
55 53 1
55 54 -1
55 58 1
55 59 1
55 61 1
55 62 1
55 63 1
56 7 -1
56 8 1
56 19 1
56 40 1
56 46 -1
56 51 -1
56 52 1
56 53 -1
56 57 1
56 58 1
56 59 1
56 60 1
56 61 1
56 62 1
56 63 1
56 64 1
57 1 1
57 14 -1
57 15 1
57 16 -1
57 26 1
57 49 -1
57 50 1
57 52 1
57 54 1
57 56 1
57 58 1
57 59 1
57 60 1
57 61 1
57 63 -1
57 64 1
58 4 1
58 7 1
58 16 -1
58 29 1
58 33 1
58 49 1
58 50 -1
58 51 1
58 52 1
58 53 -1
58 54 -1
58 55 1
58 56 1
58 57 1
58 61 1
58 63 1
59 19 1
59 24 -1
59 35 -1
59 44 1
59 45 -1
59 49 1
59 52 1
59 53 1
59 54 1
59 55 1
59 56 1
59 57 1
59 60 1
59 61 1
59 62 1
59 63 1
60 13 1
60 17 1
60 19 -1
60 27 1
60 47 1
60 50 1
60 51 1
60 53 1
60 54 -1
60 56 1
60 57 1
60 59 1
60 61 -1
60 62 1
60 63 1
60 64 1
61 6 1
61 22 1
61 39 1
61 43 1
61 45 1
61 49 1
61 51 1
61 52 1
61 54 1
61 55 1
61 56 1
61 57 1
61 58 1
61 59 1
61 60 -1
61 64 -1
62 18 1
62 20 -1
62 23 1
62 37 1
62 40 1
62 50 1
62 51 -1
62 52 1
62 53 1
62 54 -1
62 55 1
62 56 1
62 59 1
62 60 1
62 63 1
62 64 1
63 1 1
63 7 -1
63 12 -1
63 13 -1
63 34 1
63 49 1
63 50 -1
63 51 -1
63 55 1
63 56 1
63 57 -1
63 58 1
63 59 1
63 60 1
63 62 1
63 64 1
64 2 1
64 5 1
64 16 1
64 31 -1
64 46 1
64 49 1
64 51 1
64 52 1
64 53 -1
64 54 -1
64 56 1
64 57 1
64 60 1
64 61 -1
64 62 1
64 63 1
