1 3 1
1 4 -1
1 5 -1
1 6 -1
1 7 -1
1 8 -1
1 10 -1
1 12 -1
1 13 -1
1 14 -1
1 15 -1
1 31 -1
1 36 -1
1 42 1
1 50 -1
1 64 -1
2 3 -1
2 4 -1
2 5 -1
2 6 -1
2 7 1
2 8 -1
2 9 -1
2 10 -1
2 11 1
2 15 -1
2 16 -1
2 43 -1
2 46 1
2 49 -1
2 58 -1
3 1 1
3 2 -1
3 4 -1
3 7 -1
3 8 -1
3 9 -1
3 11 -1
3 12 -1
3 13 1
3 14 -1
3 15 1
3 22 -1
3 23 -1
3 26 1
3 57 -1
3 60 -1
4 1 -1
4 2 -1
4 3 -1
4 5 -1
4 6 1
4 8 -1
4 11 -1
4 12 -1
4 14 -1
4 15 -1
4 16 -1
4 18 -1
4 20 -1
4 28 -1
4 32 -1
4 40 1
5 1 -1
5 2 -1
5 4 -1
5 7 -1
5 8 1
5 9 -1
5 10 -1
5 11 1
5 12 -1
5 13 -1
5 14 1
5 21 1
5 48 1
5 53 -1
5 56 1
6 1 -1
6 2 -1
6 4 1
6 7 1
6 9 -1
6 10 -1
6 11 -1
6 13 -1
6 14 -1
6 15 1
6 16 -1
6 18 1
6 25 1
6 42 -1
6 46 -1
7 1 -1
7 2 1
7 3 -1
7 5 -1
7 6 1
7 8 -1
7 10 -1
7 11 -1
7 12 -1
7 14 -1
7 15 1
7 32 1
7 38 -1
7 44 -1
7 55 -1
8 1 -1
8 2 -1
8 3 -1
8 4 -1
8 5 1
8 7 -1
8 9 1
8 12 1
8 13 -1
8 14 -1
8 16 -1
8 19 -1
8 32 -1
8 50 -1
8 64 1
9 2 -1
9 3 -1
9 5 -1
9 6 -1
9 8 1
9 10 -1
9 11 -1
9 13 -1
9 14 -1
9 15 -1
9 16 -1
9 20 -1
9 29 1
9 35 -1
9 42 -1
9 60 -1
10 1 -1
10 2 -1
10 5 -1
10 6 -1
10 7 -1
10 9 -1
10 11 -1
10 12 -1
10 13 1
10 15 -1
10 16 1
10 28 1
10 32 -1
10 40 1
10 42 1
10 50 -1
11 2 1
11 3 -1
11 4 -1
11 5 1
11 6 -1
11 7 -1
11 9 -1
11 10 -1
11 12 -1
11 13 -1
11 16 -1
11 40 -1
11 41 -1
11 49 -1
11 56 1
11 58 -1
12 1 -1
12 3 -1
12 4 -1
12 5 -1
12 7 -1
12 8 1
12 10 -1
12 11 -1
12 14 -1
12 15 1
12 16 -1
12 17 1
12 52 -1
12 54 -1
12 61 -1
12 62 1
13 1 -1
13 3 1
13 5 -1
13 6 -1
13 8 -1
13 9 -1
13 10 1
13 11 -1
13 14 1
13 15 -1
13 16 -1
13 19 -1
13 45 -1
13 47 -1
13 61 -1
13 64 1
14 1 -1
14 3 -1
14 4 -1
14 5 1
14 6 -1
14 7 -1
14 8 -1
14 9 -1
14 12 -1
14 13 1
14 16 -1
14 26 -1
14 34 -1
14 57 1
14 61 -1
14 62 -1
15 1 -1
15 2 -1
15 3 1
15 4 -1
15 6 1
15 7 1
15 9 -1
15 10 -1
15 12 1
15 13 -1
15 16 -1
15 22 1
15 31 -1
15 36 -1
16 2 -1
16 4 -1
16 6 -1
16 8 -1
16 9 -1
16 10 1
16 11 -1
16 12 -1
16 13 -1
16 14 -1
16 15 -1
16 24 -1
16 28 -1
16 34 -1
16 38 -1
17 12 1
17 18 -1
17 21 -1
17 22 -1
17 24 -1
17 25 -1
17 26 1
17 28 -1
17 29 -1
17 30 -1
17 31 -1
17 32 1
17 35 -1
17 37 -1
17 51 -1
17 56 -1
18 4 -1
18 6 1
18 17 -1
18 19 -1
18 20 -1
18 23 -1
18 25 -1
18 26 -1
18 27 1
18 29 -1
18 30 1
18 31 -1
18 32 -1
18 49 1
18 53 -1
19 8 -1
19 13 -1
19 18 -1
19 20 -1
19 21 -1
19 22 -1
19 23 -1
19 24 -1
19 25 -1
19 26 -1
19 28 -1
19 30 -1
19 32 -1
19 33 -1
19 56 -1
20 4 -1
20 9 -1
20 18 -1
20 19 -1
20 21 -1
20 22 -1
20 23 -1
20 25 1
20 26 1
20 27 1
20 29 1
20 31 -1
20 32 -1
20 33 -1
20 43 -1
20 53 -1
21 5 1
21 17 -1
21 19 -1
21 20 -1
21 22 -1
21 23 -1
21 25 -1
21 27 -1
21 28 -1
21 29 -1
21 31 1
21 32 -1
21 33 -1
21 48 -1
21 59 -1
22 3 -1
22 15 1
22 17 -1
22 19 -1
22 20 -1
22 21 -1
22 24 -1
22 26 -1
22 27 1
22 28 -1
22 29 1
22 31 -1
22 32 -1
22 52 -1
22 54 -1
23 3 -1
23 18 -1
23 19 -1
23 20 -1
23 21 -1
23 24 -1
23 25 -1
23 26 -1
23 28 -1
23 30 -1
23 31 -1
23 32 -1
23 37 -1
23 39 -1
23 41 -1
23 63 -1
24 16 -1
24 17 -1
24 19 -1
24 22 -1
24 23 -1
24 25 1
24 26 -1
24 27 1
24 28 -1
24 29 1
24 30 1
24 31 -1
24 40 -1
24 41 1
24 46 -1
24 64 -1
25 6 1
25 17 -1
25 18 -1
25 19 -1
25 20 1
25 21 -1
25 23 -1
25 24 1
25 26 1
25 27 -1
25 28 1
25 29 -1
25 33 -1
25 43 -1
25 44 -1
25 45 -1
26 3 1
26 14 -1
26 17 1
26 18 -1
26 19 -1
26 20 1
26 22 -1
26 23 -1
26 24 -1
26 25 1
26 30 -1
26 31 -1
26 32 -1
26 35 -1
26 45 1
26 51 -1
27 18 1
27 20 1
27 21 -1
27 22 1
27 24 1
27 25 -1
27 28 -1
27 29 -1
27 30 -1
27 31 1
27 32 -1
27 34 -1
27 37 -1
27 44 -1
27 50 1
27 54 -1
28 4 -1
28 10 1
28 16 -1
28 17 -1
28 19 -1
28 21 -1
28 22 -1
28 23 -1
28 24 -1
28 25 1
28 27 -1
28 29 1
28 30 -1
28 31 -1
28 52 1
28 62 -1
29 9 1
29 17 -1
29 18 -1
29 20 1
29 21 -1
29 22 1
29 24 1
29 25 -1
29 27 -1
29 28 1
29 30 1
29 32 -1
29 51 -1
29 53 -1
29 54 -1
29 62 -1
30 17 -1
30 18 1
30 19 -1
30 23 -1
30 24 1
30 26 -1
30 27 -1
30 28 -1
30 29 1
30 31 -1
30 32 -1
30 36 -1
30 38 1
30 52 -1
30 63 -1
31 1 -1
31 15 -1
31 17 -1
31 18 -1
31 20 -1
31 21 1
31 22 -1
31 23 -1
31 24 -1
31 26 -1
31 27 1
31 28 -1
31 30 -1
31 39 -1
31 48 1
31 60 -1
32 4 -1
32 7 1
32 8 -1
32 10 -1
32 17 1
32 18 -1
32 19 -1
32 20 -1
32 21 -1
32 22 -1
32 23 -1
32 26 -1
32 27 -1
32 29 -1
32 30 -1
32 45 -1
33 19 -1
33 20 -1
33 21 -1
33 25 -1
33 34 1
33 35 -1
33 36 -1
33 37 -1
33 38 -1
33 41 -1
33 42 -1
33 44 -1
33 46 -1
33 47 -1
33 48 -1
33 58 -1
34 14 -1
34 16 -1
34 27 -1
34 33 1
34 36 -1
34 38 -1
34 39 -1
34 40 -1
34 41 -1
34 42 -1
34 43 -1
34 44 -1
34 45 -1
34 46 -1
34 51 -1
34 55 -1
35 9 -1
35 17 -1
35 26 -1
35 33 -1
35 36 -1
35 37 -1
35 38 -1
35 40 -1
35 42 -1
35 43 -1
35 45 -1
35 46 -1
35 47 -1
35 48 -1
35 50 -1
35 60 -1
36 1 -1
36 15 -1
36 30 -1
36 33 -1
36 34 -1
36 35 -1
36 37 -1
36 39 -1
36 40 1
36 43 -1
36 44 1
36 45 -1
36 47 -1
36 48 -1
36 55 -1
37 17 -1
37 23 -1
37 27 -1
37 33 -1
37 35 -1
37 36 -1
37 39 -1
37 41 -1
37 42 -1
37 43 -1
37 44 1
37 45 -1
37 47 -1
37 48 -1
37 51 1
37 63 -1
38 7 -1
38 16 -1
38 30 1
38 33 -1
38 34 -1
38 35 -1
38 39 -1
38 41 -1
38 42 -1
38 43 -1
38 44 1
38 45 -1
38 46 -1
38 48 -1
39 23 -1
39 31 -1
39 34 -1
39 36 -1
39 37 -1
39 38 -1
39 40 -1
39 41 -1
39 43 -1
39 45 -1
39 46 -1
39 47 -1
39 48 1
39 49 -1
39 61 -1
40 4 1
40 10 1
40 11 -1
40 24 -1
40 34 -1
40 35 -1
40 36 1
40 39 -1
40 41 -1
40 42 -1
40 43 -1
40 44 -1
40 45 -1
40 46 -1
40 47 1
40 55 1
41 11 -1
41 23 -1
41 24 1
41 33 -1
41 34 -1
41 37 -1
41 38 -1
41 39 -1
41 40 -1
41 44 -1
41 45 -1
41 46 -1
41 47 1
41 48 -1
41 57 -1
42 1 1
42 6 -1
42 9 -1
42 10 1
42 33 -1
42 34 -1
42 35 -1
42 37 -1
42 38 -1
42 40 -1
42 44 -1
42 45 -1
42 46 1
42 47 -1
42 48 1
42 59 -1
43 2 -1
43 20 -1
43 25 -1
43 34 -1
43 35 -1
43 36 -1
43 37 -1
43 38 -1
43 39 -1
43 40 -1
43 44 -1
43 45 -1
43 46 -1
43 48 1
43 57 -1
43 60 1
44 7 -1
44 25 -1
44 27 -1
44 33 -1
44 34 -1
44 36 1
44 37 1
44 38 1
44 40 -1
44 41 -1
44 42 -1
44 43 -1
44 47 1
44 48 -1
44 59 -1
45 13 -1
45 25 -1
45 26 1
45 32 -1
45 34 -1
45 35 -1
45 36 -1
45 37 -1
45 38 -1
45 39 -1
45 40 -1
45 41 -1
45 42 -1
45 43 -1
45 46 -1
45 54 -1
46 2 1
46 6 -1
46 24 -1
46 33 -1
46 34 -1
46 35 -1
46 38 -1
46 39 -1
46 40 -1
46 41 -1
46 42 1
46 43 -1
46 45 -1
46 47 -1
46 52 -1
46 63 -1
47 13 -1
47 33 -1
47 35 -1
47 36 -1
47 37 -1
47 39 -1
47 40 1
47 41 1
47 42 -1
47 44 1
47 46 -1
47 48 -1
47 49 -1
47 53 -1
47 58 -1
47 62 -1
48 5 1
48 21 -1
48 31 1
48 33 -1
48 35 -1
48 36 -1
48 37 -1
48 38 -1
48 39 1
48 41 -1
48 42 1
48 43 1
48 44 -1
48 47 -1
48 63 1
49 2 -1
49 11 -1
49 18 1
49 39 -1
49 47 -1
49 52 -1
49 53 1
49 54 1
49 55 -1
49 57 -1
49 58 -1
49 59 1
49 61 -1
49 62 1
49 63 -1
49 64 -1
50 1 -1
50 8 -1
50 10 -1
50 27 1
50 35 -1
50 51 -1
50 54 -1
50 55 -1
50 56 -1
50 57 1
50 58 -1
50 60 -1
50 61 -1
50 62 -1
50 63 -1
50 64 -1
51 17 -1
51 26 -1
51 29 -1
51 34 -1
51 37 1
51 50 -1
51 52 -1
51 53 -1
51 55 -1
51 57 -1
51 59 -1
51 60 -1
51 61 -1
51 62 -1
51 63 -1
51 64 -1
52 12 -1
52 22 -1
52 28 1
52 30 -1
52 46 -1
52 49 -1
52 51 -1
52 53 -1
52 54 -1
52 55 -1
52 56 1
52 57 -1
52 59 -1
52 60 -1
52 61 1
52 63 -1
53 5 -1
53 18 -1
53 20 -1
53 29 -1
53 47 -1
53 49 1
53 51 -1
53 52 -1
53 54 -1
53 56 -1
53 59 -1
53 60 1
53 61 1
53 62 -1
53 63 -1
53 64 -1
54 12 -1
54 22 -1
54 27 -1
54 29 -1
54 45 -1
54 49 1
54 50 -1
54 52 -1
54 53 -1
54 55 -1
54 56 1
54 57 -1
54 58 -1
54 61 -1
54 62 -1
54 63 1
55 7 -1
55 34 -1
55 36 -1
55 40 1
55 49 -1
55 50 -1
55 51 -1
55 52 -1
55 54 -1
55 56 -1
55 58 -1
55 59 -1
55 61 -1
55 63 -1
55 64 1
56 5 1
56 11 1
56 17 -1
56 19 -1
56 50 -1
56 52 1
56 53 -1
56 54 1
56 55 -1
56 57 1
56 58 1
56 59 1
56 61 -1
56 62 1
56 63 -1
57 3 -1
57 14 1
57 41 -1
57 43 -1
57 49 -1
57 50 1
57 51 -1
57 52 -1
57 54 -1
57 56 1
57 58 -1
57 59 -1
57 60 -1
57 62 -1
57 64 -1
58 2 -1
58 11 -1
58 33 -1
58 47 -1
58 49 -1
58 50 -1
58 54 -1
58 55 -1
58 56 1
58 57 -1
58 59 -1
58 60 -1
58 62 -1
58 63 1
58 64 -1
59 21 -1
59 42 -1
59 44 -1
59 49 1
59 51 -1
59 52 -1
59 53 -1
59 55 -1
59 56 1
59 57 -1
59 58 -1
59 60 1
59 61 -1
59 64 -1
60 3 -1
60 9 -1
60 31 -1
60 35 -1
60 43 1
60 50 -1
60 51 -1
60 52 -1
60 53 1
60 57 -1
60 58 -1
60 59 1
60 61 -1
60 62 -1
60 63 -1
60 64 -1
61 12 -1
61 13 -1
61 14 -1
61 39 -1
61 49 -1
61 50 -1
61 51 -1
61 52 1
61 53 1
61 54 -1
61 55 -1
61 56 -1
61 59 -1
61 60 -1
61 64 -1
62 12 1
62 14 -1
62 28 -1
62 29 -1
62 47 -1
62 49 1
62 50 -1
62 51 -1
62 53 -1
62 54 -1
62 56 1
62 57 -1
62 58 -1
62 60 -1
62 63 -1
62 64 -1
63 23 -1
63 30 -1
63 37 -1
63 46 -1
63 48 1
63 49 -1
63 50 -1
63 51 -1
63 52 -1
63 53 -1
63 54 1
63 55 -1
63 56 -1
63 58 1
63 60 -1
63 62 -1
64 1 -1
64 8 1
64 13 1
64 24 -1
64 49 -1
64 50 -1
64 51 -1
64 53 -1
64 55 1
64 57 -1
64 58 -1
64 59 -1
64 60 -1
64 61 -1
64 62 -1
