1 3 -1
1 4 -1
1 5 1
1 8 -1
1 9 -1
1 10 -1
1 11 -1
1 12 -1
1 14 -1
1 15 -1
1 16 -1
1 32 1
1 34 -1
1 41 -1
1 49 -1
2 3 -1
2 4 -1
2 5 -1
2 7 -1
2 8 -1
2 9 -1
2 10 -1
2 11 -1
2 14 -1
2 15 1
2 16 -1
2 30 1
2 38 -1
2 44 -1
2 47 -1
3 1 -1
3 2 -1
3 6 1
3 7 -1
3 9 -1
3 10 -1
3 12 -1
3 13 -1
3 14 1
3 15 -1
3 16 -1
3 20 1
3 29 -1
3 39 -1
3 61 -1
3 62 -1
4 1 -1
4 2 -1
4 5 -1
4 6 -1
4 7 -1
4 8 -1
4 9 1
4 10 1
4 11 -1
4 12 -1
4 14 1
4 22 -1
4 28 1
4 29 1
4 38 -1
4 54 1
5 1 1
5 2 -1
5 4 -1
5 7 -1
5 8 -1
5 9 -1
5 11 -1
5 12 1
5 13 -1
5 14 -1
5 16 1
5 21 -1
5 23 1
5 43 -1
5 44 -1
5 63 -1
6 3 1
6 4 -1
6 7 -1
6 8 -1
6 9 -1
6 11 -1
6 12 -1
6 13 -1
6 14 -1
6 15 -1
6 16 -1
6 18 -1
6 42 -1
6 48 1
6 55 -1
7 2 -1
7 3 -1
7 4 -1
7 5 -1
7 6 -1
7 8 -1
7 10 -1
7 11 -1
7 12 -1
7 13 1
7 16 1
7 30 -1
7 46 -1
7 49 -1
7 58 -1
7 60 -1
8 1 -1
8 2 -1
8 4 -1
8 5 -1
8 6 -1
8 7 -1
8 9 1
8 12 -1
8 13 -1
8 14 1
8 15 -1
8 37 -1
8 39 -1
8 47 1
8 59 -1
9 1 -1
9 2 -1
9 3 -1
9 4 1
9 5 -1
9 6 -1
9 8 1
9 11 1
9 13 -1
9 14 -1
9 15 -1
9 27 -1
9 31 -1
9 41 -1
9 48 1
9 60 1
10 1 -1
10 2 -1
10 3 -1
10 4 1
10 7 -1
10 11 -1
10 12 -1
10 13 -1
10 14 -1
10 15 -1
10 16 -1
10 21 -1
10 25 -1
10 28 1
10 58 -1
11 1 -1
11 2 -1
11 4 -1
11 5 -1
11 6 -1
11 7 -1
11 9 1
11 10 -1
11 13 -1
11 14 -1
11 16 -1
11 23 -1
11 43 -1
11 48 -1
11 55 -1
11 59 1
12 1 -1
12 3 -1
12 4 -1
12 5 1
12 6 -1
12 7 -1
12 8 -1
12 10 -1
12 13 1
12 15 -1
12 16 1
12 19 -1
12 23 -1
12 27 -1
12 33 1
12 63 -1
13 3 -1
13 5 -1
13 6 -1
13 7 1
13 8 -1
13 9 -1
13 10 -1
13 11 -1
13 12 1
13 15 -1
13 16 1
13 18 1
13 26 -1
13 39 -1
13 46 -1
13 59 -1
14 1 -1
14 2 -1
14 3 1
14 4 1
14 5 -1
14 6 -1
14 8 1
14 9 -1
14 10 -1
14 11 -1
14 15 -1
14 22 1
14 24 1
14 26 -1
14 56 -1
14 63 -1
15 1 -1
15 2 1
15 3 -1
15 6 -1
15 8 -1
15 9 -1
15 10 -1
15 12 -1
15 13 -1
15 14 -1
15 16 -1
15 22 1
15 30 1
15 40 -1
15 45 -1
15 64 -1
16 1 -1
16 2 -1
16 3 -1
16 5 1
16 6 -1
16 7 1
16 10 -1
16 11 -1
16 12 1
16 13 1
16 15 -1
16 20 -1
16 40 -1
16 47 -1
16 48 1
16 54 -1
17 18 -1
17 19 -1
17 20 -1
17 21 -1
17 22 -1
17 24 1
17 25 -1
17 26 1
17 27 -1
17 29 1
17 31 -1
17 40 1
17 56 -1
17 59 -1
17 62 -1
17 64 -1
18 6 -1
18 13 1
18 17 -1
18 19 1
18 22 1
18 23 -1
18 25 -1
18 26 1
18 27 -1
18 28 -1
18 29 1
18 30 1
18 32 -1
18 34 -1
18 39 -1
18 56 1
19 12 -1
19 17 -1
19 18 1
19 21 -1
19 22 -1
19 25 -1
19 26 -1
19 27 -1
19 28 -1
19 29 1
19 30 -1
19 31 -1
19 38 1
19 45 -1
19 54 -1
19 55 -1
20 3 1
20 16 -1
20 17 -1
20 21 -1
20 23 1
20 24 -1
20 25 -1
20 27 -1
20 28 -1
20 29 -1
20 30 -1
20 31 -1
20 32 -1
20 33 -1
20 47 -1
20 54 -1
21 5 -1
21 10 -1
21 17 -1
21 19 -1
21 20 -1
21 24 -1
21 25 -1
21 26 1
21 27 -1
21 28 -1
21 29 -1
21 31 1
21 32 -1
21 34 -1
21 64 -1
22 4 -1
22 14 1
22 15 1
22 17 -1
22 18 1
22 19 -1
22 23 -1
22 24 -1
22 25 -1
22 27 -1
22 28 1
22 29 1
22 30 -1
22 32 1
22 42 -1
22 57 -1
23 5 1
23 11 -1
23 12 -1
23 18 -1
23 20 1
23 22 -1
23 24 -1
23 26 1
23 27 -1
23 28 1
23 29 -1
23 30 1
23 31 -1
23 32 -1
23 37 1
23 51 -1
24 14 1
24 17 1
24 20 -1
24 21 -1
24 22 -1
24 23 -1
24 26 -1
24 28 -1
24 29 1
24 30 -1
24 31 -1
24 32 -1
24 36 -1
24 50 -1
24 52 -1
25 10 -1
25 17 -1
25 18 -1
25 19 -1
25 20 -1
25 21 -1
25 22 -1
25 26 -1
25 29 -1
25 30 1
25 31 -1
25 32 -1
25 34 -1
25 40 -1
25 62 -1
25 64 1
26 13 -1
26 14 -1
26 17 1
26 18 1
26 19 -1
26 21 1
26 23 1
26 24 -1
26 25 -1
26 27 -1
26 28 1
26 31 -1
26 32 -1
26 50 -1
26 52 -1
26 61 -1
27 9 -1
27 12 -1
27 17 -1
27 18 -1
27 19 -1
27 20 -1
27 21 -1
27 22 -1
27 23 -1
27 26 -1
27 28 -1
27 31 1
27 32 -1
27 35 -1
27 58 1
27 62 -1
28 4 1
28 10 1
28 18 -1
28 19 -1
28 20 -1
28 21 -1
28 22 1
28 23 1
28 24 -1
28 26 1
28 27 -1
28 29 -1
28 30 1
28 53 -1
29 3 -1
29 4 1
29 17 1
29 18 1
29 19 1
29 20 -1
29 21 -1
29 22 1
29 23 -1
29 24 1
29 25 -1
29 28 -1
29 30 -1
29 44 -1
29 56 -1
29 62 -1
30 2 1
30 7 -1
30 15 1
30 18 1
30 19 -1
30 20 -1
30 22 -1
30 23 1
30 24 -1
30 25 1
30 28 1
30 29 -1
30 31 -1
30 32 -1
30 37 -1
30 51 -1
31 9 -1
31 17 -1
31 19 -1
31 20 -1
31 21 1
31 23 -1
31 24 -1
31 25 -1
31 26 -1
31 27 1
31 30 -1
31 32 -1
31 38 1
31 44 -1
31 50 -1
31 61 -1
32 1 1
32 18 -1
32 20 -1
32 21 -1
32 22 1
32 23 -1
32 24 -1
32 25 -1
32 26 -1
32 27 -1
32 30 -1
32 31 -1
32 36 -1
32 50 1
32 52 -1
33 12 1
33 20 -1
33 34 1
33 35 -1
33 36 -1
33 38 -1
33 39 1
33 41 1
33 42 1
33 43 -1
33 45 -1
33 46 -1
33 48 -1
33 54 -1
33 55 -1
33 60 -1
34 1 -1
34 18 -1
34 21 -1
34 25 -1
34 33 1
34 35 -1
34 36 -1
34 37 -1
34 39 -1
34 40 -1
34 41 -1
34 42 -1
34 43 -1
34 44 1
34 48 -1
35 27 -1
35 33 -1
35 34 -1
35 37 -1
35 38 -1
35 39 -1
35 40 -1
35 41 -1
35 43 -1
35 44 -1
35 46 -1
35 47 -1
35 51 -1
35 57 -1
35 60 -1
35 63 -1
36 24 -1
36 32 -1
36 33 -1
36 34 -1
36 37 -1
36 39 1
36 40 1
36 41 -1
36 43 -1
36 44 -1
36 45 -1
36 46 -1
36 48 -1
36 50 1
36 58 -1
37 8 -1
37 23 1
37 30 -1
37 34 -1
37 35 -1
37 36 -1
37 38 -1
37 40 -1
37 42 -1
37 44 -1
37 45 -1
37 46 -1
37 47 1
37 48 1
37 52 -1
38 2 -1
38 4 -1
38 19 1
38 31 1
38 33 -1
38 35 -1
38 37 -1
38 39 -1
38 40 1
38 41 -1
38 42 1
38 45 -1
38 46 -1
38 47 1
38 48 -1
38 61 -1
39 3 -1
39 8 -1
39 13 -1
39 18 -1
39 33 1
39 34 -1
39 35 -1
39 36 1
39 38 -1
39 40 -1
39 41 -1
39 44 -1
39 45 -1
39 47 -1
39 48 -1
39 51 1
40 15 -1
40 16 -1
40 17 1
40 25 -1
40 34 -1
40 35 -1
40 36 1
40 37 -1
40 38 1
40 39 -1
40 41 -1
40 44 -1
40 45 -1
40 46 -1
40 47 -1
40 49 1
41 1 -1
41 9 -1
41 33 1
41 34 -1
41 35 -1
41 36 -1
41 38 -1
41 39 -1
41 40 -1
41 42 -1
41 43 -1
41 44 -1
41 47 -1
41 49 -1
41 57 -1
41 61 -1
42 6 -1
42 22 -1
42 33 1
42 34 -1
42 37 -1
42 38 1
42 41 -1
42 43 -1
42 44 -1
42 45 -1
42 46 -1
42 47 -1
42 48 -1
42 57 -1
42 63 1
43 5 -1
43 11 -1
43 33 -1
43 34 -1
43 35 -1
43 36 -1
43 41 -1
43 42 -1
43 44 -1
43 45 -1
43 46 -1
43 47 -1
43 48 -1
43 49 -1
43 53 1
44 2 -1
44 5 -1
44 29 -1
44 31 -1
44 34 1
44 35 -1
44 36 -1
44 37 -1
44 39 -1
44 40 -1
44 41 -1
44 42 -1
44 43 -1
44 46 -1
44 47 -1
45 15 -1
45 19 -1
45 33 -1
45 36 -1
45 37 -1
45 38 -1
45 39 -1
45 40 -1
45 42 -1
45 43 -1
45 46 -1
45 47 -1
45 48 -1
45 56 -1
45 59 -1
45 60 -1
46 7 -1
46 13 -1
46 33 -1
46 35 -1
46 36 -1
46 37 -1
46 38 -1
46 40 -1
46 42 -1
46 43 -1
46 44 -1
46 45 -1
46 48 -1
46 51 -1
46 53 -1
46 55 -1
47 2 -1
47 8 1
47 16 -1
47 20 -1
47 35 -1
47 37 1
47 38 1
47 39 -1
47 40 -1
47 41 -1
47 42 -1
47 43 -1
47 44 -1
47 45 -1
47 48 1
47 64 1
48 6 1
48 9 1
48 11 -1
48 16 1
48 33 -1
48 34 -1
48 36 -1
48 37 1
48 38 -1
48 39 -1
48 42 -1
48 43 -1
48 45 -1
48 46 -1
48 47 1
48 57 1
49 1 -1
49 7 -1
49 40 1
49 41 -1
49 43 -1
49 50 -1
49 53 -1
49 54 -1
49 55 -1
49 56 -1
49 59 1
49 60 -1
49 61 1
49 62 -1
49 63 -1
49 64 -1
50 24 -1
50 26 -1
50 31 -1
50 32 1
50 36 1
50 49 -1
50 51 -1
50 52 -1
50 53 -1
50 54 -1
50 55 -1
50 57 -1
50 58 -1
50 59 -1
50 61 1
50 64 -1
51 23 -1
51 30 -1
51 35 -1
51 39 1
51 46 -1
51 50 -1
51 52 -1
51 54 1
51 55 -1
51 56 -1
51 57 -1
51 58 -1
51 61 -1
51 62 -1
51 63 -1
51 64 -1
52 24 -1
52 26 -1
52 32 -1
52 37 -1
52 50 -1
52 51 -1
52 53 -1
52 56 1
52 57 -1
52 58 -1
52 60 1
52 61 -1
52 62 -1
52 63 -1
52 64 1
53 28 -1
53 43 1
53 46 -1
53 49 -1
53 50 -1
53 52 -1
53 54 -1
53 55 -1
53 57 -1
53 58 -1
53 59 -1
53 60 -1
53 63 -1
53 64 -1
54 4 1
54 16 -1
54 19 -1
54 20 -1
54 33 -1
54 49 -1
54 50 -1
54 51 1
54 53 -1
54 55 -1
54 56 -1
54 58 -1
54 59 -1
54 61 -1
54 62 -1
54 63 -1
55 6 -1
55 11 -1
55 19 -1
55 33 -1
55 46 -1
55 49 -1
55 50 -1
55 51 -1
55 53 -1
55 54 -1
55 56 1
55 57 -1
55 58 -1
55 59 -1
55 60 -1
55 63 -1
56 14 -1
56 17 -1
56 18 1
56 29 -1
56 45 -1
56 49 -1
56 51 -1
56 52 1
56 54 -1
56 55 1
56 57 -1
56 59 -1
56 60 -1
56 61 -1
56 62 1
56 64 -1
57 22 -1
57 35 -1
57 41 -1
57 42 -1
57 48 1
57 50 -1
57 51 -1
57 52 -1
57 53 -1
57 55 -1
57 56 -1
57 58 -1
57 60 -1
57 61 -1
57 62 -1
57 63 -1
58 7 -1
58 10 -1
58 27 1
58 36 -1
58 50 -1
58 51 -1
58 52 -1
58 53 -1
58 54 -1
58 55 -1
58 57 -1
58 59 -1
58 60 -1
58 62 1
58 64 -1
59 8 -1
59 11 1
59 13 -1
59 17 -1
59 45 -1
59 49 1
59 50 -1
59 53 -1
59 54 -1
59 55 -1
59 56 -1
59 58 -1
59 60 -1
59 61 1
59 62 -1
59 63 -1
60 7 -1
60 9 1
60 33 -1
60 35 -1
60 45 -1
60 49 -1
60 52 1
60 53 -1
60 55 -1
60 56 -1
60 57 -1
60 58 -1
60 59 -1
60 62 -1
60 63 -1
60 64 -1
61 3 -1
61 26 -1
61 31 -1
61 38 -1
61 41 -1
61 49 1
61 50 1
61 51 -1
61 52 -1
61 54 -1
61 56 -1
61 57 -1
61 59 1
61 62 -1
61 63 -1
61 64 1
62 3 -1
62 17 -1
62 25 -1
62 27 -1
62 29 -1
62 49 -1
62 51 -1
62 52 -1
62 54 -1
62 56 1
62 57 -1
62 58 1
62 59 -1
62 60 -1
62 61 -1
62 64 -1
63 5 -1
63 12 -1
63 14 -1
63 35 -1
63 42 1
63 49 -1
63 51 -1
63 52 -1
63 53 -1
63 54 -1
63 55 -1
63 57 -1
63 59 -1
63 60 -1
63 61 -1
63 64 1
64 15 -1
64 17 -1
64 21 -1
64 25 1
64 47 1
64 49 -1
64 50 -1
64 51 -1
64 52 1
64 53 -1
64 56 -1
64 58 -1
64 60 -1
64 61 1
64 62 -1
64 63 1
