1 2 -1
1 4 1
1 5 -1
1 6 1
1 9 -1
1 10 -1
1 11 1
1 12 -1
1 13 1
1 14 -1
1 16 -1
1 17 -1
1 26 1
1 35 1
1 52 1
1 63 -1
2 1 -1
2 3 -1
2 4 1
2 5 1
2 6 -1
2 7 1
2 10 1
2 11 -1
2 13 1
2 14 1
2 16 1
2 18 1
2 35 1
2 36 1
2 41 1
2 60 -1
3 2 -1
3 4 -1
3 7 -1
3 8 1
3 9 1
3 10 1
3 11 1
3 12 1
3 13 1
3 14 -1
3 15 -1
3 33 -1
3 48 1
3 49 1
3 56 1
3 58 -1
4 1 1
4 2 1
4 3 -1
4 5 1
4 6 1
4 7 1
4 8 1
4 10 -1
4 13 1
4 14 1
4 16 1
4 17 1
4 19 1
4 23 -1
4 25 1
4 57 1
5 1 -1
5 2 1
5 4 1
5 6 1
5 7 1
5 8 1
5 9 1
5 10 1
5 12 1
5 13 -1
5 15 -1
5 18 -1
5 30 -1
5 32 1
5 50 1
5 61 1
6 1 1
6 2 -1
6 4 1
6 5 1
6 7 1
6 8 1
6 9 1
6 10 -1
6 12 -1
6 13 1
6 15 1
6 21 1
6 25 1
6 39 -1
6 41 -1
6 64 1
7 2 1
7 3 -1
7 4 1
7 5 1
7 6 1
7 9 1
7 11 1
7 12 1
7 14 1
7 15 1
7 16 1
7 29 1
7 30 1
7 31 1
7 45 1
7 52 1
8 3 1
8 4 1
8 5 1
8 6 1
8 9 1
8 10 -1
8 12 1
8 13 1
8 14 1
8 15 1
8 16 1
8 23 1
8 27 1
8 28 1
8 34 1
8 63 1
9 1 -1
9 3 1
9 5 1
9 6 1
9 7 1
9 8 1
9 11 1
9 12 1
9 13 -1
9 15 1
9 16 -1
9 17 1
9 19 -1
9 35 1
9 39 1
9 57 -1
10 1 -1
10 2 1
10 3 1
10 4 -1
10 5 1
10 6 -1
10 8 -1
10 11 1
10 14 1
10 15 -1
10 16 1
10 26 -1
10 42 1
10 49 1
10 56 -1
10 63 1
11 1 1
11 2 -1
11 3 1
11 7 1
11 9 1
11 10 1
11 12 1
11 13 1
11 14 1
11 15 1
11 16 1
11 28 1
11 31 1
11 46 1
11 52 -1
11 58 1
12 1 -1
12 3 1
12 5 1
12 6 -1
12 7 1
12 8 1
12 9 1
12 11 1
12 13 1
12 14 1
12 15 -1
12 24 1
12 37 1
12 44 1
12 61 -1
12 62 1
13 1 1
13 2 1
13 3 1
13 4 1
13 5 -1
13 6 1
13 8 1
13 9 -1
13 11 1
13 12 1
13 16 -1
13 19 1
13 29 1
13 47 1
13 50 1
14 1 -1
14 2 1
14 3 -1
14 4 1
14 7 1
14 8 1
14 10 1
14 11 1
14 12 1
14 15 1
14 16 1
14 22 -1
14 26 -1
14 46 1
14 59 1
14 60 1
15 3 -1
15 5 -1
15 6 1
15 7 1
15 8 1
15 9 1
15 10 -1
15 11 1
15 12 -1
15 14 1
15 16 1
15 32 1
15 42 1
15 46 -1
15 51 1
15 53 1
16 1 -1
16 2 1
16 4 1
16 7 1
16 8 1
16 9 -1
16 10 1
16 11 1
16 13 -1
16 14 1
16 15 1
16 21 -1
16 31 1
16 45 -1
16 49 -1
16 55 1
17 1 -1
17 4 1
17 9 1
17 18 1
17 19 1
17 20 1
17 24 1
17 25 1
17 26 1
17 27 1
17 28 1
17 29 1
17 31 1
17 32 1
17 44 1
17 56 1
18 2 1
18 5 -1
18 17 1
18 19 1
18 20 1
18 22 1
18 23 1
18 25 -1
18 26 1
18 27 -1
18 29 -1
18 31 -1
18 32 1
18 34 1
18 45 1
18 54 -1
19 4 1
19 9 -1
19 13 1
19 17 1
19 18 1
19 21 1
19 22 -1
19 24 -1
19 25 1
19 26 1
19 27 1
19 29 1
19 30 -1
19 32 1
19 40 1
19 45 1
20 17 1
20 18 1
20 21 1
20 22 1
20 26 -1
20 27 -1
20 28 1
20 29 1
20 30 1
20 31 1
20 32 1
20 36 1
20 50 -1
20 51 1
20 54 1
20 61 1
21 6 1
21 16 -1
21 19 1
21 20 1
21 23 1
21 24 1
21 25 1
21 27 1
21 28 -1
21 29 1
21 30 1
21 31 1
21 32 1
21 47 -1
21 55 -1
22 14 -1
22 18 1
22 19 -1
22 20 1
22 23 -1
22 24 1
22 27 1
22 28 -1
22 29 1
22 30 1
22 31 -1
22 32 1
22 39 1
22 41 -1
22 44 1
22 46 1
23 4 -1
23 8 1
23 18 1
23 21 1
23 22 -1
23 24 1
23 25 -1
23 26 -1
23 27 -1
23 29 1
23 30 1
23 31 -1
23 32 -1
23 42 1
23 51 1
23 56 1
24 12 1
24 17 1
24 19 -1
24 21 1
24 22 1
24 23 1
24 25 1
24 26 1
24 28 -1
24 30 1
24 31 1
24 32 -1
24 40 1
24 44 -1
24 45 1
24 51 -1
25 4 1
25 6 1
25 17 1
25 18 -1
25 19 1
25 21 1
25 23 -1
25 24 1
25 26 1
25 28 1
25 29 1
25 30 1
25 32 -1
25 36 1
25 43 1
25 48 1
26 1 1
26 10 -1
26 14 -1
26 17 1
26 18 1
26 19 1
26 20 -1
26 23 -1
26 24 1
26 25 1
26 27 1
26 28 1
26 29 1
26 31 1
26 35 1
26 54 -1
27 8 1
27 17 1
27 18 -1
27 19 1
27 20 -1
27 21 1
27 22 1
27 23 -1
27 26 1
27 28 1
27 29 1
27 30 -1
27 41 -1
27 43 -1
27 53 1
27 58 1
28 8 1
28 11 1
28 17 1
28 20 1
28 21 -1
28 22 -1
28 24 -1
28 25 1
28 26 1
28 27 1
28 29 1
28 30 -1
28 31 -1
28 58 1
28 59 1
28 64 1
29 7 1
29 13 1
29 17 1
29 18 -1
29 19 1
29 20 1
29 21 1
29 22 1
29 23 1
29 25 1
29 26 1
29 27 1
29 28 1
29 37 1
29 53 -1
29 57 1
30 5 -1
30 7 1
30 19 -1
30 20 1
30 21 1
30 22 1
30 23 1
30 24 1
30 25 1
30 27 -1
30 28 -1
30 31 1
30 32 -1
30 46 1
30 48 -1
30 60 1
31 7 1
31 11 1
31 16 1
31 17 1
31 18 -1
31 20 1
31 21 1
31 22 -1
31 23 -1
31 24 1
31 26 1
31 28 -1
31 30 1
31 32 1
31 36 1
31 59 1
32 5 1
32 15 1
32 17 1
32 18 1
32 19 1
32 20 1
32 21 1
32 22 1
32 23 -1
32 24 -1
32 25 -1
32 30 -1
32 31 1
32 34 -1
32 54 -1
32 61 -1
33 3 -1
33 34 1
33 35 1
33 36 1
33 40 -1
33 41 1
33 43 1
33 44 1
33 45 1
33 46 1
33 47 -1
33 48 -1
33 50 1
33 52 -1
33 54 1
33 60 1
34 8 1
34 18 1
34 32 -1
34 33 1
34 36 1
34 37 1
34 40 1
34 42 1
34 43 -1
34 44 -1
34 45 -1
34 46 -1
34 47 -1
34 48 1
34 53 1
34 60 -1
35 1 1
35 2 1
35 9 1
35 26 1
35 33 1
35 36 1
35 38 1
35 39 1
35 40 1
35 41 1
35 42 -1
35 43 -1
35 44 1
35 45 -1
35 48 -1
35 62 1
36 2 1
36 20 1
36 25 1
36 31 1
36 33 1
36 34 1
36 35 1
36 37 -1
36 39 -1
36 40 1
36 42 -1
36 45 1
36 46 1
36 47 1
36 48 1
36 49 1
37 12 1
37 29 1
37 34 1
37 36 -1
37 38 -1
37 39 1
37 40 1
37 41 -1
37 42 1
37 44 1
37 45 1
37 47 1
37 48 1
37 50 1
37 52 1
37 62 -1
38 35 1
38 37 -1
38 39 1
38 40 -1
38 41 1
38 42 1
38 43 -1
38 44 -1
38 45 1
38 46 -1
38 47 -1
38 62 -1
38 63 1
38 64 1
39 6 -1
39 9 1
39 22 1
39 35 1
39 36 -1
39 37 1
39 38 1
39 40 1
39 42 1
39 43 -1
39 44 1
39 45 1
39 46 -1
39 47 1
39 53 1
39 61 1
40 19 1
40 24 1
40 33 -1
40 34 1
40 35 1
40 36 1
40 37 1
40 38 -1
40 39 1
40 44 1
40 46 -1
40 47 1
40 48 1
40 55 1
40 57 1
41 2 1
41 6 -1
41 22 -1
41 27 -1
41 33 1
41 35 1
41 37 -1
41 38 1
41 42 -1
41 43 -1
41 44 1
41 45 1
41 46 1
41 47 1
41 48 1
41 59 1
42 10 1
42 15 1
42 23 1
42 34 1
42 35 -1
42 36 -1
42 37 1
42 38 1
42 39 1
42 41 -1
42 44 1
42 45 1
42 47 1
42 48 1
42 49 1
42 51 1
43 25 1
43 27 -1
43 33 1
43 34 -1
43 35 -1
43 38 -1
43 39 -1
43 41 -1
43 44 -1
43 45 -1
43 46 1
43 47 1
43 48 -1
43 55 1
43 56 1
43 63 1
44 12 1
44 17 1
44 22 1
44 24 -1
44 33 1
44 34 -1
44 35 1
44 37 1
44 38 -1
44 39 1
44 40 1
44 41 1
44 42 1
44 43 -1
44 48 1
44 59 1
45 7 1
45 16 -1
45 18 1
45 19 1
45 24 1
45 33 1
45 34 -1
45 35 -1
45 36 1
45 37 1
45 38 1
45 39 1
45 41 1
45 42 1
45 43 -1
45 46 -1
46 11 1
46 14 1
46 15 -1
46 22 1
46 30 1
46 33 1
46 34 -1
46 36 1
46 38 -1
46 39 -1
46 40 -1
46 41 1
46 43 1
46 45 -1
46 47 1
46 48 -1
47 13 1
47 21 -1
47 33 -1
47 34 -1
47 36 1
47 37 1
47 38 -1
47 39 1
47 40 1
47 41 1
47 42 1
47 43 1
47 46 1
47 58 1
48 3 1
48 25 1
48 30 -1
48 33 -1
48 34 1
48 35 -1
48 36 1
48 37 1
48 40 1
48 41 1
48 42 1
48 43 -1
48 44 1
48 46 -1
48 57 -1
48 64 -1
49 3 1
49 10 1
49 16 -1
49 36 1
49 42 1
49 50 1
49 51 1
49 53 1
49 54 1
49 55 1
49 57 1
49 59 -1
49 60 1
49 61 -1
49 62 1
49 63 1
50 5 1
50 13 1
50 20 -1
50 33 1
50 37 1
50 49 1
50 51 -1
50 52 1
50 53 1
50 54 -1
50 55 -1
50 56 1
50 58 1
50 59 -1
50 60 -1
50 61 1
51 15 1
51 20 1
51 23 1
51 24 -1
51 42 1
51 49 1
51 50 -1
51 52 1
51 53 1
51 54 -1
51 55 1
51 56 1
51 58 1
51 59 1
51 61 1
51 64 1
52 1 1
52 7 1
52 11 -1
52 33 -1
52 37 1
52 50 1
52 51 1
52 53 1
52 54 1
52 55 -1
52 57 -1
52 58 -1
52 59 1
52 60 1
52 61 1
52 64 -1
53 15 1
53 27 1
53 29 -1
53 34 1
53 39 1
53 49 1
53 50 1
53 51 1
53 52 1
53 56 1
53 57 1
53 59 1
53 61 -1
53 62 1
53 63 -1
53 64 1
54 18 -1
54 20 1
54 26 -1
54 32 -1
54 33 1
54 49 1
54 50 -1
54 51 -1
54 52 1
54 55 1
54 57 1
54 58 1
54 61 1
54 62 1
54 63 1
54 64 1
55 16 1
55 21 -1
55 40 1
55 43 1
55 49 1
55 50 -1
55 51 1
55 52 -1
55 54 1
55 56 -1
55 57 1
55 59 1
55 60 1
55 62 1
55 63 1
56 3 1
56 10 -1
56 17 1
56 23 1
56 43 1
56 50 1
56 51 1
56 53 1
56 55 -1
56 58 -1
56 59 1
56 60 1
56 61 -1
56 62 -1
56 63 -1
56 64 1
57 4 1
57 9 -1
57 29 1
57 40 1
57 48 -1
57 49 1
57 52 -1
57 53 1
57 54 1
57 55 1
57 58 -1
57 59 1
57 60 1
57 62 -1
57 63 -1
57 64 -1
58 3 -1
58 11 1
58 27 1
58 28 1
58 47 1
58 50 1
58 51 1
58 52 -1
58 54 1
58 56 -1
58 57 -1
58 59 1
58 60 -1
58 61 1
58 63 1
58 64 1
59 14 1
59 28 1
59 31 1
59 41 1
59 44 1
59 49 -1
59 50 -1
59 51 1
59 52 1
59 53 1
59 55 1
59 56 1
59 57 1
59 58 1
59 60 -1
59 62 1
60 2 -1
60 14 1
60 30 1
60 33 1
60 34 -1
60 49 1
60 50 -1
60 52 1
60 55 1
60 56 1
60 57 1
60 58 -1
60 59 -1
60 62 1
60 63 -1
60 64 1
61 5 1
61 12 -1
61 20 1
61 32 -1
61 39 1
61 49 -1
61 50 1
61 51 1
61 52 1
61 53 -1
61 54 1
61 56 -1
61 58 1
61 62 -1
61 63 1
61 64 1
62 12 1
62 35 1
62 37 -1
62 38 -1
62 49 1
62 53 1
62 54 1
62 55 1
62 56 -1
62 57 -1
62 59 1
62 60 1
62 61 -1
62 63 1
62 64 1
63 1 -1
63 8 1
63 10 1
63 38 1
63 43 1
63 49 1
63 53 -1
63 54 1
63 55 1
63 56 -1
63 57 -1
63 58 1
63 60 -1
63 61 1
63 62 1
63 64 1
64 6 1
64 28 1
64 38 1
64 48 -1
64 51 1
64 52 -1
64 53 1
64 54 1
64 56 1
64 57 -1
64 58 1
64 60 1
64 61 1
64 62 1
64 63 1
