1 2 -1
1 3 -1
1 6 -1
1 7 -1
1 8 -1
1 9 -1
1 10 -1
1 11 -1
1 12 -1
1 15 -1
1 16 -1
1 30 -1
1 35 -1
1 43 -1
1 53 -1
1 54 -1
2 1 -1
2 4 -1
2 5 -1
2 6 -1
2 8 -1
2 10 -1
2 11 -1
2 13 -1
2 14 -1
2 15 -1
2 16 -1
2 17 1
2 41 -1
2 42 1
2 45 -1
2 64 -1
3 1 -1
3 4 -1
3 5 -1
3 6 -1
3 7 -1
3 9 -1
3 10 1
3 12 -1
3 13 -1
3 14 -1
3 15 -1
3 24 -1
3 38 -1
3 56 -1
3 58 -1
4 2 -1
4 3 -1
4 6 1
4 7 -1
4 9 -1
4 11 -1
4 12 -1
4 13 -1
4 14 -1
4 15 1
4 16 -1
4 24 -1
4 29 -1
4 40 -1
4 44 -1
4 57 -1
5 2 -1
5 3 -1
5 6 1
5 7 -1
5 8 -1
5 9 -1
5 11 1
5 13 -1
5 14 -1
5 15 -1
5 16 -1
5 29 -1
5 32 -1
5 37 -1
6 1 -1
6 2 -1
6 3 -1
6 4 1
6 5 1
6 7 -1
6 9 -1
6 10 1
6 11 -1
6 12 -1
6 13 -1
6 27 1
6 31 -1
6 39 -1
6 54 -1
6 61 -1
7 1 -1
7 3 -1
7 4 -1
7 5 -1
7 6 -1
7 8 -1
7 9 -1
7 10 -1
7 11 -1
7 14 -1
7 16 -1
7 19 -1
7 30 -1
7 44 -1
7 48 -1
7 62 -1
8 1 -1
8 2 -1
8 5 -1
8 7 -1
8 10 -1
8 11 -1
8 12 1
8 13 -1
8 14 -1
8 15 -1
8 16 -1
8 21 -1
8 40 -1
8 43 -1
8 46 -1
8 55 -1
9 1 -1
9 3 -1
9 4 -1
9 5 -1
9 6 -1
9 7 -1
9 10 -1
9 11 -1
9 12 -1
9 13 -1
9 15 -1
9 25 -1
9 36 1
9 48 -1
9 52 -1
9 56 1
10 1 -1
10 2 -1
10 3 1
10 6 1
10 7 -1
10 8 -1
10 9 -1
10 11 -1
10 13 -1
10 14 -1
10 16 -1
10 42 -1
10 44 -1
10 47 -1
10 54 -1
10 62 -1
11 1 -1
11 2 -1
11 4 -1
11 5 1
11 6 -1
11 7 -1
11 8 -1
11 9 -1
11 10 -1
11 12 -1
11 16 -1
11 25 1
11 34 -1
11 39 -1
11 42 -1
11 64 -1
12 1 -1
12 3 -1
12 4 -1
12 6 -1
12 8 1
12 9 -1
12 11 -1
12 13 1
12 14 1
12 15 -1
12 16 1
12 23 -1
12 35 -1
12 41 -1
12 48 -1
12 63 -1
13 2 -1
13 3 -1
13 4 -1
13 5 -1
13 6 -1
13 8 -1
13 9 -1
13 10 -1
13 12 1
13 14 1
13 15 -1
13 33 -1
13 45 -1
13 48 -1
13 57 -1
14 2 -1
14 3 -1
14 4 -1
14 5 -1
14 7 -1
14 8 -1
14 10 -1
14 12 1
14 13 1
14 15 -1
14 16 -1
14 44 -1
14 46 -1
14 51 -1
14 58 -1
14 61 -1
15 1 -1
15 2 -1
15 3 -1
15 4 1
15 5 -1
15 8 -1
15 9 -1
15 12 -1
15 13 -1
15 14 -1
15 16 -1
15 20 -1
15 26 -1
15 27 -1
15 29 -1
15 50 -1
16 1 -1
16 2 -1
16 4 -1
16 5 -1
16 7 -1
16 8 -1
16 10 -1
16 11 -1
16 12 1
16 14 -1
16 15 -1
16 24 1
16 31 -1
16 34 1
16 40 -1
16 50 -1
17 2 1
17 20 1
17 21 -1
17 22 -1
17 24 -1
17 25 -1
17 27 -1
17 28 -1
17 29 -1
17 30 -1
17 31 -1
17 32 -1
17 46 -1
17 50 -1
17 51 -1
17 62 -1
18 19 -1
18 22 -1
18 23 -1
18 25 -1
18 26 -1
18 27 -1
18 28 -1
18 29 -1
18 30 -1
18 31 -1
18 32 -1
18 36 -1
18 46 -1
18 54 -1
18 58 -1
18 59 -1
19 7 -1
19 18 -1
19 20 -1
19 21 1
19 23 -1
19 24 -1
19 25 -1
19 26 1
19 29 -1
19 30 1
19 31 -1
19 32 -1
19 37 1
19 47 -1
19 53 -1
19 59 -1
20 15 -1
20 17 1
20 19 -1
20 22 -1
20 23 1
20 24 -1
20 25 -1
20 26 -1
20 28 -1
20 30 -1
20 31 -1
20 32 -1
20 50 -1
20 52 -1
20 57 1
20 58 -1
21 8 -1
21 17 -1
21 19 1
21 23 -1
21 24 -1
21 26 -1
21 27 -1
21 28 1
21 29 -1
21 30 -1
21 31 -1
21 32 -1
21 47 -1
21 54 1
21 60 -1
22 17 -1
22 18 -1
22 20 -1
22 23 -1
22 24 -1
22 25 -1
22 26 1
22 27 -1
22 29 -1
22 30 -1
22 31 -1
22 34 -1
22 38 -1
22 56 -1
22 59 -1
23 12 -1
23 18 -1
23 19 -1
23 20 1
23 21 -1
23 22 -1
23 25 -1
23 26 -1
23 27 -1
23 29 -1
23 31 -1
23 32 -1
23 41 -1
23 56 -1
23 57 -1
23 60 -1
24 3 -1
24 4 -1
24 16 1
24 17 -1
24 19 -1
24 20 -1
24 21 -1
24 22 -1
24 26 -1
24 27 -1
24 28 -1
24 29 -1
24 30 -1
24 32 -1
24 33 -1
25 9 -1
25 11 1
25 17 -1
25 18 -1
25 19 -1
25 20 -1
25 22 -1
25 23 -1
25 28 -1
25 29 -1
25 30 -1
25 31 -1
25 32 -1
25 36 -1
25 42 -1
25 62 1
26 15 -1
26 18 -1
26 19 1
26 20 -1
26 21 -1
26 22 1
26 23 -1
26 24 -1
26 27 -1
26 28 -1
26 31 -1
26 32 -1
26 49 -1
26 51 -1
26 55 -1
27 6 1
27 15 -1
27 17 -1
27 18 -1
27 21 -1
27 22 -1
27 23 -1
27 24 -1
27 26 -1
27 28 -1
27 29 -1
27 30 -1
27 32 -1
27 37 -1
27 40 -1
27 41 -1
28 17 -1
28 18 -1
28 20 -1
28 21 1
28 24 -1
28 25 -1
28 26 -1
28 27 -1
28 29 -1
28 30 1
28 32 -1
28 41 -1
28 45 -1
28 49 -1
28 53 -1
28 55 -1
29 4 -1
29 5 -1
29 15 -1
29 17 -1
29 18 -1
29 19 -1
29 21 -1
29 22 -1
29 23 -1
29 24 -1
29 25 -1
29 27 -1
29 28 -1
29 31 -1
29 56 -1
29 58 -1
30 1 -1
30 7 -1
30 17 -1
30 18 -1
30 19 1
30 20 -1
30 21 -1
30 22 -1
30 24 -1
30 25 -1
30 27 -1
30 28 1
30 31 -1
30 50 -1
30 52 -1
30 63 -1
31 6 -1
31 16 -1
31 17 -1
31 18 -1
31 19 -1
31 20 -1
31 21 -1
31 22 -1
31 23 -1
31 25 -1
31 26 -1
31 29 -1
31 30 -1
31 39 -1
31 63 -1
31 64 -1
32 5 -1
32 17 -1
32 18 -1
32 19 -1
32 20 -1
32 21 -1
32 23 -1
32 24 -1
32 25 -1
32 26 -1
32 27 -1
32 28 -1
32 34 -1
32 38 -1
32 52 -1
32 61 -1
33 13 -1
33 24 -1
33 34 -1
33 35 -1
33 36 -1
33 37 -1
33 38 -1
33 40 -1
33 41 -1
33 42 -1
33 43 1
33 44 -1
33 45 -1
33 61 1
33 64 -1
34 11 -1
34 16 1
34 22 -1
34 32 -1
34 33 -1
34 35 -1
34 36 -1
34 37 -1
34 38 -1
34 39 -1
34 43 -1
34 45 -1
34 46 -1
34 47 1
34 48 1
34 61 -1
35 1 -1
35 12 -1
35 33 -1
35 34 -1
35 37 -1
35 38 -1
35 39 -1
35 40 -1
35 42 -1
35 43 -1
35 46 -1
35 47 -1
35 48 -1
35 51 1
35 53 -1
35 64 1
36 9 1
36 18 -1
36 25 -1
36 33 -1
36 34 -1
36 37 1
36 39 -1
36 40 -1
36 41 -1
36 43 -1
36 44 -1
36 46 -1
36 47 -1
36 48 -1
36 49 -1
36 63 -1
37 5 -1
37 19 1
37 27 -1
37 33 -1
37 34 -1
37 35 -1
37 36 1
37 39 -1
37 40 -1
37 41 1
37 42 -1
37 43 -1
37 45 1
37 46 -1
38 3 -1
38 22 -1
38 32 -1
38 33 -1
38 34 -1
38 35 -1
38 39 -1
38 41 -1
38 42 -1
38 43 -1
38 44 -1
38 45 -1
38 46 -1
38 48 -1
39 6 -1
39 11 -1
39 31 -1
39 34 -1
39 35 -1
39 36 -1
39 37 -1
39 38 -1
39 40 -1
39 42 -1
39 43 -1
39 44 -1
39 47 1
39 48 -1
39 55 -1
39 60 -1
40 4 -1
40 8 -1
40 16 -1
40 27 -1
40 33 -1
40 35 -1
40 36 -1
40 37 -1
40 39 -1
40 41 1
40 42 -1
40 44 1
40 45 -1
40 46 -1
40 47 -1
40 55 -1
41 2 -1
41 12 -1
41 23 -1
41 27 -1
41 28 -1
41 33 -1
41 36 -1
41 37 1
41 38 -1
41 40 1
41 42 -1
41 43 -1
41 44 -1
41 45 -1
41 47 -1
41 48 -1
42 2 1
42 10 -1
42 11 -1
42 25 -1
42 33 -1
42 35 -1
42 37 -1
42 38 -1
42 39 -1
42 40 -1
42 41 -1
42 43 -1
42 44 -1
42 47 -1
42 48 -1
42 57 -1
43 1 -1
43 8 -1
43 33 1
43 34 -1
43 35 -1
43 36 -1
43 37 -1
43 38 -1
43 39 -1
43 41 -1
43 42 -1
43 45 -1
43 46 -1
43 52 -1
43 59 -1
43 63 -1
44 4 -1
44 7 -1
44 10 -1
44 14 -1
44 33 -1
44 36 -1
44 38 -1
44 39 -1
44 40 1
44 41 -1
44 42 -1
44 45 -1
44 46 -1
44 47 -1
44 48 -1
44 51 -1
45 2 -1
45 13 -1
45 28 -1
45 33 -1
45 34 -1
45 37 1
45 38 -1
45 40 -1
45 41 -1
45 43 -1
45 44 -1
45 46 -1
45 47 -1
45 48 -1
45 59 -1
46 8 -1
46 14 -1
46 17 -1
46 18 -1
46 34 -1
46 35 -1
46 36 -1
46 37 -1
46 38 -1
46 40 -1
46 43 -1
46 44 -1
46 45 -1
46 47 -1
46 48 -1
46 53 -1
47 10 -1
47 19 -1
47 21 -1
47 34 1
47 35 -1
47 36 -1
47 39 1
47 40 -1
47 41 -1
47 42 -1
47 44 -1
47 45 -1
47 46 -1
47 48 -1
47 60 -1
47 62 -1
48 7 -1
48 9 -1
48 12 -1
48 13 -1
48 34 1
48 35 -1
48 36 -1
48 38 -1
48 39 -1
48 41 -1
48 42 -1
48 44 -1
48 45 -1
48 46 -1
48 47 -1
48 49 -1
49 26 -1
49 28 -1
49 36 -1
49 48 -1
49 50 -1
49 51 -1
49 52 -1
49 53 -1
49 54 -1
49 58 -1
49 59 -1
49 60 -1
49 61 -1
49 62 -1
49 63 -1
50 15 -1
50 16 -1
50 17 -1
50 20 -1
50 30 -1
50 49 -1
50 52 -1
50 53 -1
50 55 1
50 56 -1
50 57 -1
50 59 -1
50 60 -1
50 61 -1
50 62 -1
50 63 -1
51 14 -1
51 17 -1
51 26 -1
51 35 1
51 44 -1
51 49 -1
51 52 -1
51 53 -1
51 54 -1
51 55 -1
51 56 -1
51 57 -1
51 58 -1
51 59 -1
51 62 -1
51 64 -1
52 9 -1
52 20 -1
52 30 -1
52 32 -1
52 43 -1
52 49 -1
52 50 -1
52 51 -1
52 53 -1
52 56 -1
52 57 -1
52 58 -1
52 60 1
52 62 -1
52 63 1
52 64 -1
53 1 -1
53 19 -1
53 28 -1
53 35 -1
53 46 -1
53 49 -1
53 50 -1
53 51 -1
53 52 -1
53 54 -1
53 55 -1
53 57 -1
53 58 -1
53 61 -1
53 63 -1
53 64 1
54 1 -1
54 6 -1
54 10 -1
54 18 -1
54 21 1
54 49 -1
54 51 -1
54 53 -1
54 55 -1
54 56 -1
54 57 -1
54 58 -1
54 59 -1
54 60 -1
54 62 -1
54 64 -1
55 8 -1
55 26 -1
55 28 -1
55 39 -1
55 40 -1
55 50 1
55 51 -1
55 53 -1
55 54 -1
55 56 -1
55 59 -1
55 60 -1
55 61 -1
55 62 -1
55 63 -1
55 64 -1
56 3 -1
56 9 1
56 22 -1
56 23 -1
56 29 -1
56 50 -1
56 51 -1
56 52 -1
56 54 -1
56 55 -1
56 58 -1
56 60 -1
56 61 -1
56 62 -1
56 63 -1
56 64 -1
57 4 -1
57 13 -1
57 20 1
57 23 -1
57 42 -1
57 50 -1
57 51 -1
57 52 -1
57 53 -1
57 54 -1
57 58 -1
57 59 -1
57 60 -1
57 61 -1
57 63 -1
57 64 -1
58 3 -1
58 14 -1
58 18 -1
58 20 -1
58 29 -1
58 49 -1
58 51 -1
58 52 -1
58 53 -1
58 54 -1
58 56 -1
58 57 -1
58 59 -1
58 60 1
58 61 1
58 64 -1
59 18 -1
59 19 -1
59 22 -1
59 43 -1
59 45 -1
59 49 -1
59 50 -1
59 51 -1
59 54 -1
59 55 -1
59 57 -1
59 58 -1
59 61 -1
59 62 -1
59 63 -1
59 64 1
60 21 -1
60 23 -1
60 39 -1
60 47 -1
60 49 -1
60 50 -1
60 52 1
60 54 -1
60 55 -1
60 56 -1
60 57 -1
60 58 1
60 61 -1
60 62 -1
60 63 -1
61 6 -1
61 14 -1
61 32 -1
61 33 1
61 34 -1
61 49 -1
61 50 -1
61 53 -1
61 55 -1
61 56 -1
61 57 -1
61 58 1
61 59 -1
61 60 -1
61 62 1
61 63 -1
62 7 -1
62 10 -1
62 17 -1
62 25 1
62 47 -1
62 49 -1
62 50 -1
62 51 -1
62 52 -1
62 54 -1
62 55 -1
62 56 -1
62 59 -1
62 60 -1
62 61 1
62 64 -1
63 12 -1
63 30 -1
63 31 -1
63 36 -1
63 43 -1
63 49 -1
63 50 -1
63 52 1
63 53 -1
63 55 -1
63 56 -1
63 57 -1
63 59 -1
63 60 -1
63 61 -1
63 64 -1
64 2 -1
64 11 -1
64 31 -1
64 33 -1
64 35 1
64 51 -1
64 52 -1
64 53 1
64 54 -1
64 55 -1
64 56 -1
64 57 -1
64 58 -1
64 59 1
64 62 -1
64 63 -1
