1 3 -1
1 5 -1
1 6 1
1 7 -1
1 9 1
1 10 1
1 11 -1
1 13 -1
1 14 1
1 15 1
1 16 -1
1 19 1
1 34 1
1 54 -1
1 58 -1
1 62 1
2 3 1
2 4 1
2 5 -1
2 6 -1
2 7 1
2 8 -1
2 9 1
2 12 -1
2 13 1
2 14 1
2 15 1
2 36 1
2 49 1
2 51 1
2 56 1
2 63 -1
3 1 -1
3 2 1
3 4 -1
3 6 -1
3 8 1
3 9 1
3 10 -1
3 12 1
3 14 -1
3 15 1
3 16 -1
3 32 1
3 41 1
3 42 1
3 52 1
3 54 -1
4 2 1
4 3 -1
4 5 1
4 6 1
4 7 1
4 8 -1
4 10 -1
4 11 -1
4 13 1
4 15 1
4 16 -1
4 23 1
4 28 -1
4 41 1
4 64 1
5 1 -1
5 2 -1
5 4 1
5 6 -1
5 9 1
5 11 1
5 12 -1
5 13 -1
5 14 1
5 15 1
5 16 -1
5 31 1
5 33 -1
5 35 -1
5 39 -1
5 53 -1
6 1 1
6 2 -1
6 3 -1
6 4 1
6 5 -1
6 7 -1
6 8 1
6 10 -1
6 13 1
6 14 -1
6 15 1
6 29 -1
6 42 1
6 51 1
6 55 -1
6 60 1
7 1 -1
7 2 1
7 4 1
7 6 -1
7 8 1
7 9 1
7 11 -1
7 12 1
7 14 -1
7 15 -1
7 16 -1
7 17 1
7 20 -1
7 34 -1
7 36 1
8 2 -1
8 3 1
8 4 -1
8 6 1
8 7 1
8 9 -1
8 10 -1
8 11 -1
8 12 -1
8 13 -1
8 16 1
8 36 1
8 39 -1
8 54 1
8 59 1
8 61 1
9 1 1
9 2 1
9 3 1
9 5 1
9 7 1
9 8 -1
9 10 1
9 11 1
9 12 -1
9 14 -1
9 16 -1
9 19 1
9 23 1
9 27 1
9 29 -1
9 51 -1
10 1 1
10 3 -1
10 4 -1
10 6 -1
10 8 -1
10 9 1
10 11 1
10 12 1
10 13 1
10 14 -1
10 16 1
10 18 1
10 22 1
10 26 -1
10 48 1
10 51 -1
11 1 -1
11 4 -1
11 5 1
11 7 -1
11 8 -1
11 9 1
11 10 1
11 12 1
11 13 1
11 14 1
11 15 1
11 25 -1
11 33 1
11 47 -1
11 49 1
11 57 1
12 2 -1
12 3 1
12 5 -1
12 7 1
12 8 -1
12 9 -1
12 10 1
12 11 1
12 13 -1
12 15 1
12 16 1
12 34 -1
12 47 -1
12 57 1
12 61 1
12 63 1
13 1 -1
13 2 1
13 4 1
13 5 -1
13 6 1
13 8 -1
13 10 1
13 11 1
13 12 -1
13 14 1
13 15 1
13 17 -1
13 25 -1
13 29 1
13 37 -1
13 39 -1
14 1 1
14 2 1
14 3 -1
14 5 1
14 6 -1
14 7 -1
14 9 -1
14 10 -1
14 11 1
14 13 1
14 16 1
14 18 -1
14 31 -1
14 34 1
14 46 -1
14 59 -1
15 1 1
15 2 1
15 3 1
15 4 1
15 5 1
15 6 1
15 7 -1
15 11 1
15 12 1
15 13 1
15 16 1
15 32 1
15 33 -1
15 52 1
15 56 1
15 60 -1
16 1 -1
16 3 -1
16 4 -1
16 5 -1
16 7 -1
16 8 1
16 9 -1
16 10 1
16 12 1
16 14 1
16 15 1
16 31 1
16 35 -1
16 37 1
16 39 -1
16 47 -1
17 7 1
17 13 -1
17 18 1
17 20 1
17 21 -1
17 22 -1
17 23 1
17 26 1
17 27 -1
17 28 -1
17 29 -1
17 30 -1
17 31 1
17 44 1
17 50 -1
18 10 1
18 14 -1
18 17 1
18 20 1
18 21 1
18 22 1
18 23 -1
18 24 -1
18 27 -1
18 28 -1
18 29 1
18 30 -1
18 32 -1
18 40 -1
18 48 1
18 50 1
19 1 1
19 9 1
19 21 1
19 23 1
19 24 -1
19 25 1
19 26 -1
19 27 1
19 28 -1
19 29 -1
19 30 -1
19 31 -1
19 32 -1
19 38 -1
19 58 1
19 60 -1
20 7 -1
20 17 1
20 18 1
20 22 1
20 23 1
20 24 1
20 25 1
20 26 -1
20 27 1
20 30 -1
20 31 1
20 32 1
20 41 1
20 49 1
20 55 1
21 17 -1
21 18 1
21 19 1
21 23 1
21 24 -1
21 25 1
21 26 -1
21 28 1
21 30 1
21 31 1
21 32 -1
21 42 -1
21 55 1
21 59 -1
21 61 1
22 10 1
22 17 -1
22 18 1
22 20 1
22 23 -1
22 24 -1
22 25 -1
22 26 1
22 27 -1
22 28 1
22 29 1
22 30 -1
22 44 1
22 47 -1
22 52 1
22 62 -1
23 4 1
23 9 1
23 17 1
23 18 -1
23 19 1
23 20 1
23 21 1
23 22 -1
23 24 -1
23 27 -1
23 28 -1
23 29 -1
23 32 -1
23 45 1
23 52 1
23 53 1
24 18 -1
24 19 -1
24 20 1
24 21 -1
24 22 -1
24 23 -1
24 25 -1
24 26 1
24 29 -1
24 31 -1
24 32 -1
24 44 1
24 50 -1
24 64 -1
25 11 -1
25 13 -1
25 19 1
25 20 1
25 21 1
25 22 -1
25 24 -1
25 27 -1
25 28 -1
25 29 -1
25 30 -1
25 31 1
25 32 1
25 37 -1
25 38 -1
25 55 1
26 10 -1
26 17 1
26 19 -1
26 20 -1
26 21 -1
26 22 1
26 24 1
26 27 -1
26 28 1
26 29 1
26 31 1
26 32 1
26 37 1
26 43 -1
26 49 -1
26 57 1
27 9 1
27 17 -1
27 18 -1
27 19 1
27 20 1
27 22 -1
27 23 -1
27 25 -1
27 26 -1
27 29 1
27 31 1
27 32 1
27 35 -1
27 40 1
27 46 1
27 54 -1
28 4 -1
28 17 -1
28 18 -1
28 19 -1
28 21 1
28 22 1
28 23 -1
28 25 -1
28 26 1
28 29 -1
28 30 -1
28 31 -1
28 37 -1
28 42 -1
28 43 -1
28 45 -1
29 6 -1
29 9 -1
29 13 1
29 17 -1
29 18 1
29 19 -1
29 22 1
29 23 -1
29 24 -1
29 25 -1
29 26 1
29 27 1
29 28 -1
29 30 1
29 38 1
29 50 -1
30 17 -1
30 18 -1
30 19 -1
30 20 -1
30 21 1
30 22 -1
30 25 -1
30 28 -1
30 29 1
30 31 1
30 32 1
30 41 1
30 42 1
30 48 -1
30 55 -1
30 56 -1
31 5 1
31 14 -1
31 16 1
31 17 1
31 19 -1
31 20 1
31 21 1
31 24 -1
31 25 1
31 26 1
31 27 1
31 28 -1
31 30 1
31 32 -1
31 35 1
31 53 1
32 3 1
32 15 1
32 18 -1
32 19 -1
32 20 1
32 21 -1
32 23 -1
32 24 -1
32 25 1
32 26 1
32 27 1
32 30 1
32 31 -1
32 35 -1
32 46 -1
32 50 -1
33 5 -1
33 11 1
33 15 -1
33 34 1
33 35 -1
33 36 -1
33 38 -1
33 39 1
33 40 -1
33 41 -1
33 42 1
33 43 1
33 47 -1
33 48 -1
33 58 1
34 1 1
34 7 -1
34 12 -1
34 14 1
34 33 1
34 37 -1
34 38 1
34 40 1
34 41 1
34 42 -1
34 43 -1
34 44 -1
34 45 -1
34 46 1
34 48 1
34 63 1
35 5 -1
35 16 -1
35 27 -1
35 31 1
35 32 -1
35 33 -1
35 36 1
35 38 1
35 39 -1
35 40 1
35 41 1
35 42 1
35 43 -1
35 45 1
35 47 -1
35 48 1
36 2 1
36 7 1
36 8 1
36 33 -1
36 35 1
36 37 -1
36 38 -1
36 39 1
36 41 -1
36 42 -1
36 44 -1
36 45 -1
36 46 -1
36 48 -1
36 62 -1
37 13 -1
37 16 1
37 25 -1
37 26 1
37 28 -1
37 34 -1
37 36 -1
37 38 1
37 39 1
37 40 -1
37 41 1
37 42 1
37 43 1
37 45 1
37 46 1
37 47 1
38 19 -1
38 25 -1
38 29 1
38 33 -1
38 34 1
38 35 1
38 36 -1
38 37 1
38 39 -1
38 41 -1
38 44 1
38 45 -1
38 46 1
38 47 1
38 59 -1
38 61 1
39 5 -1
39 8 -1
39 13 -1
39 16 -1
39 33 1
39 35 -1
39 36 1
39 37 1
39 38 -1
39 40 1
39 43 -1
39 44 -1
39 45 -1
39 46 1
39 48 -1
39 57 -1
40 18 -1
40 27 1
40 33 -1
40 34 1
40 35 1
40 37 -1
40 39 1
40 42 1
40 43 1
40 44 1
40 45 -1
40 46 1
40 47 1
40 51 -1
40 56 1
40 57 -1
41 3 1
41 4 1
41 20 1
41 30 1
41 33 -1
41 34 1
41 35 1
41 36 -1
41 37 1
41 38 -1
41 42 1
41 43 -1
41 45 -1
41 47 -1
41 48 1
41 61 1
42 3 1
42 6 1
42 21 -1
42 28 -1
42 30 1
42 33 1
42 34 -1
42 35 1
42 36 -1
42 37 1
42 40 1
42 41 1
42 43 -1
42 44 -1
42 46 1
42 48 1
43 26 -1
43 28 -1
43 33 1
43 34 -1
43 35 -1
43 37 1
43 39 -1
43 40 1
43 41 -1
43 42 -1
43 44 -1
43 47 1
43 48 -1
43 49 1
43 53 1
43 58 1
44 17 1
44 22 1
44 24 1
44 34 -1
44 36 -1
44 38 1
44 39 -1
44 40 1
44 42 -1
44 43 -1
44 45 -1
44 46 1
44 47 1
44 48 1
44 52 -1
45 23 1
45 28 -1
45 34 -1
45 35 1
45 36 -1
45 37 1
45 38 -1
45 39 -1
45 40 -1
45 41 -1
45 44 -1
45 46 -1
45 47 -1
45 54 -1
45 60 -1
45 63 1
46 14 -1
46 27 1
46 32 -1
46 34 1
46 36 -1
46 37 1
46 38 1
46 39 1
46 40 1
46 42 1
46 44 1
46 45 -1
46 47 -1
46 48 1
46 53 1
46 62 1
47 11 -1
47 12 -1
47 16 -1
47 22 -1
47 33 -1
47 35 -1
47 37 1
47 38 1
47 40 1
47 41 -1
47 43 1
47 44 1
47 45 -1
47 46 -1
47 48 -1
47 60 1
48 10 1
48 18 1
48 30 -1
48 33 -1
48 34 1
48 35 1
48 36 -1
48 39 -1
48 41 1
48 42 1
48 43 -1
48 44 1
48 46 1
48 47 -1
48 56 1
48 63 1
49 2 1
49 11 1
49 20 1
49 26 -1
49 43 1
49 50 -1
49 52 1
49 53 1
49 57 -1
49 58 1
49 59 -1
49 60 -1
49 61 1
49 62 -1
49 63 -1
49 64 -1
50 17 -1
50 18 1
50 24 -1
50 29 -1
50 32 -1
50 49 -1
50 51 1
50 52 1
50 56 -1
50 57 1
50 58 -1
50 59 1
50 60 -1
50 62 1
50 63 -1
50 64 1
51 2 1
51 6 1
51 9 -1
51 10 -1
51 40 -1
51 50 1
51 52 1
51 53 -1
51 54 -1
51 56 1
51 57 -1
51 58 -1
51 59 1
51 61 -1
51 62 1
51 64 -1
52 3 1
52 15 1
52 22 1
52 23 1
52 44 -1
52 49 1
52 50 1
52 51 1
52 53 -1
52 55 -1
52 58 1
52 59 -1
52 60 -1
52 61 1
52 62 -1
52 64 -1
53 5 -1
53 23 1
53 31 1
53 43 1
53 46 1
53 49 1
53 51 -1
53 52 -1
53 54 -1
53 55 -1
53 56 -1
53 57 -1
53 58 1
53 59 1
53 60 -1
53 64 -1
54 1 -1
54 3 -1
54 8 1
54 27 -1
54 45 -1
54 51 -1
54 53 -1
54 55 1
54 56 -1
54 57 1
54 58 -1
54 59 -1
54 60 1
54 61 -1
54 62 -1
54 63 -1
55 6 -1
55 20 1
55 21 1
55 25 1
55 30 -1
55 52 -1
55 53 -1
55 54 1
55 56 -1
55 57 -1
55 58 1
55 59 1
55 60 -1
55 61 -1
55 63 1
55 64 1
56 2 1
56 15 1
56 30 -1
56 40 1
56 48 1
56 50 -1
56 51 1
56 53 -1
56 54 -1
56 55 -1
56 57 -1
56 58 -1
56 59 -1
56 60 -1
56 62 1
56 63 -1
57 11 1
57 12 1
57 26 1
57 39 -1
57 40 -1
57 49 -1
57 50 1
57 51 -1
57 53 -1
57 54 1
57 55 -1
57 56 -1
57 59 1
57 60 -1
57 62 1
57 63 -1
58 1 -1
58 19 1
58 33 1
58 43 1
58 49 1
58 50 -1
58 51 -1
58 52 1
58 53 1
58 54 -1
58 55 1
58 56 -1
58 61 1
58 63 -1
58 64 1
59 8 1
59 14 -1
59 21 -1
59 38 -1
59 49 -1
59 50 1
59 51 1
59 52 -1
59 53 1
59 54 -1
59 55 1
59 56 -1
59 57 1
59 61 -1
59 63 -1
60 6 1
60 15 -1
60 19 -1
60 45 -1
60 47 1
60 49 -1
60 50 -1
60 52 -1
60 53 -1
60 54 1
60 55 -1
60 56 -1
60 57 -1
60 61 1
60 62 1
60 64 1
61 8 1
61 12 1
61 21 1
61 38 1
61 41 1
61 49 1
61 51 -1
61 52 1
61 54 -1
61 55 -1
61 58 1
61 59 -1
61 60 1
61 62 -1
61 63 1
61 64 -1
62 1 1
62 22 -1
62 36 -1
62 46 1
62 49 -1
62 50 1
62 51 1
62 52 -1
62 54 -1
62 56 1
62 57 1
62 60 1
62 61 -1
62 63 1
62 64 1
63 2 -1
63 12 1
63 34 1
63 45 1
63 48 1
63 49 -1
63 50 -1
63 54 -1
63 55 1
63 56 -1
63 57 -1
63 58 -1
63 59 -1
63 61 1
63 62 1
63 64 1
64 4 1
64 24 -1
64 49 -1
64 50 1
64 51 -1
64 52 -1
64 53 -1
64 55 1
64 58 1
64 60 1
64 61 -1
64 62 1
64 63 1
