1 2 -1
1 5 1
1 6 -1
1 7 -1
1 8 -1
1 9 -1
1 10 -1
1 12 1
1 13 1
1 14 -1
1 15 -1
1 18 -1
1 36 -1
1 40 -1
1 50 -1
1 59 -1
2 1 -1
2 3 -1
2 4 -1
2 6 -1
2 7 -1
2 10 -1
2 12 -1
2 13 -1
2 14 -1
2 15 -1
2 16 -1
2 24 -1
2 39 -1
2 44 -1
2 59 -1
2 64 -1
3 2 -1
3 4 -1
3 5 -1
3 6 -1
3 7 -1
3 10 -1
3 11 -1
3 12 -1
3 13 -1
3 14 -1
3 16 -1
3 22 -1
3 26 -1
3 44 -1
3 48 -1
3 64 -1
4 2 -1
4 3 -1
4 7 -1
4 8 -1
4 9 -1
4 11 -1
4 12 -1
4 13 -1
4 14 -1
4 15 1
4 16 -1
4 34 -1
4 36 1
4 38 -1
4 47 -1
4 56 -1
5 1 1
5 3 -1
5 6 -1
5 7 -1
5 8 -1
5 9 1
5 11 -1
5 13 -1
5 14 1
5 15 1
5 16 -1
5 26 -1
5 40 -1
5 41 -1
5 53 -1
5 58 1
6 1 -1
6 2 -1
6 3 -1
6 5 -1
6 7 1
6 8 -1
6 10 -1
6 11 -1
6 12 -1
6 15 -1
6 16 -1
6 25 -1
6 35 -1
6 40 -1
6 42 -1
6 56 -1
7 1 -1
7 2 -1
7 3 -1
7 4 -1
7 5 -1
7 6 1
7 8 1
7 9 -1
7 10 -1
7 11 -1
7 14 -1
7 23 -1
7 24 -1
7 47 -1
7 63 -1
8 1 -1
8 4 -1
8 5 -1
8 6 -1
8 7 1
8 9 -1
8 11 -1
8 12 -1
8 13 -1
8 14 -1
8 15 -1
8 28 -1
8 32 -1
8 34 1
8 43 -1
8 50 -1
9 1 -1
9 4 -1
9 5 1
9 7 -1
9 8 -1
9 10 -1
9 11 1
9 12 1
9 14 1
9 15 -1
9 16 -1
9 23 -1
9 25 -1
9 34 -1
9 60 -1
9 62 -1
10 1 -1
10 2 -1
10 3 -1
10 6 -1
10 7 -1
10 9 -1
10 11 -1
10 12 1
10 13 -1
10 14 -1
10 16 -1
10 23 -1
10 29 1
10 34 -1
10 39 1
10 61 -1
11 3 -1
11 4 -1
11 5 -1
11 6 -1
11 7 -1
11 8 -1
11 9 1
11 10 -1
11 13 -1
11 15 -1
11 16 -1
11 17 -1
11 48 -1
11 50 -1
11 59 -1
11 60 -1
12 1 1
12 2 -1
12 3 -1
12 4 -1
12 6 -1
12 8 -1
12 9 1
12 10 1
12 13 -1
12 15 -1
12 16 -1
12 23 -1
12 25 -1
12 33 1
12 38 -1
12 40 -1
13 1 1
13 2 -1
13 3 -1
13 4 -1
13 5 -1
13 8 -1
13 10 -1
13 11 -1
13 12 -1
13 14 -1
13 16 -1
13 22 -1
13 24 -1
13 42 -1
13 45 -1
13 50 -1
14 1 -1
14 2 -1
14 3 -1
14 4 -1
14 5 1
14 7 -1
14 8 -1
14 9 1
14 10 -1
14 13 -1
14 15 -1
14 28 1
14 37 1
14 52 1
14 58 -1
15 1 -1
15 2 -1
15 4 1
15 5 1
15 6 -1
15 8 -1
15 9 -1
15 11 -1
15 12 -1
15 14 -1
15 16 -1
15 19 -1
15 28 -1
15 31 -1
15 42 -1
15 60 1
16 2 -1
16 3 -1
16 4 -1
16 5 -1
16 6 -1
16 9 -1
16 10 -1
16 11 -1
16 12 -1
16 13 -1
16 15 -1
16 35 1
16 37 -1
16 41 -1
16 47 -1
16 53 -1
17 11 -1
17 18 -1
17 21 -1
17 22 -1
17 25 -1
17 26 -1
17 27 -1
17 28 -1
17 29 -1
17 30 -1
17 31 -1
17 32 -1
17 35 -1
17 43 -1
17 57 -1
17 62 -1
18 1 -1
18 17 -1
18 19 -1
18 20 -1
18 22 -1
18 23 -1
18 24 -1
18 25 -1
18 26 -1
18 27 -1
18 29 -1
18 32 -1
18 36 -1
18 37 -1
18 51 -1
18 56 -1
19 15 -1
19 18 -1
19 21 -1
19 22 -1
19 23 -1
19 24 -1
19 25 -1
19 26 -1
19 27 -1
19 28 -1
19 29 -1
19 30 -1
19 39 -1
19 45 -1
19 57 -1
20 18 -1
20 21 -1
20 22 -1
20 23 -1
20 24 -1
20 25 -1
20 28 -1
20 29 -1
20 30 -1
20 31 -1
20 32 -1
20 36 -1
20 52 -1
20 54 -1
20 58 1
20 59 -1
21 17 -1
21 19 -1
21 20 -1
21 22 -1
21 24 1
21 25 -1
21 26 1
21 27 -1
21 28 -1
21 31 -1
21 32 -1
21 39 -1
21 49 -1
21 51 -1
21 56 -1
22 3 -1
22 13 -1
22 17 -1
22 18 -1
22 19 -1
22 20 -1
22 21 -1
22 23 -1
22 24 -1
22 26 -1
22 28 -1
22 30 -1
22 32 1
22 37 -1
22 51 -1
22 63 -1
23 7 -1
23 9 -1
23 10 -1
23 12 -1
23 18 -1
23 19 -1
23 20 -1
23 22 -1
23 24 -1
23 25 1
23 26 1
23 27 -1
23 29 -1
23 30 -1
23 31 -1
23 34 -1
24 2 -1
24 7 -1
24 13 -1
24 18 -1
24 19 -1
24 20 -1
24 21 1
24 22 -1
24 23 -1
24 25 -1
24 27 -1
24 28 -1
24 29 -1
24 31 -1
24 53 -1
25 6 -1
25 9 -1
25 12 -1
25 17 -1
25 18 -1
25 19 -1
25 20 -1
25 21 -1
25 23 1
25 24 -1
25 27 -1
25 28 -1
25 29 -1
25 32 -1
25 62 -1
25 63 -1
26 3 -1
26 5 -1
26 17 -1
26 18 -1
26 19 -1
26 21 1
26 22 -1
26 23 1
26 27 -1
26 29 -1
26 30 -1
26 31 -1
26 32 -1
26 33 -1
26 47 -1
27 17 -1
27 18 -1
27 19 -1
27 21 -1
27 23 -1
27 24 -1
27 25 -1
27 26 -1
27 30 -1
27 31 -1
27 32 -1
27 41 -1
27 46 -1
27 48 -1
27 49 -1
27 64 -1
28 8 -1
28 14 1
28 15 -1
28 17 -1
28 19 -1
28 20 -1
28 21 -1
28 22 -1
28 24 -1
28 25 -1
28 29 -1
28 30 -1
28 31 -1
28 32 -1
28 55 -1
28 63 -1
29 10 1
29 17 -1
29 18 -1
29 19 -1
29 20 -1
29 23 -1
29 24 -1
29 25 -1
29 26 -1
29 28 -1
29 30 -1
29 31 -1
29 39 -1
29 48 -1
29 53 -1
30 17 -1
30 19 -1
30 20 -1
30 22 -1
30 23 -1
30 26 -1
30 27 -1
30 28 -1
30 29 -1
30 31 -1
30 32 -1
30 38 -1
30 41 -1
30 56 -1
30 58 -1
30 61 -1
31 15 -1
31 17 -1
31 20 -1
31 21 -1
31 23 -1
31 24 -1
31 26 -1
31 27 -1
31 28 -1
31 29 -1
31 30 -1
31 32 -1
31 46 -1
31 49 -1
31 50 1
31 60 -1
32 8 -1
32 17 -1
32 18 -1
32 20 -1
32 21 -1
32 22 1
32 25 -1
32 26 -1
32 27 -1
32 28 -1
32 30 -1
32 31 -1
32 42 -1
32 49 -1
32 61 -1
32 62 -1
33 12 1
33 26 -1
33 35 -1
33 36 -1
33 37 -1
33 38 -1
33 39 -1
33 42 -1
33 43 -1
33 45 -1
33 46 -1
33 47 -1
33 48 1
33 54 -1
33 64 -1
34 4 -1
34 8 1
34 9 -1
34 10 -1
34 23 -1
34 35 -1
34 37 -1
34 40 -1
34 41 -1
34 42 -1
34 43 -1
34 44 -1
34 45 -1
34 46 -1
34 47 -1
34 48 -1
35 6 -1
35 16 1
35 17 -1
35 33 -1
35 34 -1
35 36 -1
35 38 -1
35 39 -1
35 41 -1
35 42 -1
35 44 -1
35 46 1
35 47 -1
35 48 -1
35 58 1
35 61 -1
36 1 -1
36 4 1
36 18 -1
36 20 -1
36 33 -1
36 35 -1
36 37 -1
36 38 -1
36 39 -1
36 40 -1
36 41 -1
36 43 1
36 45 -1
36 46 -1
36 47 -1
36 63 -1
37 14 1
37 16 -1
37 18 -1
37 22 -1
37 33 -1
37 34 -1
37 36 -1
37 38 -1
37 40 -1
37 41 -1
37 42 -1
37 43 -1
37 44 -1
37 47 -1
37 48 -1
37 54 -1
38 4 -1
38 12 -1
38 30 -1
38 33 -1
38 35 -1
38 36 -1
38 37 -1
38 39 -1
38 40 -1
38 42 -1
38 43 -1
38 45 -1
38 46 -1
38 48 -1
38 52 1
38 54 -1
39 2 -1
39 10 1
39 19 -1
39 21 -1
39 29 -1
39 33 -1
39 35 -1
39 36 -1
39 38 -1
39 40 -1
39 41 -1
39 43 -1
39 44 -1
39 45 -1
39 47 -1
39 48 1
40 1 -1
40 5 -1
40 6 -1
40 12 -1
40 34 -1
40 36 -1
40 37 -1
40 38 -1
40 39 -1
40 42 -1
40 43 -1
40 44 -1
40 45 -1
40 46 -1
40 48 -1
40 55 -1
41 5 -1
41 16 -1
41 27 -1
41 30 -1
41 34 -1
41 35 -1
41 36 -1
41 37 -1
41 39 -1
41 42 -1
41 44 -1
41 45 -1
41 46 -1
41 47 -1
41 48 1
41 55 -1
42 6 -1
42 13 -1
42 15 -1
42 32 -1
42 33 -1
42 34 -1
42 35 -1
42 37 -1
42 38 -1
42 40 -1
42 41 -1
42 43 -1
42 44 -1
42 45 -1
42 47 -1
42 59 -1
43 8 -1
43 17 -1
43 33 -1
43 34 -1
43 36 1
43 37 -1
43 38 -1
43 39 -1
43 40 -1
43 42 -1
43 44 -1
43 46 -1
43 47 -1
43 51 -1
43 57 -1
43 60 -1
44 2 -1
44 3 -1
44 34 -1
44 35 -1
44 37 -1
44 39 -1
44 40 -1
44 41 -1
44 42 -1
44 43 -1
44 45 1
44 46 -1
44 48 -1
44 52 -1
44 55 -1
44 62 -1
45 13 -1
45 19 -1
45 33 -1
45 34 -1
45 36 -1
45 38 -1
45 39 -1
45 40 -1
45 41 -1
45 42 -1
45 44 1
45 47 -1
45 48 -1
45 54 -1
45 57 -1
46 27 -1
46 31 -1
46 33 -1
46 34 -1
46 35 1
46 36 -1
46 38 -1
46 40 -1
46 41 -1
46 43 -1
46 44 -1
46 47 1
46 48 -1
46 49 -1
46 55 -1
46 57 -1
47 4 -1
47 7 -1
47 16 -1
47 26 -1
47 33 -1
47 34 -1
47 35 -1
47 36 -1
47 37 -1
47 39 -1
47 41 -1
47 42 -1
47 43 -1
47 45 -1
47 46 1
47 64 -1
48 3 -1
48 11 -1
48 27 -1
48 29 -1
48 33 1
48 34 -1
48 35 -1
48 37 -1
48 38 -1
48 39 1
48 40 -1
48 41 1
48 44 -1
48 45 -1
48 46 -1
48 61 -1
49 21 -1
49 27 -1
49 31 -1
49 32 -1
49 46 -1
49 50 -1
49 51 -1
49 52 -1
49 54 -1
49 55 -1
49 57 -1
49 59 -1
49 60 -1
49 61 -1
49 63 -1
49 64 -1
50 1 -1
50 8 -1
50 11 -1
50 13 -1
50 31 1
50 49 -1
50 51 -1
50 52 -1
50 53 -1
50 54 -1
50 56 -1
50 58 -1
50 59 -1
50 61 -1
50 62 -1
50 63 -1
51 18 -1
51 21 -1
51 22 -1
51 43 -1
51 49 -1
51 50 -1
51 53 -1
51 54 -1
51 55 1
51 56 -1
51 57 -1
51 58 -1
51 60 -1
51 62 -1
51 63 -1
52 14 1
52 20 -1
52 38 1
52 44 -1
52 49 -1
52 50 -1
52 53 -1
52 56 -1
52 57 -1
52 58 1
52 59 -1
52 60 -1
52 62 -1
52 63 -1
52 64 -1
53 5 -1
53 16 -1
53 24 -1
53 29 -1
53 50 -1
53 51 -1
53 52 -1
53 54 -1
53 56 -1
53 57 -1
53 58 1
53 60 1
53 61 -1
53 62 -1
53 63 -1
54 20 -1
54 33 -1
54 37 -1
54 38 -1
54 45 -1
54 49 -1
54 50 -1
54 51 -1
54 53 -1
54 55 -1
54 56 1
54 57 -1
54 60 1
54 61 -1
54 63 -1
54 64 -1
55 28 -1
55 40 -1
55 41 -1
55 44 -1
55 46 -1
55 49 -1
55 51 1
55 54 -1
55 56 -1
55 58 -1
55 59 1
55 60 -1
55 61 -1
55 62 -1
55 63 1
55 64 -1
56 4 -1
56 6 -1
56 18 -1
56 21 -1
56 30 -1
56 50 -1
56 51 -1
56 52 -1
56 53 -1
56 54 1
56 55 -1
56 57 -1
56 59 -1
56 61 -1
56 62 -1
56 64 -1
57 17 -1
57 19 -1
57 43 -1
57 45 -1
57 46 -1
57 49 -1
57 51 -1
57 52 -1
57 53 -1
57 54 -1
57 56 -1
57 58 -1
57 59 -1
57 61 -1
57 63 -1
57 64 -1
58 5 1
58 14 -1
58 20 1
58 30 -1
58 35 1
58 50 -1
58 51 -1
58 52 1
58 53 1
58 55 -1
58 57 -1
58 59 -1
58 60 -1
58 61 -1
58 62 -1
58 64 -1
59 1 -1
59 2 -1
59 11 -1
59 20 -1
59 42 -1
59 49 -1
59 50 -1
59 52 -1
59 55 1
59 56 -1
59 57 -1
59 58 -1
59 60 -1
59 62 1
59 63 1
59 64 -1
60 9 -1
60 11 -1
60 15 1
60 31 -1
60 43 -1
60 49 -1
60 51 -1
60 52 -1
60 53 1
60 54 1
60 55 -1
60 58 -1
60 59 -1
60 61 -1
60 63 -1
60 64 -1
61 10 -1
61 30 -1
61 32 -1
61 35 -1
61 48 -1
61 49 -1
61 50 -1
61 53 -1
61 54 -1
61 55 -1
61 56 -1
61 57 -1
61 58 -1
61 60 -1
61 62 -1
61 64 -1
62 9 -1
62 17 -1
62 25 -1
62 32 -1
62 44 -1
62 50 -1
62 51 -1
62 52 -1
62 53 -1
62 55 -1
62 56 -1
62 58 -1
62 59 1
62 61 -1
62 63 -1
62 64 1
63 7 -1
63 22 -1
63 25 -1
63 28 -1
63 36 -1
63 49 -1
63 50 -1
63 51 -1
63 52 -1
63 53 -1
63 54 -1
63 55 1
63 57 -1
63 59 1
63 60 -1
63 62 -1
64 2 -1
64 3 -1
64 27 -1
64 33 -1
64 47 -1
64 49 -1
64 52 -1
64 54 -1
64 55 -1
64 56 -1
64 57 -1
64 58 -1
64 59 -1
64 60 -1
64 61 -1
64 62 1
