1 2 1
1 4 -1
1 5 -1
1 8 -1
1 9 -1
1 10 -1
1 11 -1
1 12 -1
1 14 1
1 15 -1
1 16 -1
1 22 -1
1 39 -1
1 40 -1
1 45 -1
1 64 1
2 1 1
2 3 -1
2 4 1
2 5 1
2 7 -1
2 10 1
2 11 1
2 12 -1
2 13 -1
2 14 -1
2 16 1
2 18 -1
2 30 -1
2 43 1
2 50 1
2 53 -1
3 2 -1
3 4 1
3 6 1
3 7 -1
3 8 -1
3 9 -1
3 10 -1
3 11 1
3 12 -1
3 14 -1
3 16 -1
3 24 -1
3 32 1
3 38 1
3 61 -1
3 63 -1
4 1 -1
4 2 1
4 3 1
4 5 1
4 6 1
4 7 1
4 8 1
4 10 1
4 12 -1
4 13 -1
4 16 -1
4 20 -1
4 29 1
4 31 -1
4 57 1
4 62 -1
5 1 -1
5 2 1
5 4 1
5 6 -1
5 8 -1
5 9 1
5 11 -1
5 13 1
5 14 -1
5 15 -1
5 16 -1
5 24 -1
5 27 1
5 31 1
5 49 1
5 61 -1
6 3 1
6 4 1
6 5 -1
6 7 -1
6 9 1
6 11 -1
6 12 1
6 13 -1
6 14 -1
6 15 -1
6 16 -1
6 17 -1
6 27 -1
6 28 -1
6 33 1
6 39 -1
7 2 -1
7 3 -1
7 4 1
7 6 -1
7 8 -1
7 9 1
7 10 1
7 12 -1
7 13 -1
7 15 -1
7 16 -1
7 18 -1
7 24 1
7 38 -1
7 40 -1
7 45 -1
8 1 -1
8 3 -1
8 4 1
8 5 -1
8 7 -1
8 9 1
8 10 -1
8 11 -1
8 12 1
8 14 -1
8 15 -1
8 22 -1
8 37 -1
8 38 -1
8 62 -1
9 1 -1
9 3 -1
9 5 1
9 6 1
9 7 1
9 8 1
9 10 -1
9 11 -1
9 12 -1
9 13 -1
9 14 -1
9 18 -1
9 22 -1
9 33 1
9 39 -1
9 60 -1
10 1 -1
10 2 1
10 3 -1
10 4 1
10 7 1
10 8 -1
10 9 -1
10 12 -1
10 13 -1
10 15 -1
10 16 -1
10 17 1
10 28 -1
10 45 -1
10 49 1
11 1 -1
11 2 1
11 3 1
11 5 -1
11 6 -1
11 8 -1
11 9 -1
11 12 1
11 13 -1
11 14 -1
11 15 1
11 31 -1
11 37 -1
11 41 -1
11 51 1
11 53 -1
12 1 -1
12 2 -1
12 3 -1
12 4 -1
12 6 1
12 7 -1
12 8 1
12 9 -1
12 10 -1
12 11 1
12 15 1
12 20 -1
12 34 1
12 58 -1
12 63 -1
13 2 -1
13 4 -1
13 5 1
13 6 -1
13 7 -1
13 9 -1
13 10 -1
13 11 -1
13 14 -1
13 15 -1
13 16 -1
13 20 -1
13 21 -1
13 47 -1
13 63 1
13 64 -1
14 1 1
14 2 -1
14 3 -1
14 5 -1
14 6 -1
14 8 -1
14 9 -1
14 11 -1
14 13 -1
14 15 -1
14 16 1
14 28 -1
14 48 1
14 54 -1
14 55 -1
14 57 -1
15 1 -1
15 5 -1
15 6 -1
15 7 -1
15 8 -1
15 10 -1
15 11 1
15 12 1
15 13 -1
15 14 -1
15 16 1
15 31 1
15 36 -1
15 38 -1
15 52 -1
15 61 -1
16 1 -1
16 2 1
16 3 -1
16 4 -1
16 5 -1
16 6 -1
16 7 -1
16 10 -1
16 13 -1
16 14 1
16 15 1
16 27 -1
16 49 -1
16 54 -1
16 56 1
16 60 -1
17 6 -1
17 10 1
17 18 -1
17 19 -1
17 20 -1
17 22 1
17 23 -1
17 25 -1
17 27 -1
17 28 -1
17 29 -1
17 31 -1
17 32 -1
17 39 -1
17 46 1
18 2 -1
18 7 -1
18 9 -1
18 17 -1
18 19 -1
18 21 -1
18 22 1
18 23 -1
18 24 -1
18 26 1
18 27 1
18 28 -1
18 29 -1
18 31 -1
18 35 1
18 55 1
19 17 -1
19 18 -1
19 20 -1
19 23 -1
19 24 -1
19 25 1
19 27 1
19 28 -1
19 30 -1
19 31 -1
19 32 1
19 37 1
19 41 1
19 45 -1
19 55 -1
19 62 -1
20 4 -1
20 12 -1
20 13 -1
20 17 -1
20 19 -1
20 22 -1
20 23 -1
20 25 -1
20 27 -1
20 28 -1
20 29 -1
20 30 -1
20 31 -1
20 32 -1
20 33 1
20 59 -1
21 13 -1
21 18 -1
21 22 -1
21 23 1
21 24 -1
21 25 -1
21 26 -1
21 27 1
21 28 -1
21 30 -1
21 31 -1
21 32 1
21 40 -1
21 46 -1
21 60 -1
21 63 1
22 1 -1
22 8 -1
22 9 -1
22 17 1
22 18 1
22 20 -1
22 21 -1
22 23 1
22 24 -1
22 26 -1
22 27 1
22 28 -1
22 30 -1
22 31 -1
22 58 -1
22 59 -1
23 17 -1
23 18 -1
23 19 -1
23 20 -1
23 21 1
23 22 1
23 24 -1
23 25 -1
23 26 -1
23 29 -1
23 32 -1
23 35 -1
23 43 -1
23 51 -1
23 53 -1
24 3 -1
24 5 -1
24 7 1
24 18 -1
24 19 -1
24 21 -1
24 22 -1
24 23 -1
24 25 -1
24 26 1
24 29 1
24 30 -1
24 31 -1
24 32 -1
24 33 1
24 56 -1
25 17 -1
25 19 1
25 20 -1
25 21 -1
25 23 -1
25 24 -1
25 26 -1
25 29 -1
25 30 -1
25 31 1
25 32 1
25 43 -1
25 47 -1
25 50 -1
25 52 -1
26 18 1
26 21 -1
26 22 -1
26 23 -1
26 24 1
26 25 -1
26 27 1
26 28 1
26 29 -1
26 30 1
26 31 -1
26 44 -1
26 50 1
26 52 -1
26 58 1
27 5 1
27 6 -1
27 16 -1
27 17 -1
27 18 1
27 19 1
27 20 -1
27 21 1
27 22 1
27 26 1
27 29 -1
27 30 1
27 31 -1
27 32 1
27 44 1
27 49 1
28 6 -1
28 10 -1
28 14 -1
28 17 -1
28 18 -1
28 19 -1
28 20 -1
28 21 -1
28 22 -1
28 26 1
28 29 1
28 30 -1
28 31 -1
28 32 -1
28 38 1
28 58 -1
29 4 1
29 17 -1
29 18 -1
29 20 -1
29 23 -1
29 24 1
29 25 -1
29 26 -1
29 27 -1
29 28 1
29 30 1
29 32 1
29 40 1
29 44 -1
29 50 -1
29 62 1
30 2 -1
30 19 -1
30 20 -1
30 21 -1
30 22 -1
30 24 -1
30 25 -1
30 26 1
30 27 1
30 28 -1
30 29 1
30 32 -1
30 43 -1
30 47 -1
30 55 -1
30 63 -1
31 4 -1
31 5 1
31 11 -1
31 15 1
31 17 -1
31 18 -1
31 19 -1
31 20 -1
31 21 -1
31 22 -1
31 24 -1
31 25 1
31 26 -1
31 27 -1
31 28 -1
31 59 -1
32 3 1
32 17 -1
32 19 1
32 20 -1
32 21 1
32 23 -1
32 24 -1
32 25 1
32 27 1
32 28 -1
32 29 1
32 30 -1
32 44 1
32 48 1
32 64 -1
33 6 1
33 9 1
33 20 1
33 24 1
33 34 1
33 35 -1
33 36 -1
33 38 1
33 40 -1
33 41 -1
33 42 -1
33 43 -1
33 44 1
33 47 1
33 48 1
33 59 1
34 12 1
34 33 1
34 37 -1
34 38 1
34 39 -1
34 40 -1
34 42 -1
34 43 1
34 44 -1
34 45 -1
34 46 -1
34 47 -1
34 55 -1
34 64 1
35 18 1
35 23 -1
35 33 -1
35 36 1
35 38 1
35 39 -1
35 40 -1
35 42 -1
35 43 -1
35 44 1
35 45 -1
35 47 -1
35 48 1
35 51 1
35 56 -1
36 15 -1
36 33 -1
36 35 1
36 37 -1
36 40 -1
36 41 -1
36 43 -1
36 44 -1
36 45 1
36 46 -1
36 47 1
36 48 -1
36 49 1
36 53 -1
36 57 -1
36 61 -1
37 8 -1
37 11 -1
37 19 1
37 34 -1
37 36 -1
37 38 -1
37 39 -1
37 41 1
37 42 -1
37 43 1
37 45 -1
37 46 1
37 47 -1
37 48 -1
37 62 1
38 3 1
38 7 -1
38 8 -1
38 15 -1
38 28 1
38 33 1
38 34 1
38 35 1
38 37 -1
38 39 1
38 40 -1
38 41 -1
38 42 -1
38 45 1
38 47 1
38 48 1
39 1 -1
39 6 -1
39 9 -1
39 17 -1
39 34 -1
39 35 -1
39 37 -1
39 38 1
39 41 -1
39 42 1
39 44 -1
39 45 1
39 46 -1
39 47 1
39 48 -1
39 60 1
40 1 -1
40 7 -1
40 21 -1
40 29 1
40 33 -1
40 34 -1
40 35 -1
40 36 -1
40 38 -1
40 42 -1
40 43 1
40 44 -1
40 45 -1
40 46 -1
40 47 -1
40 59 -1
41 11 -1
41 19 1
41 33 -1
41 36 -1
41 37 1
41 38 -1
41 39 -1
41 42 -1
41 44 1
41 45 -1
41 46 -1
41 47 -1
41 48 1
41 53 -1
41 54 1
41 60 -1
42 33 -1
42 34 -1
42 35 -1
42 37 -1
42 38 -1
42 39 1
42 40 -1
42 41 -1
42 43 1
42 46 -1
42 47 -1
42 52 -1
42 54 1
42 56 1
42 57 -1
42 58 -1
43 2 1
43 23 -1
43 25 -1
43 30 -1
43 33 -1
43 34 1
43 35 -1
43 36 -1
43 37 1
43 40 1
43 42 1
43 44 1
43 45 -1
43 46 1
43 48 -1
44 26 -1
44 27 1
44 29 -1
44 32 1
44 33 1
44 34 -1
44 35 1
44 36 -1
44 39 -1
44 40 -1
44 41 1
44 43 1
44 45 1
44 46 -1
44 48 -1
45 1 -1
45 7 -1
45 10 -1
45 19 -1
45 34 -1
45 35 -1
45 36 1
45 37 -1
45 38 1
45 39 1
45 40 -1
45 41 -1
45 43 -1
45 44 1
45 48 -1
46 17 1
46 21 -1
46 34 -1
46 36 -1
46 37 1
46 39 -1
46 40 -1
46 41 -1
46 42 -1
46 43 1
46 44 -1
46 47 -1
46 48 -1
46 51 -1
46 57 -1
47 13 -1
47 25 -1
47 30 -1
47 33 1
47 34 -1
47 35 -1
47 36 1
47 37 -1
47 38 1
47 39 1
47 40 -1
47 41 -1
47 42 -1
47 46 -1
47 54 -1
47 61 1
48 14 1
48 32 1
48 33 1
48 35 1
48 36 -1
48 37 -1
48 38 1
48 39 -1
48 41 1
48 43 -1
48 44 -1
48 45 -1
48 46 -1
48 52 -1
48 56 -1
49 5 1
49 10 1
49 16 -1
49 27 1
49 36 1
49 50 -1
49 51 -1
49 52 -1
49 53 -1
49 54 -1
49 55 -1
49 56 -1
49 59 -1
49 61 -1
49 62 -1
49 64 -1
50 2 1
50 25 -1
50 26 1
50 29 -1
50 49 -1
50 51 -1
50 52 -1
50 53 -1
50 54 -1
50 55 -1
50 59 -1
50 60 -1
50 61 -1
50 62 -1
50 63 -1
51 11 1
51 23 -1
51 35 1
51 46 -1
51 49 -1
51 50 -1
51 52 1
51 53 -1
51 54 -1
51 56 1
51 57 1
51 58 -1
51 59 1
51 63 1
51 64 -1
52 15 -1
52 25 -1
52 26 -1
52 42 -1
52 48 -1
52 49 -1
52 50 -1
52 51 1
52 53 -1
52 55 1
52 56 -1
52 57 -1
52 58 -1
52 61 -1
52 62 -1
52 63 -1
53 2 -1
53 11 -1
53 23 -1
53 36 -1
53 41 -1
53 49 -1
53 50 -1
53 51 -1
53 52 -1
53 55 -1
53 57 1
53 59 -1
53 60 -1
53 61 1
53 63 1
53 64 1
54 14 -1
54 16 -1
54 41 1
54 42 1
54 47 -1
54 49 -1
54 50 -1
54 51 -1
54 55 1
54 56 1
54 57 -1
54 58 -1
54 60 -1
54 61 -1
54 62 -1
54 63 1
55 14 -1
55 18 1
55 19 -1
55 30 -1
55 34 -1
55 49 -1
55 50 -1
55 52 1
55 53 -1
55 54 1
55 56 -1
55 58 -1
55 59 -1
55 60 -1
55 62 -1
55 64 -1
56 16 1
56 24 -1
56 35 -1
56 42 1
56 48 -1
56 49 -1
56 51 1
56 52 -1
56 54 1
56 55 -1
56 57 1
56 58 1
56 60 -1
56 61 -1
56 63 -1
56 64 -1
57 4 1
57 14 -1
57 36 -1
57 42 -1
57 46 -1
57 51 1
57 52 -1
57 53 1
57 54 -1
57 56 1
57 58 -1
57 59 -1
57 60 1
57 62 -1
57 63 -1
57 64 -1
58 12 -1
58 22 -1
58 26 1
58 28 -1
58 42 -1
58 51 -1
58 52 -1
58 54 -1
58 55 -1
58 56 1
58 57 -1
58 59 -1
58 60 1
58 61 -1
58 63 1
58 64 -1
59 20 -1
59 22 -1
59 31 -1
59 33 1
59 40 -1
59 49 -1
59 50 -1
59 51 1
59 53 -1
59 55 -1
59 57 -1
59 58 -1
59 60 -1
59 61 -1
59 62 1
59 64 1
60 9 -1
60 16 -1
60 21 -1
60 39 1
60 41 -1
60 50 -1
60 53 -1
60 54 -1
60 55 -1
60 56 -1
60 57 1
60 58 1
60 59 -1
60 61 -1
60 62 -1
60 64 -1
61 3 -1
61 5 -1
61 15 -1
61 36 -1
61 47 1
61 49 -1
61 50 -1
61 52 -1
61 53 1
61 54 -1
61 56 -1
61 58 -1
61 59 -1
61 60 -1
61 62 -1
61 63 -1
62 4 -1
62 8 -1
62 19 -1
62 29 1
62 37 1
62 49 -1
62 50 -1
62 52 -1
62 54 -1
62 55 -1
62 57 -1
62 59 1
62 60 -1
62 61 -1
62 63 -1
62 64 1
63 3 -1
63 12 -1
63 13 1
63 21 1
63 30 -1
63 50 -1
63 51 1
63 52 -1
63 53 1
63 54 1
63 56 -1
63 57 -1
63 58 1
63 61 -1
63 62 -1
63 64 -1
64 1 1
64 13 -1
64 32 -1
64 34 1
64 49 -1
64 51 -1
64 53 1
64 55 -1
64 56 -1
64 57 -1
64 58 -1
64 59 1
64 60 -1
64 62 1
64 63 -1
