1 3 -1
1 4 -1
1 6 -1
1 7 -1
1 9 -1
1 10 -1
1 11 -1
1 12 -1
1 13 -1
1 15 -1
1 16 -1
1 23 1
1 31 -1
1 35 -1
1 50 -1
1 64 -1
2 3 -1
2 4 -1
2 5 -1
2 7 -1
2 8 1
2 9 -1
2 11 1
2 12 -1
2 13 -1
2 15 -1
2 16 -1
2 33 -1
2 38 -1
2 44 1
2 56 -1
3 1 -1
3 2 -1
3 4 -1
3 6 -1
3 8 -1
3 9 -1
3 10 -1
3 11 -1
3 14 -1
3 15 -1
3 16 -1
3 30 -1
3 37 -1
3 39 -1
3 45 -1
3 61 1
4 1 -1
4 2 -1
4 3 -1
4 5 -1
4 6 -1
4 8 -1
4 10 -1
4 11 1
4 12 -1
4 13 -1
4 15 1
4 19 -1
4 27 1
4 39 -1
4 49 -1
4 59 -1
5 2 -1
5 4 -1
5 6 -1
5 7 -1
5 9 1
5 11 -1
5 12 -1
5 13 1
5 14 -1
5 15 -1
5 16 -1
5 35 -1
5 51 -1
5 57 -1
5 59 -1
5 63 -1
6 1 -1
6 3 -1
6 4 -1
6 5 -1
6 7 -1
6 10 1
6 11 -1
6 12 -1
6 13 -1
6 14 -1
6 16 -1
6 20 1
6 37 -1
6 43 -1
6 48 -1
7 1 -1
7 2 -1
7 5 -1
7 6 -1
7 8 -1
7 9 1
7 10 -1
7 13 -1
7 14 -1
7 15 -1
7 16 1
7 22 -1
7 23 -1
7 26 -1
7 33 -1
7 36 -1
8 2 1
8 3 -1
8 4 -1
8 7 -1
8 9 -1
8 10 1
8 11 -1
8 12 -1
8 14 -1
8 15 -1
8 16 -1
8 17 -1
8 19 -1
8 41 -1
8 50 -1
8 51 -1
9 1 -1
9 2 -1
9 3 -1
9 5 1
9 7 1
9 8 -1
9 10 1
9 11 -1
9 13 -1
9 14 -1
9 16 1
9 26 -1
9 35 -1
9 55 -1
9 58 -1
9 59 -1
10 1 -1
10 3 -1
10 4 -1
10 6 1
10 7 -1
10 8 1
10 9 1
10 11 1
10 12 -1
10 13 -1
10 15 -1
10 19 1
10 22 -1
10 40 -1
10 50 -1
10 58 -1
11 1 -1
11 2 1
11 3 -1
11 4 1
11 5 -1
11 6 -1
11 8 -1
11 9 -1
11 10 1
11 12 -1
11 14 1
11 31 -1
11 33 -1
11 43 -1
11 46 -1
11 54 1
12 1 -1
12 2 -1
12 4 -1
12 5 -1
12 6 -1
12 8 -1
12 10 -1
12 11 -1
12 13 -1
12 14 1
12 15 1
12 22 -1
12 23 -1
12 24 -1
12 31 -1
12 42 1
13 1 -1
13 2 -1
13 4 -1
13 5 1
13 6 -1
13 7 -1
13 9 -1
13 10 -1
13 12 -1
13 14 -1
13 16 -1
13 26 -1
13 34 -1
13 47 -1
13 54 -1
14 3 -1
14 5 -1
14 6 -1
14 7 -1
14 8 -1
14 9 -1
14 11 1
14 12 1
14 13 -1
14 15 -1
14 16 -1
14 18 -1
14 21 -1
14 26 -1
14 29 1
14 57 1
15 1 -1
15 2 -1
15 3 -1
15 4 1
15 5 -1
15 7 -1
15 8 -1
15 10 -1
15 12 1
15 14 -1
15 16 -1
15 26 1
15 27 1
15 38 -1
15 45 -1
16 1 -1
16 2 -1
16 3 -1
16 5 -1
16 6 -1
16 7 1
16 8 -1
16 9 1
16 13 -1
16 14 -1
16 15 -1
16 43 -1
16 49 1
16 55 -1
16 57 -1
16 61 -1
17 8 -1
17 19 -1
17 20 1
17 22 -1
17 24 1
17 25 1
17 27 -1
17 28 -1
17 29 -1
17 30 -1
17 31 -1
17 32 1
17 41 -1
17 55 -1
17 59 -1
17 62 1
18 14 -1
18 20 -1
18 21 -1
18 22 -1
18 24 -1
18 25 -1
18 26 -1
18 27 -1
18 28 -1
18 29 -1
18 31 -1
18 32 -1
18 37 -1
18 43 -1
18 45 1
18 47 1
19 4 -1
19 8 -1
19 10 1
19 17 -1
19 20 -1
19 21 -1
19 22 1
19 23 -1
19 24 -1
19 26 -1
19 27 -1
19 29 -1
19 30 1
19 32 -1
19 46 -1
20 6 1
20 17 1
20 18 -1
20 19 -1
20 21 -1
20 23 -1
20 26 -1
20 27 -1
20 28 -1
20 29 -1
20 30 -1
20 31 -1
20 37 -1
20 47 -1
20 52 -1
20 63 -1
21 14 -1
21 18 -1
21 19 -1
21 20 -1
21 22 -1
21 23 -1
21 26 -1
21 28 1
21 29 1
21 30 -1
21 31 -1
21 32 -1
21 42 -1
21 46 -1
21 54 1
21 62 1
22 7 -1
22 10 -1
22 12 -1
22 17 -1
22 18 -1
22 19 1
22 21 -1
22 23 -1
22 24 -1
22 25 -1
22 26 -1
22 27 -1
22 30 -1
22 32 -1
22 37 -1
22 57 -1
23 1 1
23 7 -1
23 12 -1
23 19 -1
23 20 -1
23 21 -1
23 22 -1
23 24 -1
23 25 -1
23 26 -1
23 29 -1
23 30 -1
23 31 1
23 32 -1
23 55 1
23 60 -1
24 12 -1
24 17 1
24 18 -1
24 19 -1
24 22 -1
24 23 -1
24 25 1
24 26 1
24 27 -1
24 28 -1
24 31 -1
24 32 1
24 36 -1
24 44 -1
24 56 1
25 17 1
25 18 -1
25 22 -1
25 23 -1
25 24 1
25 27 -1
25 28 -1
25 29 -1
25 30 -1
25 31 -1
25 32 -1
25 35 -1
25 36 1
25 62 1
25 63 -1
26 7 -1
26 9 -1
26 13 -1
26 14 -1
26 15 1
26 18 -1
26 19 -1
26 20 -1
26 21 -1
26 22 -1
26 23 -1
26 24 1
26 27 -1
26 28 -1
26 29 -1
26 30 1
27 4 1
27 15 1
27 17 -1
27 18 -1
27 19 -1
27 20 -1
27 22 -1
27 24 -1
27 25 -1
27 26 -1
27 28 -1
27 31 -1
27 32 1
27 40 -1
27 61 -1
28 17 -1
28 18 -1
28 20 -1
28 21 1
28 24 -1
28 25 -1
28 26 -1
28 27 -1
28 29 -1
28 30 -1
28 31 -1
28 42 -1
28 44 1
28 52 -1
28 60 -1
29 14 1
29 17 -1
29 18 -1
29 19 -1
29 20 -1
29 21 1
29 23 -1
29 25 -1
29 26 -1
29 28 -1
29 31 -1
29 32 -1
29 54 -1
29 56 -1
29 61 -1
30 3 -1
30 17 -1
30 19 1
30 20 -1
30 21 -1
30 22 -1
30 23 -1
30 25 -1
30 26 1
30 28 -1
30 31 -1
30 32 -1
30 45 -1
30 49 -1
30 53 -1
31 1 -1
31 11 -1
31 12 -1
31 17 -1
31 18 -1
31 20 -1
31 21 -1
31 23 1
31 24 -1
31 25 -1
31 27 -1
31 28 -1
31 29 -1
31 30 -1
31 39 -1
31 40 1
32 17 1
32 18 -1
32 19 -1
32 21 -1
32 22 -1
32 23 -1
32 24 1
32 25 -1
32 27 1
32 29 -1
32 30 -1
32 34 -1
32 41 -1
32 49 -1
32 52 -1
32 60 -1
33 2 -1
33 7 -1
33 11 -1
33 34 -1
33 35 -1
33 36 -1
33 37 -1
33 38 -1
33 39 -1
33 41 -1
33 43 1
33 45 -1
33 46 -1
33 48 -1
33 53 -1
33 57 -1
34 13 -1
34 32 -1
34 33 -1
34 35 -1
34 36 -1
34 37 -1
34 38 1
34 39 -1
34 42 -1
34 44 -1
34 45 -1
34 47 -1
34 48 -1
34 50 -1
34 58 -1
35 1 -1
35 5 -1
35 9 -1
35 25 -1
35 33 -1
35 34 -1
35 36 -1
35 37 -1
35 39 -1
35 40 -1
35 41 1
35 42 1
35 44 -1
35 47 -1
35 48 -1
36 7 -1
36 24 -1
36 25 1
36 33 -1
36 34 -1
36 35 -1
36 38 -1
36 41 -1
36 42 -1
36 43 1
36 44 1
36 45 -1
36 46 1
36 48 -1
36 58 1
37 3 -1
37 6 -1
37 18 -1
37 20 -1
37 22 -1
37 33 -1
37 34 -1
37 35 -1
37 38 -1
37 39 -1
37 40 -1
37 41 1
37 44 -1
37 45 -1
37 47 -1
37 48 -1
38 2 -1
38 15 -1
38 33 -1
38 34 1
38 36 -1
38 37 -1
38 40 -1
38 41 -1
38 42 -1
38 43 1
38 46 -1
38 47 -1
38 48 -1
38 55 -1
38 60 -1
38 62 -1
39 3 -1
39 4 -1
39 31 -1
39 33 -1
39 34 -1
39 35 -1
39 37 -1
39 40 -1
39 41 -1
39 43 1
39 44 -1
39 45 -1
39 47 1
39 48 1
39 49 -1
39 53 -1
40 10 -1
40 27 -1
40 31 1
40 35 -1
40 37 -1
40 38 -1
40 39 -1
40 41 1
40 42 -1
40 43 -1
40 44 -1
40 46 -1
40 47 -1
40 48 1
40 51 -1
40 52 -1
41 8 -1
41 17 -1
41 32 -1
41 33 -1
41 35 1
41 36 -1
41 37 1
41 38 -1
41 39 -1
41 40 1
41 42 -1
41 43 1
41 46 -1
41 48 -1
41 62 1
41 63 1
42 12 1
42 21 -1
42 28 -1
42 34 -1
42 35 1
42 36 -1
42 38 -1
42 40 -1
42 41 -1
42 43 -1
42 44 -1
42 45 -1
42 46 -1
42 47 -1
42 51 -1
42 61 -1
43 6 -1
43 11 -1
43 16 -1
43 18 -1
43 33 1
43 36 1
43 38 1
43 39 1
43 40 -1
43 41 1
43 42 -1
43 44 -1
43 45 1
43 46 -1
43 47 -1
44 2 1
44 24 -1
44 28 1
44 34 -1
44 35 -1
44 36 1
44 37 -1
44 39 -1
44 40 -1
44 42 -1
44 43 -1
44 45 -1
44 46 -1
44 47 -1
44 64 -1
45 3 -1
45 15 -1
45 18 1
45 30 -1
45 33 -1
45 34 -1
45 36 -1
45 37 -1
45 39 -1
45 42 -1
45 43 1
45 44 -1
45 46 1
45 47 -1
45 48 -1
45 51 1
46 11 -1
46 19 -1
46 21 -1
46 33 -1
46 36 1
46 38 -1
46 40 -1
46 41 -1
46 42 -1
46 43 -1
46 44 -1
46 45 1
46 47 1
46 48 -1
46 59 1
47 13 -1
47 18 1
47 20 -1
47 34 -1
47 35 -1
47 37 -1
47 38 -1
47 39 1
47 40 -1
47 42 -1
47 43 -1
47 44 -1
47 45 -1
47 46 1
47 53 -1
47 60 -1
48 6 -1
48 33 -1
48 34 -1
48 35 -1
48 36 -1
48 37 -1
48 38 -1
48 39 1
48 40 1
48 41 -1
48 45 -1
48 46 -1
48 50 -1
48 63 -1
48 64 -1
49 4 -1
49 16 1
49 30 -1
49 32 -1
49 39 -1
49 51 -1
49 52 1
49 53 -1
49 54 1
49 56 1
49 59 -1
49 60 1
49 61 1
49 62 -1
49 63 -1
49 64 -1
50 1 -1
50 8 -1
50 10 -1
50 34 -1
50 48 -1
50 51 1
50 53 -1
50 54 1
50 55 -1
50 56 -1
50 57 1
50 58 -1
50 59 -1
50 61 -1
50 62 -1
50 64 -1
51 5 -1
51 8 -1
51 40 -1
51 42 -1
51 45 1
51 49 -1
51 50 1
51 53 1
51 54 -1
51 56 -1
51 57 -1
51 58 -1
51 59 -1
51 60 -1
51 62 -1
51 63 1
52 20 -1
52 28 -1
52 32 -1
52 40 -1
52 49 1
52 54 -1
52 55 -1
52 56 -1
52 58 -1
52 59 -1
52 60 -1
52 61 1
52 62 -1
52 63 -1
52 64 1
53 30 -1
53 33 -1
53 39 -1
53 47 -1
53 49 -1
53 50 -1
53 51 1
53 54 -1
53 55 -1
53 56 -1
53 57 -1
53 58 -1
53 59 -1
53 63 -1
53 64 -1
54 11 1
54 13 -1
54 21 1
54 29 -1
54 49 1
54 50 1
54 51 -1
54 52 -1
54 53 -1
54 56 -1
54 57 -1
54 58 -1
54 60 1
54 62 -1
54 64 1
55 9 -1
55 16 -1
55 17 -1
55 23 1
55 38 -1
55 50 -1
55 52 -1
55 53 -1
55 56 -1
55 57 1
55 58 -1
55 60 1
55 61 -1
55 62 -1
55 63 -1
55 64 -1
56 2 -1
56 24 1
56 29 -1
56 49 1
56 50 -1
56 51 -1
56 52 -1
56 53 -1
56 54 -1
56 55 -1
56 58 1
56 60 -1
56 61 -1
56 63 1
57 5 -1
57 14 1
57 16 -1
57 22 -1
57 33 -1
57 50 1
57 51 -1
57 53 -1
57 54 -1
57 55 1
57 59 -1
57 60 -1
57 61 -1
57 62 -1
57 63 -1
57 64 -1
58 9 -1
58 10 -1
58 34 -1
58 36 1
58 50 -1
58 51 -1
58 52 -1
58 53 -1
58 54 -1
58 55 -1
58 56 1
58 59 -1
58 60 -1
58 61 -1
58 64 -1
59 4 -1
59 5 -1
59 9 -1
59 17 -1
59 46 1
59 49 -1
59 50 -1
59 51 -1
59 52 -1
59 53 -1
59 57 -1
59 58 -1
59 60 1
59 62 -1
59 63 -1
59 64 -1
60 23 -1
60 28 -1
60 32 -1
60 38 -1
60 47 -1
60 49 1
60 51 -1
60 52 -1
60 54 1
60 55 1
60 56 -1
60 57 -1
60 58 -1
60 59 1
60 61 1
60 63 1
61 3 1
61 16 -1
61 27 -1
61 29 -1
61 42 -1
61 49 1
61 50 -1
61 52 1
61 55 -1
61 56 -1
61 57 -1
61 58 -1
61 60 1
61 62 -1
61 63 -1
61 64 1
62 17 1
62 21 1
62 25 1
62 38 -1
62 41 1
62 49 -1
62 50 -1
62 51 -1
62 52 -1
62 54 -1
62 55 -1
62 57 -1
62 59 -1
62 61 -1
62 63 1
62 64 -1
63 5 -1
63 20 -1
63 25 -1
63 41 1
63 48 -1
63 49 -1
63 51 1
63 52 -1
63 53 -1
63 55 -1
63 56 1
63 57 -1
63 59 -1
63 60 1
63 61 -1
63 62 1
64 1 -1
64 44 -1
64 48 -1
64 49 -1
64 50 -1
64 52 1
64 53 -1
64 54 1
64 55 -1
64 57 -1
64 58 -1
64 59 -1
64 61 1
64 62 -1
