1 2 1
1 3 1
1 4 1
1 6 1
1 8 -1
1 9 -1
1 10 1
1 11 1
1 12 -1
1 15 1
1 16 1
1 21 1
1 40 -1
1 43 1
1 44 -1
1 48 -1
2 1 1
2 3 1
2 4 1
2 5 1
2 7 1
2 8 -1
2 9 1
2 11 -1
2 12 -1
2 13 1
2 14 1
2 24 1
2 30 1
2 40 1
2 58 1
2 62 1
3 1 1
3 2 1
3 4 1
3 5 -1
3 6 1
3 9 1
3 11 1
3 13 -1
3 14 1
3 15 1
3 16 -1
3 17 -1
3 24 -1
3 36 1
3 52 -1
3 57 1
4 1 1
4 2 1
4 3 1
4 5 1
4 7 1
4 8 1
4 9 1
4 10 -1
4 12 -1
4 13 1
4 15 1
4 27 1
4 37 1
4 38 1
4 59 1
4 64 1
5 2 1
5 3 -1
5 4 1
5 6 1
5 7 -1
5 8 -1
5 10 1
5 13 -1
5 14 1
5 15 1
5 16 -1
5 21 -1
5 38 1
5 45 1
5 47 1
5 61 1
6 1 1
6 3 1
6 5 1
6 7 1
6 8 1
6 9 1
6 10 1
6 11 -1
6 12 1
6 14 1
6 15 1
6 20 1
6 35 1
6 43 -1
6 52 1
6 61 -1
7 2 1
7 4 1
7 5 -1
7 6 1
7 8 1
7 9 1
7 10 -1
7 12 1
7 13 1
7 14 1
7 16 1
7 25 1
7 29 1
7 38 1
7 40 1
7 56 1
8 1 -1
8 2 -1
8 4 1
8 5 -1
8 6 1
8 7 1
8 11 1
8 12 1
8 14 1
8 15 1
8 16 -1
8 26 1
8 41 -1
8 43 1
8 47 1
8 55 -1
9 1 -1
9 2 1
9 3 1
9 4 1
9 6 1
9 7 1
9 10 1
9 11 -1
9 13 -1
9 15 1
9 16 1
9 17 1
9 33 1
9 40 1
9 55 1
9 56 -1
10 1 1
10 4 -1
10 5 1
10 6 1
10 7 -1
10 9 1
10 11 1
10 12 -1
10 13 1
10 14 -1
10 16 1
10 26 1
10 32 1
10 48 -1
10 54 1
10 60 -1
11 1 1
11 2 -1
11 3 1
11 6 -1
11 8 1
11 9 -1
11 10 1
11 12 1
11 13 -1
11 14 -1
11 15 -1
11 25 -1
11 42 1
11 44 -1
11 51 1
11 59 -1
12 1 -1
12 2 -1
12 4 -1
12 6 1
12 7 1
12 8 1
12 10 -1
12 11 1
12 13 1
12 15 1
12 16 1
12 26 -1
12 27 1
12 39 1
12 52 1
12 58 1
13 2 1
13 3 -1
13 4 1
13 5 -1
13 7 1
13 9 -1
13 10 1
13 11 -1
13 12 1
13 14 -1
13 16 -1
13 31 1
13 47 1
13 49 -1
13 54 1
13 56 1
14 2 1
14 3 1
14 5 1
14 6 1
14 7 1
14 8 1
14 10 -1
14 11 -1
14 13 -1
14 15 1
14 16 1
14 19 1
14 27 1
14 31 1
14 43 1
14 63 -1
15 1 1
15 3 1
15 4 1
15 5 1
15 6 1
15 8 1
15 9 1
15 11 -1
15 12 1
15 14 1
15 16 1
15 20 1
15 26 -1
15 30 1
15 42 1
16 1 1
16 3 -1
16 5 -1
16 7 1
16 8 -1
16 9 1
16 10 1
16 12 1
16 13 -1
16 14 1
16 15 1
16 30 1
16 37 1
16 50 -1
16 62 1
16 64 1
17 3 -1
17 9 1
17 18 1
17 19 1
17 20 1
17 21 -1
17 22 1
17 24 -1
17 27 1
17 28 -1
17 29 -1
17 31 -1
17 32 1
17 38 -1
17 42 1
17 59 1
18 17 1
18 20 -1
18 22 1
18 23 1
18 24 1
18 25 1
18 26 -1
18 28 1
18 29 1
18 30 1
18 31 -1
18 34 1
18 46 1
18 50 -1
18 51 -1
18 56 -1
19 14 1
19 17 1
19 20 1
19 21 1
19 22 1
19 25 1
19 27 1
19 28 1
19 29 -1
19 30 -1
19 31 1
19 32 1
19 50 1
19 53 -1
19 54 1
19 59 1
20 6 1
20 15 1
20 17 1
20 18 -1
20 19 1
20 21 1
20 22 1
20 23 1
20 25 1
20 27 -1
20 28 -1
20 31 1
20 32 1
20 57 -1
20 61 1
21 1 1
21 5 -1
21 17 -1
21 19 1
21 20 1
21 22 1
21 24 1
21 25 1
21 26 1
21 28 1
21 29 -1
21 30 -1
21 32 1
21 50 -1
21 56 1
21 58 1
22 17 1
22 18 1
22 19 1
22 20 1
22 21 1
22 23 1
22 24 -1
22 26 1
22 27 1
22 29 1
22 31 1
22 33 1
22 41 1
22 60 1
22 62 1
22 64 1
23 18 1
23 20 1
23 22 1
23 24 1
23 25 1
23 26 1
23 27 1
23 28 1
23 29 1
23 30 1
23 31 -1
23 33 1
23 36 -1
23 40 1
23 59 1
23 63 1
24 2 1
24 3 -1
24 17 -1
24 18 1
24 21 1
24 22 -1
24 23 1
24 25 -1
24 26 -1
24 28 -1
24 30 -1
24 31 1
24 32 1
24 46 1
24 54 -1
24 62 1
25 7 1
25 11 -1
25 18 1
25 19 1
25 20 1
25 21 1
25 23 1
25 24 -1
25 26 1
25 27 1
25 29 1
25 31 1
25 32 -1
25 33 1
25 35 1
25 64 -1
26 8 1
26 10 1
26 12 -1
26 15 -1
26 18 -1
26 21 1
26 22 1
26 23 1
26 24 -1
26 25 1
26 27 1
26 28 1
26 30 1
26 31 1
26 32 1
27 4 1
27 12 1
27 14 1
27 17 1
27 19 1
27 20 -1
27 22 1
27 23 1
27 25 1
27 26 1
27 28 1
27 29 -1
27 30 1
27 32 1
27 37 1
27 44 1
28 17 -1
28 18 1
28 19 1
28 20 -1
28 21 1
28 23 1
28 24 -1
28 26 1
28 27 1
28 29 -1
28 30 1
28 34 1
28 54 1
28 64 1
29 7 1
29 17 -1
29 18 1
29 19 -1
29 21 -1
29 22 1
29 23 1
29 25 1
29 27 -1
29 28 -1
29 30 -1
29 32 -1
29 43 1
29 44 1
29 46 1
29 49 1
30 2 1
30 15 1
30 16 1
30 18 1
30 19 -1
30 21 -1
30 23 1
30 24 -1
30 26 1
30 27 1
30 28 1
30 29 -1
30 31 1
30 32 1
30 51 1
30 63 1
31 13 1
31 14 1
31 17 -1
31 18 -1
31 19 1
31 20 1
31 22 1
31 23 -1
31 24 1
31 25 1
31 26 1
31 30 1
31 32 1
31 39 -1
31 42 1
31 51 1
32 10 1
32 17 1
32 19 1
32 20 1
32 21 1
32 24 1
32 25 -1
32 26 1
32 27 1
32 29 -1
32 30 1
32 31 1
32 34 1
32 35 -1
32 37 -1
32 46 -1
33 9 1
33 22 1
33 23 1
33 25 1
33 35 1
33 36 1
33 39 1
33 40 1
33 41 -1
33 42 1
33 43 1
33 45 -1
33 46 -1
33 47 -1
33 48 1
33 52 1
34 18 1
34 28 1
34 32 1
34 35 -1
34 36 1
34 37 -1
34 39 1
34 40 1
34 42 -1
34 43 -1
34 44 -1
34 45 1
34 46 -1
34 47 1
35 6 1
35 25 1
35 32 -1
35 33 1
35 34 -1
35 36 1
35 37 1
35 40 1
35 41 -1
35 43 -1
35 44 1
35 45 1
35 46 1
35 47 1
35 52 1
35 60 -1
36 3 1
36 23 -1
36 33 1
36 34 1
36 35 1
36 38 1
36 39 1
36 41 1
36 42 1
36 44 1
36 45 -1
36 46 1
36 48 1
36 53 1
36 57 1
36 61 -1
37 4 1
37 16 1
37 27 1
37 32 -1
37 34 -1
37 35 1
37 38 -1
37 39 1
37 40 1
37 42 1
37 43 1
37 44 -1
37 46 1
37 47 1
37 48 1
37 53 -1
38 4 1
38 5 1
38 7 1
38 17 -1
38 36 1
38 37 -1
38 39 1
38 40 1
38 42 -1
38 43 1
38 44 1
38 45 1
38 46 1
38 47 1
38 48 1
38 63 -1
39 12 1
39 31 -1
39 33 1
39 34 1
39 36 1
39 37 1
39 38 1
39 40 -1
39 41 1
39 42 1
39 44 1
39 45 1
39 47 1
39 58 -1
39 60 -1
39 63 1
40 1 -1
40 2 1
40 7 1
40 9 1
40 23 1
40 33 1
40 34 1
40 35 1
40 37 1
40 38 1
40 39 -1
40 41 1
40 42 1
40 43 1
40 45 1
40 47 -1
41 8 -1
41 22 1
41 33 -1
41 35 -1
41 36 1
41 39 1
41 40 1
41 42 1
41 43 1
41 44 1
41 45 1
41 46 1
41 48 1
41 50 -1
41 60 1
41 62 1
42 11 1
42 15 1
42 17 1
42 31 1
42 33 1
42 34 -1
42 36 1
42 37 1
42 38 -1
42 39 1
42 40 1
42 41 1
42 44 1
42 46 -1
42 48 1
42 49 1
43 1 1
43 6 -1
43 8 1
43 14 1
43 29 1
43 33 1
43 34 -1
43 35 -1
43 37 1
43 38 1
43 40 1
43 41 1
43 45 -1
43 46 -1
43 47 -1
43 48 1
44 1 -1
44 11 -1
44 27 1
44 29 1
44 34 -1
44 35 1
44 36 1
44 37 -1
44 38 1
44 39 1
44 41 1
44 42 1
44 46 1
44 47 -1
44 48 -1
44 53 1
45 5 1
45 33 -1
45 34 1
45 35 1
45 36 -1
45 38 1
45 39 1
45 40 1
45 41 1
45 43 -1
45 47 1
45 48 1
45 49 1
45 55 1
45 58 1
46 18 1
46 24 1
46 29 1
46 32 -1
46 33 -1
46 34 -1
46 35 1
46 36 1
46 37 1
46 38 1
46 41 1
46 42 -1
46 43 -1
46 44 1
46 48 1
46 51 1
47 5 1
47 8 1
47 13 1
47 33 -1
47 34 1
47 35 1
47 37 1
47 38 1
47 39 1
47 40 -1
47 43 -1
47 44 -1
47 45 1
47 48 1
47 53 1
47 57 1
48 1 -1
48 10 -1
48 33 1
48 36 1
48 37 1
48 38 1
48 41 1
48 42 1
48 43 1
48 44 -1
48 45 1
48 46 1
48 47 1
48 55 1
48 61 1
49 13 -1
49 29 1
49 42 1
49 45 1
49 52 -1
49 53 -1
49 54 1
49 55 1
49 56 1
49 57 -1
49 59 -1
49 60 1
49 62 1
49 63 1
49 64 -1
50 16 -1
50 18 -1
50 19 1
50 21 -1
50 41 -1
50 51 1
50 52 1
50 53 1
50 54 1
50 55 -1
50 58 1
50 59 1
50 60 1
50 62 1
50 63 1
50 64 1
51 11 1
51 18 -1
51 30 1
51 31 1
51 46 1
51 50 1
51 52 1
51 53 -1
51 54 -1
51 56 1
51 58 -1
51 59 1
51 60 1
51 62 -1
51 63 1
51 64 -1
52 3 -1
52 6 1
52 12 1
52 33 1
52 35 1
52 49 -1
52 50 1
52 51 1
52 53 1
52 54 1
52 55 -1
52 56 -1
52 57 -1
52 59 1
52 62 -1
52 63 1
53 19 -1
53 36 1
53 37 -1
53 44 1
53 47 1
53 49 -1
53 50 1
53 51 -1
53 52 1
53 55 1
53 56 1
53 57 -1
53 58 -1
53 60 1
53 61 1
53 64 -1
54 10 1
54 13 1
54 19 1
54 24 -1
54 28 1
54 49 1
54 50 1
54 51 -1
54 52 1
54 55 -1
54 56 1
54 57 -1
54 58 1
54 61 1
54 63 1
54 64 -1
55 8 -1
55 9 1
55 45 1
55 48 1
55 49 1
55 50 -1
55 52 -1
55 53 1
55 54 -1
55 59 1
55 60 1
55 61 1
55 62 -1
55 63 -1
55 64 1
56 7 1
56 9 -1
56 13 1
56 18 -1
56 21 1
56 49 1
56 51 1
56 52 -1
56 53 1
56 54 1
56 57 -1
56 59 1
56 61 -1
56 62 -1
56 63 -1
56 64 1
57 3 1
57 20 -1
57 36 1
57 47 1
57 49 -1
57 52 -1
57 53 -1
57 54 -1
57 56 -1
57 58 1
57 59 1
57 60 -1
57 61 1
57 62 -1
57 63 1
58 2 1
58 12 1
58 21 1
58 39 -1
58 45 1
58 50 1
58 51 -1
58 53 -1
58 54 1
58 57 1
58 59 1
58 60 -1
58 61 1
58 62 1
58 63 1
58 64 1
59 4 1
59 11 -1
59 17 1
59 19 1
59 23 1
59 49 -1
59 50 1
59 51 1
59 52 1
59 55 1
59 56 1
59 57 1
59 58 1
59 60 1
59 61 1
59 64 1
60 10 -1
60 22 1
60 35 -1
60 39 -1
60 41 1
60 49 1
60 50 1
60 51 1
60 53 1
60 55 1
60 57 -1
60 58 -1
60 59 1
60 61 1
60 62 1
60 63 1
61 5 1
61 6 -1
61 20 1
61 36 -1
61 48 1
61 53 1
61 54 1
61 55 1
61 56 -1
61 57 1
61 58 1
61 59 1
61 60 1
61 62 -1
61 63 -1
61 64 1
62 2 1
62 16 1
62 22 1
62 24 1
62 41 1
62 49 1
62 50 1
62 51 -1
62 52 -1
62 55 -1
62 56 -1
62 57 -1
62 58 1
62 60 1
62 61 -1
62 64 1
63 14 -1
63 23 1
63 30 1
63 38 -1
63 39 1
63 49 1
63 50 1
63 51 1
63 52 1
63 54 1
63 55 -1
63 56 -1
63 57 1
63 58 1
63 60 1
63 61 -1
64 4 1
64 16 1
64 22 1
64 25 -1
64 28 1
64 49 -1
64 50 1
64 51 -1
64 53 -1
64 54 -1
64 55 1
64 56 1
64 58 1
64 59 1
64 61 1
64 62 1
