1 3 1
1 4 1
1 5 1
1 6 1
1 7 1
1 8 1
1 10 1
1 11 -1
1 12 1
1 13 1
1 15 1
1 32 -1
1 40 1
1 56 1
1 58 1
1 64 1
2 5 1
2 6 1
2 7 1
2 8 1
2 9 1
2 10 -1
2 11 1
2 12 1
2 14 1
2 15 1
2 16 1
2 31 1
2 39 1
2 50 1
2 59 1
3 1 1
3 4 -1
3 5 1
3 7 1
3 9 -1
3 10 1
3 11 1
3 13 1
3 14 1
3 15 1
3 16 -1
3 24 1
3 42 1
3 53 1
3 60 1
3 64 -1
4 1 1
4 3 -1
4 5 1
4 6 1
4 7 1
4 9 -1
4 10 -1
4 11 1
4 12 1
4 13 1
4 16 1
4 18 -1
4 22 -1
4 44 1
4 47 -1
4 48 1
5 1 1
5 2 1
5 3 1
5 4 1
5 6 1
5 8 1
5 9 1
5 12 -1
5 14 1
5 15 1
5 16 1
5 22 1
5 27 1
5 30 1
5 33 1
5 59 1
6 1 1
6 2 1
6 4 1
6 5 1
6 7 1
6 10 1
6 11 1
6 12 -1
6 13 1
6 14 -1
6 15 1
6 17 -1
6 23 1
6 24 1
6 48 -1
7 1 1
7 2 1
7 3 1
7 4 1
7 6 1
7 8 1
7 9 1
7 11 1
7 12 1
7 14 -1
7 16 1
7 53 1
7 56 1
7 59 -1
7 64 -1
8 1 1
8 2 1
8 5 1
8 7 1
8 9 1
8 10 1
8 11 1
8 12 1
8 13 -1
8 14 1
8 16 -1
8 31 1
8 45 1
8 51 1
8 59 1
8 61 1
9 2 1
9 3 -1
9 4 -1
9 5 1
9 7 1
9 8 1
9 10 -1
9 12 1
9 13 1
9 15 1
9 16 1
9 30 1
9 48 -1
9 49 1
9 62 1
10 1 1
10 2 -1
10 3 1
10 4 -1
10 6 1
10 8 1
10 9 -1
10 12 1
10 13 -1
10 14 1
10 16 1
10 28 -1
10 43 1
10 59 1
10 63 1
11 1 -1
11 2 1
11 3 1
11 4 1
11 6 1
11 7 1
11 8 1
11 13 1
11 14 1
11 15 1
11 16 1
11 17 1
11 23 1
11 26 -1
11 36 1
11 51 1
12 1 1
12 2 1
12 4 1
12 5 -1
12 6 -1
12 7 1
12 8 1
12 9 1
12 10 1
12 13 1
12 15 1
12 28 1
12 33 -1
12 37 1
12 43 -1
12 54 1
13 1 1
13 3 1
13 4 1
13 6 1
13 8 -1
13 9 1
13 10 -1
13 11 1
13 12 1
13 14 -1
13 15 1
13 17 1
13 19 1
13 34 1
13 41 1
13 43 -1
14 2 1
14 3 1
14 5 1
14 6 -1
14 7 -1
14 8 1
14 10 1
14 11 1
14 13 -1
14 15 1
14 16 1
14 22 1
14 32 -1
14 49 -1
14 51 1
14 57 1
15 1 1
15 2 1
15 3 1
15 5 1
15 6 1
15 9 1
15 11 1
15 12 1
15 13 1
15 14 1
15 16 1
15 22 1
15 25 1
15 33 1
15 35 -1
15 61 1
16 2 1
16 3 -1
16 4 1
16 5 1
16 7 1
16 8 -1
16 9 1
16 10 1
16 11 1
16 14 1
16 15 1
16 24 1
16 25 1
16 32 1
16 34 1
16 48 1
17 6 -1
17 11 1
17 13 1
17 20 1
17 21 1
17 22 1
17 23 1
17 26 1
17 27 1
17 28 1
17 29 1
17 30 1
17 31 1
17 32 1
17 53 1
17 56 1
18 4 -1
18 19 -1
18 20 -1
18 21 -1
18 22 1
18 24 -1
18 25 -1
18 26 1
18 27 1
18 28 1
18 30 1
18 31 1
18 41 1
18 52 -1
18 54 1
18 55 1
19 13 1
19 18 -1
19 20 1
19 21 1
19 22 1
19 24 1
19 25 1
19 27 1
19 29 -1
19 30 1
19 31 1
19 32 1
19 34 1
19 55 1
19 57 1
19 63 1
20 17 1
20 18 -1
20 19 1
20 21 1
20 22 1
20 23 -1
20 26 1
20 28 -1
20 29 1
20 31 1
20 32 1
20 36 1
20 40 -1
20 52 1
21 17 1
21 18 -1
21 19 1
21 20 1
21 22 1
21 24 1
21 25 1
21 26 1
21 27 1
21 28 -1
21 29 1
21 50 1
21 56 -1
21 57 -1
21 58 1
22 4 -1
22 5 1
22 14 1
22 15 1
22 17 1
22 18 1
22 19 1
22 20 1
22 21 1
22 23 1
22 24 1
22 28 1
22 29 1
22 30 1
22 32 1
22 55 1
23 6 1
23 11 1
23 17 1
23 20 -1
23 22 1
23 24 1
23 25 1
23 27 -1
23 28 1
23 29 1
23 30 1
23 31 1
23 32 -1
23 44 1
23 45 1
23 58 1
24 3 1
24 6 1
24 16 1
24 18 -1
24 19 1
24 21 1
24 22 1
24 23 1
24 25 -1
24 26 -1
24 27 -1
24 29 1
24 30 1
24 32 1
24 45 1
25 15 1
25 16 1
25 18 -1
25 19 1
25 21 1
25 23 1
25 24 -1
25 26 1
25 28 1
25 29 -1
25 30 1
25 31 1
25 32 -1
25 33 -1
25 37 1
25 44 1
26 11 -1
26 17 1
26 18 1
26 20 1
26 21 1
26 24 -1
26 25 1
26 27 1
26 29 1
26 30 1
26 31 -1
26 32 1
26 36 1
26 40 1
26 41 1
26 60 1
27 5 1
27 17 1
27 18 1
27 19 1
27 21 1
27 23 -1
27 24 -1
27 26 1
27 28 -1
27 30 1
27 31 1
27 32 1
27 37 1
27 38 1
27 45 1
27 52 1
28 10 -1
28 12 1
28 17 1
28 18 1
28 20 -1
28 21 -1
28 22 1
28 23 1
28 25 1
28 27 -1
28 30 1
28 31 1
28 32 1
28 46 1
28 54 1
28 60 1
29 17 1
29 19 -1
29 20 1
29 21 1
29 22 1
29 23 1
29 24 1
29 25 -1
29 26 1
29 30 1
29 31 -1
29 38 1
29 43 1
29 46 -1
29 55 1
30 5 1
30 9 1
30 17 1
30 18 1
30 19 1
30 22 1
30 23 1
30 24 1
30 25 1
30 26 1
30 27 1
30 28 1
30 29 1
30 33 1
30 35 1
30 47 1
31 2 1
31 8 1
31 17 1
31 18 1
31 19 1
31 20 1
31 23 1
31 25 1
31 26 -1
31 27 1
31 28 1
31 29 -1
31 32 -1
31 34 1
31 60 1
32 1 -1
32 14 -1
32 16 1
32 17 1
32 19 1
32 20 1
32 22 1
32 23 -1
32 24 1
32 25 -1
32 26 1
32 27 1
32 28 1
32 31 -1
32 46 1
32 62 1
33 5 1
33 12 -1
33 15 1
33 25 -1
33 30 1
33 34 -1
33 36 1
33 39 -1
33 40 1
33 41 -1
33 42 -1
33 43 1
33 44 1
33 45 1
33 46 -1
33 47 1
34 13 1
34 16 1
34 19 1
34 31 1
34 33 -1
34 36 1
34 37 1
34 38 1
34 40 1
34 41 -1
34 42 -1
34 43 1
34 46 1
34 47 -1
34 48 1
34 61 1
35 15 -1
35 30 1
35 36 1
35 37 1
35 38 1
35 39 1
35 40 1
35 42 1
35 43 1
35 44 -1
35 45 -1
35 46 -1
35 47 1
35 52 1
35 54 1
35 63 1
36 11 1
36 20 1
36 26 1
36 33 1
36 34 1
36 35 1
36 38 1
36 39 1
36 40 1
36 43 1
36 45 1
36 46 -1
36 47 1
36 48 -1
36 58 1
37 12 1
37 25 1
37 27 1
37 34 1
37 35 1
37 38 1
37 39 1
37 40 1
37 41 1
37 42 1
37 44 1
37 45 1
37 47 1
37 48 1
37 49 1
37 64 1
38 27 1
38 29 1
38 34 1
38 35 1
38 36 1
38 37 1
38 39 1
38 40 1
38 41 1
38 42 1
38 45 1
38 46 1
38 48 1
38 53 -1
38 63 1
39 2 1
39 33 -1
39 35 1
39 36 1
39 37 1
39 38 1
39 41 1
39 43 1
39 44 1
39 46 1
39 47 -1
39 48 -1
39 49 1
39 53 1
39 56 1
39 57 1
40 1 1
40 20 -1
40 26 1
40 33 1
40 34 1
40 35 1
40 36 1
40 37 1
40 38 1
40 42 1
40 43 1
40 44 1
40 45 1
40 47 1
40 51 1
41 13 1
41 18 1
41 26 1
41 33 -1
41 34 -1
41 37 1
41 38 1
41 39 1
41 42 1
41 43 1
41 44 -1
41 45 1
41 46 -1
41 48 -1
41 49 1
41 50 1
42 3 1
42 33 -1
42 34 -1
42 35 1
42 37 1
42 38 1
42 40 1
42 41 1
42 43 1
42 45 1
42 46 1
42 48 1
42 50 -1
42 62 1
42 63 1
43 10 1
43 12 -1
43 13 -1
43 29 1
43 33 1
43 34 1
43 35 1
43 36 1
43 39 1
43 40 1
43 41 1
43 42 1
43 44 1
43 46 1
43 48 1
44 4 1
44 23 1
44 25 1
44 33 1
44 35 -1
44 37 1
44 39 1
44 40 1
44 41 -1
44 43 1
44 45 1
44 46 1
44 47 1
44 48 1
44 54 1
44 62 -1
45 8 1
45 23 1
45 24 1
45 27 1
45 33 1
45 35 -1
45 36 1
45 37 1
45 38 1
45 40 1
45 41 1
45 42 1
45 44 1
45 47 1
45 48 -1
45 51 1
46 28 1
46 29 -1
46 32 1
46 33 -1
46 34 1
46 35 -1
46 36 -1
46 38 1
46 39 1
46 41 -1
46 42 1
46 43 1
46 44 1
46 47 1
46 61 1
46 62 1
47 4 -1
47 30 1
47 33 1
47 34 -1
47 35 1
47 36 1
47 37 1
47 39 -1
47 40 1
47 44 1
47 45 1
47 46 1
47 48 -1
47 55 -1
47 60 1
47 61 1
48 4 1
48 6 -1
48 9 -1
48 16 1
48 34 1
48 36 -1
48 37 1
48 38 1
48 39 -1
48 41 -1
48 42 1
48 43 1
48 44 1
48 45 -1
48 47 -1
49 9 1
49 14 -1
49 37 1
49 39 1
49 41 1
49 50 1
49 51 1
49 54 1
49 55 -1
49 56 1
49 57 1
49 58 1
49 59 1
49 62 -1
49 63 1
49 64 1
50 2 1
50 21 1
50 41 1
50 42 -1
50 49 1
50 53 1
50 54 1
50 55 -1
50 56 -1
50 57 1
50 58 1
50 59 1
50 62 1
50 63 1
50 64 1
51 8 1
51 11 1
51 14 1
51 40 1
51 45 1
51 49 1
51 52 1
51 53 1
51 54 -1
51 55 1
51 56 -1
51 57 1
51 58 1
51 60 1
51 61 1
51 63 -1
52 18 -1
52 20 1
52 27 1
52 35 1
52 51 1
52 53 1
52 54 1
52 55 1
52 57 1
52 58 -1
52 59 1
52 60 1
52 61 1
52 62 1
52 64 1
53 3 1
53 7 1
53 17 1
53 38 -1
53 39 1
53 50 1
53 51 1
53 52 1
53 54 1
53 56 1
53 57 -1
53 59 1
53 60 1
53 61 -1
53 63 1
53 64 1
54 12 1
54 18 1
54 28 1
54 35 1
54 44 1
54 49 1
54 50 1
54 51 -1
54 52 1
54 53 1
54 55 1
54 58 1
54 59 1
54 61 1
54 62 1
54 64 1
55 18 1
55 19 1
55 22 1
55 29 1
55 47 -1
55 49 -1
55 50 -1
55 51 1
55 52 1
55 54 1
55 57 1
55 58 1
55 59 1
55 60 1
55 61 -1
55 63 1
56 1 1
56 7 1
56 17 1
56 21 -1
56 39 1
56 49 1
56 50 -1
56 51 -1
56 53 1
56 57 1
56 59 1
56 60 1
56 61 1
56 62 1
56 63 -1
56 64 1
57 14 1
57 19 1
57 21 -1
57 39 1
57 49 1
57 50 1
57 51 1
57 52 1
57 53 -1
57 55 1
57 56 1
57 58 1
57 59 1
57 60 1
57 63 1
58 1 1
58 21 1
58 23 1
58 36 1
58 49 1
58 50 1
58 51 1
58 52 -1
58 54 1
58 55 1
58 57 1
58 60 -1
58 62 1
58 63 -1
58 64 1
59 2 1
59 5 1
59 7 -1
59 8 1
59 10 1
59 49 1
59 50 1
59 52 1
59 53 1
59 54 1
59 55 1
59 56 1
59 57 1
59 60 1
59 61 1
59 62 -1
60 3 1
60 26 1
60 28 1
60 31 1
60 47 1
60 51 1
60 52 1
60 53 1
60 55 1
60 56 1
60 57 1
60 58 -1
60 59 1
60 61 1
60 62 1
60 64 1
61 8 1
61 15 1
61 34 1
61 46 1
61 47 1
61 51 1
61 52 1
61 53 -1
61 54 1
61 55 -1
61 56 1
61 59 1
61 60 1
61 62 1
61 63 -1
61 64 1
62 9 1
62 32 1
62 42 1
62 44 -1
62 46 1
62 49 -1
62 50 1
62 52 1
62 54 1
62 56 1
62 58 1
62 59 -1
62 60 1
62 61 1
62 63 1
62 64 1
63 10 1
63 19 1
63 35 1
63 38 1
63 42 1
63 49 1
63 50 1
63 51 -1
63 53 1
63 55 1
63 56 -1
63 57 1
63 58 -1
63 61 -1
63 62 1
63 64 1
64 1 1
64 3 -1
64 7 -1
64 37 1
64 49 1
64 50 1
64 52 1
64 53 1
64 54 1
64 56 1
64 58 1
64 60 1
64 61 1
64 62 1
64 63 1
