1 2 -1
1 3 1
1 4 1
1 5 1
1 6 -1
1 7 1
1 8 -1
1 12 1
1 13 -1
1 14 1
1 15 -1
1 17 1
1 22 1
1 33 1
1 42 1
1 61 1
2 1 -1
2 5 1
2 6 1
2 7 1
2 8 1
2 9 -1
2 11 -1
2 12 -1
2 13 -1
2 14 -1
2 16 -1
2 21 -1
2 30 1
2 45 -1
2 61 1
2 62 1
3 1 1
3 4 1
3 5 1
3 6 -1
3 7 -1
3 8 1
3 10 1
3 13 1
3 14 1
3 15 1
3 16 1
3 20 -1
3 37 1
3 40 -1
3 47 -1
3 52 1
4 1 1
4 3 1
4 5 1
4 7 1
4 9 -1
4 10 1
4 12 -1
4 13 1
4 14 -1
4 15 1
4 16 1
4 18 1
4 21 1
4 22 -1
4 35 -1
4 40 1
5 1 1
5 2 1
5 3 1
5 4 1
5 6 1
5 7 1
5 9 -1
5 10 -1
5 11 1
5 14 -1
5 15 1
5 44 1
5 58 -1
5 60 1
5 63 1
6 1 -1
6 2 1
6 3 -1
6 5 1
6 7 1
6 8 1
6 10 1
6 11 1
6 12 1
6 15 1
6 16 1
6 28 1
6 37 1
6 41 1
6 54 1
6 62 1
7 1 1
7 2 1
7 3 -1
7 4 1
7 5 1
7 6 1
7 9 -1
7 10 1
7 11 1
7 15 -1
7 16 1
7 32 1
7 34 -1
7 35 1
7 50 1
7 58 -1
8 1 -1
8 2 1
8 3 1
8 6 1
8 9 -1
8 11 1
8 12 1
8 13 1
8 14 1
8 15 1
8 16 1
8 51 1
8 55 1
8 57 1
8 61 -1
9 2 -1
9 4 -1
9 5 -1
9 7 -1
9 8 -1
9 10 -1
9 11 1
9 12 1
9 13 1
9 15 1
9 16 1
9 18 -1
9 21 1
9 30 1
9 53 -1
10 3 1
10 4 1
10 5 -1
10 6 1
10 7 1
10 9 -1
10 12 -1
10 13 -1
10 14 1
10 15 1
10 16 1
10 30 -1
10 42 1
10 52 -1
10 54 1
10 64 1
11 2 -1
11 5 1
11 6 1
11 7 1
11 8 1
11 9 1
11 12 1
11 13 1
11 14 1
11 15 -1
11 16 -1
11 27 1
11 51 1
11 57 1
11 59 1
11 64 1
12 1 1
12 2 -1
12 4 -1
12 6 1
12 8 1
12 9 1
12 10 -1
12 11 1
12 13 -1
12 14 -1
12 15 1
12 17 -1
12 23 1
12 27 1
12 57 1
12 59 1
13 1 -1
13 2 -1
13 3 1
13 4 1
13 8 1
13 9 1
13 10 -1
13 11 1
13 12 -1
13 14 1
13 16 1
13 18 1
13 19 1
13 23 1
13 30 -1
13 43 1
14 1 1
14 2 -1
14 3 1
14 4 -1
14 5 -1
14 8 1
14 10 1
14 11 1
14 12 -1
14 13 1
14 16 1
14 22 1
14 34 1
14 49 1
14 62 1
15 1 -1
15 3 1
15 4 1
15 5 1
15 6 1
15 7 -1
15 8 1
15 9 1
15 10 1
15 11 -1
15 12 1
15 25 1
15 29 1
15 35 -1
15 41 1
16 2 -1
16 3 1
16 4 1
16 6 1
16 7 1
16 8 1
16 9 1
16 10 1
16 11 -1
16 13 1
16 14 1
16 21 -1
16 31 1
16 39 1
16 60 1
16 61 1
17 1 1
17 12 -1
17 19 1
17 20 1
17 22 1
17 23 1
17 25 1
17 27 1
17 28 1
17 29 1
17 30 1
17 31 1
17 32 1
17 34 1
17 40 1
17 55 1
18 4 1
18 9 -1
18 13 1
18 19 -1
18 20 1
18 21 1
18 22 1
18 23 -1
18 26 -1
18 28 1
18 29 -1
18 30 -1
18 31 1
18 32 -1
18 41 -1
19 13 1
19 17 1
19 18 -1
19 21 1
19 23 1
19 24 1
19 25 -1
19 26 1
19 27 1
19 29 -1
19 31 1
19 32 -1
19 40 1
19 44 -1
19 61 1
19 62 -1
20 3 -1
20 17 1
20 18 1
20 21 1
20 22 1
20 25 1
20 26 1
20 28 1
20 29 -1
20 30 1
20 31 1
20 32 -1
20 37 1
20 45 -1
20 53 1
20 63 -1
21 2 -1
21 4 1
21 9 1
21 16 -1
21 18 1
21 19 1
21 20 1
21 22 1
21 23 1
21 24 -1
21 25 -1
21 26 1
21 27 1
21 31 1
21 32 1
21 44 1
22 1 1
22 4 -1
22 14 1
22 17 1
22 18 1
22 20 1
22 21 1
22 23 1
22 24 1
22 25 1
22 27 1
22 28 1
22 31 1
22 32 1
22 47 -1
23 12 1
23 13 1
23 17 1
23 18 -1
23 19 1
23 21 1
23 22 1
23 24 -1
23 26 -1
23 27 1
23 28 1
23 29 1
23 32 -1
23 36 1
23 41 1
23 46 1
24 19 1
24 21 -1
24 22 1
24 23 -1
24 25 1
24 26 -1
24 27 1
24 29 1
24 30 -1
24 31 1
24 32 -1
24 46 -1
24 49 1
24 55 1
24 64 -1
25 15 1
25 17 1
25 19 -1
25 20 1
25 21 -1
25 22 1
25 24 1
25 26 1
25 27 1
25 29 1
25 30 1
25 32 -1
25 44 1
25 49 1
25 60 -1
26 18 -1
26 19 1
26 20 1
26 21 1
26 23 -1
26 24 -1
26 25 1
26 28 1
26 29 -1
26 30 1
26 31 1
26 33 1
26 38 1
26 42 1
26 50 -1
26 62 1
27 11 1
27 12 1
27 17 1
27 19 1
27 21 1
27 22 1
27 23 1
27 24 1
27 25 1
27 28 -1
27 29 -1
27 30 1
27 31 1
27 34 1
27 55 1
28 6 1
28 17 1
28 18 1
28 20 1
28 22 1
28 23 1
28 26 1
28 27 -1
28 29 -1
28 30 1
28 31 -1
28 32 1
28 39 1
28 50 1
28 51 1
28 58 1
29 15 1
29 17 1
29 18 -1
29 19 -1
29 20 -1
29 23 1
29 24 1
29 25 1
29 26 -1
29 27 -1
29 28 -1
29 30 1
29 37 -1
29 46 1
29 52 1
30 2 1
30 9 1
30 10 -1
30 13 -1
30 17 1
30 18 -1
30 20 1
30 24 -1
30 25 1
30 26 1
30 27 1
30 28 1
30 29 1
30 31 1
30 32 1
30 39 1
31 16 1
31 17 1
31 18 1
31 19 1
31 20 1
31 21 1
31 22 1
31 24 1
31 26 1
31 27 1
31 28 -1
31 30 1
31 40 1
31 42 1
31 47 -1
31 64 1
32 7 1
32 17 1
32 18 -1
32 19 -1
32 20 -1
32 21 1
32 22 1
32 23 -1
32 24 -1
32 25 -1
32 28 1
32 30 1
32 38 -1
32 41 1
32 45 1
32 57 1
33 1 1
33 26 1
33 34 1
33 35 1
33 36 -1
33 37 1
33 38 1
33 39 1
33 40 1
33 41 1
33 42 1
33 46 -1
33 48 -1
33 56 -1
33 63 1
33 64 -1
34 7 -1
34 14 1
34 17 1
34 27 1
34 33 1
34 35 1
34 36 1
34 39 1
34 40 1
34 41 1
34 42 1
34 44 1
34 45 -1
34 46 -1
34 47 1
35 4 -1
35 7 1
35 15 -1
35 33 1
35 34 1
35 38 1
35 39 -1
35 40 -1
35 41 1
35 42 1
35 43 1
35 44 -1
35 45 1
35 48 1
35 54 -1
35 59 1
36 23 1
36 33 -1
36 34 1
36 37 1
36 40 1
36 41 1
36 42 -1
36 43 1
36 45 1
36 46 -1
36 47 -1
36 48 -1
36 49 1
36 51 1
36 53 1
36 63 1
37 3 1
37 6 1
37 20 1
37 29 -1
37 33 1
37 36 1
37 38 -1
37 40 1
37 41 -1
37 42 1
37 43 1
37 44 1
37 45 1
37 46 1
37 47 -1
37 54 1
38 26 1
38 32 -1
38 33 1
38 35 1
38 37 -1
38 39 -1
38 40 1
38 41 1
38 43 1
38 44 1
38 45 1
38 47 1
38 48 1
38 56 1
38 59 1
38 60 -1
39 16 1
39 28 1
39 30 1
39 33 1
39 34 1
39 35 -1
39 38 -1
39 40 1
39 41 -1
39 42 1
39 44 1
39 45 1
39 46 1
39 48 1
39 50 1
40 3 -1
40 4 1
40 17 1
40 19 1
40 31 1
40 33 1
40 34 1
40 35 -1
40 36 1
40 37 1
40 38 1
40 39 1
40 42 1
40 43 1
40 45 1
40 47 -1
41 6 1
41 15 1
41 18 -1
41 23 1
41 32 1
41 33 1
41 34 1
41 35 1
41 36 1
41 37 -1
41 38 1
41 39 -1
41 42 1
41 43 1
41 44 1
41 46 1
42 1 1
42 10 1
42 26 1
42 31 1
42 33 1
42 34 1
42 35 1
42 36 -1
42 37 1
42 39 1
42 40 1
42 41 1
42 43 1
42 47 1
42 48 1
42 56 1
43 13 1
43 35 1
43 36 1
43 37 1
43 38 1
43 40 1
43 41 1
43 42 1
43 44 -1
43 46 -1
43 47 1
43 48 1
43 52 1
43 53 1
43 55 -1
43 57 1
44 5 1
44 19 -1
44 21 1
44 25 1
44 34 1
44 35 -1
44 37 1
44 38 1
44 39 1
44 41 1
44 43 -1
44 45 -1
44 46 1
44 47 -1
44 48 -1
45 2 -1
45 20 -1
45 32 1
45 34 -1
45 35 1
45 36 1
45 37 1
45 38 1
45 39 1
45 40 1
45 44 -1
45 46 1
45 47 1
45 48 1
45 54 1
45 59 -1
46 23 1
46 24 -1
46 29 1
46 33 -1
46 34 -1
46 36 -1
46 37 1
46 39 1
46 41 1
46 43 -1
46 44 1
46 45 1
46 47 1
46 48 1
46 56 1
47 3 -1
47 22 -1
47 31 -1
47 34 1
47 36 -1
47 37 -1
47 38 1
47 40 -1
47 42 1
47 43 1
47 44 -1
47 45 1
47 46 1
47 48 -1
47 53 1
47 60 -1
48 33 -1
48 35 1
48 36 -1
48 38 1
48 39 1
48 42 1
48 43 1
48 44 -1
48 45 1
48 46 1
48 47 -1
48 52 1
48 56 -1
48 58 1
48 63 1
49 14 1
49 24 1
49 25 1
49 36 1
49 50 1
49 51 1
49 53 1
49 54 1
49 55 1
49 56 -1
49 58 1
49 59 1
49 61 1
49 62 1
49 63 -1
50 7 1
50 26 -1
50 28 1
50 39 1
50 49 1
50 54 1
50 55 -1
50 56 -1
50 57 1
50 58 1
50 59 1
50 60 -1
50 61 1
50 62 1
50 63 1
51 8 1
51 11 1
51 28 1
51 36 1
51 49 1
51 52 1
51 53 1
51 56 -1
51 57 -1
51 58 -1
51 59 -1
51 60 -1
51 61 -1
51 63 1
51 64 1
52 3 1
52 10 -1
52 29 1
52 43 1
52 48 1
52 51 1
52 54 1
52 55 1
52 56 -1
52 57 1
52 58 1
52 60 -1
52 61 1
52 62 -1
52 63 -1
52 64 -1
53 9 -1
53 20 1
53 36 1
53 43 1
53 47 1
53 49 1
53 51 1
53 54 1
53 55 1
53 57 -1
53 59 1
53 60 1
53 61 -1
53 62 1
53 63 -1
53 64 -1
54 6 1
54 10 1
54 35 -1
54 37 1
54 45 1
54 49 1
54 50 1
54 52 1
54 53 1
54 55 -1
54 56 1
54 57 -1
54 59 -1
54 60 1
54 62 1
54 64 -1
55 8 1
55 17 1
55 24 1
55 27 1
55 43 -1
55 49 1
55 50 -1
55 52 1
55 53 1
55 54 -1
55 58 1
55 59 -1
55 60 1
55 61 1
55 63 1
55 64 1
56 33 -1
56 38 1
56 42 1
56 46 1
56 48 -1
56 49 -1
56 50 -1
56 51 -1
56 52 -1
56 54 1
56 57 1
56 59 1
56 60 -1
56 62 1
56 63 1
56 64 1
57 8 1
57 11 1
57 12 1
57 32 1
57 43 1
57 50 1
57 51 -1
57 52 1
57 53 -1
57 54 -1
57 56 1
57 58 1
57 59 1
57 61 -1
57 62 1
57 64 1
58 5 -1
58 7 -1
58 28 1
58 48 1
58 49 1
58 50 1
58 51 -1
58 52 1
58 55 1
58 57 1
58 59 -1
58 60 1
58 61 1
58 63 1
58 64 1
59 11 1
59 12 1
59 35 1
59 38 1
59 45 -1
59 49 1
59 50 1
59 51 -1
59 53 1
59 54 -1
59 55 -1
59 56 1
59 57 1
59 58 -1
59 60 1
59 64 1
60 5 1
60 16 1
60 25 -1
60 38 -1
60 47 -1
60 50 -1
60 51 -1
60 52 -1
60 53 1
60 54 1
60 55 1
60 56 -1
60 58 1
60 59 1
60 61 1
60 62 1
61 1 1
61 2 1
61 8 -1
61 16 1
61 19 1
61 49 1
61 50 1
61 51 -1
61 52 1
61 53 -1
61 55 1
61 57 -1
61 58 1
61 60 1
61 62 -1
61 63 -1
62 2 1
62 6 1
62 14 1
62 19 -1
62 26 1
62 49 1
62 50 1
62 52 -1
62 53 1
62 54 1
62 56 1
62 57 1
62 60 1
62 61 -1
62 63 -1
62 64 -1
63 5 1
63 20 -1
63 33 1
63 36 1
63 48 1
63 49 -1
63 50 1
63 51 1
63 52 -1
63 53 -1
63 55 1
63 56 1
63 58 1
63 61 -1
63 62 -1
63 64 1
64 10 1
64 11 1
64 24 -1
64 31 1
64 33 -1
64 51 1
64 52 -1
64 53 -1
64 54 -1
64 55 1
64 56 1
64 57 1
64 58 1
64 59 1
64 62 -1
64 63 1
