1 2 -1
1 4 -1
1 7 -1
1 8 1
1 9 1
1 10 1
1 11 1
1 12 -1
1 13 1
1 14 -1
1 16 1
1 17 -1
1 19 -1
1 37 1
1 43 -1
1 49 1
2 1 -1
2 3 -1
2 4 1
2 5 1
2 6 -1
2 7 1
2 8 -1
2 11 -1
2 12 1
2 13 -1
2 15 1
2 25 1
2 35 -1
2 36 1
2 45 -1
2 48 -1
3 2 -1
3 4 -1
3 5 -1
3 6 -1
3 7 -1
3 9 -1
3 10 1
3 13 1
3 14 -1
3 15 1
3 16 -1
3 22 1
3 36 1
3 40 1
3 43 1
3 48 -1
4 1 -1
4 2 1
4 3 -1
4 6 1
4 8 -1
4 10 1
4 11 1
4 13 1
4 14 -1
4 15 1
4 16 1
4 36 -1
4 39 1
4 48 -1
4 52 -1
4 61 -1
5 2 1
5 3 -1
5 6 -1
5 7 1
5 9 1
5 10 1
5 12 1
5 13 1
5 14 1
5 15 -1
5 16 -1
5 27 1
5 32 -1
5 51 1
5 55 -1
5 59 -1
6 2 -1
6 3 -1
6 4 1
6 5 -1
6 7 1
6 8 -1
6 9 -1
6 10 1
6 11 1
6 12 1
6 16 1
6 23 -1
6 32 -1
6 48 -1
6 58 1
6 61 1
7 1 -1
7 2 1
7 3 -1
7 5 1
7 6 1
7 8 1
7 9 1
7 10 1
7 11 1
7 14 -1
7 16 -1
7 19 -1
7 21 1
7 30 -1
7 38 -1
7 44 -1
8 1 1
8 2 -1
8 4 -1
8 6 -1
8 7 1
8 10 1
8 12 -1
8 13 -1
8 14 1
8 15 -1
8 16 -1
8 50 1
8 56 -1
8 58 -1
8 60 1
9 1 1
9 3 -1
9 5 1
9 6 -1
9 7 1
9 11 1
9 12 1
9 13 -1
9 14 1
9 15 1
9 16 1
9 22 -1
9 33 -1
9 52 -1
9 54 -1
10 1 1
10 3 1
10 4 1
10 5 1
10 6 1
10 7 1
10 8 1
10 11 -1
10 12 1
10 13 1
10 15 1
10 31 1
10 40 -1
10 58 -1
10 63 1
11 1 1
11 2 -1
11 4 1
11 6 1
11 7 1
11 9 1
11 10 -1
11 12 1
11 13 1
11 14 1
11 15 -1
11 18 -1
11 38 -1
11 50 -1
11 54 1
11 60 -1
12 1 -1
12 2 1
12 5 1
12 6 1
12 8 -1
12 9 1
12 10 1
12 11 1
12 13 -1
12 15 -1
12 16 1
12 18 1
12 27 1
12 30 -1
12 56 -1
12 57 1
13 1 1
13 2 -1
13 3 1
13 4 1
13 5 1
13 8 -1
13 9 -1
13 10 1
13 11 1
13 12 -1
13 14 1
13 17 -1
13 26 -1
13 28 1
13 34 -1
13 48 1
14 1 -1
14 3 -1
14 4 -1
14 5 1
14 7 -1
14 8 1
14 9 1
14 11 1
14 13 1
14 15 -1
14 16 -1
14 28 -1
14 29 1
14 31 -1
14 37 -1
14 61 1
15 2 1
15 3 1
15 4 1
15 5 -1
15 8 -1
15 9 1
15 10 1
15 11 -1
15 12 -1
15 14 -1
15 16 1
15 18 -1
15 43 1
15 46 1
15 52 1
15 56 1
16 1 1
16 3 -1
16 4 1
16 5 -1
16 6 1
16 7 -1
16 8 -1
16 9 1
16 12 1
16 14 -1
16 15 1
16 22 1
16 31 1
16 52 -1
16 57 1
17 1 -1
17 13 -1
17 18 1
17 19 -1
17 20 -1
17 21 -1
17 22 -1
17 23 -1
17 24 1
17 26 1
17 28 -1
17 30 -1
17 31 -1
17 33 -1
17 47 -1
18 11 -1
18 12 1
18 15 -1
18 17 1
18 19 -1
18 20 1
18 21 -1
18 22 -1
18 23 -1
18 24 -1
18 25 1
18 28 -1
18 29 1
18 31 -1
18 51 1
18 63 -1
19 1 -1
19 7 -1
19 17 -1
19 18 -1
19 20 -1
19 22 -1
19 23 -1
19 24 1
19 27 1
19 28 -1
19 29 -1
19 30 1
19 31 1
19 41 -1
19 51 1
19 56 1
20 17 -1
20 18 1
20 19 -1
20 22 1
20 23 -1
20 24 1
20 25 -1
20 27 -1
20 28 -1
20 31 1
20 32 -1
20 45 1
20 52 -1
20 53 1
20 64 -1
21 7 1
21 17 -1
21 18 -1
21 22 1
21 24 -1
21 25 1
21 26 1
21 27 1
21 28 -1
21 29 1
21 31 -1
21 32 1
21 38 1
21 58 -1
21 62 1
22 3 1
22 9 -1
22 16 1
22 17 -1
22 18 -1
22 19 -1
22 20 1
22 21 1
22 24 1
22 25 1
22 27 1
22 29 1
22 31 -1
22 32 -1
22 63 1
23 6 -1
23 17 -1
23 18 -1
23 19 -1
23 20 -1
23 24 1
23 25 1
23 26 1
23 27 1
23 28 -1
23 30 1
23 32 -1
23 39 -1
23 40 -1
23 43 1
23 47 -1
24 17 1
24 18 -1
24 19 1
24 20 1
24 21 -1
24 22 1
24 23 1
24 25 1
24 26 -1
24 30 -1
24 31 -1
24 37 1
24 40 1
24 42 -1
24 63 1
24 64 1
25 2 1
25 18 1
25 20 -1
25 21 1
25 22 1
25 23 1
25 24 1
25 26 -1
25 27 -1
25 29 -1
25 30 1
25 32 -1
25 33 1
25 34 1
25 44 -1
25 47 -1
26 13 -1
26 17 1
26 21 1
26 23 1
26 24 -1
26 25 -1
26 27 -1
26 28 -1
26 29 1
26 30 1
26 31 1
26 32 1
26 39 1
26 53 -1
26 55 -1
26 57 -1
27 5 1
27 12 1
27 19 1
27 20 -1
27 21 1
27 22 1
27 23 1
27 25 -1
27 26 -1
27 28 -1
27 29 -1
27 30 1
27 32 -1
27 37 -1
27 50 -1
27 54 -1
28 13 1
28 14 -1
28 17 -1
28 18 -1
28 19 -1
28 20 -1
28 21 -1
28 23 -1
28 26 -1
28 27 -1
28 29 -1
28 30 1
28 32 -1
28 37 -1
28 42 1
28 49 -1
29 14 1
29 18 1
29 19 -1
29 21 1
29 22 1
29 25 -1
29 26 1
29 27 -1
29 28 -1
29 30 1
29 31 1
29 32 1
29 34 -1
29 47 1
29 58 -1
29 62 -1
30 7 -1
30 12 -1
30 17 -1
30 19 1
30 23 1
30 24 -1
30 25 1
30 26 1
30 27 1
30 28 1
30 29 1
30 31 1
30 32 -1
30 42 1
30 53 1
30 64 1
31 10 1
31 14 -1
31 16 1
31 17 -1
31 18 -1
31 19 1
31 20 1
31 21 -1
31 22 -1
31 24 -1
31 26 1
31 29 1
31 30 1
31 32 -1
31 35 -1
31 36 -1
32 5 -1
32 6 -1
32 20 -1
32 21 1
32 22 -1
32 23 -1
32 25 -1
32 26 1
32 27 -1
32 28 -1
32 29 1
32 30 -1
32 31 -1
32 35 1
32 42 -1
32 55 1
33 9 -1
33 17 -1
33 25 1
33 34 -1
33 35 1
33 36 1
33 37 -1
33 38 -1
33 39 1
33 40 1
33 42 -1
33 44 1
33 45 1
33 48 -1
33 62 1
34 13 -1
34 25 1
34 29 -1
34 33 -1
34 35 1
34 36 -1
34 37 -1
34 41 1
34 42 -1
34 43 1
34 45 -1
34 46 1
34 47 1
34 48 1
34 55 1
34 59 -1
35 2 -1
35 31 -1
35 32 1
35 33 1
35 34 1
35 37 -1
35 38 1
35 40 1
35 41 -1
35 43 1
35 44 1
35 45 -1
35 47 1
35 48 -1
35 49 -1
35 54 1
36 2 1
36 3 1
36 4 -1
36 31 -1
36 33 1
36 34 -1
36 37 1
36 39 1
36 40 -1
36 41 -1
36 42 1
36 44 1
36 45 1
36 46 -1
36 48 1
36 59 1
37 1 1
37 14 -1
37 24 1
37 27 -1
37 28 -1
37 33 -1
37 34 -1
37 35 -1
37 36 1
37 39 -1
37 40 1
37 42 1
37 43 -1
37 44 1
37 45 -1
37 47 -1
38 7 -1
38 11 -1
38 21 1
38 33 -1
38 35 1
38 39 -1
38 40 1
38 41 -1
38 42 -1
38 43 1
38 44 1
38 45 -1
38 47 -1
38 48 1
38 51 -1
38 61 1
39 4 1
39 23 -1
39 26 1
39 33 1
39 36 1
39 37 -1
39 38 -1
39 40 1
39 41 1
39 42 -1
39 43 1
39 46 -1
39 47 1
39 48 1
39 53 1
39 61 1
40 3 1
40 10 -1
40 23 -1
40 24 1
40 33 1
40 35 1
40 36 -1
40 37 1
40 38 1
40 39 1
40 41 1
40 42 -1
40 43 1
40 44 -1
40 46 -1
40 57 -1
41 19 -1
41 34 1
41 35 -1
41 36 -1
41 38 -1
41 39 1
41 40 1
41 44 -1
41 45 -1
41 46 -1
41 47 1
41 48 1
41 50 1
41 57 1
41 62 -1
42 24 -1
42 28 1
42 30 1
42 32 -1
42 33 -1
42 34 -1
42 36 1
42 37 1
42 38 -1
42 39 -1
42 40 -1
42 43 1
42 45 -1
42 46 1
42 48 -1
42 64 -1
43 1 -1
43 3 1
43 15 1
43 23 1
43 34 1
43 35 1
43 37 -1
43 38 1
43 39 1
43 40 1
43 42 1
43 44 1
43 45 1
43 46 -1
43 47 -1
43 59 -1
44 7 -1
44 25 -1
44 33 1
44 35 1
44 36 1
44 37 1
44 38 1
44 40 -1
44 41 -1
44 43 1
44 46 1
44 47 1
44 48 -1
44 49 -1
44 55 -1
44 59 -1
45 2 -1
45 20 1
45 33 1
45 34 -1
45 35 -1
45 36 1
45 37 -1
45 38 -1
45 41 -1
45 42 -1
45 43 1
45 46 -1
45 47 1
45 49 1
45 53 1
45 54 -1
46 15 1
46 34 1
46 36 -1
46 39 -1
46 40 -1
46 41 -1
46 42 1
46 43 -1
46 44 1
46 45 -1
46 47 1
46 48 -1
46 51 -1
46 60 1
47 17 -1
47 23 -1
47 25 -1
47 29 1
47 34 1
47 35 1
47 37 -1
47 38 -1
47 39 1
47 41 1
47 43 -1
47 44 1
47 45 1
47 46 1
47 48 1
48 2 -1
48 3 -1
48 4 -1
48 6 -1
48 13 1
48 33 -1
48 34 1
48 35 -1
48 36 1
48 38 1
48 39 1
48 41 1
48 42 -1
48 44 -1
48 46 -1
48 47 1
49 1 1
49 28 -1
49 35 -1
49 44 -1
49 45 1
49 50 1
49 51 1
49 52 1
49 53 -1
49 56 -1
49 59 1
49 60 -1
49 61 -1
49 62 1
49 63 1
49 64 -1
50 8 1
50 11 -1
50 27 -1
50 41 1
50 49 1
50 51 -1
50 52 1
50 53 1
50 55 1
50 56 1
50 57 -1
50 61 -1
50 62 -1
50 63 -1
50 64 -1
51 5 1
51 18 1
51 19 1
51 38 -1
51 46 -1
51 49 1
51 50 -1
51 52 1
51 54 -1
51 56 -1
51 58 1
51 59 1
51 60 1
51 61 1
51 62 1
51 63 -1
52 4 -1
52 9 -1
52 15 1
52 16 -1
52 20 -1
52 49 1
52 50 1
52 51 1
52 54 1
52 55 -1
52 57 -1
52 58 -1
52 59 1
52 61 1
52 62 -1
52 64 -1
53 20 1
53 26 -1
53 30 1
53 39 1
53 45 1
53 49 -1
53 50 1
53 54 -1
53 55 -1
53 57 1
53 58 1
53 59 1
53 60 1
53 62 1
53 63 1
53 64 -1
54 9 -1
54 11 1
54 27 -1
54 35 1
54 45 -1
54 51 -1
54 52 1
54 53 -1
54 55 1
54 56 -1
54 57 -1
54 58 -1
54 59 1
54 60 1
54 63 -1
54 64 1
55 5 -1
55 26 -1
55 32 1
55 34 1
55 44 -1
55 50 1
55 52 -1
55 53 -1
55 54 1
55 56 -1
55 57 1
55 58 -1
55 61 1
55 62 -1
55 63 1
55 64 1
56 8 -1
56 12 -1
56 15 1
56 19 1
56 49 -1
56 50 1
56 51 -1
56 54 -1
56 55 -1
56 58 -1
56 59 -1
56 60 -1
56 62 1
56 63 -1
56 64 -1
57 12 1
57 16 1
57 26 -1
57 40 -1
57 41 1
57 50 -1
57 52 -1
57 53 1
57 54 -1
57 55 1
57 58 -1
57 59 1
57 60 -1
57 61 1
57 62 -1
57 64 1
58 6 1
58 8 -1
58 10 -1
58 21 -1
58 29 -1
58 51 1
58 52 -1
58 53 1
58 54 -1
58 55 -1
58 56 -1
58 57 -1
58 61 -1
58 62 -1
58 63 1
58 64 1
59 5 -1
59 34 -1
59 36 1
59 43 -1
59 44 -1
59 49 1
59 51 1
59 52 1
59 53 1
59 54 1
59 56 -1
59 57 1
59 60 1
59 61 -1
59 62 1
59 63 1
60 8 1
60 11 -1
60 46 1
60 49 -1
60 51 1
60 53 1
60 54 1
60 56 -1
60 57 -1
60 59 1
60 61 -1
60 62 1
60 63 -1
60 64 -1
61 4 -1
61 6 1
61 14 1
61 38 1
61 39 1
61 49 -1
61 50 -1
61 51 1
61 52 1
61 55 1
61 57 1
61 58 -1
61 59 -1
61 60 -1
61 63 -1
61 64 1
62 21 1
62 29 -1
62 33 1
62 41 -1
62 49 1
62 50 -1
62 51 1
62 52 -1
62 53 1
62 55 -1
62 56 1
62 57 -1
62 58 -1
62 59 1
62 60 1
63 10 1
63 18 -1
63 22 1
63 24 1
63 49 1
63 50 -1
63 51 -1
63 53 1
63 54 -1
63 55 1
63 56 -1
63 58 1
63 59 1
63 60 -1
63 61 -1
64 20 -1
64 24 1
64 30 1
64 42 -1
64 49 -1
64 50 -1
64 52 -1
64 53 -1
64 54 1
64 55 1
64 56 -1
64 57 1
64 58 1
64 60 -1
64 61 1
