1 2 -1
1 5 -1
1 6 -1
1 8 -1
1 9 1
1 10 -1
1 11 -1
1 12 -1
1 13 -1
1 15 -1
1 16 1
1 21 1
1 33 -1
1 45 -1
1 51 1
1 61 -1
2 1 -1
2 3 1
2 5 -1
2 6 1
2 7 -1
2 8 -1
2 9 -1
2 10 -1
2 11 1
2 12 -1
2 13 -1
2 21 1
2 29 -1
2 31 -1
2 33 -1
2 52 -1
3 2 1
3 4 -1
3 5 -1
3 6 1
3 7 -1
3 8 1
3 10 -1
3 11 1
3 12 -1
3 15 1
3 16 -1
3 25 1
3 26 1
3 32 1
3 48 -1
3 54 -1
4 3 -1
4 5 1
4 6 1
4 7 -1
4 8 -1
4 9 1
4 11 -1
4 13 -1
4 14 -1
4 15 -1
4 16 -1
4 26 1
4 37 1
4 38 1
4 46 -1
5 1 -1
5 2 -1
5 3 -1
5 4 1
5 6 -1
5 8 1
5 9 -1
5 10 -1
5 12 -1
5 14 1
5 16 1
5 19 1
5 27 -1
5 38 1
5 63 -1
6 1 -1
6 2 1
6 3 1
6 4 1
6 5 -1
6 7 -1
6 9 -1
6 10 -1
6 12 -1
6 13 -1
6 16 1
6 25 -1
6 27 -1
6 29 -1
6 47 -1
6 59 -1
7 2 -1
7 3 -1
7 4 -1
7 6 -1
7 8 -1
7 9 -1
7 11 -1
7 12 -1
7 13 1
7 14 -1
7 15 -1
7 19 -1
7 32 -1
7 61 -1
7 64 -1
8 1 -1
8 2 -1
8 3 1
8 4 -1
8 5 1
8 7 -1
8 10 -1
8 12 1
8 13 -1
8 14 -1
8 16 -1
8 25 -1
8 27 -1
8 38 -1
8 50 -1
8 55 -1
9 1 1
9 2 -1
9 4 1
9 5 -1
9 6 -1
9 7 -1
9 10 -1
9 11 -1
9 13 -1
9 14 -1
9 15 -1
9 21 1
9 23 -1
9 47 1
9 56 -1
9 58 1
10 1 -1
10 2 -1
10 3 -1
10 5 -1
10 6 -1
10 8 -1
10 9 -1
10 12 1
10 14 1
10 15 -1
10 16 -1
10 19 -1
10 22 -1
10 28 -1
10 31 1
10 49 -1
11 1 -1
11 2 1
11 3 1
11 4 -1
11 7 -1
11 9 -1
11 12 -1
11 13 -1
11 14 -1
11 15 -1
11 16 -1
11 30 -1
11 32 -1
11 36 -1
11 44 -1
12 1 -1
12 2 -1
12 3 -1
12 5 -1
12 6 -1
12 7 -1
12 8 1
12 10 1
12 11 -1
12 14 -1
12 15 1
12 17 -1
12 36 1
12 40 -1
12 53 -1
12 56 1
13 1 -1
13 2 -1
13 4 -1
13 6 -1
13 7 1
13 8 -1
13 9 -1
13 11 -1
13 14 -1
13 15 -1
13 16 -1
13 39 1
13 45 -1
13 55 1
13 57 -1
14 4 -1
14 5 1
14 7 -1
14 8 -1
14 9 -1
14 10 1
14 11 -1
14 12 -1
14 13 -1
14 15 -1
14 16 -1
14 17 -1
14 27 -1
14 28 1
14 46 -1
15 1 -1
15 3 1
15 4 -1
15 7 -1
15 9 -1
15 10 -1
15 11 -1
15 12 1
15 13 -1
15 14 -1
15 16 -1
15 46 -1
15 49 1
15 55 1
15 58 1
15 63 -1
16 1 1
16 3 -1
16 4 -1
16 5 1
16 6 1
16 8 -1
16 10 -1
16 11 -1
16 13 -1
16 14 -1
16 15 -1
16 26 1
16 28 -1
16 41 1
16 47 -1
16 56 -1
17 12 -1
17 14 -1
17 18 -1
17 19 -1
17 21 -1
17 22 -1
17 23 -1
17 26 -1
17 27 -1
17 28 -1
17 29 -1
17 31 -1
17 32 1
17 41 -1
17 42 -1
17 43 1
18 17 -1
18 19 -1
18 20 1
18 21 1
18 22 1
18 23 -1
18 25 -1
18 26 1
18 28 -1
18 30 -1
18 31 1
18 43 -1
18 47 -1
18 49 -1
18 59 -1
19 5 1
19 7 -1
19 10 -1
19 17 -1
19 18 -1
19 21 -1
19 22 -1
19 23 -1
19 25 1
19 28 -1
19 29 -1
19 30 -1
19 31 -1
19 32 -1
19 37 -1
19 55 -1
20 18 1
20 21 -1
20 22 -1
20 23 1
20 24 -1
20 26 -1
20 27 -1
20 28 -1
20 29 -1
20 30 1
20 32 -1
20 34 1
20 42 1
20 50 -1
20 51 -1
20 52 1
21 1 1
21 2 1
21 9 1
21 17 -1
21 18 1
21 19 -1
21 20 -1
21 23 -1
21 24 1
21 25 1
21 27 -1
21 28 -1
21 29 1
21 32 -1
21 43 -1
21 49 -1
22 10 -1
22 17 -1
22 18 1
22 19 -1
22 20 -1
22 23 -1
22 24 1
22 28 -1
22 29 -1
22 30 -1
22 31 -1
22 32 1
22 50 1
22 52 -1
22 61 1
23 9 -1
23 17 -1
23 18 -1
23 19 -1
23 20 1
23 21 -1
23 22 -1
23 25 -1
23 26 -1
23 27 -1
23 30 -1
23 31 -1
23 33 -1
23 51 -1
23 52 -1
23 64 -1
24 20 -1
24 21 1
24 22 1
24 25 1
24 26 -1
24 27 -1
24 28 -1
24 29 -1
24 30 1
24 31 -1
24 32 -1
24 38 -1
24 44 -1
24 53 1
24 56 1
25 3 1
25 6 -1
25 8 -1
25 18 -1
25 19 1
25 21 1
25 23 -1
25 24 1
25 26 -1
25 27 -1
25 28 -1
25 30 -1
25 31 1
25 32 -1
25 44 1
25 50 -1
26 3 1
26 4 1
26 16 1
26 17 -1
26 18 1
26 20 -1
26 23 -1
26 24 -1
26 25 -1
26 27 -1
26 28 1
26 30 -1
26 31 -1
26 32 -1
26 61 1
26 63 -1
27 5 -1
27 6 -1
27 8 -1
27 14 -1
27 17 -1
27 20 -1
27 21 -1
27 23 -1
27 24 -1
27 25 -1
27 26 -1
27 29 -1
27 30 -1
27 31 1
27 32 -1
28 10 -1
28 14 1
28 16 -1
28 17 -1
28 18 -1
28 19 -1
28 20 -1
28 21 -1
28 22 -1
28 24 -1
28 25 -1
28 26 1
28 29 -1
28 32 1
28 33 -1
28 39 -1
29 2 -1
29 6 -1
29 17 -1
29 19 -1
29 20 -1
29 21 1
29 22 -1
29 24 -1
29 27 -1
29 28 -1
29 30 -1
29 31 1
29 32 -1
29 34 -1
29 37 -1
29 45 -1
30 11 -1
30 18 -1
30 19 -1
30 20 1
30 22 -1
30 23 -1
30 24 1
30 25 -1
30 26 -1
30 27 -1
30 29 -1
30 31 -1
30 42 -1
30 44 1
30 54 -1
31 2 -1
31 10 1
31 17 -1
31 18 1
31 19 -1
31 22 -1
31 23 -1
31 24 -1
31 25 1
31 26 -1
31 27 1
31 29 1
31 30 -1
31 34 -1
31 41 1
31 64 -1
32 3 1
32 7 -1
32 11 -1
32 17 1
32 19 -1
32 20 -1
32 21 -1
32 22 1
32 24 -1
32 25 -1
32 26 -1
32 27 -1
32 28 1
32 29 -1
32 54 1
32 59 -1
33 1 -1
33 2 -1
33 23 -1
33 28 -1
33 34 1
33 35 -1
33 36 -1
33 37 -1
33 39 -1
33 40 -1
33 43 -1
33 44 1
33 46 -1
33 47 -1
33 48 -1
33 53 -1
34 20 1
34 29 -1
34 31 -1
34 33 1
34 35 -1
34 36 -1
34 37 -1
34 38 -1
34 40 1
34 41 -1
34 42 1
34 44 -1
34 45 -1
34 47 -1
34 56 -1
34 63 -1
35 33 -1
35 34 -1
35 36 -1
35 38 -1
35 40 1
35 41 1
35 42 1
35 43 1
35 44 -1
35 45 -1
35 48 -1
35 55 -1
35 57 1
35 58 -1
35 64 -1
36 11 -1
36 12 1
36 33 -1
36 34 -1
36 35 -1
36 39 -1
36 40 1
36 41 -1
36 43 1
36 44 1
36 45 1
36 46 -1
36 48 -1
36 54 -1
36 58 1
36 62 1
37 4 1
37 19 -1
37 29 -1
37 33 -1
37 34 -1
37 38 -1
37 39 -1
37 40 -1
37 42 -1
37 43 -1
37 45 1
37 46 1
37 47 1
37 48 -1
37 54 -1
38 4 1
38 5 1
38 8 -1
38 24 -1
38 34 -1
38 35 -1
38 37 -1
38 39 1
38 40 -1
38 41 -1
38 42 1
38 44 -1
38 46 1
38 47 1
38 48 -1
39 13 1
39 28 -1
39 33 -1
39 36 -1
39 37 -1
39 38 1
39 41 -1
39 42 1
39 43 1
39 45 1
39 46 1
39 47 -1
39 48 -1
39 49 1
39 59 1
40 12 -1
40 33 -1
40 34 1
40 35 1
40 36 1
40 37 -1
40 38 -1
40 41 -1
40 42 -1
40 43 -1
40 44 -1
40 46 -1
40 51 -1
40 57 1
40 60 -1
40 62 -1
41 16 1
41 17 -1
41 31 1
41 34 -1
41 35 1
41 36 -1
41 38 -1
41 39 -1
41 40 -1
41 44 -1
41 45 -1
41 46 -1
41 47 1
41 48 -1
41 52 -1
41 57 -1
42 17 -1
42 20 1
42 30 -1
42 34 1
42 35 1
42 37 -1
42 38 1
42 39 1
42 40 -1
42 43 1
42 45 1
42 46 -1
42 47 -1
42 48 -1
42 60 -1
43 17 1
43 18 -1
43 21 -1
43 33 -1
43 35 1
43 36 1
43 37 -1
43 39 1
43 40 -1
43 42 1
43 44 -1
43 45 1
43 46 -1
43 47 -1
43 53 1
43 57 -1
44 11 -1
44 24 -1
44 25 1
44 30 1
44 33 1
44 34 -1
44 35 -1
44 36 1
44 38 -1
44 40 -1
44 41 -1
44 43 -1
44 45 -1
44 47 -1
44 48 -1
44 51 -1
45 1 -1
45 13 -1
45 29 -1
45 34 -1
45 35 -1
45 36 1
45 37 1
45 39 1
45 41 -1
45 42 1
45 43 1
45 44 -1
45 46 -1
45 47 -1
45 59 1
45 64 -1
46 4 -1
46 14 -1
46 15 -1
46 33 -1
46 36 -1
46 37 1
46 38 1
46 39 1
46 40 -1
46 41 -1
46 42 -1
46 43 -1
46 45 -1
46 48 1
46 60 -1
47 6 -1
47 9 1
47 16 -1
47 18 -1
47 33 -1
47 34 -1
47 37 1
47 38 1
47 39 -1
47 41 1
47 42 -1
47 43 -1
47 44 -1
47 45 -1
47 48 -1
48 3 -1
48 33 -1
48 35 -1
48 36 -1
48 37 -1
48 38 -1
48 39 -1
48 41 -1
48 42 -1
48 44 -1
48 46 1
48 47 -1
48 53 -1
48 62 -1
49 10 -1
49 15 1
49 18 -1
49 21 -1
49 39 1
49 50 1
49 51 1
49 52 -1
49 53 1
49 54 -1
49 55 -1
49 56 -1
49 59 -1
49 60 -1
49 62 -1
49 64 -1
50 8 -1
50 20 -1
50 22 1
50 25 -1
50 49 1
50 52 -1
50 55 -1
50 56 1
50 57 1
50 58 -1
50 59 1
50 60 1
50 61 -1
50 63 1
50 64 -1
51 1 1
51 20 -1
51 23 -1
51 40 -1
51 44 -1
51 49 1
51 52 -1
51 54 -1
51 55 -1
51 57 1
51 58 -1
51 59 -1
51 60 1
51 61 1
51 62 1
51 64 -1
52 2 -1
52 20 1
52 22 -1
52 23 -1
52 41 -1
52 49 -1
52 50 -1
52 51 -1
52 53 -1
52 54 1
52 55 1
52 56 -1
52 60 1
52 61 -1
52 62 -1
52 63 -1
53 12 -1
53 24 1
53 33 -1
53 43 1
53 48 -1
53 49 1
53 52 -1
53 54 1
53 55 -1
53 57 -1
53 58 -1
53 59 -1
53 61 1
53 62 -1
53 63 -1
53 64 1
54 3 -1
54 30 -1
54 32 1
54 36 -1
54 37 -1
54 49 -1
54 51 -1
54 52 1
54 53 1
54 55 -1
54 56 -1
54 57 1
54 59 -1
54 60 -1
54 62 1
54 63 1
55 8 -1
55 13 1
55 15 1
55 19 -1
55 35 -1
55 49 -1
55 50 -1
55 51 -1
55 52 1
55 53 -1
55 54 -1
55 56 1
55 58 1
55 59 1
55 62 -1
55 64 -1
56 9 -1
56 12 1
56 16 -1
56 24 1
56 34 -1
56 49 -1
56 50 1
56 52 -1
56 54 -1
56 55 1
56 58 -1
56 59 -1
56 60 -1
56 61 -1
56 63 -1
56 64 -1
57 13 -1
57 35 1
57 40 1
57 41 -1
57 43 -1
57 50 1
57 51 1
57 53 -1
57 54 1
57 58 -1
57 59 -1
57 60 1
57 61 1
57 62 -1
57 63 1
57 64 -1
58 9 1
58 15 1
58 35 -1
58 36 1
58 50 -1
58 51 -1
58 53 -1
58 55 1
58 56 -1
58 57 -1
58 59 -1
58 61 1
58 62 1
58 63 -1
58 64 -1
59 6 -1
59 18 -1
59 32 -1
59 39 1
59 45 1
59 49 -1
59 50 1
59 51 -1
59 53 -1
59 54 -1
59 55 1
59 56 -1
59 57 -1
59 58 -1
59 62 -1
59 63 1
60 40 -1
60 42 -1
60 46 -1
60 49 -1
60 50 1
60 51 1
60 52 1
60 54 -1
60 56 -1
60 57 1
60 61 1
60 62 -1
60 63 1
60 64 1
61 1 -1
61 7 -1
61 22 1
61 26 1
61 50 -1
61 51 1
61 52 -1
61 53 1
61 56 -1
61 57 1
61 58 1
61 60 1
61 62 -1
61 63 -1
61 64 -1
62 36 1
62 40 -1
62 48 -1
62 49 -1
62 51 1
62 52 -1
62 53 -1
62 54 1
62 55 -1
62 57 -1
62 58 1
62 59 -1
62 60 -1
62 61 -1
63 5 -1
63 15 -1
63 26 -1
63 34 -1
63 50 1
63 52 -1
63 53 -1
63 54 1
63 56 -1
63 57 1
63 58 -1
63 59 1
63 60 1
63 61 -1
63 64 1
64 7 -1
64 23 -1
64 31 -1
64 35 -1
64 45 -1
64 49 -1
64 50 -1
64 51 -1
64 53 1
64 55 -1
64 56 -1
64 57 -1
64 58 -1
64 60 1
64 61 -1
64 63 1
