1 2 1
1 3 1
1 4 1
1 6 1
1 7 1
1 8 1
1 9 1
1 10 1
1 14 1
1 15 -1
1 16 1
1 23 1
1 25 1
1 31 1
1 46 -1
1 59 1
2 1 1
2 3 1
2 5 1
2 6 1
2 7 1
2 9 1
2 11 1
2 12 1
2 13 1
2 14 1
2 16 1
2 40 -1
2 41 1
2 46 -1
2 53 1
2 64 1
3 1 1
3 2 1
3 4 1
3 6 1
3 8 1
3 9 1
3 10 1
3 13 1
3 14 1
3 15 1
3 16 1
3 25 1
3 35 1
3 37 1
3 49 1
3 63 1
4 1 1
4 3 1
4 5 1
4 7 1
4 8 -1
4 9 1
4 11 1
4 12 1
4 14 1
4 15 1
4 16 1
4 36 1
4 40 1
4 54 1
4 56 1
4 60 1
5 2 1
5 4 1
5 6 1
5 8 -1
5 9 1
5 10 1
5 11 1
5 12 1
5 13 1
5 14 -1
5 15 1
5 17 1
5 20 1
5 32 1
5 35 1
5 41 1
6 1 1
6 2 1
6 3 1
6 5 1
6 7 1
6 8 1
6 9 1
6 10 1
6 11 1
6 13 1
6 16 1
6 26 1
6 30 1
6 37 1
6 55 1
6 56 1
7 1 1
7 2 1
7 4 1
7 6 1
7 8 1
7 11 1
7 12 1
7 13 1
7 14 1
7 15 1
7 16 1
7 19 1
7 38 1
7 50 1
7 52 1
7 59 1
8 1 1
8 3 1
8 4 -1
8 5 -1
8 6 1
8 7 1
8 9 -1
8 10 1
8 11 1
8 12 1
8 14 1
8 32 1
8 33 1
8 41 -1
8 44 1
8 57 1
9 1 1
9 2 1
9 3 1
9 4 1
9 5 1
9 6 1
9 8 -1
9 10 1
9 13 1
9 15 1
9 16 -1
9 21 1
9 29 1
9 45 1
9 49 1
9 61 1
10 1 1
10 3 1
10 5 1
10 6 1
10 8 1
10 9 1
10 11 1
10 12 1
10 13 1
10 15 1
10 16 1
10 21 1
10 32 1
10 36 1
10 53 1
10 56 1
11 2 1
11 4 1
11 5 1
11 6 1
11 7 1
11 8 1
11 10 1
11 12 1
11 13 1
11 14 1
11 16 1
11 21 1
11 37 1
11 43 1
11 59 1
11 61 1
12 2 1
12 4 1
12 5 1
12 7 1
12 8 1
12 10 1
12 11 1
12 13 1
12 14 1
12 15 1
12 16 1
12 18 1
12 19 1
12 35 1
12 38 1
12 43 1
13 2 1
13 3 1
13 5 1
13 6 1
13 7 1
13 9 1
13 10 1
13 11 1
13 12 1
13 14 1
13 15 1
13 21 1
13 22 1
13 26 1
13 28 1
14 1 1
14 2 1
14 3 1
14 4 1
14 5 -1
14 7 1
14 8 1
14 11 1
14 12 1
14 13 1
14 15 -1
14 18 1
14 19 1
14 24 1
14 45 1
14 60 1
15 1 -1
15 3 1
15 4 1
15 5 1
15 7 1
15 9 1
15 10 1
15 12 1
15 13 1
15 14 -1
15 16 1
15 24 1
15 34 1
15 42 1
15 46 1
15 64 1
16 1 1
16 2 1
16 3 1
16 4 1
16 6 1
16 7 1
16 9 -1
16 10 1
16 11 1
16 12 1
16 15 1
16 29 1
16 37 1
16 43 -1
16 63 1
16 64 1
17 5 1
17 18 1
17 19 1
17 21 1
17 22 1
17 24 1
17 25 -1
17 26 1
17 27 1
17 29 1
17 31 1
17 32 -1
17 53 1
17 60 1
17 61 -1
18 12 1
18 14 1
18 17 1
18 20 1
18 21 1
18 22 1
18 23 1
18 25 1
18 26 1
18 27 1
18 28 1
18 30 1
18 31 1
18 50 1
18 57 1
18 60 1
19 7 1
19 12 1
19 14 1
19 17 1
19 20 1
19 22 1
19 23 1
19 26 1
19 27 -1
19 28 1
19 29 1
19 30 1
19 31 1
19 32 1
19 34 1
19 35 1
20 5 1
20 18 1
20 19 1
20 21 1
20 22 1
20 23 1
20 24 1
20 25 1
20 26 1
20 28 1
20 29 1
20 30 1
20 38 1
20 54 1
20 58 1
20 59 1
21 9 1
21 10 1
21 11 1
21 13 1
21 17 1
21 18 1
21 20 1
21 23 1
21 24 -1
21 25 1
21 28 1
21 29 1
21 30 1
21 31 1
21 32 1
21 34 1
22 13 1
22 17 1
22 18 1
22 19 1
22 20 1
22 24 1
22 25 1
22 27 1
22 28 1
22 29 1
22 31 1
22 32 1
22 44 1
22 54 1
22 57 1
22 62 1
23 1 1
23 18 1
23 19 1
23 20 1
23 21 1
23 25 1
23 26 1
23 27 1
23 28 1
23 29 -1
23 30 1
23 32 1
23 33 -1
23 48 -1
23 51 1
23 52 1
24 14 1
24 15 1
24 17 1
24 20 1
24 21 -1
24 22 1
24 26 1
24 27 1
24 28 1
24 29 1
24 30 1
24 31 1
24 32 -1
24 38 1
24 61 1
24 62 1
25 1 1
25 3 1
25 17 -1
25 18 1
25 20 1
25 21 1
25 22 1
25 23 1
25 27 1
25 28 -1
25 29 1
25 30 1
25 32 1
25 51 1
25 52 1
25 56 1
26 6 1
26 13 1
26 17 1
26 18 1
26 19 1
26 20 1
26 23 1
26 24 1
26 28 1
26 29 1
26 30 1
26 31 1
26 32 1
26 33 1
26 39 1
26 42 1
27 17 1
27 18 1
27 19 -1
27 22 1
27 23 1
27 24 1
27 25 1
27 28 1
27 29 1
27 30 1
27 31 1
27 39 1
27 45 1
27 49 1
27 63 1
28 13 1
28 18 1
28 19 1
28 20 1
28 21 1
28 22 1
28 23 1
28 24 1
28 25 -1
28 26 1
28 27 1
28 32 1
28 49 1
28 52 1
28 53 -1
29 9 1
29 16 1
29 17 1
29 19 1
29 20 1
29 21 1
29 22 1
29 23 -1
29 24 1
29 25 1
29 26 1
29 27 1
29 31 1
29 41 1
29 48 -1
29 57 1
30 6 1
30 18 1
30 19 1
30 20 1
30 21 1
30 23 1
30 24 1
30 25 1
30 26 1
30 27 1
30 31 1
30 32 1
30 34 1
30 39 1
30 40 1
31 1 1
31 17 1
31 18 1
31 19 1
31 21 1
31 22 1
31 24 1
31 26 1
31 27 1
31 29 1
31 30 1
31 32 1
31 33 1
31 45 1
31 47 1
31 48 1
32 5 1
32 8 1
32 10 1
32 17 -1
32 19 1
32 21 1
32 22 1
32 23 1
32 24 -1
32 25 1
32 26 1
32 28 1
32 30 1
32 31 1
32 39 1
32 57 1
33 8 1
33 23 -1
33 26 1
33 31 1
33 34 1
33 35 -1
33 36 1
33 37 1
33 41 1
33 42 1
33 43 1
33 44 1
33 45 1
33 47 1
33 48 1
33 59 1
34 15 1
34 19 1
34 21 1
34 30 1
34 33 1
34 35 1
34 36 1
34 37 1
34 38 1
34 39 1
34 40 1
34 44 1
34 45 1
34 46 1
34 47 1
34 58 1
35 3 1
35 5 1
35 12 1
35 19 1
35 33 -1
35 34 1
35 36 1
35 39 1
35 40 1
35 41 1
35 42 1
35 43 1
35 44 -1
35 46 1
35 48 1
35 58 1
36 4 1
36 10 1
36 33 1
36 34 1
36 35 1
36 37 1
36 40 1
36 41 -1
36 42 -1
36 43 1
36 44 1
36 45 1
36 46 -1
36 52 1
36 62 1
37 3 1
37 6 1
37 11 1
37 16 1
37 33 1
37 34 1
37 36 1
37 38 1
37 39 1
37 40 1
37 41 -1
37 43 1
37 45 1
37 46 1
37 47 1
37 51 1
38 7 1
38 12 1
38 20 1
38 24 1
38 34 1
38 37 1
38 39 1
38 41 1
38 42 1
38 43 1
38 44 1
38 45 1
38 46 1
38 47 -1
38 48 1
38 54 -1
39 26 1
39 27 1
39 30 1
39 32 1
39 34 1
39 35 1
39 37 1
39 38 1
39 41 1
39 42 1
39 43 1
39 45 1
39 46 1
39 47 -1
39 48 1
39 63 1
40 2 -1
40 4 1
40 30 1
40 34 1
40 35 1
40 36 1
40 37 1
40 41 1
40 42 1
40 43 -1
40 44 -1
40 45 1
40 46 -1
40 47 1
40 50 1
41 2 1
41 5 1
41 8 -1
41 29 1
41 33 1
41 35 1
41 36 -1
41 37 -1
41 38 1
41 39 1
41 40 1
41 42 1
41 44 -1
41 47 -1
41 48 1
41 49 1
42 15 1
42 26 1
42 33 1
42 35 1
42 36 -1
42 38 1
42 39 1
42 40 1
42 41 1
42 43 1
42 45 1
42 47 1
42 48 1
42 58 1
42 62 1
42 64 1
43 11 1
43 12 1
43 16 -1
43 33 1
43 35 1
43 36 1
43 37 1
43 38 1
43 39 1
43 40 -1
43 42 1
43 44 1
43 47 1
43 48 1
43 54 1
43 55 1
44 8 1
44 22 1
44 33 1
44 34 1
44 35 -1
44 36 1
44 38 1
44 40 -1
44 41 -1
44 43 1
44 45 1
44 46 1
44 48 1
44 50 1
44 58 1
45 9 1
45 14 1
45 27 1
45 31 1
45 33 1
45 34 1
45 36 1
45 37 1
45 38 1
45 39 1
45 40 1
45 42 1
45 44 1
45 46 1
45 48 1
45 56 1
46 1 -1
46 2 -1
46 15 1
46 34 1
46 35 1
46 36 -1
46 37 1
46 38 1
46 39 1
46 40 -1
46 44 1
46 45 1
46 47 1
46 48 1
46 51 1
46 61 1
47 31 1
47 33 1
47 34 1
47 37 1
47 38 -1
47 39 -1
47 40 1
47 41 -1
47 42 1
47 43 1
47 46 1
47 48 1
47 51 1
47 55 1
47 64 1
48 23 -1
48 29 -1
48 31 1
48 33 1
48 35 1
48 38 1
48 39 1
48 41 1
48 42 1
48 43 1
48 44 1
48 45 1
48 46 1
48 47 1
48 53 1
48 55 1
49 3 1
49 9 1
49 27 1
49 28 1
49 41 1
49 50 1
49 51 1
49 52 1
49 53 1
49 54 1
49 56 1
49 57 1
49 60 1
49 61 -1
49 62 1
49 63 1
50 7 1
50 18 1
50 40 1
50 44 1
50 49 1
50 51 1
50 52 1
50 53 1
50 54 1
50 55 1
50 56 1
50 58 1
50 59 1
50 61 1
50 63 1
51 23 1
51 25 1
51 37 1
51 46 1
51 47 1
51 49 1
51 50 1
51 52 1
51 53 1
51 54 1
51 56 1
51 58 1
51 59 -1
51 60 1
51 63 1
51 64 1
52 7 1
52 23 1
52 25 1
52 28 1
52 36 1
52 49 1
52 50 1
52 51 1
52 54 1
52 55 1
52 57 1
52 58 1
52 61 1
52 62 1
52 63 1
52 64 1
53 2 1
53 10 1
53 17 1
53 28 -1
53 48 1
53 49 1
53 50 1
53 51 1
53 55 1
53 56 1
53 57 1
53 58 1
53 61 -1
53 62 1
53 63 -1
53 64 1
54 4 1
54 20 1
54 22 1
54 38 -1
54 43 1
54 49 1
54 50 1
54 51 1
54 52 1
54 55 1
54 56 1
54 59 1
54 60 1
54 61 1
54 62 1
54 64 1
55 6 1
55 43 1
55 47 1
55 48 1
55 50 1
55 52 1
55 53 1
55 54 1
55 57 1
55 58 1
55 59 1
55 60 1
55 61 1
55 62 -1
55 64 -1
56 4 1
56 6 1
56 10 1
56 25 1
56 45 1
56 49 1
56 50 1
56 51 1
56 53 1
56 54 1
56 57 -1
56 58 1
56 59 1
56 60 1
56 62 -1
56 63 1
57 8 1
57 18 1
57 22 1
57 29 1
57 32 1
57 49 1
57 52 1
57 53 1
57 55 1
57 56 -1
57 58 1
57 59 1
57 60 1
57 62 -1
57 63 1
57 64 1
58 20 1
58 34 1
58 35 1
58 42 1
58 44 1
58 50 1
58 51 1
58 52 1
58 53 1
58 55 1
58 56 1
58 57 1
58 60 1
58 61 1
58 62 1
58 63 1
59 1 1
59 7 1
59 11 1
59 20 1
59 33 1
59 50 1
59 51 -1
59 54 1
59 55 1
59 56 1
59 57 1
59 60 1
59 61 -1
59 62 1
59 63 1
59 64 1
60 4 1
60 14 1
60 17 1
60 18 1
60 49 1
60 51 1
60 54 1
60 55 1
60 56 1
60 57 1
60 58 1
60 59 1
60 61 1
60 63 -1
60 64 1
61 9 1
61 11 1
61 17 -1
61 24 1
61 46 1
61 49 -1
61 50 1
61 52 1
61 53 -1
61 54 1
61 55 1
61 58 1
61 59 -1
61 60 1
61 62 1
61 64 1
62 22 1
62 24 1
62 36 1
62 42 1
62 49 1
62 52 1
62 53 1
62 54 1
62 55 -1
62 56 -1
62 57 -1
62 58 1
62 59 1
62 61 1
62 64 -1
63 3 1
63 16 1
63 27 1
63 39 1
63 49 1
63 50 1
63 51 1
63 52 1
63 53 -1
63 56 1
63 57 1
63 58 1
63 59 1
63 60 -1
63 64 1
64 2 1
64 15 1
64 16 1
64 42 1
64 47 1
64 51 1
64 52 1
64 53 1
64 54 1
64 55 -1
64 57 1
64 59 1
64 60 1
64 61 1
64 62 -1
64 63 1
