1 2 1
1 3 -1
1 5 1
1 6 1
1 7 1
1 10 1
1 11 1
1 12 1
1 13 1
1 14 1
1 15 1
1 26 1
1 33 1
1 37 1
1 49 1
1 64 1
2 1 1
2 4 1
2 5 1
2 7 1
2 8 1
2 9 1
2 10 1
2 11 1
2 12 1
2 13 1
2 15 1
2 22 1
2 44 1
2 47 1
2 55 1
2 63 1
3 1 -1
3 4 1
3 6 -1
3 7 1
3 9 1
3 10 1
3 11 1
3 12 1
3 14 1
3 15 1
3 16 1
3 39 1
3 52 1
3 54 1
3 64 1
4 2 1
4 3 1
4 6 1
4 7 1
4 8 1
4 9 1
4 10 1
4 12 1
4 13 1
4 14 1
4 16 1
4 20 1
4 21 1
4 28 1
4 32 -1
4 48 1
5 1 1
5 2 1
5 6 1
5 7 1
5 8 1
5 9 1
5 11 1
5 13 1
5 14 1
5 15 1
5 16 1
5 18 1
5 39 1
5 57 1
6 1 1
6 3 -1
6 4 1
6 5 1
6 7 1
6 8 1
6 10 -1
6 11 1
6 14 1
6 15 -1
6 16 -1
6 17 1
6 21 1
6 25 1
6 39 1
6 44 1
7 1 1
7 2 1
7 3 1
7 4 1
7 5 1
7 6 1
7 8 1
7 9 1
7 11 1
7 12 1
7 14 1
7 32 1
7 44 1
7 53 1
7 55 -1
7 64 1
8 2 1
8 4 1
8 5 1
8 6 1
8 7 1
8 9 1
8 10 1
8 11 -1
8 12 -1
8 13 1
8 14 1
8 23 1
8 33 1
8 42 1
8 46 1
8 59 -1
9 2 1
9 3 1
9 4 1
9 5 1
9 7 1
9 8 1
9 10 1
9 11 -1
9 12 1
9 15 1
9 16 1
9 27 1
9 30 1
9 34 1
9 50 -1
9 60 1
10 1 1
10 2 1
10 3 1
10 4 1
10 6 -1
10 8 1
10 9 1
10 12 1
10 13 1
10 14 1
10 16 1
10 22 1
10 36 1
10 37 1
10 42 1
10 58 1
11 1 1
11 2 1
11 3 1
11 5 1
11 6 1
11 7 1
11 8 -1
11 9 -1
11 13 1
11 15 1
11 16 1
11 21 1
11 23 1
11 35 1
11 51 1
11 59 1
12 1 1
12 2 1
12 3 1
12 4 1
12 7 1
12 8 -1
12 9 1
12 10 1
12 13 1
12 15 1
12 16 1
12 23 -1
12 25 1
12 27 1
12 28 1
12 43 1
13 1 1
13 2 1
13 4 1
13 5 1
13 8 1
13 10 1
13 11 1
13 12 1
13 14 1
13 15 1
13 16 1
13 34 1
13 36 1
13 38 1
13 50 1
13 54 1
14 1 1
14 3 1
14 4 1
14 5 1
14 6 1
14 7 1
14 8 1
14 10 1
14 13 1
14 15 1
14 16 1
14 19 1
14 28 -1
14 45 1
14 51 1
14 53 1
15 1 1
15 2 1
15 3 1
15 5 1
15 6 -1
15 9 1
15 11 1
15 12 1
15 13 1
15 14 1
15 16 1
15 17 1
15 51 1
15 52 1
15 58 1
16 3 1
16 4 1
16 5 1
16 6 -1
16 9 1
16 10 1
16 11 1
16 12 1
16 13 1
16 14 1
16 15 1
16 28 1
16 41 1
16 45 -1
16 48 1
16 49 1
17 6 1
17 15 1
17 18 1
17 19 1
17 23 1
17 24 1
17 25 -1
17 26 1
17 27 1
17 28 1
17 29 1
17 31 1
17 32 1
17 42 -1
17 49 -1
17 58 1
18 5 1
18 17 1
18 19 1
18 20 1
18 21 1
18 22 1
18 24 1
18 25 1
18 26 1
18 27 1
18 29 1
18 30 1
18 35 1
18 41 1
18 44 1
18 64 1
19 14 1
19 17 1
19 18 1
19 20 1
19 22 1
19 24 1
19 25 1
19 26 -1
19 28 1
19 29 1
19 30 1
19 32 1
19 33 -1
19 37 1
19 41 -1
20 4 1
20 18 1
20 19 1
20 21 1
20 22 1
20 23 1
20 24 1
20 25 1
20 26 1
20 27 1
20 30 -1
20 31 1
20 48 1
20 50 1
20 59 1
20 63 1
21 4 1
21 6 1
21 11 1
21 18 1
21 20 1
21 22 -1
21 23 1
21 24 1
21 25 1
21 26 1
21 27 -1
21 28 1
21 29 1
21 31 1
21 43 1
21 58 1
22 2 1
22 10 1
22 18 1
22 19 1
22 20 1
22 21 -1
22 23 1
22 27 1
22 28 1
22 29 1
22 30 1
22 31 1
22 32 1
22 35 1
22 56 1
22 62 1
23 8 1
23 11 1
23 12 -1
23 17 1
23 20 1
23 21 1
23 22 1
23 25 1
23 26 1
23 27 1
23 28 -1
23 30 1
23 31 -1
23 32 1
23 53 1
23 62 1
24 17 1
24 18 1
24 19 1
24 20 1
24 21 1
24 25 1
24 28 1
24 29 1
24 30 1
24 31 1
24 32 1
24 54 1
24 57 1
24 59 1
24 60 1
24 62 1
25 6 1
25 12 1
25 17 -1
25 18 1
25 19 1
25 20 1
25 21 1
25 23 1
25 24 1
25 27 1
25 28 1
25 31 1
25 32 1
25 36 1
25 55 1
25 64 1
26 1 1
26 17 1
26 18 1
26 19 -1
26 20 1
26 21 1
26 23 1
26 27 1
26 28 1
26 30 1
26 31 1
26 32 1
26 36 1
26 50 -1
26 56 1
26 63 1
27 9 1
27 12 1
27 17 1
27 18 1
27 20 1
27 21 -1
27 22 1
27 23 1
27 25 1
27 26 1
27 29 1
27 30 1
27 32 1
27 44 1
27 46 1
27 54 -1
28 4 1
28 12 1
28 14 -1
28 16 1
28 17 1
28 19 1
28 21 1
28 22 1
28 23 -1
28 24 1
28 25 1
28 26 1
28 29 1
28 30 1
28 32 1
28 49 1
29 17 1
29 18 1
29 19 1
29 21 1
29 22 1
29 24 1
29 27 1
29 28 1
29 30 -1
29 31 1
29 32 1
29 35 1
29 41 1
29 47 1
29 62 1
29 63 1
30 9 1
30 18 1
30 19 1
30 20 -1
30 22 1
30 23 1
30 24 1
30 26 1
30 27 1
30 28 1
30 29 -1
30 31 -1
30 43 1
30 45 1
30 47 1
31 17 1
31 20 1
31 21 1
31 22 1
31 23 -1
31 24 1
31 25 1
31 26 1
31 29 1
31 30 -1
31 32 -1
31 41 1
31 43 1
31 45 1
31 55 1
31 61 1
32 4 -1
32 7 1
32 17 1
32 19 1
32 22 1
32 23 1
32 24 1
32 25 1
32 26 1
32 27 1
32 28 1
32 29 1
32 31 -1
32 38 1
32 40 1
32 42 1
33 1 1
33 8 1
33 19 -1
33 34 -1
33 35 1
33 36 1
33 38 -1
33 41 1
33 42 1
33 43 1
33 44 1
33 45 1
33 46 1
33 47 1
33 52 -1
33 55 1
34 9 1
34 13 1
34 33 -1
34 35 1
34 37 1
34 38 1
34 39 1
34 40 1
34 42 1
34 44 1
34 46 1
34 47 1
34 48 1
34 53 1
34 59 1
34 61 1
35 11 1
35 18 1
35 22 1
35 29 1
35 33 1
35 34 1
35 36 1
35 37 1
35 39 1
35 40 1
35 41 1
35 44 1
35 45 1
35 46 1
35 48 1
35 61 1
36 10 1
36 13 1
36 25 1
36 26 1
36 33 1
36 35 1
36 38 1
36 41 1
36 42 1
36 43 1
36 44 1
36 45 1
36 46 1
36 47 1
36 48 1
36 51 1
37 1 1
37 10 1
37 19 1
37 34 1
37 35 1
37 38 1
37 39 1
37 41 1
37 42 1
37 43 1
37 44 1
37 45 1
37 47 1
37 48 1
37 49 1
38 13 1
38 32 1
38 33 -1
38 34 1
38 36 1
38 37 1
38 39 -1
38 40 1
38 41 1
38 43 1
38 44 1
38 47 1
38 48 1
38 50 1
38 51 1
38 56 1
39 3 1
39 5 1
39 6 1
39 34 1
39 35 1
39 37 1
39 38 -1
39 40 1
39 42 1
39 43 1
39 44 1
39 45 1
39 46 1
39 48 -1
39 62 1
40 32 1
40 34 1
40 35 1
40 38 1
40 39 1
40 41 1
40 42 1
40 43 1
40 45 1
40 46 -1
40 47 1
40 48 1
40 56 1
40 58 1
40 61 1
41 16 1
41 18 1
41 19 -1
41 29 1
41 31 1
41 33 1
41 35 1
41 36 1
41 37 1
41 38 1
41 40 1
41 42 -1
41 43 1
41 44 1
41 46 1
41 48 1
42 8 1
42 10 1
42 17 -1
42 32 1
42 33 1
42 34 1
42 36 1
42 37 1
42 39 1
42 40 1
42 41 -1
42 43 1
42 45 1
42 46 1
42 47 1
42 60 1
43 12 1
43 21 1
43 30 1
43 31 1
43 33 1
43 36 1
43 37 1
43 38 1
43 39 1
43 40 1
43 41 1
43 42 1
43 45 1
43 47 1
43 48 1
43 60 1
44 2 1
44 6 1
44 7 1
44 18 1
44 27 1
44 33 1
44 34 1
44 35 1
44 36 1
44 37 1
44 38 1
44 39 1
44 41 1
44 45 1
44 46 1
44 47 1
45 14 1
45 16 -1
45 30 1
45 31 1
45 33 1
45 35 1
45 36 1
45 37 1
45 39 1
45 40 1
45 42 1
45 43 1
45 44 1
45 46 1
45 48 1
46 8 1
46 27 1
46 33 1
46 34 1
46 35 1
46 36 1
46 39 1
46 40 -1
46 41 1
46 42 1
46 44 1
46 45 1
46 47 1
46 57 1
46 61 1
46 63 1
47 2 1
47 29 1
47 30 1
47 33 1
47 34 1
47 36 1
47 37 1
47 38 1
47 40 1
47 42 1
47 43 1
47 44 1
47 46 1
47 48 1
47 53 1
47 54 1
48 4 1
48 16 1
48 20 1
48 34 1
48 35 1
48 36 1
48 37 1
48 38 1
48 39 -1
48 40 1
48 41 1
48 43 1
48 45 1
48 47 1
48 57 1
48 60 1
49 1 1
49 16 1
49 17 -1
49 28 1
49 37 1
49 50 1
49 51 1
49 52 -1
49 55 1
49 56 -1
49 57 1
49 58 -1
49 59 -1
49 61 1
49 62 1
49 63 1
50 9 -1
50 13 1
50 20 1
50 26 -1
50 38 1
50 49 1
50 53 1
50 54 1
50 55 1
50 57 1
50 58 1
50 60 1
50 61 1
50 62 1
50 63 1
50 64 -1
51 11 1
51 14 1
51 15 1
51 36 1
51 38 1
51 49 1
51 52 1
51 53 1
51 54 1
51 55 1
51 56 1
51 58 1
51 59 1
51 60 1
51 61 1
51 64 1
52 3 1
52 15 1
52 33 -1
52 49 -1
52 51 1
52 53 1
52 54 1
52 56 1
52 58 1
52 59 1
52 60 -1
52 61 1
52 62 1
52 64 1
53 7 1
53 14 1
53 23 1
53 34 1
53 47 1
53 50 1
53 51 1
53 52 1
53 54 1
53 55 1
53 57 1
53 60 1
53 61 -1
53 62 1
53 63 1
53 64 -1
54 3 1
54 13 1
54 24 1
54 27 -1
54 47 1
54 50 1
54 51 1
54 52 1
54 53 1
54 55 1
54 57 1
54 59 1
54 60 -1
54 61 -1
54 62 1
54 63 -1
55 2 1
55 7 -1
55 25 1
55 31 1
55 33 1
55 49 1
55 50 1
55 51 1
55 53 1
55 54 1
55 56 1
55 57 1
55 58 1
55 59 1
55 62 1
55 63 1
56 22 1
56 26 1
56 38 1
56 40 1
56 49 -1
56 51 1
56 52 1
56 55 1
56 57 1
56 58 1
56 59 1
56 60 1
56 62 1
56 63 1
56 64 1
57 5 1
57 24 1
57 46 1
57 48 1
57 49 1
57 50 1
57 53 1
57 54 1
57 55 1
57 56 1
57 58 1
57 60 1
57 61 1
57 62 1
57 63 1
58 10 1
58 15 1
58 17 1
58 21 1
58 40 1
58 49 -1
58 50 1
58 51 1
58 52 1
58 55 1
58 56 1
58 57 1
58 59 1
58 60 1
58 63 1
58 64 -1
59 8 -1
59 11 1
59 20 1
59 24 1
59 34 1
59 49 -1
59 51 1
59 52 1
59 54 1
59 55 1
59 56 1
59 58 1
59 61 1
59 62 1
59 63 1
59 64 1
60 9 1
60 24 1
60 42 1
60 43 1
60 48 1
60 50 1
60 51 1
60 52 -1
60 53 1
60 54 -1
60 56 1
60 57 1
60 58 1
60 61 1
60 62 1
60 64 1
61 31 1
61 34 1
61 35 1
61 40 1
61 46 1
61 49 1
61 50 1
61 51 1
61 52 1
61 53 -1
61 54 -1
61 57 1
61 59 1
61 60 1
61 63 1
61 64 1
62 22 1
62 23 1
62 24 1
62 29 1
62 39 1
62 49 1
62 50 1
62 52 1
62 53 1
62 54 1
62 55 1
62 56 1
62 57 1
62 59 1
62 60 1
62 64 1
63 2 1
63 20 1
63 26 1
63 29 1
63 46 1
63 49 1
63 50 1
63 53 1
63 54 -1
63 55 1
63 56 1
63 57 1
63 58 1
63 59 1
63 61 1
63 64 1
64 1 1
64 3 1
64 7 1
64 18 1
64 25 1
64 50 -1
64 51 1
64 52 1
64 53 -1
64 56 1
64 58 -1
64 59 1
64 60 1
64 61 1
64 62 1
64 63 1
