1 3 -1
1 4 1
1 5 -1
1 6 1
1 7 -1
1 8 -1
1 9 -1
1 11 -1
1 12 -1
1 13 -1
1 15 -1
1 43 1
1 51 1
1 53 1
1 61 -1
1 63 -1
2 3 1
2 4 1
2 6 -1
2 7 -1
2 8 -1
2 9 1
2 10 -1
2 11 -1
2 12 -1
2 13 1
2 16 1
2 17 -1
2 36 -1
2 39 -1
2 48 -1
2 49 1
3 1 -1
3 2 1
3 4 1
3 6 -1
3 7 -1
3 9 1
3 10 -1
3 11 1
3 13 -1
3 15 1
3 16 1
3 22 -1
3 24 1
3 45 -1
3 55 -1
3 64 1
4 1 1
4 2 1
4 3 1
4 5 1
4 7 1
4 8 -1
4 9 -1
4 10 -1
4 11 1
4 14 -1
4 16 -1
4 26 -1
4 33 1
4 41 -1
4 55 -1
4 62 -1
5 1 -1
5 4 1
5 6 1
5 9 1
5 10 -1
5 11 -1
5 12 1
5 13 1
5 14 1
5 15 -1
5 16 1
5 17 1
5 20 1
5 32 -1
5 34 1
5 43 -1
6 1 1
6 2 -1
6 3 -1
6 5 1
6 7 -1
6 9 1
6 12 -1
6 13 -1
6 14 -1
6 15 -1
6 16 1
6 23 -1
6 31 1
6 36 1
6 37 -1
6 63 1
7 1 -1
7 2 -1
7 3 -1
7 4 1
7 6 -1
7 8 1
7 10 1
7 12 -1
7 13 1
7 14 1
7 15 -1
7 18 -1
7 20 -1
7 38 -1
7 41 1
7 56 -1
8 1 -1
8 2 -1
8 4 -1
8 7 1
8 9 1
8 11 1
8 12 -1
8 13 -1
8 14 1
8 15 1
8 16 1
8 27 -1
8 28 -1
8 37 -1
8 47 1
8 56 -1
9 1 -1
9 2 1
9 3 1
9 4 -1
9 5 1
9 6 1
9 8 1
9 11 -1
9 12 1
9 14 1
9 15 -1
9 18 1
9 26 1
9 28 -1
9 37 -1
9 41 1
10 2 -1
10 3 -1
10 4 -1
10 5 -1
10 7 1
10 11 -1
10 12 -1
10 13 -1
10 14 -1
10 15 -1
10 16 1
10 23 -1
10 25 -1
10 30 1
10 36 1
10 50 -1
11 1 -1
11 2 -1
11 3 1
11 4 1
11 5 -1
11 8 1
11 9 -1
11 10 -1
11 13 1
11 15 -1
11 16 1
11 21 -1
11 27 1
11 38 -1
11 45 -1
11 52 -1
12 1 -1
12 2 -1
12 5 1
12 6 -1
12 7 -1
12 8 -1
12 9 1
12 10 -1
12 14 1
12 15 1
12 16 1
12 28 1
12 42 -1
12 49 -1
12 52 -1
12 59 -1
13 1 -1
13 2 1
13 3 -1
13 5 1
13 6 -1
13 7 1
13 8 -1
13 10 -1
13 11 1
13 14 -1
13 16 -1
13 29 1
13 34 1
13 60 -1
14 4 -1
14 5 1
14 6 -1
14 7 1
14 8 1
14 9 1
14 10 -1
14 12 1
14 13 -1
14 15 1
14 16 -1
14 26 1
14 30 -1
14 52 -1
14 54 1
14 58 -1
15 1 -1
15 3 1
15 5 -1
15 6 -1
15 7 -1
15 8 1
15 9 -1
15 10 -1
15 11 -1
15 12 1
15 14 1
15 27 1
15 53 -1
15 59 -1
15 63 -1
16 2 1
16 3 1
16 4 -1
16 5 1
16 6 1
16 8 1
16 10 1
16 11 1
16 12 1
16 13 -1
16 14 -1
16 31 -1
16 41 -1
16 51 -1
16 56 -1
16 58 1
17 2 -1
17 5 1
17 18 1
17 19 1
17 20 1
17 21 -1
17 22 1
17 24 1
17 26 -1
17 28 -1
17 29 -1
17 30 -1
17 32 -1
17 46 -1
17 51 -1
17 62 -1
18 7 -1
18 9 1
18 17 1
18 19 -1
18 22 -1
18 24 1
18 25 -1
18 26 -1
18 28 -1
18 29 -1
18 30 1
18 31 1
18 32 -1
18 37 -1
18 51 -1
18 55 -1
19 17 1
19 18 -1
19 21 -1
19 22 1
19 23 -1
19 25 -1
19 27 -1
19 28 -1
19 29 -1
19 30 -1
19 32 -1
19 35 -1
19 37 -1
19 47 1
19 49 1
19 64 -1
20 5 1
20 7 -1
20 17 1
20 21 -1
20 23 -1
20 24 -1
20 25 -1
20 26 -1
20 27 1
20 28 -1
20 30 1
20 31 -1
20 32 -1
20 33 -1
20 40 -1
20 44 1
21 11 -1
21 17 -1
21 19 -1
21 20 -1
21 22 1
21 24 -1
21 25 -1
21 27 -1
21 28 -1
21 29 -1
21 31 -1
21 32 -1
21 39 -1
21 43 -1
21 53 1
21 55 -1
22 3 -1
22 17 1
22 18 -1
22 19 1
22 21 1
22 23 -1
22 24 1
22 26 -1
22 27 -1
22 28 -1
22 29 1
22 30 -1
22 46 1
22 48 1
22 56 -1
22 58 -1
23 6 -1
23 10 -1
23 19 -1
23 20 -1
23 22 -1
23 24 1
23 25 -1
23 26 -1
23 27 -1
23 28 1
23 29 -1
23 30 -1
23 31 -1
23 42 -1
23 46 -1
23 47 1
24 3 1
24 17 1
24 18 1
24 20 -1
24 21 -1
24 22 1
24 23 1
24 25 1
24 26 1
24 27 -1
24 31 1
24 32 1
24 42 -1
24 58 -1
24 60 1
24 61 1
25 10 -1
25 18 -1
25 19 -1
25 20 -1
25 21 -1
25 23 -1
25 24 1
25 26 -1
25 29 1
25 30 1
25 31 -1
25 32 -1
25 35 1
25 38 1
25 45 -1
25 57 1
26 4 -1
26 9 1
26 14 1
26 17 -1
26 18 -1
26 20 -1
26 22 -1
26 23 -1
26 24 1
26 25 -1
26 27 -1
26 29 -1
26 30 -1
26 31 -1
26 36 -1
26 62 1
27 8 -1
27 11 1
27 15 1
27 19 -1
27 20 1
27 21 -1
27 22 -1
27 23 -1
27 24 -1
27 26 -1
27 28 -1
27 29 -1
27 30 1
27 32 1
27 36 1
27 38 1
28 8 -1
28 9 -1
28 12 1
28 17 -1
28 18 -1
28 19 -1
28 20 -1
28 21 -1
28 22 -1
28 23 1
28 27 -1
28 29 -1
28 31 -1
28 32 1
28 55 -1
28 61 1
29 13 1
29 17 -1
29 18 -1
29 19 -1
29 21 -1
29 22 1
29 23 -1
29 25 1
29 26 -1
29 27 -1
29 28 -1
29 31 -1
29 34 -1
29 52 -1
29 62 -1
29 64 -1
30 10 1
30 14 -1
30 17 -1
30 18 1
30 19 -1
30 20 1
30 22 -1
30 23 -1
30 25 1
30 26 -1
30 27 1
30 31 -1
30 32 -1
30 44 1
30 47 1
30 50 1
31 6 1
31 16 -1
31 18 1
31 20 -1
31 21 -1
31 23 -1
31 24 1
31 25 -1
31 26 -1
31 28 -1
31 29 -1
31 30 -1
31 32 1
31 35 1
31 57 -1
32 5 -1
32 17 -1
32 18 -1
32 19 -1
32 20 -1
32 21 -1
32 24 1
32 25 -1
32 27 1
32 28 1
32 30 -1
32 31 1
32 43 -1
32 54 -1
32 59 -1
32 60 -1
33 4 1
33 20 -1
33 34 -1
33 35 -1
33 38 -1
33 39 1
33 41 -1
33 42 1
33 43 1
33 44 1
33 45 1
33 46 1
33 47 -1
33 51 -1
33 62 1
33 63 1
34 5 1
34 13 1
34 29 -1
34 33 -1
34 35 -1
34 36 -1
34 37 -1
34 38 -1
34 39 -1
34 42 1
34 43 -1
34 44 -1
34 46 1
34 47 -1
35 19 -1
35 25 1
35 31 1
35 33 -1
35 34 -1
35 36 -1
35 37 -1
35 38 1
35 40 -1
35 41 1
35 42 -1
35 44 -1
35 45 1
35 48 1
35 61 -1
36 2 -1
36 6 1
36 10 1
36 26 -1
36 27 1
36 34 -1
36 35 -1
36 40 -1
36 41 -1
36 42 -1
36 43 1
36 44 -1
36 45 -1
36 46 1
36 47 -1
36 48 -1
37 6 -1
37 8 -1
37 9 -1
37 18 -1
37 19 -1
37 34 -1
37 35 -1
37 39 -1
37 40 -1
37 41 1
37 42 -1
37 43 -1
37 44 -1
37 45 -1
37 46 -1
37 48 1
38 7 -1
38 11 -1
38 25 1
38 27 1
38 33 -1
38 34 -1
38 35 1
38 39 1
38 40 1
38 41 1
38 42 1
38 44 -1
38 45 -1
38 46 1
38 48 1
38 57 -1
39 2 -1
39 21 -1
39 33 1
39 34 -1
39 37 -1
39 38 1
39 40 1
39 42 1
39 43 1
39 44 -1
39 45 1
39 46 -1
39 47 1
39 49 -1
39 59 -1
39 61 -1
40 20 -1
40 35 -1
40 36 -1
40 37 -1
40 38 1
40 39 1
40 41 1
40 42 1
40 43 1
40 44 -1
40 47 -1
40 48 -1
40 50 -1
40 54 -1
40 63 1
41 4 -1
41 7 1
41 9 1
41 16 -1
41 33 -1
41 35 1
41 36 -1
41 37 1
41 38 1
41 40 1
41 43 1
41 45 -1
41 46 -1
41 47 1
41 48 -1
41 56 -1
42 12 -1
42 23 -1
42 24 -1
42 33 1
42 34 1
42 35 -1
42 36 -1
42 37 -1
42 38 1
42 39 1
42 40 1
42 45 1
42 47 1
42 48 1
42 60 1
42 64 1
43 1 1
43 5 -1
43 21 -1
43 32 -1
43 33 1
43 34 -1
43 36 1
43 37 -1
43 39 1
43 40 1
43 41 1
43 44 -1
43 45 -1
43 46 1
43 48 1
43 58 -1
44 20 1
44 30 1
44 33 1
44 34 -1
44 35 -1
44 36 -1
44 37 -1
44 38 -1
44 39 -1
44 40 -1
44 43 -1
44 46 -1
44 47 1
44 50 -1
44 52 -1
44 57 1
45 3 -1
45 11 -1
45 25 -1
45 33 1
45 35 1
45 36 -1
45 37 -1
45 38 -1
45 39 1
45 41 -1
45 42 1
45 43 -1
45 47 -1
45 48 -1
45 53 -1
45 59 -1
46 17 -1
46 22 1
46 23 -1
46 33 1
46 34 1
46 36 1
46 37 -1
46 38 1
46 39 -1
46 41 -1
46 43 1
46 44 -1
46 47 1
46 48 -1
46 54 1
46 64 -1
47 8 1
47 19 1
47 23 1
47 30 1
47 33 -1
47 34 -1
47 36 -1
47 39 1
47 40 -1
47 41 1
47 42 1
47 44 1
47 45 -1
47 46 1
47 48 -1
47 49 1
48 2 -1
48 22 1
48 35 1
48 36 -1
48 37 1
48 38 1
48 40 -1
48 41 -1
48 42 1
48 43 1
48 45 -1
48 46 -1
48 47 -1
48 54 1
48 57 1
48 60 -1
49 2 1
49 12 -1
49 19 1
49 39 -1
49 47 1
49 51 1
49 52 1
49 53 -1
49 54 -1
49 55 1
49 59 1
49 60 1
49 61 -1
49 62 1
49 63 1
49 64 -1
50 10 -1
50 30 1
50 40 -1
50 44 -1
50 51 -1
50 52 1
50 53 1
50 55 1
50 57 -1
50 58 1
50 59 -1
50 60 -1
50 61 1
50 62 -1
50 64 1
51 1 1
51 16 -1
51 17 -1
51 18 -1
51 33 -1
51 49 1
51 50 -1
51 53 -1
51 54 1
51 55 -1
51 57 -1
51 59 1
51 61 -1
51 62 -1
51 63 1
51 64 -1
52 11 -1
52 12 -1
52 14 -1
52 29 -1
52 44 -1
52 49 1
52 50 1
52 54 1
52 56 1
52 57 1
52 58 1
52 59 -1
52 60 -1
52 61 1
52 62 -1
52 63 -1
53 1 1
53 15 -1
53 21 1
53 45 -1
53 49 -1
53 50 1
53 51 -1
53 54 -1
53 55 1
53 56 1
53 57 1
53 58 1
53 59 1
53 60 -1
53 62 -1
54 14 1
54 32 -1
54 40 -1
54 46 1
54 48 1
54 49 -1
54 51 1
54 52 1
54 53 -1
54 55 1
54 56 -1
54 58 -1
54 60 -1
54 61 -1
54 62 -1
54 64 -1
55 3 -1
55 4 -1
55 18 -1
55 21 -1
55 28 -1
55 49 1
55 50 1
55 51 -1
55 53 1
55 54 1
55 56 -1
55 58 -1
55 60 -1
55 61 1
55 63 -1
55 64 -1
56 7 -1
56 8 -1
56 16 -1
56 22 -1
56 41 -1
56 52 1
56 53 1
56 54 -1
56 55 -1
56 57 -1
56 58 -1
56 59 1
56 60 -1
56 61 -1
56 62 1
56 64 -1
57 25 1
57 31 -1
57 38 -1
57 44 1
57 48 1
57 50 -1
57 51 -1
57 52 1
57 53 1
57 56 -1
57 58 -1
57 59 1
57 60 1
57 61 1
57 62 -1
57 63 1
58 14 -1
58 16 1
58 22 -1
58 24 -1
58 43 -1
58 50 1
58 52 1
58 53 1
58 54 -1
58 55 -1
58 56 -1
58 57 -1
58 59 -1
58 62 -1
58 63 -1
58 64 -1
59 12 -1
59 15 -1
59 32 -1
59 39 -1
59 45 -1
59 49 1
59 50 -1
59 51 1
59 52 -1
59 53 1
59 56 1
59 57 1
59 58 -1
59 60 -1
59 63 1
59 64 -1
60 13 -1
60 24 1
60 32 -1
60 42 1
60 48 -1
60 49 1
60 50 -1
60 52 -1
60 53 -1
60 54 -1
60 55 -1
60 56 -1
60 57 1
60 59 -1
60 63 -1
60 64 1
61 1 -1
61 24 1
61 28 1
61 35 -1
61 39 -1
61 49 -1
61 50 1
61 51 -1
61 52 1
61 54 -1
61 55 1
61 56 -1
61 57 1
61 62 1
61 63 1
61 64 1
62 4 -1
62 17 -1
62 26 1
62 29 -1
62 33 1
62 49 1
62 50 -1
62 51 -1
62 52 -1
62 53 -1
62 54 -1
62 56 1
62 57 -1
62 58 -1
62 61 1
62 63 -1
63 1 -1
63 6 1
63 15 -1
63 33 1
63 40 1
63 49 1
63 51 1
63 52 -1
63 55 -1
63 57 1
63 58 -1
63 59 1
63 60 -1
63 61 1
63 62 -1
63 64 -1
64 3 1
64 19 -1
64 29 -1
64 42 1
64 46 -1
64 49 -1
64 50 1
64 51 -1
64 54 -1
64 55 -1
64 56 -1
64 58 -1
64 59 -1
64 60 1
64 61 1
64 63 -1
