1 2 -1
1 3 -1
1 4 -1
1 5 -1
1 6 1
1 7 1
1 9 1
1 10 1
1 11 -1
1 12 1
1 14 1
1 21 -1
1 42 -1
1 44 1
1 52 -1
1 54 -1
2 1 -1
2 3 1
2 5 -1
2 7 -1
2 8 1
2 9 -1
2 10 1
2 11 -1
2 13 1
2 15 -1
2 16 -1
2 22 -1
2 25 1
2 34 -1
2 59 -1
2 63 -1
3 1 -1
3 2 1
3 4 -1
3 6 1
3 9 1
3 11 1
3 12 1
3 13 -1
3 14 -1
3 15 1
3 16 -1
3 35 1
3 41 1
3 43 1
3 47 -1
3 62 1
4 1 -1
4 3 -1
4 5 1
4 6 -1
4 8 1
4 9 -1
4 10 1
4 11 1
4 14 1
4 15 1
4 16 -1
4 31 1
4 35 1
4 46 1
4 57 -1
5 1 -1
5 2 -1
5 4 1
5 6 -1
5 8 1
5 10 -1
5 11 -1
5 12 1
5 13 -1
5 14 -1
5 16 -1
5 50 1
5 52 1
5 54 1
5 56 1
5 61 -1
6 1 1
6 3 1
6 4 -1
6 5 -1
6 7 1
6 8 1
6 10 1
6 11 -1
6 12 -1
6 13 1
6 16 1
6 29 1
6 43 -1
6 49 -1
6 51 1
6 64 1
7 1 1
7 2 -1
7 6 1
7 8 1
7 9 1
7 11 1
7 12 1
7 13 -1
7 14 1
7 15 -1
7 16 1
7 32 -1
7 55 -1
7 57 1
7 60 -1
7 63 1
8 2 1
8 4 1
8 5 1
8 6 1
8 7 1
8 10 -1
8 11 1
8 12 1
8 13 -1
8 14 1
8 15 -1
8 18 -1
8 20 -1
8 25 -1
8 46 1
8 50 1
9 1 1
9 2 -1
9 3 1
9 4 -1
9 7 1
9 10 -1
9 12 1
9 13 -1
9 14 -1
9 15 1
9 16 1
9 37 -1
9 40 -1
9 49 1
9 53 1
9 61 -1
10 1 1
10 2 1
10 4 1
10 5 -1
10 6 1
10 8 -1
10 9 -1
10 11 -1
10 12 -1
10 15 -1
10 16 1
10 19 -1
10 36 -1
10 51 1
10 61 1
11 1 -1
11 2 -1
11 3 1
11 4 1
11 5 -1
11 6 -1
11 7 1
11 8 1
11 10 -1
11 15 1
11 16 1
11 20 1
11 42 1
11 45 -1
11 55 -1
11 56 -1
12 1 1
12 3 1
12 5 1
12 6 -1
12 7 1
12 8 1
12 9 1
12 10 -1
12 13 -1
12 14 1
12 15 -1
12 26 1
12 39 -1
12 43 -1
12 55 -1
12 57 -1
13 2 1
13 3 -1
13 5 -1
13 6 1
13 7 -1
13 8 -1
13 9 -1
13 12 -1
13 14 -1
13 15 -1
13 16 1
13 27 -1
13 29 1
13 37 -1
13 47 -1
13 49 1
14 1 1
14 3 -1
14 4 1
14 5 -1
14 7 1
14 8 1
14 9 -1
14 12 1
14 13 -1
14 15 1
14 16 -1
14 17 -1
14 20 -1
14 26 1
14 56 1
14 58 -1
15 2 -1
15 3 1
15 4 1
15 7 -1
15 8 -1
15 9 1
15 10 -1
15 11 1
15 12 -1
15 13 -1
15 14 1
15 20 1
15 41 1
15 42 -1
15 50 -1
15 62 -1
16 2 -1
16 3 -1
16 4 -1
16 5 -1
16 6 1
16 7 1
16 9 1
16 10 1
16 11 1
16 13 1
16 14 -1
16 36 1
16 37 1
16 44 -1
16 47 -1
17 14 -1
17 18 1
17 19 1
17 20 1
17 21 1
17 23 -1
17 25 1
17 26 -1
17 27 1
17 28 -1
17 29 1
17 30 1
17 33 1
17 59 1
17 61 -1
18 8 -1
18 17 1
18 19 -1
18 21 1
18 22 -1
18 23 1
18 24 -1
18 27 1
18 29 1
18 30 1
18 31 -1
18 32 1
18 34 1
18 56 -1
18 64 1
19 10 -1
19 17 1
19 18 -1
19 21 -1
19 22 -1
19 23 -1
19 24 -1
19 25 -1
19 26 1
19 28 -1
19 31 1
19 32 1
19 52 1
19 53 1
19 64 1
20 8 -1
20 11 1
20 14 -1
20 15 1
20 17 1
20 21 -1
20 22 1
20 23 -1
20 24 1
20 25 1
20 26 1
20 27 -1
20 28 1
20 29 1
20 30 1
20 56 -1
21 1 -1
21 17 1
21 18 1
21 19 -1
21 20 -1
21 22 -1
21 24 1
21 25 1
21 28 -1
21 29 -1
21 31 1
21 32 1
21 34 -1
21 49 1
21 62 1
22 2 -1
22 18 -1
22 19 -1
22 20 1
22 21 -1
22 24 1
22 25 -1
22 26 -1
22 28 -1
22 29 -1
22 31 1
22 32 -1
22 36 -1
22 40 1
22 55 1
22 60 -1
23 17 -1
23 18 1
23 19 -1
23 20 -1
23 24 1
23 26 1
23 27 1
23 29 1
23 30 1
23 31 1
23 32 1
23 47 1
23 50 -1
23 52 -1
23 53 1
23 64 1
24 18 -1
24 19 -1
24 20 1
24 21 1
24 22 1
24 23 1
24 26 -1
24 27 -1
24 28 1
24 29 1
24 30 1
24 38 -1
24 39 -1
24 43 1
24 45 1
24 53 -1
25 2 1
25 8 -1
25 17 1
25 19 -1
25 20 1
25 21 1
25 22 -1
25 26 1
25 27 -1
25 28 -1
25 30 -1
25 31 -1
25 32 -1
25 40 -1
25 44 -1
25 54 1
26 12 1
26 14 1
26 17 -1
26 19 1
26 20 1
26 22 -1
26 23 1
26 24 -1
26 25 1
26 27 1
26 28 -1
26 30 1
26 31 1
26 36 -1
26 58 -1
26 60 1
27 13 -1
27 17 1
27 18 1
27 20 -1
27 23 1
27 24 -1
27 25 -1
27 26 1
27 29 1
27 30 1
27 31 1
27 32 -1
27 38 -1
27 42 -1
27 53 1
27 59 1
28 17 -1
28 19 -1
28 20 1
28 21 -1
28 22 -1
28 24 1
28 25 -1
28 26 -1
28 30 -1
28 31 -1
28 32 -1
28 35 -1
28 37 -1
28 38 -1
28 46 -1
28 48 1
29 6 1
29 13 1
29 17 1
29 18 1
29 20 1
29 21 -1
29 22 -1
29 23 1
29 24 1
29 27 1
29 30 1
29 31 -1
29 32 1
29 36 -1
29 40 -1
29 48 -1
30 17 1
30 18 1
30 20 1
30 23 1
30 24 1
30 25 -1
30 26 1
30 27 1
30 28 -1
30 29 1
30 32 -1
30 33 1
30 38 -1
30 45 1
30 51 -1
30 52 -1
31 4 1
31 18 -1
31 19 1
31 21 1
31 22 1
31 23 1
31 25 -1
31 26 1
31 27 1
31 28 -1
31 29 -1
31 32 -1
31 39 1
31 40 -1
31 58 -1
32 7 -1
32 18 1
32 19 1
32 21 1
32 22 -1
32 23 1
32 25 -1
32 27 -1
32 28 -1
32 29 1
32 30 -1
32 31 -1
32 38 -1
32 46 -1
32 48 -1
33 17 1
33 30 1
33 35 -1
33 36 1
33 38 1
33 39 1
33 40 -1
33 42 1
33 43 1
33 44 1
33 45 -1
33 47 -1
33 48 1
33 55 1
33 58 -1
33 60 1
34 2 -1
34 18 1
34 21 -1
34 35 1
34 36 1
34 38 1
34 40 -1
34 41 -1
34 42 1
34 44 1
34 45 -1
34 46 1
34 47 1
34 48 -1
34 59 -1
35 3 1
35 4 1
35 28 -1
35 33 -1
35 34 1
35 37 1
35 38 -1
35 39 -1
35 40 -1
35 41 -1
35 42 -1
35 43 -1
35 46 -1
35 48 -1
35 60 -1
35 64 -1
36 10 -1
36 16 1
36 22 -1
36 26 -1
36 29 -1
36 33 1
36 34 1
36 37 1
36 39 -1
36 41 -1
36 43 1
36 44 -1
36 45 1
36 46 1
36 47 -1
36 48 1
37 9 -1
37 13 -1
37 16 1
37 28 -1
37 35 1
37 36 1
37 39 -1
37 40 1
37 41 -1
37 42 -1
37 43 1
37 45 1
37 46 1
37 47 1
37 48 1
37 61 -1
38 24 -1
38 27 -1
38 28 -1
38 30 -1
38 32 -1
38 33 1
38 34 1
38 35 -1
38 39 -1
38 40 1
38 41 1
38 42 1
38 43 1
38 44 -1
38 45 1
38 47 -1
39 12 -1
39 24 -1
39 31 1
39 33 1
39 35 -1
39 36 -1
39 37 -1
39 38 -1
39 41 1
39 42 1
39 43 -1
39 44 -1
39 45 1
39 46 1
39 62 1
39 63 1
40 9 -1
40 22 1
40 25 -1
40 29 -1
40 31 -1
40 33 -1
40 34 -1
40 35 -1
40 37 1
40 38 1
40 41 -1
40 42 -1
40 44 1
40 45 1
40 47 1
40 48 -1
41 3 1
41 15 1
41 34 -1
41 35 -1
41 36 -1
41 37 -1
41 38 1
41 39 1
41 40 -1
41 43 1
41 44 1
41 45 1
41 46 -1
41 51 1
41 54 -1
41 63 -1
42 1 -1
42 11 1
42 15 -1
42 27 -1
42 33 1
42 34 1
42 35 -1
42 37 -1
42 38 1
42 39 1
42 40 -1
42 43 1
42 46 1
42 47 -1
42 48 1
42 49 -1
43 3 1
43 6 -1
43 12 -1
43 24 1
43 33 1
43 35 -1
43 36 1
43 37 1
43 38 1
43 39 -1
43 41 1
43 42 1
43 45 -1
43 46 -1
43 47 -1
43 51 1
44 1 1
44 16 -1
44 25 -1
44 33 1
44 34 1
44 36 -1
44 38 -1
44 39 -1
44 40 1
44 41 1
44 45 1
44 46 -1
44 47 1
44 48 1
44 57 1
45 11 -1
45 24 1
45 30 1
45 33 -1
45 34 -1
45 36 1
45 37 1
45 38 1
45 39 1
45 40 1
45 41 1
45 43 -1
45 44 1
45 48 1
45 54 -1
45 58 1
46 4 1
46 8 1
46 28 -1
46 32 -1
46 34 1
46 35 -1
46 36 1
46 37 1
46 39 1
46 41 -1
46 42 1
46 43 -1
46 44 -1
46 47 1
46 48 -1
46 63 1
47 3 -1
47 13 -1
47 16 -1
47 23 1
47 33 -1
47 34 1
47 36 -1
47 37 1
47 38 -1
47 40 1
47 42 -1
47 43 -1
47 44 1
47 46 1
47 48 1
47 50 -1
48 28 1
48 29 -1
48 32 -1
48 33 1
48 34 -1
48 35 -1
48 36 1
48 37 1
48 40 -1
48 42 1
48 44 1
48 45 1
48 46 -1
48 47 1
48 57 -1
49 6 -1
49 9 1
49 13 1
49 21 1
49 42 -1
49 50 1
49 53 -1
49 54 -1
49 55 -1
49 56 -1
49 58 -1
49 59 1
49 61 -1
49 62 -1
49 63 1
49 64 -1
50 5 1
50 8 1
50 15 -1
50 23 -1
50 47 -1
50 49 1
50 51 1
50 53 -1
50 54 -1
50 56 1
50 59 -1
50 60 -1
50 61 -1
50 62 -1
50 63 -1
50 64 -1
51 6 1
51 10 1
51 30 -1
51 41 1
51 43 1
51 50 1
51 53 -1
51 54 -1
51 55 1
51 56 -1
51 57 1
51 59 1
51 60 1
51 62 1
51 63 -1
51 64 1
52 1 -1
52 5 1
52 19 1
52 23 -1
52 30 -1
52 53 -1
52 54 -1
52 55 -1
52 56 -1
52 57 1
52 58 1
52 59 -1
52 60 -1
52 61 -1
52 62 1
52 63 1
53 9 1
53 19 1
53 23 1
53 24 -1
53 27 1
53 49 -1
53 50 -1
53 51 -1
53 52 -1
53 54 -1
53 55 1
53 57 -1
53 58 -1
53 60 1
53 63 -1
53 64 1
54 1 -1
54 5 1
54 25 1
54 41 -1
54 45 -1
54 49 -1
54 50 -1
54 51 -1
54 52 -1
54 53 -1
54 55 1
54 57 1
54 58 1
54 60 1
54 63 -1
54 64 1
55 7 -1
55 11 -1
55 12 -1
55 22 1
55 33 1
55 49 -1
55 51 1
55 52 -1
55 53 1
55 54 1
55 57 -1
55 58 -1
55 59 1
55 61 1
55 62 -1
55 64 1
56 5 1
56 11 -1
56 14 1
56 18 -1
56 20 -1
56 49 -1
56 50 1
56 51 -1
56 52 -1
56 57 1
56 58 -1
56 60 1
56 61 -1
56 62 -1
56 63 1
56 64 1
57 4 -1
57 7 1
57 12 -1
57 44 1
57 48 -1
57 51 1
57 52 1
57 53 -1
57 54 1
57 55 -1
57 56 1
57 58 -1
57 59 1
57 60 1
57 61 -1
57 63 -1
58 14 -1
58 26 -1
58 31 -1
58 33 -1
58 45 1
58 49 -1
58 52 1
58 53 -1
58 54 1
58 55 -1
58 56 -1
58 57 -1
58 59 1
58 61 -1
58 62 -1
58 64 1
59 2 -1
59 17 1
59 27 1
59 34 -1
59 49 1
59 50 -1
59 51 1
59 52 -1
59 55 1
59 57 1
59 58 1
59 60 -1
59 62 -1
59 63 1
59 64 -1
60 7 -1
60 22 -1
60 26 1
60 33 1
60 35 -1
60 50 -1
60 51 1
60 52 -1
60 53 1
60 54 1
60 56 1
60 57 1
60 59 -1
60 61 1
60 62 -1
60 64 1
61 5 -1
61 9 -1
61 10 1
61 17 -1
61 37 -1
61 49 -1
61 50 -1
61 52 -1
61 55 1
61 56 -1
61 57 -1
61 58 -1
61 60 1
61 62 1
61 63 -1
61 64 1
62 3 1
62 15 -1
62 21 1
62 39 1
62 49 -1
62 50 -1
62 51 1
62 52 1
62 55 -1
62 56 -1
62 58 -1
62 59 -1
62 60 -1
62 61 1
62 63 1
63 2 -1
63 7 1
63 39 1
63 41 -1
63 46 1
63 49 1
63 50 -1
63 51 -1
63 52 1
63 53 -1
63 54 -1
63 56 1
63 57 -1
63 59 1
63 61 -1
63 62 1
64 6 1
64 18 1
64 19 1
64 23 1
64 35 -1
64 49 -1
64 50 -1
64 51 1
64 53 1
64 54 1
64 55 1
64 56 1
64 58 1
64 59 -1
64 60 1
64 61 1
