1 2 1
1 3 1
1 4 -1
1 5 1
1 6 1
1 7 -1
1 8 1
1 12 1
1 14 1
1 15 1
1 16 -1
1 27 -1
1 33 1
1 45 1
1 52 1
1 60 -1
2 1 1
2 3 -1
2 4 1
2 6 1
2 7 1
2 8 -1
2 10 1
2 12 -1
2 13 1
2 15 1
2 16 1
2 35 -1
2 51 1
2 57 1
2 59 1
2 61 -1
3 1 1
3 2 -1
3 4 1
3 5 -1
3 6 -1
3 9 1
3 11 1
3 13 1
3 14 -1
3 15 1
3 16 1
3 22 1
3 34 1
3 47 1
3 56 1
3 59 1
4 1 -1
4 2 1
4 3 1
4 6 -1
4 7 1
4 8 1
4 9 1
4 11 1
4 12 1
4 14 1
4 16 1
4 25 1
4 38 1
4 49 1
4 51 1
4 54 1
5 1 1
5 3 -1
5 6 1
5 8 1
5 9 1
5 10 1
5 11 1
5 12 -1
5 13 1
5 15 1
5 16 -1
5 17 1
5 23 1
5 27 1
5 28 1
5 61 1
6 1 1
6 2 1
6 3 -1
6 4 -1
6 5 1
6 7 1
6 8 1
6 11 1
6 13 1
6 14 1
6 15 1
6 17 1
6 24 1
6 36 1
6 60 1
7 1 -1
7 2 1
7 4 1
7 6 1
7 8 1
7 9 -1
7 10 1
7 12 1
7 13 -1
7 14 1
7 16 1
7 20 1
7 35 1
7 38 -1
7 46 -1
7 64 1
8 1 1
8 2 -1
8 4 1
8 5 1
8 6 1
8 7 1
8 9 1
8 10 -1
8 11 -1
8 12 1
8 14 1
8 21 1
8 23 1
8 28 1
8 48 1
8 58 -1
9 3 1
9 4 1
9 5 1
9 7 -1
9 8 1
9 10 1
9 11 1
9 12 -1
9 13 -1
9 14 1
9 15 1
9 17 1
9 18 1
9 41 -1
9 56 -1
9 62 -1
10 2 1
10 5 1
10 7 1
10 8 -1
10 9 1
10 11 1
10 12 1
10 13 1
10 14 1
10 15 1
10 16 1
10 17 1
10 34 -1
10 38 1
10 55 1
10 60 -1
11 3 1
11 4 1
11 5 1
11 6 1
11 8 -1
11 9 1
11 10 1
11 13 1
11 14 1
11 15 -1
11 16 1
11 18 1
11 24 1
11 38 -1
11 44 1
11 47 -1
12 1 1
12 2 -1
12 4 1
12 5 -1
12 7 1
12 8 1
12 9 -1
12 10 1
12 13 1
12 15 1
12 16 1
12 34 1
12 46 1
12 52 1
12 56 1
12 64 1
13 2 1
13 3 1
13 5 1
13 6 1
13 7 -1
13 9 -1
13 10 1
13 11 1
13 12 1
13 14 1
13 15 1
13 33 1
13 36 1
13 48 -1
13 58 -1
14 1 1
14 3 -1
14 4 1
14 6 1
14 7 1
14 8 1
14 9 1
14 10 1
14 11 1
14 13 1
14 16 -1
14 30 1
14 32 1
14 36 1
14 37 1
14 49 1
15 1 1
15 2 1
15 3 1
15 5 1
15 6 1
15 9 1
15 10 1
15 11 -1
15 12 1
15 13 1
15 16 -1
15 19 -1
15 28 1
15 40 1
15 42 1
15 56 1
16 1 -1
16 2 1
16 3 1
16 4 1
16 5 -1
16 7 1
16 10 1
16 11 1
16 12 1
16 14 -1
16 15 -1
16 18 1
16 21 1
16 30 1
16 51 1
16 58 1
17 5 1
17 6 1
17 9 1
17 10 1
17 18 1
17 19 1
17 20 1
17 22 1
17 24 1
17 25 1
17 27 1
17 29 1
17 30 -1
17 31 -1
17 32 1
17 63 1
18 9 1
18 11 1
18 16 1
18 17 1
18 19 1
18 21 1
18 23 1
18 25 1
18 26 1
18 28 1
18 29 1
18 30 1
18 31 1
18 32 1
18 39 1
18 43 1
19 15 -1
19 17 1
19 18 1
19 20 -1
19 22 1
19 23 1
19 24 1
19 26 1
19 28 1
19 29 1
19 31 1
19 32 1
19 37 1
19 48 1
19 50 -1
19 53 1
20 7 1
20 17 1
20 19 -1
20 21 -1
20 22 1
20 23 1
20 24 1
20 25 1
20 26 1
20 27 1
20 28 1
20 31 1
20 44 1
20 52 1
20 60 1
21 8 1
21 16 1
21 18 1
21 20 -1
21 22 -1
21 23 1
21 24 1
21 25 1
21 26 1
21 27 1
21 29 1
21 30 1
21 31 1
21 43 1
21 56 1
21 59 1
22 3 1
22 17 1
22 19 1
22 20 1
22 21 -1
22 23 1
22 25 1
22 26 -1
22 27 1
22 28 -1
22 29 1
22 30 -1
22 40 1
22 45 1
22 48 1
22 62 1
23 5 1
23 8 1
23 18 1
23 19 1
23 20 1
23 21 1
23 22 1
23 26 1
23 27 1
23 28 1
23 29 -1
23 30 1
23 32 1
23 39 1
23 50 1
23 54 1
24 6 1
24 11 1
24 17 1
24 19 1
24 20 1
24 21 1
24 25 1
24 27 1
24 28 1
24 29 -1
24 30 1
24 31 1
24 32 1
24 46 1
24 51 1
24 55 1
25 4 1
25 17 1
25 18 1
25 20 1
25 21 1
25 22 1
25 24 1
25 27 1
25 29 -1
25 30 1
25 31 1
25 32 1
25 42 1
25 45 1
25 50 -1
25 57 -1
26 18 1
26 19 1
26 20 1
26 21 1
26 22 -1
26 23 1
26 27 1
26 28 1
26 29 1
26 30 1
26 32 1
26 33 1
26 46 1
26 49 1
26 54 1
26 60 -1
27 1 -1
27 5 1
27 17 1
27 20 1
27 21 1
27 22 1
27 23 1
27 24 1
27 25 1
27 26 1
27 30 -1
27 31 1
27 32 1
27 35 1
27 48 1
27 57 1
28 5 1
28 8 1
28 15 1
28 18 1
28 19 1
28 20 1
28 22 -1
28 23 1
28 24 1
28 26 1
28 29 1
28 30 1
28 31 1
28 32 -1
28 41 1
28 59 1
29 17 1
29 18 1
29 19 1
29 21 1
29 22 1
29 23 -1
29 24 -1
29 25 -1
29 26 1
29 28 1
29 32 1
29 41 -1
29 46 1
29 50 1
29 53 1
29 59 1
30 14 1
30 16 1
30 17 -1
30 18 1
30 21 1
30 22 -1
30 23 1
30 24 1
30 25 1
30 26 1
30 27 -1
30 28 1
30 31 1
30 34 1
30 44 -1
30 49 1
31 17 -1
31 18 1
31 19 1
31 20 1
31 21 1
31 24 1
31 25 1
31 27 1
31 28 1
31 30 1
31 32 1
31 33 -1
31 35 1
31 41 1
31 63 -1
32 14 1
32 17 1
32 18 1
32 19 1
32 23 1
32 24 1
32 25 1
32 26 1
32 27 1
32 28 -1
32 29 1
32 31 1
32 44 1
32 62 1
33 1 1
33 13 1
33 26 1
33 31 -1
33 35 -1
33 36 -1
33 37 1
33 38 -1
33 39 -1
33 40 1
33 41 1
33 44 -1
33 45 1
33 46 1
33 48 1
33 55 1
34 3 1
34 10 -1
34 12 1
34 30 1
34 35 1
34 36 1
34 37 1
34 38 1
34 39 1
34 40 1
34 41 1
34 42 1
34 43 1
34 45 1
34 46 1
34 51 -1
35 2 -1
35 7 1
35 27 1
35 31 1
35 33 -1
35 34 1
35 36 1
35 37 1
35 39 1
35 40 1
35 41 1
35 42 1
35 43 1
35 47 -1
35 48 1
36 6 1
36 13 1
36 14 1
36 33 -1
36 34 1
36 35 1
36 37 1
36 38 1
36 39 1
36 40 1
36 42 1
36 43 1
36 45 1
36 48 1
36 61 -1
37 14 1
37 19 1
37 33 1
37 34 1
37 35 1
37 36 1
37 38 1
37 42 -1
37 43 1
37 44 1
37 46 1
37 47 1
37 48 1
37 62 1
37 63 1
37 64 1
38 4 1
38 7 -1
38 10 1
38 11 -1
38 33 -1
38 34 1
38 36 1
38 37 1
38 39 1
38 41 1
38 42 1
38 44 -1
38 46 1
38 47 -1
38 48 1
38 61 1
39 18 1
39 23 1
39 33 -1
39 34 1
39 35 1
39 36 1
39 38 1
39 40 1
39 42 -1
39 44 1
39 46 1
39 47 1
39 48 1
39 54 1
39 57 1
40 15 1
40 22 1
40 33 1
40 34 1
40 35 1
40 36 1
40 39 1
40 41 1
40 43 1
40 44 1
40 45 1
40 47 -1
40 48 -1
40 55 1
40 61 1
41 9 -1
41 28 1
41 29 -1
41 31 1
41 33 1
41 34 1
41 35 1
41 38 1
41 40 1
41 42 1
41 43 1
41 44 1
41 45 1
41 46 1
41 47 -1
41 52 1
42 15 1
42 25 1
42 34 1
42 35 1
42 36 1
42 37 -1
42 38 1
42 39 -1
42 41 1
42 43 1
42 44 1
42 45 1
42 46 1
42 53 1
42 57 -1
42 63 1
43 18 1
43 21 1
43 34 1
43 35 1
43 36 1
43 37 1
43 40 1
43 41 1
43 42 1
43 44 1
43 45 -1
43 47 1
43 48 1
43 50 1
43 53 -1
43 63 1
44 11 1
44 20 1
44 30 -1
44 32 1
44 33 -1
44 37 1
44 38 -1
44 39 1
44 40 1
44 41 1
44 42 1
44 43 1
44 45 -1
44 46 1
44 47 1
45 1 1
45 22 1
45 25 1
45 33 1
45 34 1
45 36 1
45 40 1
45 41 1
45 42 1
45 43 -1
45 44 -1
45 46 1
45 47 1
45 48 1
45 64 1
46 7 -1
46 12 1
46 24 1
46 26 1
46 29 1
46 33 1
46 34 1
46 37 1
46 38 1
46 39 1
46 41 1
46 42 1
46 44 1
46 45 1
46 47 1
46 48 1
47 3 1
47 11 -1
47 35 -1
47 37 1
47 38 -1
47 39 1
47 40 -1
47 41 -1
47 43 1
47 44 1
47 45 1
47 46 1
47 48 1
47 49 1
47 53 -1
47 58 1
48 8 1
48 13 -1
48 19 1
48 22 1
48 27 1
48 33 1
48 35 1
48 36 1
48 37 1
48 38 1
48 39 1
48 40 -1
48 43 1
48 45 1
48 46 1
48 47 1
49 4 1
49 14 1
49 26 1
49 30 1
49 47 1
49 50 1
49 51 -1
49 53 1
49 54 1
49 55 1
49 56 1
49 58 -1
49 59 1
49 61 -1
49 63 1
49 64 1
50 19 -1
50 23 1
50 25 -1
50 29 1
50 43 1
50 49 1
50 51 -1
50 54 -1
50 55 1
50 56 -1
50 57 1
50 59 1
50 60 1
50 61 1
50 62 -1
50 64 1
51 2 1
51 4 1
51 16 1
51 24 1
51 34 -1
51 49 -1
51 50 -1
51 52 1
51 54 -1
51 55 1
51 56 1
51 57 1
51 59 1
51 61 1
51 63 1
51 64 1
52 1 1
52 12 1
52 20 1
52 41 1
52 51 1
52 53 1
52 54 1
52 56 1
52 57 1
52 58 -1
52 59 1
52 60 1
52 61 1
52 62 1
52 64 1
53 19 1
53 29 1
53 42 1
53 43 -1
53 47 -1
53 49 1
53 52 1
53 54 1
53 55 1
53 56 1
53 57 -1
53 59 1
53 60 -1
53 61 1
53 63 -1
53 64 1
54 4 1
54 23 1
54 26 1
54 39 1
54 49 1
54 50 -1
54 51 -1
54 52 1
54 53 1
54 55 1
54 57 1
54 58 1
54 60 1
54 62 1
54 63 1
55 10 1
55 24 1
55 33 1
55 40 1
55 49 1
55 50 1
55 51 1
55 53 1
55 54 1
55 56 1
55 58 1
55 59 1
55 62 1
55 63 1
55 64 1
56 3 1
56 9 -1
56 12 1
56 15 1
56 21 1
56 49 1
56 50 -1
56 51 1
56 52 1
56 53 1
56 55 1
56 58 1
56 60 -1
56 61 1
56 62 1
56 63 1
57 2 1
57 25 -1
57 27 1
57 39 1
57 42 -1
57 50 1
57 51 1
57 52 1
57 53 -1
57 54 1
57 59 -1
57 60 1
57 61 1
57 62 1
57 63 1
57 64 1
58 8 -1
58 13 -1
58 16 1
58 47 1
58 49 -1
58 52 -1
58 54 1
58 55 1
58 56 1
58 59 -1
58 60 1
58 61 1
58 62 -1
58 63 1
58 64 -1
59 2 1
59 3 1
59 21 1
59 28 1
59 29 1
59 49 1
59 50 1
59 51 1
59 52 1
59 53 1
59 55 1
59 57 -1
59 58 -1
59 60 1
59 62 1
59 63 -1
60 1 -1
60 6 1
60 10 -1
60 20 1
60 26 -1
60 50 1
60 52 1
60 53 -1
60 54 1
60 56 -1
60 57 1
60 58 1
60 59 1
60 61 1
60 62 -1
60 64 -1
61 2 -1
61 5 1
61 36 -1
61 38 1
61 40 1
61 49 -1
61 50 1
61 51 1
61 52 1
61 53 1
61 56 1
61 57 1
61 58 1
61 60 1
61 62 1
61 63 1
62 9 -1
62 22 1
62 32 1
62 37 1
62 50 -1
62 52 1
62 54 1
62 55 1
62 56 1
62 57 1
62 58 -1
62 59 1
62 60 -1
62 61 1
62 64 1
63 17 1
63 31 -1
63 37 1
63 42 1
63 43 1
63 49 1
63 51 1
63 53 -1
63 54 1
63 55 1
63 56 1
63 57 1
63 58 1
63 59 -1
63 61 1
63 64 -1
64 7 1
64 12 1
64 37 1
64 45 1
64 49 1
64 50 1
64 51 1
64 52 1
64 53 1
64 55 1
64 57 1
64 58 -1
64 60 -1
64 62 1
64 63 -1
