1 4 1
1 5 -1
1 6 1
1 7 -1
1 8 -1
1 9 1
1 10 -1
1 11 -1
1 13 -1
1 14 1
1 16 1
1 18 1
1 19 1
1 52 -1
1 60 -1
2 3 -1
2 4 -1
2 5 1
2 6 -1
2 8 -1
2 10 -1
2 11 -1
2 13 -1
2 14 1
2 15 -1
2 16 -1
2 24 1
2 32 -1
2 41 -1
2 47 -1
2 58 -1
3 2 -1
3 5 -1
3 6 1
3 7 -1
3 8 -1
3 9 1
3 11 -1
3 12 -1
3 14 -1
3 15 1
3 16 -1
3 21 -1
3 27 1
3 35 -1
3 46 -1
3 55 -1
4 1 1
4 2 -1
4 6 -1
4 7 -1
4 8 -1
4 10 -1
4 11 1
4 12 1
4 13 -1
4 15 -1
4 16 -1
4 20 1
4 36 -1
4 40 -1
4 59 1
4 60 1
5 1 -1
5 2 1
5 3 -1
5 6 -1
5 8 1
5 10 -1
5 11 -1
5 13 -1
5 14 1
5 15 1
5 16 -1
5 17 -1
5 22 -1
5 31 -1
5 46 -1
5 50 1
6 1 1
6 2 -1
6 3 1
6 4 -1
6 5 -1
6 7 1
6 9 1
6 11 1
6 12 -1
6 14 1
6 16 -1
6 20 -1
6 24 -1
6 44 -1
6 60 -1
6 62 -1
7 1 -1
7 3 -1
7 4 -1
7 6 1
7 8 -1
7 9 -1
7 10 1
7 11 -1
7 12 1
7 14 -1
7 16 1
7 22 -1
7 24 -1
7 34 1
7 58 -1
7 63 1
8 1 -1
8 2 -1
8 3 -1
8 4 -1
8 5 1
8 7 -1
8 10 -1
8 11 1
8 13 1
8 15 -1
8 16 1
8 32 -1
8 38 -1
8 46 -1
8 51 1
8 60 1
9 1 1
9 3 1
9 6 1
9 7 -1
9 10 1
9 11 1
9 12 -1
9 13 1
9 14 1
9 15 1
9 16 -1
9 32 1
9 35 -1
9 45 -1
9 47 -1
9 61 1
10 1 -1
10 2 -1
10 4 -1
10 5 -1
10 7 1
10 8 -1
10 9 1
10 12 -1
10 13 1
10 14 -1
10 15 1
10 23 -1
10 37 -1
10 40 -1
10 41 -1
10 58 1
11 1 -1
11 2 -1
11 3 -1
11 4 1
11 5 -1
11 6 1
11 7 -1
11 8 1
11 9 1
11 12 -1
11 13 -1
11 19 1
11 31 -1
11 33 1
11 44 -1
11 53 -1
12 3 -1
12 4 1
12 6 -1
12 7 1
12 9 -1
12 10 -1
12 11 -1
12 13 1
12 14 -1
12 15 -1
12 16 -1
12 30 1
12 36 1
12 57 -1
12 62 -1
13 1 -1
13 2 -1
13 4 -1
13 5 -1
13 8 1
13 9 1
13 10 1
13 11 -1
13 12 1
13 14 -1
13 15 1
13 32 1
13 36 -1
13 39 1
13 47 -1
13 51 1
14 1 1
14 2 1
14 3 -1
14 5 1
14 6 1
14 7 -1
14 9 1
14 10 -1
14 12 -1
14 13 -1
14 15 -1
14 29 -1
14 30 -1
14 50 -1
14 54 -1
14 62 -1
15 2 -1
15 3 1
15 4 -1
15 5 1
15 8 -1
15 9 1
15 10 1
15 12 -1
15 13 1
15 14 -1
15 16 1
15 24 1
15 34 -1
15 39 -1
15 42 -1
15 49 -1
16 1 1
16 2 -1
16 3 -1
16 4 -1
16 5 -1
16 6 -1
16 7 1
16 8 1
16 9 -1
16 12 -1
16 15 1
16 35 1
16 43 -1
16 46 1
16 55 1
17 5 -1
17 18 -1
17 20 -1
17 21 1
17 22 1
17 23 1
17 24 -1
17 27 -1
17 28 1
17 29 1
17 30 1
17 32 1
17 36 -1
17 40 -1
17 44 -1
17 54 -1
18 1 1
18 17 -1
18 20 1
18 21 1
18 22 1
18 23 -1
18 25 -1
18 26 -1
18 27 1
18 28 -1
18 31 -1
18 32 1
18 34 -1
18 44 -1
18 47 -1
18 50 1
19 1 1
19 11 1
19 20 -1
19 22 1
19 23 1
19 24 -1
19 25 -1
19 26 1
19 27 -1
19 28 -1
19 29 -1
19 30 1
19 31 1
19 35 1
19 57 1
19 59 -1
20 4 1
20 6 -1
20 17 -1
20 18 1
20 19 -1
20 21 -1
20 22 -1
20 23 -1
20 25 1
20 26 1
20 29 -1
20 30 -1
20 31 -1
20 49 1
20 61 -1
21 3 -1
21 17 1
21 18 1
21 20 -1
21 22 -1
21 23 1
21 24 -1
21 26 1
21 28 1
21 29 -1
21 30 1
21 32 1
21 43 1
21 50 -1
21 58 -1
21 64 1
22 5 -1
22 7 -1
22 17 1
22 18 1
22 19 1
22 20 -1
22 21 -1
22 24 -1
22 25 1
22 26 1
22 27 1
22 30 1
22 31 -1
22 40 -1
22 59 -1
22 61 1
23 10 -1
23 17 1
23 18 -1
23 19 1
23 20 -1
23 21 1
23 25 -1
23 26 -1
23 29 -1
23 30 -1
23 31 -1
23 32 1
23 38 1
23 40 -1
23 41 1
23 64 -1
24 2 1
24 6 -1
24 7 -1
24 15 1
24 17 -1
24 19 -1
24 21 -1
24 22 -1
24 25 1
24 26 1
24 27 1
24 28 -1
24 29 -1
24 31 1
24 32 1
24 49 1
25 18 -1
25 19 -1
25 20 1
25 22 1
25 23 -1
25 24 1
25 26 1
25 27 -1
25 28 1
25 29 1
25 30 -1
25 33 1
25 41 1
25 48 1
25 60 1
26 18 -1
26 19 1
26 20 1
26 21 1
26 22 1
26 23 -1
26 24 1
26 25 1
26 29 -1
26 31 -1
26 32 -1
26 34 1
26 42 1
26 54 -1
26 62 -1
27 3 1
27 17 -1
27 18 1
27 19 -1
27 22 1
27 24 1
27 25 -1
27 28 -1
27 29 1
27 30 1
27 31 1
27 32 -1
27 38 -1
27 56 -1
28 17 1
28 18 -1
28 19 -1
28 21 1
28 24 -1
28 25 1
28 27 -1
28 29 -1
28 30 -1
28 31 1
28 32 -1
28 34 1
28 42 1
28 63 -1
29 14 -1
29 17 1
29 19 -1
29 20 -1
29 21 -1
29 23 -1
29 24 -1
29 25 1
29 26 -1
29 27 1
29 28 -1
29 32 -1
29 51 -1
29 58 -1
29 64 1
30 12 1
30 14 -1
30 17 1
30 19 1
30 20 -1
30 21 1
30 22 1
30 23 -1
30 25 -1
30 27 1
30 28 -1
30 31 -1
30 32 -1
30 38 -1
30 51 -1
30 53 1
31 5 -1
31 11 -1
31 18 -1
31 19 1
31 20 -1
31 22 -1
31 23 -1
31 24 1
31 26 -1
31 27 1
31 28 1
31 30 -1
31 32 1
31 52 -1
31 53 1
31 54 1
32 2 -1
32 8 -1
32 9 1
32 13 1
32 17 1
32 18 1
32 21 1
32 23 1
32 24 1
32 26 -1
32 27 -1
32 28 -1
32 29 -1
32 30 -1
32 31 1
32 37 -1
33 11 1
33 25 1
33 36 1
33 37 1
33 38 -1
33 39 -1
33 40 1
33 42 1
33 44 -1
33 45 -1
33 46 -1
33 47 -1
33 48 -1
33 52 1
33 63 -1
34 7 1
34 15 -1
34 18 -1
34 26 1
34 28 1
34 35 1
34 36 -1
34 38 -1
34 39 -1
34 40 1
34 41 -1
34 42 1
34 43 -1
34 44 -1
34 45 -1
34 46 -1
35 3 -1
35 9 -1
35 16 1
35 19 1
35 34 1
35 38 -1
35 39 1
35 40 -1
35 41 -1
35 42 1
35 43 1
35 44 -1
35 45 -1
35 46 -1
35 48 1
35 56 -1
36 4 -1
36 12 1
36 13 -1
36 17 -1
36 33 1
36 34 -1
36 37 -1
36 38 -1
36 40 -1
36 41 1
36 42 -1
36 45 -1
36 46 -1
36 47 -1
36 48 -1
36 55 1
37 10 -1
37 32 -1
37 33 1
37 36 -1
37 39 1
37 40 1
37 42 -1
37 43 1
37 44 1
37 45 -1
37 46 -1
37 47 -1
37 48 -1
37 52 1
37 54 1
37 64 1
38 8 -1
38 23 1
38 27 -1
38 30 -1
38 33 -1
38 34 -1
38 35 -1
38 36 -1
38 39 1
38 40 1
38 41 1
38 42 -1
38 43 1
38 45 -1
38 46 -1
39 13 1
39 15 -1
39 33 -1
39 34 -1
39 35 1
39 37 1
39 38 1
39 41 -1
39 43 -1
39 44 -1
39 45 1
39 46 1
39 47 1
39 53 -1
39 57 -1
39 63 -1
40 4 -1
40 10 -1
40 17 -1
40 22 -1
40 23 -1
40 33 1
40 34 1
40 35 -1
40 36 -1
40 37 1
40 38 1
40 42 -1
40 43 -1
40 44 -1
40 47 -1
40 48 -1
41 2 -1
41 10 -1
41 23 1
41 25 1
41 34 -1
41 35 -1
41 36 1
41 38 1
41 39 -1
41 42 1
41 43 1
41 44 -1
41 45 1
41 46 1
41 48 1
41 56 -1
42 15 -1
42 26 1
42 28 1
42 33 1
42 34 1
42 35 1
42 36 -1
42 37 -1
42 38 -1
42 40 -1
42 41 1
42 45 1
42 47 1
42 48 -1
43 16 -1
43 21 1
43 34 -1
43 35 1
43 37 1
43 38 1
43 39 -1
43 40 -1
43 41 1
43 44 -1
43 46 1
43 47 -1
43 48 -1
43 49 -1
43 50 -1
43 53 1
44 6 -1
44 11 -1
44 17 -1
44 18 -1
44 33 -1
44 34 -1
44 35 -1
44 37 1
44 39 -1
44 40 -1
44 41 -1
44 43 -1
44 45 -1
44 47 -1
44 48 -1
44 59 -1
45 9 -1
45 33 -1
45 34 -1
45 35 -1
45 36 -1
45 37 -1
45 38 -1
45 39 1
45 41 1
45 42 1
45 44 -1
45 47 1
45 57 -1
45 59 1
45 61 1
46 3 -1
46 5 -1
46 8 -1
46 16 1
46 33 -1
46 34 -1
46 35 -1
46 36 -1
46 37 -1
46 38 -1
46 39 1
46 41 1
46 43 1
46 47 1
46 48 1
47 2 -1
47 9 -1
47 13 -1
47 18 -1
47 33 -1
47 36 -1
47 37 -1
47 39 1
47 40 -1
47 42 1
47 43 -1
47 44 -1
47 45 1
47 46 1
47 48 -1
47 56 -1
48 25 1
48 33 -1
48 35 1
48 36 -1
48 37 -1
48 40 -1
48 41 1
48 42 -1
48 43 -1
48 44 -1
48 46 1
48 47 -1
48 51 -1
48 55 1
49 15 -1
49 20 1
49 24 1
49 43 -1
49 50 -1
49 51 -1
49 52 1
49 53 -1
49 54 -1
49 55 -1
49 56 -1
49 59 -1
49 61 1
49 62 -1
49 64 -1
50 5 1
50 14 -1
50 18 1
50 21 -1
50 43 -1
50 49 -1
50 51 1
50 52 1
50 55 -1
50 57 -1
50 58 1
50 59 1
50 60 1
50 61 1
50 62 1
50 63 1
51 8 1
51 13 1
51 29 -1
51 30 -1
51 48 -1
51 49 -1
51 50 1
51 52 -1
51 54 1
51 55 1
51 57 -1
51 58 -1
51 59 -1
51 60 1
51 61 -1
51 63 1
52 1 -1
52 31 -1
52 33 1
52 37 1
52 49 1
52 50 1
52 51 -1
52 53 -1
52 54 -1
52 56 -1
52 57 -1
52 58 1
52 61 -1
52 63 -1
52 64 -1
53 11 -1
53 30 1
53 31 1
53 39 -1
53 43 1
53 49 -1
53 52 -1
53 54 -1
53 55 1
53 56 -1
53 57 1
53 59 -1
53 60 -1
53 61 -1
53 62 -1
53 63 1
54 14 -1
54 17 -1
54 26 -1
54 31 1
54 37 1
54 49 -1
54 51 1
54 52 -1
54 53 -1
54 55 -1
54 56 1
54 57 1
54 58 -1
54 62 -1
54 63 -1
54 64 -1
55 3 -1
55 16 1
55 36 1
55 48 1
55 49 -1
55 50 -1
55 51 1
55 53 1
55 54 -1
55 56 1
55 57 -1
55 58 -1
55 59 1
55 60 -1
55 62 1
56 27 -1
56 35 -1
56 41 -1
56 47 -1
56 49 -1
56 52 -1
56 53 -1
56 54 1
56 55 1
56 57 -1
56 58 -1
56 59 -1
56 61 1
56 62 1
56 64 -1
57 12 -1
57 19 1
57 39 -1
57 45 -1
57 50 -1
57 51 -1
57 52 -1
57 53 1
57 54 1
57 55 -1
57 56 -1
57 60 1
57 62 1
57 63 -1
57 64 -1
58 2 -1
58 7 -1
58 10 1
58 21 -1
58 29 -1
58 50 1
58 51 -1
58 52 1
58 54 -1
58 55 -1
58 56 -1
58 59 1
58 60 -1
58 61 -1
58 63 1
58 64 1
59 4 1
59 19 -1
59 22 -1
59 44 -1
59 45 1
59 49 -1
59 50 1
59 51 -1
59 53 -1
59 55 1
59 56 -1
59 58 1
59 60 -1
59 61 1
59 63 -1
59 64 -1
60 1 -1
60 4 1
60 6 -1
60 8 1
60 25 1
60 50 1
60 51 1
60 53 -1
60 55 -1
60 57 1
60 58 -1
60 59 -1
60 61 -1
60 62 -1
60 63 1
60 64 -1
61 9 1
61 20 -1
61 22 1
61 45 1
61 49 1
61 50 1
61 51 -1
61 52 -1
61 53 -1
61 56 1
61 58 -1
61 59 1
61 60 -1
61 62 -1
61 64 -1
62 6 -1
62 12 -1
62 14 -1
62 26 -1
62 49 -1
62 50 1
62 53 -1
62 54 -1
62 55 1
62 56 1
62 57 1
62 60 -1
62 61 -1
62 63 -1
62 64 -1
63 7 1
63 28 -1
63 33 -1
63 39 -1
63 50 1
63 51 1
63 52 -1
63 53 1
63 54 -1
63 57 -1
63 58 1
63 59 -1
63 60 1
63 62 -1
63 64 -1
64 21 1
64 23 -1
64 29 1
64 37 1
64 49 -1
64 52 -1
64 54 -1
64 56 -1
64 57 -1
64 58 1
64 59 -1
64 60 -1
64 61 -1
64 62 -1
64 63 -1
