1 3 1
1 4 1
1 6 1
1 7 1
1 8 1
1 9 1
1 11 1
1 12 1
1 14 -1
1 15 1
1 16 1
1 18 -1
1 40 1
1 45 1
1 62 1
1 64 1
2 3 1
2 6 1
2 7 -1
2 8 1
2 9 1
2 10 1
2 11 -1
2 12 1
2 13 -1
2 14 1
2 15 1
2 21 1
2 28 1
2 37 1
2 41 1
2 49 1
3 1 1
3 2 1
3 5 1
3 6 1
3 7 -1
3 8 1
3 10 1
3 12 1
3 13 1
3 14 1
3 15 1
3 24 -1
3 27 -1
3 43 -1
3 57 1
3 62 -1
4 1 1
4 5 -1
4 6 -1
4 7 1
4 8 1
4 9 1
4 10 1
4 12 1
4 14 1
4 15 1
4 16 -1
4 18 1
4 24 1
4 33 1
4 42 1
4 46 -1
5 3 1
5 4 -1
5 6 1
5 7 1
5 8 1
5 10 1
5 11 1
5 12 1
5 13 1
5 15 1
5 16 1
5 20 1
5 35 -1
5 38 1
5 44 1
5 59 -1
6 1 1
6 2 1
6 3 1
6 4 -1
6 5 1
6 7 1
6 8 1
6 9 1
6 11 1
6 12 1
6 16 1
6 20 1
6 42 1
6 56 1
6 62 1
7 1 1
7 2 -1
7 3 -1
7 4 1
7 5 1
7 6 1
7 8 -1
7 9 1
7 12 1
7 14 1
7 16 1
7 29 1
7 31 1
7 37 1
7 41 -1
7 42 1
8 1 1
8 2 1
8 3 1
8 4 1
8 5 1
8 6 1
8 7 -1
8 9 1
8 11 1
8 13 1
8 14 1
8 21 1
8 22 1
8 36 1
8 58 1
8 59 1
9 1 1
9 2 1
9 4 1
9 6 1
9 7 1
9 8 1
9 10 1
9 11 1
9 13 1
9 15 1
9 16 1
9 28 1
9 32 -1
9 38 -1
9 43 -1
9 48 1
10 2 1
10 3 1
10 4 1
10 5 1
10 9 1
10 11 1
10 12 -1
10 13 1
10 14 1
10 15 1
10 16 -1
10 29 1
10 34 1
10 47 1
10 55 1
10 64 1
11 1 1
11 2 -1
11 5 1
11 6 1
11 8 1
11 9 1
11 10 1
11 12 1
11 13 1
11 14 -1
11 15 1
11 25 1
11 30 1
11 41 1
11 46 1
11 63 1
12 1 1
12 2 1
12 3 1
12 4 1
12 5 1
12 6 1
12 7 1
12 10 -1
12 11 1
12 13 1
12 16 1
12 50 1
12 51 -1
12 62 -1
12 63 -1
13 2 -1
13 3 1
13 5 1
13 8 1
13 9 1
13 10 1
13 11 1
13 12 1
13 14 1
13 15 1
13 16 -1
13 22 -1
13 32 1
13 46 1
13 53 1
13 54 1
14 1 -1
14 2 1
14 3 1
14 4 1
14 7 1
14 8 1
14 10 1
14 11 -1
14 13 1
14 15 1
14 16 -1
14 33 -1
14 34 1
14 44 -1
14 58 1
15 1 1
15 2 1
15 3 1
15 4 1
15 5 1
15 9 1
15 10 1
15 11 1
15 13 1
15 14 1
15 16 -1
15 24 -1
15 28 1
15 38 1
15 51 1
15 56 -1
16 1 1
16 4 -1
16 5 1
16 6 1
16 7 1
16 9 1
16 10 -1
16 12 1
16 13 -1
16 14 -1
16 15 -1
16 18 1
16 27 1
16 39 1
16 54 -1
16 55 -1
17 21 -1
17 22 1
17 23 1
17 24 -1
17 26 1
17 27 1
17 28 1
17 29 1
17 30 -1
17 31 1
17 32 1
17 52 -1
17 54 1
17 58 1
17 60 1
17 61 1
18 1 -1
18 4 1
18 16 1
18 19 1
18 20 -1
18 23 1
18 24 -1
18 25 1
18 26 -1
18 28 1
18 29 1
18 30 1
18 31 1
18 32 1
18 44 -1
18 64 -1
19 18 1
19 21 1
19 22 -1
19 24 1
19 25 1
19 26 1
19 27 1
19 28 1
19 30 1
19 31 1
19 32 1
19 39 1
19 41 1
19 47 -1
19 55 1
19 64 -1
20 5 1
20 6 1
20 18 -1
20 22 1
20 23 1
20 24 -1
20 25 1
20 26 1
20 27 1
20 28 1
20 29 1
20 30 1
20 31 -1
20 36 1
20 50 1
20 60 -1
21 2 1
21 8 1
21 17 -1
21 19 1
21 22 1
21 23 1
21 24 1
21 25 -1
21 26 1
21 28 1
21 29 1
21 30 1
21 32 1
21 47 1
21 61 1
21 64 1
22 8 1
22 13 -1
22 17 1
22 19 -1
22 20 1
22 21 1
22 23 1
22 25 -1
22 26 1
22 27 1
22 29 1
22 31 1
22 32 1
22 46 1
22 52 1
22 60 1
23 17 1
23 18 1
23 20 1
23 21 1
23 22 1
23 25 -1
23 27 -1
23 29 1
23 30 1
23 31 1
23 32 1
23 38 -1
23 47 1
23 49 1
23 50 1
23 63 1
24 3 -1
24 4 1
24 15 -1
24 17 -1
24 18 -1
24 19 1
24 20 -1
24 21 1
24 26 1
24 27 1
24 28 -1
24 29 -1
24 30 1
24 32 1
24 39 1
24 56 1
25 11 1
25 18 1
25 19 1
25 20 1
25 21 -1
25 22 -1
25 23 -1
25 27 1
25 28 1
25 29 1
25 31 1
25 32 1
25 40 1
25 43 1
25 45 1
25 62 -1
26 17 1
26 18 -1
26 19 1
26 20 1
26 21 1
26 22 1
26 24 1
26 27 1
26 29 1
26 31 1
26 32 1
26 35 -1
26 52 1
26 53 1
26 54 1
26 60 -1
27 3 -1
27 16 1
27 17 1
27 19 1
27 20 1
27 22 1
27 23 -1
27 24 1
27 25 1
27 26 1
27 28 1
27 29 -1
27 31 1
27 42 1
27 48 1
27 53 1
28 2 1
28 9 1
28 15 1
28 17 1
28 18 1
28 19 1
28 20 1
28 21 1
28 24 -1
28 25 1
28 27 1
28 30 1
28 31 -1
28 32 -1
28 50 1
28 58 1
29 7 1
29 10 1
29 17 1
29 18 1
29 20 1
29 21 1
29 22 1
29 23 1
29 24 -1
29 25 1
29 26 1
29 27 -1
29 30 1
29 43 1
29 49 1
29 50 1
30 11 1
30 17 -1
30 18 1
30 19 1
30 20 1
30 21 1
30 23 1
30 24 1
30 28 1
30 29 1
30 31 1
30 32 1
30 36 1
30 46 1
30 54 1
30 59 1
31 7 1
31 17 1
31 18 1
31 19 1
31 20 -1
31 22 1
31 23 1
31 25 1
31 26 1
31 27 1
31 28 -1
31 30 1
31 35 1
31 37 1
31 41 -1
31 42 1
32 9 -1
32 13 1
32 17 1
32 18 1
32 19 1
32 21 1
32 22 1
32 23 1
32 24 1
32 25 1
32 26 1
32 28 -1
32 30 1
32 33 1
32 39 -1
32 45 1
33 4 1
33 14 -1
33 32 1
33 34 1
33 35 -1
33 36 1
33 38 1
33 40 1
33 41 -1
33 42 -1
33 43 1
33 45 1
33 47 -1
33 48 1
33 49 1
33 58 1
34 10 1
34 14 1
34 33 1
34 35 1
34 37 1
34 38 1
34 39 1
34 42 1
34 44 1
34 45 1
34 46 -1
34 47 1
34 48 1
34 56 1
34 60 -1
35 5 -1
35 26 -1
35 31 1
35 33 -1
35 34 1
35 37 -1
35 38 1
35 39 1
35 40 1
35 41 1
35 44 1
35 45 1
35 46 1
35 47 1
35 57 1
35 61 1
36 8 1
36 20 1
36 30 1
36 33 1
36 37 1
36 39 -1
36 40 1
36 41 1
36 42 1
36 44 1
36 45 1
36 46 1
36 47 1
36 48 1
36 52 1
37 2 1
37 7 1
37 31 1
37 34 1
37 35 -1
37 36 1
37 39 -1
37 40 -1
37 41 1
37 42 1
37 44 1
37 46 -1
37 47 1
37 48 -1
37 57 1
37 59 1
38 5 1
38 9 -1
38 15 1
38 23 -1
38 33 1
38 34 1
38 35 1
38 39 1
38 40 1
38 41 1
38 43 1
38 45 1
38 46 1
38 47 1
38 48 1
38 63 -1
39 16 1
39 19 1
39 24 1
39 32 -1
39 34 1
39 35 1
39 36 -1
39 37 -1
39 38 1
39 40 1
39 41 1
39 42 1
39 43 1
39 44 1
39 47 1
39 51 1
40 1 1
40 25 1
40 33 1
40 35 1
40 36 1
40 37 -1
40 38 1
40 39 1
40 43 1
40 44 1
40 45 -1
40 46 -1
40 47 1
40 57 1
40 59 1
40 61 1
41 2 1
41 7 -1
41 11 1
41 19 1
41 31 -1
41 33 -1
41 35 1
41 36 1
41 37 1
41 38 1
41 39 1
41 42 1
41 43 1
41 45 1
41 46 1
41 48 1
42 4 1
42 6 1
42 7 1
42 27 1
42 31 1
42 33 -1
42 34 1
42 36 1
42 37 1
42 39 1
42 41 1
42 43 -1
42 44 1
42 45 1
42 46 1
42 48 1
43 3 -1
43 9 -1
43 25 1
43 29 1
43 33 1
43 38 1
43 39 1
43 40 1
43 41 1
43 42 -1
43 44 1
43 45 1
43 46 1
43 47 1
43 48 1
43 53 -1
44 5 1
44 14 -1
44 18 -1
44 34 1
44 35 1
44 36 1
44 37 1
44 39 1
44 40 1
44 42 1
44 43 1
44 45 -1
44 46 1
44 48 -1
44 51 -1
44 55 1
45 1 1
45 25 1
45 32 1
45 33 1
45 34 1
45 35 1
45 36 1
45 38 1
45 40 -1
45 41 1
45 42 1
45 43 1
45 44 -1
45 48 1
45 53 1
45 63 1
46 4 -1
46 11 1
46 13 1
46 22 1
46 30 1
46 34 -1
46 35 1
46 36 1
46 37 -1
46 38 1
46 40 -1
46 41 1
46 42 1
46 43 1
46 44 1
46 47 1
47 10 1
47 19 -1
47 21 1
47 23 1
47 33 -1
47 34 1
47 35 1
47 36 1
47 37 1
47 38 1
47 39 1
47 40 1
47 43 1
47 46 1
47 48 1
47 49 1
48 9 1
48 27 1
48 33 1
48 34 1
48 36 1
48 37 -1
48 38 1
48 41 1
48 42 1
48 43 1
48 44 -1
48 45 1
48 47 1
48 55 -1
48 57 -1
48 61 1
49 2 1
49 23 1
49 29 1
49 33 1
49 47 1
49 52 1
49 53 1
49 55 -1
49 56 1
49 57 -1
49 58 1
49 59 1
49 60 1
49 61 1
49 63 -1
49 64 1
50 12 1
50 20 1
50 23 1
50 28 1
50 29 1
50 52 1
50 53 1
50 54 1
50 55 1
50 56 1
50 57 1
50 59 -1
50 60 1
50 62 1
50 63 1
50 64 1
51 12 -1
51 15 1
51 39 1
51 44 -1
51 53 -1
51 54 1
51 55 1
51 56 1
51 57 1
51 58 1
51 60 1
51 61 1
51 62 1
51 63 1
51 64 1
52 17 -1
52 22 1
52 26 1
52 36 1
52 49 1
52 50 1
52 53 1
52 54 1
52 55 1
52 56 1
52 58 1
52 59 1
52 61 1
52 62 1
52 63 1
53 13 1
53 26 1
53 27 1
53 43 -1
53 45 1
53 49 1
53 50 1
53 51 -1
53 52 1
53 54 1
53 56 1
53 59 1
53 60 -1
53 62 1
53 63 -1
53 64 1
54 13 1
54 16 -1
54 17 1
54 26 1
54 30 1
54 50 1
54 51 1
54 52 1
54 53 1
54 56 1
54 57 1
54 58 1
54 59 1
54 61 1
54 63 1
54 64 -1
55 10 1
55 16 -1
55 19 1
55 44 1
55 48 -1
55 49 -1
55 50 1
55 51 1
55 52 1
55 57 1
55 58 -1
55 59 -1
55 60 1
55 61 1
55 62 1
55 64 1
56 6 1
56 15 -1
56 24 1
56 34 1
56 49 1
56 50 1
56 51 1
56 52 1
56 53 1
56 54 1
56 57 1
56 58 1
56 60 1
56 62 1
56 63 1
57 3 1
57 35 1
57 37 1
57 40 1
57 48 -1
57 49 -1
57 50 1
57 51 1
57 54 1
57 55 1
57 56 1
57 58 1
57 59 1
57 61 1
57 63 1
57 64 1
58 8 1
58 14 1
58 17 1
58 28 1
58 33 1
58 49 1
58 51 1
58 52 1
58 54 1
58 55 -1
58 56 1
58 57 1
58 59 1
58 60 -1
58 61 1
58 64 1
59 5 -1
59 8 1
59 30 1
59 37 1
59 40 1
59 49 1
59 50 -1
59 52 1
59 53 1
59 54 1
59 55 -1
59 57 1
59 58 1
59 60 1
59 61 1
59 62 1
60 17 1
60 20 -1
60 22 1
60 26 -1
60 34 -1
60 49 1
60 50 1
60 51 1
60 53 -1
60 55 1
60 56 1
60 58 -1
60 59 1
60 61 1
60 62 -1
60 63 1
61 17 1
61 21 1
61 35 1
61 40 1
61 48 1
61 49 1
61 51 1
61 52 1
61 54 1
61 55 1
61 57 1
61 58 1
61 59 1
61 60 1
61 62 1
61 64 1
62 1 1
62 3 -1
62 6 1
62 12 -1
62 25 -1
62 50 1
62 51 1
62 52 1
62 53 1
62 55 1
62 56 1
62 59 1
62 60 -1
62 61 1
62 63 1
62 64 1
63 11 1
63 12 -1
63 23 1
63 38 -1
63 45 1
63 49 -1
63 50 1
63 51 1
63 52 1
63 53 -1
63 54 1
63 56 1
63 57 1
63 60 1
63 62 1
63 64 1
64 1 1
64 10 1
64 18 -1
64 19 -1
64 21 1
64 49 1
64 50 1
64 51 1
64 53 1
64 54 -1
64 55 1
64 57 1
64 58 1
64 61 1
64 62 1
64 63 1
