1 3 1
1 4 1
1 7 1
1 8 1
1 9 1
1 10 1
1 11 1
1 13 1
1 14 1
1 15 1
1 16 1
1 24 1
1 26 1
1 30 1
1 47 -1
1 59 -1
2 3 1
2 6 1
2 7 1
2 8 1
2 9 1
2 10 1
2 11 1
2 12 1
2 13 1
2 14 -1
2 15 1
2 20 1
2 35 1
2 42 1
2 47 1
2 55 1
3 1 1
3 2 1
3 4 1
3 5 1
3 6 1
3 7 1
3 8 1
3 9 1
3 10 -1
3 14 1
3 16 1
3 19 -1
3 37 1
3 49 1
3 51 1
3 63 1
4 1 1
4 3 1
4 6 1
4 7 1
4 8 1
4 10 1
4 11 1
4 12 1
4 13 1
4 14 1
4 15 1
4 43 -1
4 45 1
4 51 1
4 59 1
4 61 1
5 3 1
5 6 -1
5 7 -1
5 8 1
5 10 -1
5 11 1
5 12 1
5 13 1
5 14 1
5 15 1
5 16 1
5 18 1
5 20 1
5 35 1
5 56 1
5 64 1
6 2 1
6 3 1
6 4 1
6 5 -1
6 7 1
6 8 1
6 9 1
6 10 1
6 13 1
6 14 1
6 16 1
6 19 1
6 36 1
6 41 1
6 45 1
6 59 1
7 1 1
7 2 1
7 3 1
7 4 1
7 5 -1
7 6 1
7 8 1
7 12 1
7 13 1
7 14 1
7 15 -1
7 20 1
7 26 1
7 40 1
7 45 1
7 53 1
8 1 1
8 2 1
8 3 1
8 4 1
8 5 1
8 6 1
8 7 1
8 9 1
8 12 1
8 14 -1
8 16 1
8 20 1
8 22 1
8 39 1
8 40 -1
8 52 1
9 1 1
9 2 1
9 3 1
9 6 1
9 8 1
9 11 1
9 12 1
9 13 1
9 14 1
9 15 1
9 16 1
9 31 1
9 34 1
9 35 1
9 58 1
9 63 -1
10 1 1
10 2 1
10 3 -1
10 4 1
10 5 -1
10 6 1
10 11 1
10 12 1
10 14 1
10 15 1
10 16 1
10 23 1
10 27 1
10 47 1
10 56 1
10 59 1
11 1 1
11 2 1
11 4 1
11 5 1
11 9 1
11 10 1
11 12 -1
11 13 1
11 14 1
11 15 -1
11 16 1
11 29 1
11 38 1
11 57 1
11 63 1
11 64 1
12 2 1
12 4 1
12 5 1
12 7 1
12 8 1
12 9 1
12 10 1
12 11 -1
12 13 1
12 15 1
12 16 1
12 21 1
12 24 1
12 43 1
12 53 -1
13 1 1
13 2 1
13 4 1
13 5 1
13 6 1
13 7 1
13 9 1
13 11 1
13 12 1
13 15 1
13 16 1
13 17 1
13 31 1
13 36 1
13 37 1
13 64 1
14 1 1
14 2 -1
14 3 1
14 4 1
14 5 1
14 6 1
14 7 1
14 8 -1
14 9 1
14 10 1
14 11 1
14 21 1
14 29 1
14 31 1
14 35 1
14 55 1
15 1 1
15 2 1
15 4 1
15 5 1
15 7 -1
15 9 1
15 10 1
15 11 -1
15 12 1
15 13 1
15 16 1
15 50 -1
15 51 1
15 60 1
15 61 1
15 62 1
16 1 1
16 3 1
16 5 1
16 6 1
16 8 1
16 9 1
16 10 1
16 11 1
16 12 1
16 13 1
16 15 1
16 27 1
16 33 1
16 45 1
16 46 1
16 58 1
17 13 1
17 18 1
17 19 1
17 20 1
17 22 1
17 23 1
17 25 1
17 26 1
17 27 1
17 28 1
17 29 1
17 32 1
17 34 1
17 35 1
17 43 1
17 62 1
18 5 1
18 17 1
18 20 1
18 21 1
18 22 1
18 23 1
18 24 1
18 26 1
18 28 1
18 30 1
18 31 1
18 32 1
18 48 1
18 56 1
18 58 1
18 60 -1
19 3 -1
19 6 1
19 17 1
19 20 1
19 21 1
19 22 1
19 23 1
19 25 1
19 26 1
19 27 1
19 28 1
19 31 1
19 32 1
19 50 1
19 56 1
20 2 1
20 5 1
20 7 1
20 8 1
20 17 1
20 18 1
20 19 1
20 21 1
20 23 1
20 24 -1
20 25 1
20 26 1
20 29 1
20 30 1
20 31 1
20 63 1
21 12 1
21 14 1
21 18 1
21 19 1
21 20 1
21 22 1
21 23 1
21 25 1
21 27 1
21 28 -1
21 29 1
21 30 1
21 31 -1
21 42 1
21 50 1
21 60 1
22 8 1
22 17 1
22 18 1
22 19 1
22 21 1
22 24 1
22 25 1
22 26 1
22 27 1
22 28 1
22 29 1
22 30 1
22 40 1
22 48 -1
22 50 1
22 58 1
23 10 1
23 17 1
23 18 1
23 19 1
23 20 1
23 21 1
23 24 1
23 26 -1
23 27 1
23 28 1
23 29 1
23 32 -1
23 33 1
23 41 1
23 46 -1
24 1 1
24 12 1
24 18 1
24 20 -1
24 22 1
24 23 1
24 26 1
24 27 1
24 28 1
24 29 1
24 30 1
24 31 1
24 32 1
24 36 1
24 42 1
24 54 1
25 17 1
25 19 1
25 20 1
25 21 1
25 22 1
25 26 1
25 27 1
25 28 1
25 29 1
25 30 1
25 32 1
25 33 1
25 39 1
25 44 1
25 57 1
25 61 1
26 1 1
26 7 1
26 17 1
26 18 1
26 19 1
26 20 1
26 22 1
26 23 -1
26 24 1
26 25 1
26 27 1
26 30 1
26 31 1
26 49 1
26 61 1
26 62 1
27 10 1
27 16 1
27 17 1
27 19 1
27 21 1
27 22 1
27 23 1
27 24 1
27 25 1
27 26 1
27 30 -1
27 31 1
27 32 1
27 34 -1
27 44 1
27 51 1
28 17 1
28 18 1
28 19 1
28 21 -1
28 22 1
28 23 1
28 24 1
28 25 1
28 29 -1
28 31 1
28 32 1
28 48 1
28 52 1
28 55 1
28 57 -1
28 62 1
29 11 1
29 14 1
29 17 1
29 20 1
29 21 1
29 22 1
29 23 1
29 24 1
29 25 1
29 28 -1
29 30 1
29 31 1
29 32 1
29 38 1
29 48 1
29 50 1
30 1 1
30 18 1
30 20 1
30 21 1
30 22 1
30 24 1
30 25 1
30 26 1
30 27 -1
30 29 1
30 31 -1
30 32 1
30 39 1
30 41 1
30 47 1
30 54 1
31 9 1
31 13 1
31 14 1
31 18 1
31 19 1
31 20 1
31 21 -1
31 24 1
31 26 1
31 27 1
31 28 1
31 29 1
31 30 -1
31 32 1
31 38 1
31 45 1
32 17 1
32 18 1
32 19 1
32 23 -1
32 24 1
32 25 1
32 27 1
32 28 1
32 29 1
32 30 1
32 31 1
32 36 1
32 41 1
32 42 -1
32 46 1
32 57 1
33 16 1
33 23 1
33 25 1
33 34 1
33 36 1
33 37 -1
33 38 -1
33 39 1
33 41 1
33 43 1
33 44 1
33 46 1
33 47 1
33 48 1
33 62 1
34 9 1
34 17 1
34 27 -1
34 33 1
34 35 1
34 36 1
34 38 1
34 40 1
34 41 1
34 42 1
34 43 1
34 44 1
34 47 1
34 48 1
34 64 1
35 2 1
35 5 1
35 9 1
35 14 1
35 17 1
35 34 1
35 36 1
35 37 1
35 39 1
35 40 1
35 42 -1
35 43 1
35 45 1
35 46 1
35 47 1
35 48 1
36 6 1
36 13 1
36 24 1
36 32 1
36 33 1
36 34 1
36 35 1
36 37 1
36 38 1
36 40 1
36 41 1
36 42 1
36 45 1
36 46 1
36 47 1
36 54 1
37 3 1
37 13 1
37 33 -1
37 35 1
37 36 1
37 38 1
37 39 1
37 40 1
37 44 1
37 45 1
37 46 1
37 47 1
37 48 1
37 51 1
37 54 1
38 11 1
38 29 1
38 31 1
38 33 -1
38 34 1
38 36 1
38 37 1
38 39 1
38 42 1
38 44 1
38 45 1
38 46 1
38 47 1
38 48 1
38 59 1
38 61 -1
39 8 1
39 25 1
39 30 1
39 33 1
39 35 1
39 37 1
39 38 1
39 40 -1
39 41 1
39 43 1
39 44 1
39 46 1
39 47 1
39 48 1
39 60 1
40 7 1
40 8 -1
40 22 1
40 34 1
40 35 1
40 36 1
40 37 1
40 39 -1
40 41 1
40 42 1
40 43 1
40 44 1
40 45 1
40 46 1
40 49 1
40 53 1
41 6 1
41 23 1
41 30 1
41 32 1
41 33 1
41 34 1
41 36 1
41 39 1
41 40 1
41 42 1
41 43 1
41 45 1
41 46 -1
41 47 -1
41 48 1
41 53 1
42 2 1
42 21 1
42 24 1
42 32 -1
42 34 1
42 35 -1
42 36 1
42 38 1
42 40 1
42 41 1
42 43 1
42 44 1
42 45 1
42 46 1
42 48 1
42 49 1
43 4 -1
43 12 1
43 17 1
43 33 1
43 34 1
43 35 1
43 39 1
43 40 1
43 41 1
43 42 1
43 44 1
43 45 1
43 46 1
43 47 1
43 55 1
43 63 1
44 25 1
44 27 1
44 33 1
44 34 1
44 37 1
44 38 1
44 39 1
44 40 1
44 42 1
44 43 1
44 45 1
44 47 1
44 48 1
44 49 1
44 55 1
44 57 1
45 4 1
45 6 1
45 7 1
45 16 1
45 31 1
45 35 1
45 36 1
45 37 1
45 38 1
45 40 1
45 41 1
45 42 1
45 43 1
45 44 1
45 46 1
45 48 1
46 16 1
46 23 -1
46 32 1
46 33 1
46 35 1
46 36 1
46 37 1
46 38 1
46 39 1
46 40 1
46 41 -1
46 42 1
46 43 1
46 45 1
46 52 1
47 1 -1
47 2 1
47 10 1
47 30 1
47 33 1
47 34 1
47 35 1
47 36 1
47 37 1
47 38 1
47 39 1
47 41 -1
47 43 1
47 44 1
47 48 1
47 58 1
48 18 1
48 22 -1
48 28 1
48 29 1
48 33 1
48 34 1
48 35 1
48 37 1
48 38 1
48 39 1
48 41 1
48 42 1
48 44 1
48 45 1
48 47 1
48 52 1
49 3 1
49 26 1
49 40 1
49 42 1
49 44 1
49 50 1
49 52 1
49 54 -1
49 55 1
49 56 -1
49 57 -1
49 59 1
49 60 -1
49 61 1
49 63 -1
49 64 1
50 15 -1
50 19 1
50 21 1
50 22 1
50 29 1
50 49 1
50 52 1
50 53 1
50 54 1
50 56 1
50 57 1
50 60 1
50 61 1
50 62 1
50 63 1
50 64 1
51 3 1
51 4 1
51 15 1
51 27 1
51 37 1
51 52 1
51 54 1
51 55 1
51 56 1
51 58 1
51 59 1
51 60 1
51 61 1
51 62 -1
51 63 1
51 64 -1
52 8 1
52 28 1
52 46 1
52 48 1
52 49 1
52 50 1
52 51 1
52 53 1
52 54 1
52 55 1
52 57 1
52 58 1
52 62 1
52 63 -1
52 64 1
53 7 1
53 12 -1
53 40 1
53 41 1
53 50 1
53 52 1
53 54 1
53 55 1
53 56 1
53 57 1
53 58 -1
53 59 1
53 61 1
53 62 -1
53 63 1
54 24 1
54 30 1
54 36 1
54 37 1
54 49 -1
54 50 1
54 51 1
54 52 1
54 53 1
54 55 1
54 56 1
54 58 1
54 60 1
54 61 1
54 64 1
55 2 1
55 14 1
55 28 1
55 43 1
55 44 1
55 49 1
55 51 1
55 52 1
55 53 1
55 54 1
55 57 1
55 59 1
55 61 1
55 62 1
55 63 1
55 64 1
56 5 1
56 10 1
56 18 1
56 19 1
56 49 -1
56 50 1
56 51 1
56 53 1
56 54 1
56 58 1
56 59 1
56 60 1
56 61 1
56 62 1
56 63 1
57 11 1
57 25 1
57 28 -1
57 32 1
57 44 1
57 49 -1
57 50 1
57 52 1
57 53 1
57 55 1
57 58 1
57 59 1
57 60 1
57 61 1
57 63 -1
57 64 1
58 9 1
58 16 1
58 18 1
58 22 1
58 47 1
58 51 1
58 52 1
58 53 -1
58 54 1
58 56 1
58 57 1
58 59 1
58 60 1
58 62 1
58 63 1
58 64 1
59 1 -1
59 4 1
59 6 1
59 10 1
59 38 1
59 49 1
59 51 1
59 53 1
59 55 1
59 56 1
59 57 1
59 58 1
59 60 1
59 61 1
59 62 1
59 64 1
60 15 1
60 18 -1
60 21 1
60 39 1
60 49 -1
60 50 1
60 51 1
60 54 1
60 56 1
60 57 1
60 58 1
60 59 1
60 62 1
60 63 1
60 64 1
61 4 1
61 15 1
61 25 1
61 26 1
61 38 -1
61 49 1
61 50 1
61 51 1
61 53 1
61 54 1
61 55 1
61 56 1
61 57 1
61 59 1
61 62 1
61 63 -1
62 15 1
62 17 1
62 26 1
62 28 1
62 33 1
62 50 1
62 51 -1
62 52 1
62 53 -1
62 55 1
62 56 1
62 58 1
62 59 1
62 60 1
62 61 1
62 64 1
63 3 1
63 9 -1
63 11 1
63 20 1
63 43 1
63 49 -1
63 50 1
63 51 1
63 52 -1
63 53 1
63 55 1
63 56 1
63 57 -1
63 58 1
63 60 1
63 61 -1
64 5 1
64 11 1
64 13 1
64 34 1
64 49 1
64 50 1
64 51 -1
64 52 1
64 54 1
64 55 1
64 57 1
64 58 1
64 59 1
64 60 1
64 62 1
