1 2 1
1 3 -1
1 4 -1
1 5 -1
1 7 -1
1 8 1
1 9 -1
1 10 -1
1 13 -1
1 14 -1
1 16 -1
1 25 -1
1 35 -1
1 39 -1
1 45 -1
1 53 -1
2 1 1
2 3 1
2 4 -1
2 5 -1
2 6 1
2 8 -1
2 9 1
2 11 1
2 14 -1
2 15 -1
2 16 -1
2 19 -1
2 48 -1
2 54 -1
2 64 -1
3 1 -1
3 2 1
3 4 -1
3 6 1
3 7 -1
3 9 1
3 10 -1
3 11 -1
3 12 1
3 15 1
3 16 1
3 26 -1
3 31 -1
3 48 1
3 59 -1
3 64 1
4 1 -1
4 2 -1
4 3 -1
4 5 -1
4 6 -1
4 8 -1
4 9 1
4 10 -1
4 11 -1
4 12 1
4 13 -1
4 36 -1
4 47 1
4 49 -1
4 55 1
4 59 1
5 1 -1
5 2 -1
5 4 -1
5 6 -1
5 7 -1
5 8 -1
5 10 1
5 13 -1
5 14 1
5 15 -1
5 16 -1
5 34 1
5 36 -1
5 51 1
5 61 -1
5 62 -1
6 2 1
6 3 1
6 4 -1
6 5 -1
6 8 -1
6 9 -1
6 11 1
6 12 -1
6 13 1
6 15 -1
6 16 -1
6 19 1
6 30 -1
6 37 -1
6 38 -1
6 39 1
7 1 -1
7 3 -1
7 5 -1
7 8 1
7 9 1
7 10 -1
7 12 -1
7 13 -1
7 14 -1
7 15 -1
7 16 -1
7 17 -1
7 21 1
7 31 -1
7 49 -1
7 63 1
8 1 1
8 2 -1
8 4 -1
8 5 -1
8 6 -1
8 7 1
8 9 -1
8 11 -1
8 12 -1
8 13 1
8 15 -1
8 18 1
8 23 1
8 28 -1
8 58 -1
8 62 -1
9 1 -1
9 2 1
9 3 1
9 4 1
9 6 -1
9 7 1
9 8 -1
9 11 1
9 12 -1
9 13 1
9 14 1
9 23 -1
9 45 1
9 57 1
9 58 1
9 61 -1
10 1 -1
10 3 -1
10 4 -1
10 5 1
10 7 -1
10 11 -1
10 12 -1
10 13 -1
10 14 -1
10 15 -1
10 16 -1
10 32 -1
10 44 -1
10 45 1
10 60 -1
10 64 1
11 2 1
11 3 -1
11 4 -1
11 6 1
11 8 -1
11 9 1
11 10 -1
11 12 1
11 14 -1
11 15 -1
11 16 -1
11 19 -1
11 24 -1
11 30 -1
11 33 -1
11 46 -1
12 3 1
12 4 1
12 6 -1
12 7 -1
12 8 -1
12 9 -1
12 10 -1
12 11 1
12 13 -1
12 14 1
12 16 -1
12 21 1
12 43 1
12 53 -1
12 57 -1
12 58 -1
13 1 -1
13 4 -1
13 5 -1
13 6 1
13 7 -1
13 8 1
13 9 1
13 10 -1
13 12 -1
13 14 -1
13 15 -1
13 22 -1
13 27 -1
13 36 -1
13 64 -1
14 1 -1
14 2 -1
14 5 1
14 7 -1
14 9 1
14 10 -1
14 11 -1
14 12 1
14 13 -1
14 15 -1
14 16 -1
14 40 -1
14 47 1
14 52 -1
14 56 1
14 58 1
15 2 -1
15 3 1
15 5 -1
15 6 -1
15 7 -1
15 8 -1
15 10 -1
15 11 -1
15 13 -1
15 14 -1
15 16 -1
15 25 1
15 28 1
15 33 -1
15 36 -1
15 52 1
16 1 -1
16 2 -1
16 3 1
16 5 -1
16 6 -1
16 7 -1
16 10 -1
16 11 -1
16 12 -1
16 14 -1
16 15 -1
16 23 -1
16 29 1
16 37 -1
16 42 -1
16 50 1
17 7 -1
17 18 -1
17 19 -1
17 20 -1
17 22 1
17 23 1
17 24 -1
17 25 -1
17 26 -1
17 28 -1
17 30 -1
17 32 1
17 46 -1
17 48 -1
17 60 -1
17 62 1
18 8 1
18 17 -1
18 19 -1
18 20 -1
18 21 -1
18 22 -1
18 23 1
18 26 -1
18 28 -1
18 29 1
18 31 -1
18 32 -1
18 37 -1
18 39 1
18 52 1
18 53 -1
19 2 -1
19 6 1
19 11 -1
19 17 -1
19 18 -1
19 21 -1
19 22 1
19 24 1
19 25 -1
19 26 -1
19 27 -1
19 29 1
19 31 1
19 32 -1
19 46 -1
19 57 -1
20 17 -1
20 18 -1
20 21 1
20 23 -1
20 25 1
20 26 1
20 27 1
20 29 -1
20 30 -1
20 31 -1
20 32 -1
20 44 -1
20 45 -1
20 54 -1
20 60 -1
20 61 -1
21 7 1
21 12 1
21 18 -1
21 19 -1
21 20 1
21 22 -1
21 23 -1
21 24 -1
21 25 1
21 26 -1
21 27 -1
21 28 -1
21 30 -1
21 41 -1
21 44 1
21 64 -1
22 13 -1
22 17 1
22 18 -1
22 19 1
22 21 -1
22 23 -1
22 24 -1
22 25 -1
22 26 -1
22 27 -1
22 30 -1
22 31 -1
22 34 -1
22 40 1
22 56 -1
23 8 1
23 9 -1
23 16 -1
23 17 1
23 18 1
23 20 -1
23 21 -1
23 22 -1
23 24 -1
23 26 -1
23 27 -1
23 28 -1
23 30 1
23 32 -1
23 53 -1
23 62 -1
24 11 -1
24 17 -1
24 19 1
24 21 -1
24 22 -1
24 23 -1
24 25 -1
24 27 -1
24 28 1
24 29 -1
24 30 1
24 31 -1
24 33 1
24 41 -1
24 43 -1
24 54 1
25 1 -1
25 15 1
25 17 -1
25 19 -1
25 20 1
25 21 1
25 22 -1
25 24 -1
25 27 -1
25 28 -1
25 29 -1
25 31 -1
25 32 1
25 42 -1
25 55 -1
25 63 -1
26 3 -1
26 17 -1
26 18 -1
26 19 -1
26 20 1
26 21 -1
26 22 -1
26 23 -1
26 28 1
26 29 1
26 31 1
26 32 1
26 34 -1
26 38 1
26 44 -1
26 56 1
27 13 -1
27 19 -1
27 20 1
27 21 -1
27 22 -1
27 23 -1
27 24 -1
27 25 -1
27 29 -1
27 30 -1
27 31 1
27 32 -1
27 46 1
27 60 -1
27 63 -1
28 8 -1
28 15 1
28 17 -1
28 18 -1
28 21 -1
28 23 -1
28 24 1
28 25 -1
28 26 1
28 29 -1
28 30 -1
28 31 -1
28 32 -1
28 40 -1
28 47 -1
28 55 1
29 16 1
29 18 1
29 19 1
29 20 -1
29 24 -1
29 25 -1
29 26 1
29 27 -1
29 28 -1
29 30 -1
29 31 1
29 32 -1
29 35 -1
29 51 -1
29 55 -1
30 6 -1
30 11 -1
30 17 -1
30 20 -1
30 21 -1
30 22 -1
30 23 1
30 24 1
30 27 -1
30 28 -1
30 29 -1
30 31 -1
30 32 -1
30 45 1
30 50 1
30 52 1
31 3 -1
31 7 -1
31 18 -1
31 19 1
31 20 -1
31 22 -1
31 24 -1
31 25 -1
31 26 1
31 27 1
31 28 -1
31 29 1
31 30 -1
31 40 1
31 41 -1
31 61 1
32 10 -1
32 17 1
32 18 -1
32 19 -1
32 20 -1
32 23 -1
32 25 1
32 26 1
32 27 -1
32 28 -1
32 29 -1
32 30 -1
32 33 1
32 43 -1
32 54 -1
32 59 1
33 11 -1
33 15 -1
33 24 1
33 32 1
33 35 -1
33 36 -1
33 37 1
33 38 -1
33 39 1
33 40 -1
33 41 -1
33 43 -1
33 44 -1
33 45 -1
33 47 -1
33 50 -1
34 5 1
34 22 -1
34 26 -1
34 35 1
34 36 -1
34 37 -1
34 38 -1
34 39 -1
34 42 -1
34 43 -1
34 44 1
34 45 -1
34 47 -1
34 48 -1
34 50 1
35 1 -1
35 29 -1
35 33 -1
35 34 1
35 38 1
35 40 1
35 42 -1
35 43 -1
35 44 -1
35 45 1
35 46 -1
35 47 1
35 48 -1
35 54 1
35 63 -1
36 4 -1
36 5 -1
36 13 -1
36 15 -1
36 33 -1
36 34 -1
36 37 1
36 38 1
36 39 -1
36 40 1
36 41 -1
36 42 1
36 45 -1
36 46 -1
36 48 -1
36 53 -1
37 6 -1
37 16 -1
37 18 -1
37 33 1
37 34 -1
37 36 1
37 38 -1
37 39 -1
37 40 -1
37 41 -1
37 44 -1
37 45 -1
37 47 -1
37 48 -1
37 58 -1
37 59 -1
38 6 -1
38 26 1
38 33 -1
38 34 -1
38 35 1
38 36 1
38 37 -1
38 40 -1
38 41 1
38 42 -1
38 43 -1
38 44 -1
38 46 -1
38 49 -1
38 52 -1
38 56 -1
39 1 -1
39 6 1
39 18 1
39 33 1
39 34 -1
39 36 -1
39 37 -1
39 41 1
39 42 1
39 43 -1
39 44 1
39 45 -1
39 46 -1
39 47 1
39 60 1
39 62 -1
40 14 -1
40 22 1
40 28 -1
40 31 1
40 33 -1
40 35 1
40 36 1
40 37 -1
40 38 -1
40 42 -1
40 43 -1
40 44 1
40 46 1
40 47 -1
40 48 -1
40 56 -1
41 21 -1
41 24 -1
41 31 -1
41 33 -1
41 36 -1
41 37 -1
41 38 1
41 39 1
41 42 -1
41 43 1
41 45 -1
41 46 1
41 47 -1
41 48 -1
41 50 -1
41 57 1
42 16 -1
42 25 -1
42 34 -1
42 35 -1
42 36 1
42 38 -1
42 39 1
42 40 -1
42 41 -1
42 43 1
42 45 -1
42 46 -1
42 48 -1
42 51 -1
42 55 -1
42 57 -1
43 12 1
43 24 -1
43 32 -1
43 33 -1
43 34 -1
43 35 -1
43 38 -1
43 39 -1
43 40 -1
43 41 1
43 42 1
43 44 1
43 45 -1
43 46 -1
43 51 -1
43 59 -1
44 10 -1
44 20 -1
44 21 1
44 26 -1
44 33 -1
44 34 1
44 35 -1
44 37 -1
44 38 -1
44 39 1
44 40 1
44 43 1
44 46 1
44 47 -1
44 48 -1
44 51 -1
45 1 -1
45 9 1
45 10 1
45 20 -1
45 30 1
45 33 -1
45 34 -1
45 35 1
45 36 -1
45 37 -1
45 39 -1
45 41 -1
45 42 -1
45 43 -1
45 47 -1
45 48 -1
46 11 -1
46 17 -1
46 19 -1
46 27 1
46 35 -1
46 36 -1
46 38 -1
46 39 -1
46 40 1
46 41 1
46 42 -1
46 43 -1
46 44 1
46 47 1
46 48 -1
46 49 -1
47 4 1
47 14 1
47 28 -1
47 33 -1
47 34 -1
47 35 1
47 37 -1
47 39 1
47 40 -1
47 41 -1
47 44 -1
47 45 -1
47 46 1
47 48 1
47 49 -1
47 61 -1
48 2 -1
48 3 1
48 17 -1
48 34 -1
48 35 -1
48 36 -1
48 37 -1
48 40 -1
48 41 -1
48 42 -1
48 44 -1
48 45 -1
48 46 -1
48 47 1
48 63 1
49 4 -1
49 7 -1
49 38 -1
49 46 -1
49 47 -1
49 50 -1
49 51 -1
49 52 -1
49 53 -1
49 56 -1
49 57 1
49 58 -1
49 60 -1
49 61 -1
49 62 -1
49 64 -1
50 16 1
50 30 1
50 33 -1
50 34 1
50 41 -1
50 49 -1
50 54 -1
50 55 -1
50 56 -1
50 57 -1
50 58 1
50 59 1
50 60 -1
50 61 -1
50 62 1
50 63 -1
51 5 1
51 29 -1
51 42 -1
51 43 -1
51 44 -1
51 49 -1
51 52 1
51 53 1
51 54 -1
51 55 -1
51 57 -1
51 58 1
51 59 -1
51 61 -1
51 63 -1
51 64 -1
52 14 -1
52 15 1
52 18 1
52 30 1
52 38 -1
52 49 -1
52 51 1
52 53 -1
52 54 1
52 55 -1
52 57 -1
52 58 1
52 60 -1
52 61 -1
52 63 -1
52 64 -1
53 1 -1
53 12 -1
53 18 -1
53 23 -1
53 36 -1
53 49 -1
53 51 1
53 52 -1
53 54 -1
53 55 -1
53 58 -1
53 59 1
53 60 -1
53 61 -1
53 62 1
53 64 1
54 2 -1
54 20 -1
54 24 1
54 32 -1
54 35 1
54 50 -1
54 51 -1
54 52 1
54 53 -1
54 56 1
54 58 -1
54 59 -1
54 60 -1
54 62 1
54 63 1
54 64 -1
55 4 1
55 25 -1
55 28 1
55 29 -1
55 42 -1
55 50 -1
55 51 -1
55 52 -1
55 53 -1
55 56 -1
55 57 1
55 59 -1
55 60 1
55 61 -1
55 62 -1
55 63 -1
56 14 1
56 22 -1
56 26 1
56 38 -1
56 40 -1
56 49 -1
56 50 -1
56 54 1
56 55 -1
56 57 1
56 58 -1
56 59 1
56 61 -1
56 62 1
56 63 -1
56 64 -1
57 9 1
57 12 -1
57 19 -1
57 41 1
57 42 -1
57 49 1
57 50 -1
57 51 -1
57 52 -1
57 55 1
57 56 1
57 58 -1
57 60 -1
57 61 1
57 62 1
57 64 -1
58 8 -1
58 9 1
58 12 -1
58 14 1
58 37 -1
58 49 -1
58 50 1
58 51 1
58 52 1
58 53 -1
58 54 -1
58 56 -1
58 57 -1
58 60 -1
58 62 1
58 63 -1
59 3 -1
59 4 1
59 32 1
59 37 -1
59 43 -1
59 50 1
59 51 -1
59 53 1
59 54 -1
59 55 -1
59 56 1
59 60 -1
59 61 -1
59 62 -1
59 63 -1
59 64 1
60 10 -1
60 17 -1
60 20 -1
60 27 -1
60 39 1
60 49 -1
60 50 -1
60 52 -1
60 53 -1
60 54 -1
60 55 1
60 57 -1
60 58 -1
60 59 -1
60 63 -1
60 64 1
61 5 -1
61 9 -1
61 20 -1
61 31 1
61 47 -1
61 49 -1
61 50 -1
61 51 -1
61 52 -1
61 53 -1
61 55 -1
61 56 -1
61 57 1
61 59 -1
61 62 1
61 63 -1
62 5 -1
62 8 -1
62 17 1
62 23 -1
62 39 -1
62 49 -1
62 50 1
62 53 1
62 54 1
62 55 -1
62 56 1
62 57 1
62 58 1
62 59 -1
62 61 1
62 64 1
63 7 1
63 25 -1
63 27 -1
63 35 -1
63 48 1
63 50 -1
63 51 -1
63 52 -1
63 54 1
63 55 -1
63 56 -1
63 58 -1
63 59 -1
63 60 -1
63 61 -1
63 64 -1
64 2 -1
64 3 1
64 10 1
64 13 -1
64 21 -1
64 49 -1
64 51 -1
64 52 -1
64 53 1
64 54 -1
64 56 -1
64 57 -1
64 59 1
64 60 1
64 62 1
64 63 -1
