1 2 1
1 3 1
1 4 -1
1 5 1
1 6 1
1 7 1
1 8 -1
1 10 1
1 11 1
1 14 -1
1 16 1
1 18 1
1 34 1
1 52 1
1 60 1
2 1 1
2 3 1
2 5 1
2 6 -1
2 7 -1
2 9 -1
2 11 -1
2 13 -1
2 14 1
2 15 -1
2 16 -1
2 30 1
2 32 -1
2 50 1
2 56 1
3 1 1
3 2 1
3 4 -1
3 6 1
3 7 -1
3 9 -1
3 12 -1
3 13 -1
3 14 1
3 15 1
3 16 1
3 28 1
3 30 1
3 42 -1
3 47 1
3 63 1
4 1 -1
4 3 -1
4 5 1
4 6 1
4 9 1
4 10 1
4 11 -1
4 12 1
4 14 -1
4 15 -1
4 16 1
4 26 1
4 38 -1
4 40 1
4 48 1
5 1 1
5 2 1
5 4 1
5 6 1
5 8 1
5 9 1
5 10 -1
5 12 -1
5 13 1
5 14 1
5 16 1
5 23 1
5 33 1
5 35 -1
5 43 1
5 53 1
6 1 1
6 2 -1
6 3 1
6 4 1
6 5 1
6 7 1
6 9 1
6 11 -1
6 13 1
6 15 -1
6 16 1
6 19 1
6 29 -1
6 45 1
6 49 -1
6 51 -1
7 1 1
7 2 -1
7 3 -1
7 6 1
7 8 -1
7 9 1
7 10 1
7 11 -1
7 12 1
7 13 1
7 15 1
7 20 1
7 25 1
7 44 -1
7 47 1
7 53 1
8 1 -1
8 5 1
8 7 -1
8 9 1
8 10 -1
8 11 1
8 12 1
8 13 -1
8 14 1
8 15 1
8 16 1
8 17 1
8 31 1
8 33 -1
8 45 -1
8 63 1
9 2 -1
9 3 -1
9 4 1
9 5 1
9 6 1
9 7 1
9 8 1
9 10 -1
9 13 1
9 15 -1
9 16 1
9 32 1
9 41 1
9 49 1
9 61 -1
9 62 1
10 1 1
10 4 1
10 5 -1
10 7 1
10 8 -1
10 9 -1
10 11 1
10 12 1
10 14 1
10 15 -1
10 16 -1
10 18 -1
10 27 1
10 35 1
10 36 1
10 48 -1
11 1 1
11 2 -1
11 4 -1
11 6 -1
11 7 -1
11 8 1
11 10 1
11 12 -1
11 13 1
11 14 1
11 16 1
11 19 -1
11 29 -1
11 36 -1
11 58 -1
11 64 1
12 3 -1
12 4 1
12 5 -1
12 7 1
12 8 1
12 10 1
12 11 -1
12 13 1
12 14 1
12 15 -1
12 16 1
12 17 1
12 28 1
12 35 1
12 46 1
12 64 1
13 2 -1
13 3 -1
13 5 1
13 6 1
13 7 1
13 8 -1
13 9 1
13 11 1
13 12 1
13 14 1
13 15 -1
13 32 1
13 43 1
13 44 -1
13 54 1
13 63 -1
14 1 -1
14 2 1
14 3 1
14 4 -1
14 5 1
14 8 1
14 10 1
14 11 1
14 12 1
14 13 1
14 15 1
14 39 1
14 40 -1
14 51 1
14 55 1
14 60 1
15 2 -1
15 3 1
15 4 -1
15 6 -1
15 7 1
15 8 1
15 9 -1
15 10 -1
15 12 -1
15 13 -1
15 14 1
15 18 1
15 19 -1
15 37 1
15 55 1
15 59 1
16 1 1
16 2 -1
16 3 1
16 4 1
16 5 1
16 6 1
16 8 1
16 9 1
16 10 -1
16 11 1
16 12 1
16 20 1
16 25 1
16 50 -1
16 59 1
17 8 1
17 12 1
17 18 -1
17 22 1
17 23 -1
17 25 1
17 26 1
17 27 -1
17 28 -1
17 29 1
17 30 1
17 31 -1
17 32 -1
17 37 1
17 49 -1
17 54 1
18 1 1
18 10 -1
18 15 1
18 17 -1
18 19 -1
18 20 1
18 21 1
18 22 1
18 23 1
18 28 -1
18 29 1
18 30 1
18 31 -1
18 32 1
18 55 -1
18 59 -1
19 6 1
19 11 -1
19 15 -1
19 18 -1
19 20 -1
19 21 -1
19 22 -1
19 24 1
19 25 1
19 27 -1
19 28 -1
19 29 1
19 30 1
19 31 -1
19 52 1
19 62 -1
20 7 1
20 16 1
20 18 1
20 19 -1
20 21 -1
20 22 1
20 23 1
20 24 -1
20 25 -1
20 26 1
20 28 -1
20 30 -1
20 31 1
20 42 1
20 43 -1
20 54 1
21 18 1
21 19 -1
21 20 -1
21 22 1
21 23 1
21 26 1
21 27 1
21 28 -1
21 29 -1
21 31 -1
21 32 1
21 38 1
21 39 -1
21 43 1
21 53 1
21 64 1
22 17 1
22 18 1
22 19 -1
22 20 1
22 21 1
22 23 -1
22 24 1
22 27 -1
22 28 1
22 29 1
22 32 1
22 38 1
22 46 1
22 52 -1
22 60 -1
22 64 1
23 5 1
23 17 -1
23 18 1
23 20 1
23 21 1
23 22 -1
23 26 1
23 27 -1
23 28 -1
23 30 1
23 31 1
23 32 -1
23 36 1
23 48 1
23 58 1
23 60 -1
24 19 1
24 20 -1
24 22 1
24 25 1
24 26 1
24 27 -1
24 28 -1
24 29 -1
24 30 -1
24 31 1
24 32 1
24 34 -1
24 36 1
24 42 1
24 56 1
24 60 1
25 7 1
25 16 1
25 17 1
25 19 1
25 20 -1
25 24 1
25 26 1
25 27 1
25 28 -1
25 29 1
25 30 -1
25 31 1
25 32 1
25 37 1
25 44 1
25 56 1
26 4 1
26 17 1
26 20 1
26 21 1
26 23 1
26 24 1
26 25 1
26 27 -1
26 28 -1
26 29 -1
26 30 -1
26 32 -1
26 42 1
26 53 -1
26 64 1
27 10 1
27 17 -1
27 19 -1
27 21 1
27 22 -1
27 23 -1
27 24 -1
27 25 1
27 26 -1
27 30 1
27 31 -1
27 32 -1
27 39 -1
27 42 1
27 48 1
27 51 -1
28 3 1
28 12 1
28 17 -1
28 18 -1
28 19 -1
28 20 -1
28 21 -1
28 22 1
28 23 -1
28 24 -1
28 25 -1
28 26 -1
28 30 -1
28 36 1
28 41 1
28 49 1
29 6 -1
29 11 -1
29 17 1
29 18 1
29 19 1
29 21 -1
29 22 1
29 24 -1
29 25 1
29 26 -1
29 30 1
29 31 -1
29 32 1
29 33 -1
29 37 -1
29 51 -1
30 2 1
30 3 1
30 17 1
30 18 1
30 19 1
30 20 -1
30 23 1
30 24 -1
30 25 -1
30 26 -1
30 27 1
30 28 -1
30 29 1
30 41 -1
30 46 1
30 56 1
31 8 1
31 17 -1
31 18 -1
31 19 -1
31 20 1
31 21 -1
31 23 1
31 24 1
31 25 1
31 27 -1
31 29 -1
31 32 -1
31 38 1
31 39 1
31 45 1
31 62 1
32 2 -1
32 9 1
32 13 1
32 17 -1
32 18 1
32 21 1
32 22 1
32 23 -1
32 24 1
32 25 1
32 26 -1
32 27 -1
32 29 1
32 31 -1
32 57 1
32 63 -1
33 5 1
33 8 -1
33 29 -1
33 34 1
33 35 -1
33 38 -1
33 39 -1
33 40 1
33 41 -1
33 42 1
33 43 1
33 44 1
33 45 -1
33 47 1
33 57 1
33 58 1
34 1 1
34 24 -1
34 33 1
34 35 1
34 36 -1
34 39 1
34 41 1
34 43 1
34 44 1
34 45 -1
34 46 1
34 47 1
34 48 1
34 54 1
34 59 1
34 63 -1
35 5 -1
35 10 1
35 12 1
35 33 -1
35 34 1
35 36 1
35 37 -1
35 38 -1
35 42 1
35 43 -1
35 44 1
35 45 1
35 46 1
35 47 1
35 49 1
35 62 -1
36 10 1
36 11 -1
36 23 1
36 24 1
36 28 1
36 34 -1
36 35 1
36 37 -1
36 40 -1
36 41 1
36 42 1
36 43 -1
36 44 1
36 46 -1
36 47 1
36 48 1
37 15 1
37 17 1
37 25 1
37 29 -1
37 35 -1
37 36 -1
37 39 1
37 40 -1
37 41 -1
37 42 -1
37 43 1
37 44 -1
37 45 -1
37 46 1
37 47 -1
37 59 1
38 4 -1
38 21 1
38 22 1
38 31 1
38 33 -1
38 35 -1
38 39 -1
38 40 1
38 41 1
38 42 1
38 43 1
38 44 -1
38 46 1
38 47 -1
38 48 1
38 57 -1
39 14 1
39 21 -1
39 27 -1
39 31 1
39 33 -1
39 34 1
39 37 1
39 38 -1
39 40 -1
39 42 1
39 44 1
39 45 -1
39 46 1
39 47 1
39 48 -1
39 61 1
40 4 1
40 14 -1
40 33 1
40 36 -1
40 37 -1
40 38 1
40 39 -1
40 41 -1
40 42 1
40 43 -1
40 45 -1
40 46 1
40 48 -1
40 57 1
40 61 -1
41 9 1
41 28 1
41 30 -1
41 33 -1
41 34 1
41 36 1
41 37 -1
41 38 1
41 40 -1
41 42 -1
41 43 1
41 45 1
41 46 1
41 48 -1
41 57 -1
41 58 1
42 3 -1
42 20 1
42 24 1
42 26 1
42 27 1
42 33 1
42 35 1
42 36 1
42 37 -1
42 38 1
42 39 1
42 40 1
42 41 -1
42 43 -1
42 44 1
42 48 1
43 5 1
43 13 1
43 20 -1
43 21 1
43 33 1
43 34 1
43 35 -1
43 36 -1
43 37 1
43 38 1
43 40 -1
43 41 1
43 42 -1
43 45 1
43 48 1
43 52 -1
44 7 -1
44 13 -1
44 25 1
44 33 1
44 34 1
44 35 1
44 36 1
44 37 -1
44 38 -1
44 39 1
44 42 1
44 45 -1
44 47 -1
44 48 -1
44 53 1
44 55 -1
45 6 1
45 8 -1
45 31 1
45 33 -1
45 34 -1
45 35 1
45 37 -1
45 39 -1
45 40 -1
45 41 1
45 43 1
45 44 -1
45 46 1
45 47 1
45 50 1
45 51 -1
46 12 1
46 22 1
46 30 1
46 34 1
46 35 1
46 36 -1
46 37 1
46 38 1
46 39 1
46 40 1
46 41 1
46 45 1
46 47 -1
46 48 -1
46 54 1
46 56 -1
47 3 1
47 7 1
47 33 1
47 34 1
47 35 1
47 36 1
47 37 -1
47 38 -1
47 39 1
47 44 -1
47 45 1
47 46 -1
47 48 1
47 58 1
47 61 -1
47 62 1
48 4 1
48 10 -1
48 23 1
48 27 1
48 34 1
48 36 1
48 38 1
48 39 -1
48 40 -1
48 41 -1
48 42 1
48 43 1
48 44 -1
48 46 -1
48 47 1
48 55 1
49 6 -1
49 9 1
49 17 -1
49 28 1
49 35 1
49 50 -1
49 51 1
49 52 1
49 53 1
49 55 -1
49 56 1
49 58 1
49 59 -1
49 61 -1
49 62 1
49 64 1
50 2 1
50 16 -1
50 45 1
50 49 -1
50 51 1
50 52 -1
50 53 -1
50 56 1
50 57 1
50 59 -1
50 60 -1
50 62 1
50 63 1
50 64 1
51 6 -1
51 14 1
51 27 -1
51 29 -1
51 45 -1
51 49 1
51 50 1
51 53 1
51 54 1
51 57 -1
51 59 -1
51 60 -1
51 61 -1
51 62 -1
51 63 1
51 64 -1
52 1 1
52 19 1
52 22 -1
52 43 -1
52 49 1
52 50 -1
52 53 1
52 54 1
52 55 1
52 56 1
52 58 -1
52 60 -1
52 61 1
52 63 1
52 64 -1
53 5 1
53 7 1
53 21 1
53 26 -1
53 44 1
53 49 1
53 50 -1
53 51 1
53 52 1
53 54 1
53 56 1
53 57 1
53 58 -1
53 59 1
53 61 -1
53 63 -1
54 13 1
54 17 1
54 20 1
54 34 1
54 46 1
54 51 1
54 52 1
54 53 1
54 55 1
54 56 1
54 57 1
54 58 -1
54 60 -1
54 61 1
54 62 1
54 63 -1
55 14 1
55 15 1
55 18 -1
55 44 -1
55 48 1
55 49 -1
55 52 1
55 54 1
55 56 -1
55 57 1
55 58 1
55 59 -1
55 60 1
55 62 1
55 63 1
55 64 -1
56 2 1
56 24 1
56 25 1
56 30 1
56 46 -1
56 49 1
56 50 1
56 52 1
56 53 1
56 54 1
56 55 -1
56 57 1
56 59 -1
56 62 1
56 63 1
56 64 1
57 32 1
57 33 1
57 38 -1
57 40 1
57 41 -1
57 50 1
57 51 -1
57 53 1
57 54 1
57 55 1
57 56 1
57 58 1
57 59 -1
57 60 1
57 61 -1
57 64 1
58 11 -1
58 23 1
58 33 1
58 41 1
58 47 1
58 49 1
58 52 -1
58 53 -1
58 54 -1
58 55 1
58 57 1
58 59 1
58 60 -1
58 61 -1
58 62 -1
58 64 1
59 15 1
59 16 1
59 18 -1
59 34 1
59 37 1
59 49 -1
59 50 -1
59 51 -1
59 53 1
59 55 -1
59 56 -1
59 57 -1
59 58 1
59 61 1
59 62 -1
59 63 -1
60 1 1
60 14 1
60 22 -1
60 23 -1
60 24 1
60 50 -1
60 51 -1
60 52 -1
60 54 -1
60 55 1
60 57 1
60 58 -1
60 61 -1
60 62 1
60 63 -1
60 64 1
61 9 -1
61 39 1
61 40 -1
61 47 -1
61 49 -1
61 51 -1
61 52 1
61 53 -1
61 54 1
61 57 -1
61 58 -1
61 59 1
61 60 -1
61 62 1
61 64 -1
62 9 1
62 19 -1
62 31 1
62 35 -1
62 47 1
62 49 1
62 50 1
62 51 -1
62 54 1
62 55 1
62 56 1
62 58 -1
62 59 -1
62 60 1
62 61 1
62 63 1
63 3 1
63 8 1
63 13 -1
63 32 -1
63 34 -1
63 50 1
63 51 1
63 52 1
63 53 -1
63 54 -1
63 55 1
63 56 1
63 59 -1
63 60 -1
63 62 1
63 64 1
64 11 1
64 12 1
64 21 1
64 22 1
64 26 1
64 49 1
64 50 1
64 51 -1
64 52 -1
64 55 -1
64 56 1
64 57 1
64 58 1
64 60 1
64 61 -1
64 63 1
