1 3 1
1 5 1
1 6 1
1 7 1
1 9 1
1 10 1
1 11 -1
1 13 -1
1 14 1
1 15 -1
1 16 1
1 20 1
1 27 1
1 30 1
1 41 1
1 59 1
2 3 1
2 4 1
2 5 1
2 6 1
2 7 -1
2 9 1
2 10 1
2 11 1
2 12 -1
2 13 -1
2 16 1
2 26 1
2 36 1
2 49 1
2 50 1
2 52 1
3 1 1
3 2 1
3 4 1
3 7 1
3 8 1
3 9 1
3 11 1
3 12 1
3 14 1
3 15 1
3 16 1
3 17 1
3 21 1
3 44 1
3 57 1
3 61 1
4 2 1
4 3 1
4 5 1
4 6 1
4 7 1
4 8 1
4 10 1
4 11 1
4 12 1
4 14 1
4 16 1
4 45 1
4 49 1
4 51 1
5 1 1
5 2 1
5 4 1
5 8 1
5 10 1
5 11 1
5 12 1
5 13 1
5 14 1
5 15 -1
5 16 1
5 25 1
5 32 1
5 35 1
5 45 1
5 48 1
6 1 1
6 2 1
6 4 1
6 7 1
6 8 1
6 9 1
6 10 1
6 12 1
6 13 1
6 15 1
6 16 1
6 26 1
6 40 1
6 53 1
6 57 1
6 62 1
7 1 1
7 2 -1
7 3 1
7 4 1
7 6 1
7 8 1
7 9 1
7 12 1
7 14 1
7 15 1
7 16 1
7 27 1
7 30 1
7 42 1
7 46 1
8 3 1
8 4 1
8 5 1
8 6 1
8 7 1
8 11 -1
8 12 1
8 13 1
8 14 1
8 15 1
8 16 1
8 28 -1
8 34 -1
8 42 1
8 61 1
9 1 1
9 2 1
9 3 1
9 6 1
9 7 1
9 11 1
9 12 1
9 13 1
9 14 1
9 15 -1
9 16 1
9 30 -1
9 42 1
9 50 1
9 55 1
9 62 1
10 1 1
10 2 1
10 4 1
10 5 1
10 6 1
10 11 -1
10 12 -1
10 13 1
10 14 1
10 15 1
10 16 1
10 20 1
10 22 1
10 54 1
10 63 1
10 64 1
11 1 -1
11 2 1
11 3 1
11 4 1
11 5 1
11 8 -1
11 9 1
11 10 -1
11 12 1
11 13 1
11 14 1
11 24 1
11 27 1
11 43 1
11 64 1
12 2 -1
12 3 1
12 4 1
12 5 1
12 6 1
12 7 1
12 8 1
12 9 1
12 10 -1
12 11 1
12 13 1
12 28 1
12 36 1
12 37 -1
12 44 1
12 54 1
13 1 -1
13 2 -1
13 5 1
13 6 1
13 8 1
13 9 1
13 10 1
13 11 1
13 12 1
13 14 1
13 15 1
13 17 1
13 18 1
13 31 1
13 38 1
13 39 1
14 1 1
14 3 1
14 4 1
14 5 1
14 7 1
14 8 1
14 9 1
14 10 1
14 11 1
14 13 1
14 15 1
14 39 1
14 41 1
14 52 1
14 57 1
14 58 1
15 1 -1
15 3 1
15 5 -1
15 6 1
15 7 1
15 8 1
15 9 -1
15 10 1
15 13 1
15 14 1
15 16 1
15 24 1
15 38 1
15 48 1
15 58 1
15 64 1
16 1 1
16 2 1
16 3 1
16 4 1
16 5 1
16 6 1
16 7 1
16 8 1
16 9 1
16 10 1
16 15 1
16 25 1
16 27 1
16 29 1
16 33 1
17 3 1
17 13 1
17 18 1
17 20 1
17 21 1
17 22 1
17 24 1
17 25 1
17 27 1
17 28 1
17 29 1
17 30 1
17 31 -1
17 43 1
17 44 1
18 13 1
18 17 1
18 19 1
18 20 -1
18 23 1
18 24 1
18 26 1
18 27 1
18 29 1
18 30 1
18 31 1
18 32 1
18 45 1
18 60 1
18 63 1
19 18 1
19 20 1
19 21 1
19 22 1
19 25 1
19 26 1
19 28 1
19 29 1
19 30 1
19 31 -1
19 32 1
19 40 1
19 43 1
19 48 1
19 55 1
20 1 1
20 10 1
20 17 1
20 18 -1
20 19 1
20 21 1
20 22 1
20 23 1
20 25 1
20 26 1
20 28 1
20 29 1
20 32 1
20 35 1
20 46 1
20 56 1
21 3 1
21 17 1
21 19 1
21 20 1
21 23 1
21 24 1
21 27 1
21 28 1
21 29 1
21 30 1
21 31 1
21 32 1
21 37 1
21 49 1
21 59 1
21 61 -1
22 10 1
22 17 1
22 19 1
22 20 1
22 23 1
22 24 1
22 26 1
22 27 1
22 28 1
22 30 1
22 31 1
22 32 1
22 47 1
22 59 1
22 60 1
22 62 1
23 18 1
23 20 1
23 21 1
23 22 1
23 24 1
23 26 -1
23 27 1
23 29 1
23 30 1
23 31 1
23 32 1
23 39 1
23 42 1
23 47 1
23 51 1
23 55 1
24 11 1
24 15 1
24 17 1
24 18 1
24 21 1
24 22 1
24 23 1
24 25 1
24 26 -1
24 27 1
24 28 1
24 31 1
24 32 1
24 58 1
25 5 1
25 16 1
25 17 1
25 19 1
25 20 1
25 24 1
25 26 1
25 27 1
25 28 1
25 29 1
25 30 1
25 31 1
25 32 1
25 37 1
25 41 1
25 45 1
26 2 1
26 6 1
26 18 1
26 19 1
26 20 1
26 22 1
26 23 -1
26 24 -1
26 25 1
26 28 -1
26 29 1
26 31 1
26 32 1
26 39 1
26 48 1
26 50 1
27 1 1
27 7 1
27 11 1
27 16 1
27 17 1
27 18 1
27 21 1
27 22 1
27 23 1
27 24 1
27 25 1
27 28 1
27 29 1
27 30 1
27 31 1
27 59 1
28 8 -1
28 12 1
28 17 1
28 19 1
28 20 1
28 21 1
28 22 1
28 24 1
28 25 1
28 26 -1
28 27 1
28 30 -1
28 31 1
28 41 1
28 53 1
29 16 1
29 17 1
29 18 1
29 19 1
29 20 1
29 21 1
29 23 1
29 25 1
29 26 1
29 27 1
29 30 1
29 32 1
29 35 -1
29 47 1
29 54 1
29 61 1
30 1 1
30 7 1
30 9 -1
30 17 1
30 18 1
30 19 1
30 21 1
30 22 1
30 23 1
30 25 1
30 27 1
30 28 -1
30 29 1
30 32 1
30 49 1
31 13 1
31 17 -1
31 18 1
31 19 -1
31 21 1
31 22 1
31 23 1
31 24 1
31 25 1
31 26 1
31 27 1
31 28 1
31 34 1
31 35 1
31 49 1
31 63 -1
32 5 1
32 18 1
32 19 1
32 20 1
32 21 1
32 22 1
32 23 1
32 24 1
32 25 1
32 26 1
32 29 1
32 30 1
32 41 1
32 47 1
32 51 1
32 61 1
33 16 1
33 34 -1
33 35 -1
33 36 1
33 38 1
33 39 1
33 41 -1
33 44 1
33 45 1
33 46 1
33 47 1
33 48 1
33 57 1
33 62 1
33 63 1
34 8 -1
34 31 1
34 33 -1
34 36 1
34 37 1
34 38 1
34 39 1
34 40 1
34 41 -1
34 42 -1
34 45 1
34 47 1
34 48 1
34 56 1
34 62 1
35 5 1
35 20 1
35 29 -1
35 31 1
35 33 -1
35 37 1
35 38 1
35 40 1
35 41 1
35 42 1
35 43 1
35 44 -1
35 46 1
35 47 1
35 48 1
35 56 1
36 2 1
36 12 1
36 33 1
36 34 1
36 37 1
36 38 1
36 40 1
36 41 1
36 42 1
36 43 1
36 45 -1
36 47 1
36 48 1
36 56 1
36 57 1
36 60 -1
37 12 -1
37 21 1
37 25 1
37 34 1
37 35 1
37 36 1
37 39 1
37 41 1
37 42 1
37 43 1
37 44 1
37 45 -1
37 46 1
37 48 1
37 50 1
37 60 1
38 13 1
38 15 1
38 33 1
38 34 1
38 35 1
38 36 1
38 39 1
38 40 1
38 42 1
38 44 1
38 45 1
38 46 1
38 48 1
38 50 1
38 58 1
38 63 1
39 13 1
39 14 1
39 23 1
39 26 1
39 33 1
39 34 1
39 37 1
39 38 1
39 40 1
39 42 -1
39 43 1
39 44 1
39 45 -1
39 46 1
39 47 1
39 64 1
40 6 1
40 19 1
40 34 1
40 35 1
40 36 1
40 38 1
40 39 1
40 42 1
40 43 1
40 44 1
40 45 1
40 46 1
40 47 1
40 52 -1
40 53 1
40 55 1
41 1 1
41 14 1
41 25 1
41 28 1
41 32 1
41 33 -1
41 34 -1
41 35 1
41 36 1
41 37 1
41 42 1
41 43 1
41 44 -1
41 46 1
41 47 1
41 48 1
42 7 1
42 8 1
42 9 1
42 23 1
42 34 -1
42 35 1
42 36 1
42 37 1
42 38 1
42 39 -1
42 40 1
42 41 1
42 43 1
42 44 1
42 45 1
42 53 1
43 11 1
43 17 1
43 19 1
43 35 1
43 36 1
43 37 1
43 39 1
43 40 1
43 41 1
43 42 1
43 44 1
43 46 1
43 47 1
43 48 1
43 60 1
43 64 1
44 3 1
44 12 1
44 17 1
44 33 1
44 35 -1
44 37 1
44 38 1
44 39 1
44 40 1
44 41 -1
44 42 1
44 43 1
44 46 1
44 47 1
44 54 1
45 4 1
45 5 1
45 18 1
45 25 1
45 33 1
45 34 1
45 36 -1
45 37 -1
45 38 1
45 39 -1
45 40 1
45 42 1
45 46 1
45 47 1
45 48 1
46 7 1
46 20 1
46 33 1
46 35 1
46 37 1
46 38 1
46 39 1
46 40 1
46 41 1
46 43 1
46 44 1
46 45 1
46 48 1
46 52 -1
46 54 1
47 22 1
47 23 1
47 29 1
47 32 1
47 33 1
47 34 1
47 35 1
47 36 1
47 39 1
47 40 1
47 41 1
47 43 1
47 44 1
47 45 1
47 48 -1
47 53 -1
48 5 1
48 15 1
48 19 1
48 26 1
48 33 1
48 34 1
48 35 1
48 36 1
48 37 1
48 38 1
48 41 1
48 43 1
48 45 1
48 46 1
48 47 -1
48 59 -1
49 2 1
49 4 1
49 21 1
49 30 1
49 31 1
49 50 1
49 51 1
49 52 1
49 53 1
49 54 1
49 56 1
49 57 1
49 59 1
49 60 1
49 62 1
49 64 -1
50 2 1
50 9 1
50 26 1
50 37 1
50 38 1
50 49 1
50 51 1
50 52 1
50 53 -1
50 54 1
50 56 1
50 58 1
50 59 1
50 61 -1
50 62 1
50 63 1
51 4 1
51 23 1
51 32 1
51 49 1
51 50 1
51 52 1
51 53 1
51 54 1
51 56 1
51 58 1
51 60 1
51 61 1
51 63 1
51 64 1
52 2 1
52 14 1
52 40 -1
52 46 -1
52 49 1
52 50 1
52 51 1
52 53 1
52 54 1
52 58 1
52 59 1
52 60 1
52 62 -1
52 63 1
52 64 1
53 6 1
53 28 1
53 40 1
53 42 1
53 47 -1
53 49 1
53 50 -1
53 51 1
53 52 1
53 54 1
53 55 1
53 56 1
53 57 -1
53 58 1
53 59 1
53 60 1
54 10 1
54 12 1
54 29 1
54 44 1
54 46 1
54 49 1
54 50 1
54 51 1
54 52 1
54 53 1
54 55 1
54 56 1
54 57 1
54 58 1
54 61 1
54 64 1
55 9 1
55 19 1
55 23 1
55 40 1
55 53 1
55 54 1
55 56 1
55 57 1
55 58 1
55 59 1
55 60 1
55 61 1
55 62 1
55 63 1
55 64 1
56 20 1
56 34 1
56 35 1
56 36 1
56 49 1
56 50 1
56 51 1
56 53 1
56 54 1
56 55 1
56 58 -1
56 61 -1
56 62 1
56 63 1
56 64 1
57 3 1
57 6 1
57 14 1
57 33 1
57 36 1
57 49 1
57 53 -1
57 54 1
57 55 1
57 58 1
57 59 1
57 60 1
57 61 1
57 62 1
57 63 1
57 64 1
58 14 1
58 15 1
58 24 1
58 38 1
58 50 1
58 51 1
58 52 1
58 53 1
58 54 1
58 55 1
58 56 -1
58 57 1
58 60 1
58 61 1
58 62 1
59 1 1
59 21 1
59 22 1
59 27 1
59 48 -1
59 49 1
59 50 1
59 52 1
59 53 1
59 55 1
59 57 1
59 60 1
59 61 1
59 62 1
59 63 1
59 64 1
60 18 1
60 22 1
60 36 -1
60 37 1
60 43 1
60 49 1
60 51 1
60 52 1
60 53 1
60 55 1
60 57 1
60 58 1
60 59 1
60 62 1
60 63 1
60 64 1
61 3 1
61 8 1
61 21 -1
61 29 1
61 32 1
61 50 -1
61 51 1
61 54 1
61 55 1
61 56 -1
61 57 1
61 58 1
61 59 1
61 62 1
61 63 1
61 64 1
62 6 1
62 9 1
62 22 1
62 33 1
62 34 1
62 49 1
62 50 1
62 52 -1
62 55 1
62 56 1
62 57 1
62 58 1
62 59 1
62 60 1
62 61 1
62 63 -1
63 10 1
63 18 1
63 31 -1
63 33 1
63 38 1
63 50 1
63 51 1
63 52 1
63 55 1
63 56 1
63 57 1
63 59 1
63 60 1
63 61 1
63 62 -1
63 64 1
64 10 1
64 11 1
64 15 1
64 39 1
64 43 1
64 49 -1
64 51 1
64 52 1
64 54 1
64 55 1
64 56 1
64 57 1
64 59 1
64 60 1
64 61 1
64 63 1
