1 2 1
1 4 -1
1 5 -1
1 6 1
1 7 1
1 8 -1
1 11 1
1 12 1
1 13 1
1 15 1
1 16 1
1 17 -1
1 49 -1
1 55 1
1 56 -1
1 62 -1
2 1 1
2 4 -1
2 5 -1
2 8 1
2 9 -1
2 10 -1
2 11 1
2 12 -1
2 13 1
2 14 1
2 15 1
2 18 -1
2 22 1
2 35 1
2 41 1
3 5 -1
3 6 -1
3 7 1
3 8 1
3 9 -1
3 10 -1
3 11 -1
3 12 1
3 14 1
3 15 -1
3 16 1
3 37 1
3 38 1
3 50 -1
3 54 1
3 59 -1
4 1 -1
4 2 -1
4 5 -1
4 6 1
4 7 1
4 8 -1
4 9 1
4 11 1
4 13 -1
4 14 1
4 16 -1
4 38 -1
4 47 -1
4 50 -1
4 63 -1
4 64 1
5 1 -1
5 2 -1
5 3 -1
5 4 -1
5 7 -1
5 8 1
5 9 -1
5 10 1
5 11 -1
5 12 -1
5 13 -1
5 37 -1
5 44 1
5 53 -1
5 63 -1
6 1 1
6 3 -1
6 4 1
6 7 -1
6 8 1
6 9 -1
6 12 -1
6 13 1
6 14 -1
6 15 1
6 16 -1
6 19 1
6 42 -1
6 43 -1
6 45 -1
6 57 1
7 1 1
7 3 1
7 4 1
7 5 -1
7 6 -1
7 8 -1
7 9 -1
7 11 -1
7 12 -1
7 14 1
7 16 -1
7 22 -1
7 48 -1
7 51 -1
7 58 1
7 62 1
8 1 -1
8 2 1
8 3 1
8 4 -1
8 5 1
8 6 1
8 7 -1
8 10 -1
8 12 -1
8 13 -1
8 15 1
8 21 -1
8 41 1
8 57 -1
8 58 1
8 62 -1
9 2 -1
9 3 -1
9 4 1
9 5 -1
9 6 -1
9 7 -1
9 10 -1
9 11 1
9 13 1
9 14 -1
9 16 1
9 23 1
9 30 1
9 31 -1
9 37 1
9 40 1
10 2 -1
10 3 -1
10 5 1
10 8 -1
10 9 -1
10 11 -1
10 12 -1
10 13 1
10 14 -1
10 15 1
10 16 -1
10 17 -1
10 34 -1
10 35 -1
10 54 -1
10 57 -1
11 1 1
11 2 1
11 3 -1
11 4 1
11 5 -1
11 7 -1
11 9 1
11 10 -1
11 13 -1
11 15 1
11 16 1
11 21 1
11 27 -1
11 28 -1
11 34 -1
11 57 -1
12 1 1
12 2 -1
12 3 1
12 5 -1
12 6 -1
12 7 -1
12 8 -1
12 10 -1
12 14 1
12 15 -1
12 16 -1
12 25 -1
12 40 1
12 56 -1
12 61 -1
13 1 1
13 2 1
13 4 -1
13 5 -1
13 6 1
13 8 -1
13 9 1
13 10 1
13 11 -1
13 14 1
13 15 -1
13 26 -1
13 28 -1
13 53 -1
13 59 -1
13 60 1
14 2 1
14 3 1
14 4 1
14 6 -1
14 7 1
14 9 -1
14 10 -1
14 12 1
14 13 1
14 15 -1
14 16 1
14 33 1
14 42 -1
14 44 1
14 47 1
14 56 -1
15 1 1
15 2 1
15 3 -1
15 6 1
15 8 1
15 10 1
15 11 1
15 12 -1
15 13 -1
15 14 -1
15 16 -1
15 18 -1
15 21 1
15 29 -1
15 36 -1
15 42 -1
16 1 1
16 3 1
16 4 -1
16 6 -1
16 7 -1
16 9 1
16 10 -1
16 11 1
16 12 -1
16 14 1
16 15 -1
16 20 -1
16 26 -1
16 37 -1
16 46 1
16 63 1
17 1 -1
17 10 -1
17 18 1
17 19 1
17 21 -1
17 22 -1
17 24 -1
17 25 -1
17 26 -1
17 27 -1
17 28 1
17 29 -1
17 31 -1
17 35 -1
17 54 -1
17 59 1
18 2 -1
18 15 -1
18 17 1
18 19 -1
18 20 1
18 21 1
18 24 -1
18 25 1
18 26 -1
18 27 1
18 29 1
18 30 1
18 32 1
18 34 1
18 38 1
18 51 1
19 6 1
19 17 1
19 18 -1
19 21 -1
19 22 -1
19 23 -1
19 25 -1
19 26 1
19 27 -1
19 29 -1
19 30 -1
19 31 1
19 48 -1
19 53 1
19 59 -1
20 16 -1
20 18 1
20 21 1
20 22 -1
20 23 1
20 24 -1
20 26 1
20 28 1
20 29 -1
20 30 1
20 31 1
20 32 -1
20 48 -1
20 51 1
20 56 1
20 58 -1
21 8 -1
21 11 1
21 15 1
21 17 -1
21 18 1
21 19 -1
21 20 1
21 22 1
21 23 -1
21 24 -1
21 26 1
21 28 -1
21 29 -1
21 32 -1
21 54 1
21 58 1
22 2 1
22 7 -1
22 17 -1
22 19 -1
22 20 -1
22 21 1
22 25 1
22 27 -1
22 28 -1
22 29 1
22 30 1
22 31 -1
22 32 -1
22 35 -1
22 39 -1
22 63 -1
23 9 1
23 19 -1
23 20 1
23 21 -1
23 24 -1
23 25 -1
23 27 -1
23 28 1
23 29 -1
23 30 -1
23 31 -1
23 32 -1
23 33 -1
23 39 1
23 43 -1
23 45 -1
24 17 -1
24 18 -1
24 20 -1
24 21 -1
24 23 -1
24 25 1
24 26 -1
24 27 -1
24 28 -1
24 31 -1
24 32 -1
24 42 -1
24 43 -1
24 51 1
24 52 -1
24 59 -1
25 12 -1
25 17 -1
25 18 1
25 19 -1
25 22 1
25 23 -1
25 24 1
25 26 -1
25 27 1
25 30 1
25 31 -1
25 32 1
25 42 -1
25 46 -1
25 49 -1
25 51 -1
26 13 -1
26 16 -1
26 17 -1
26 18 -1
26 19 1
26 20 1
26 21 1
26 24 -1
26 25 -1
26 27 -1
26 28 1
26 29 -1
26 32 -1
26 33 -1
26 45 1
26 49 -1
27 11 -1
27 17 -1
27 18 1
27 19 -1
27 22 -1
27 23 -1
27 24 -1
27 25 1
27 26 -1
27 30 -1
27 31 -1
27 32 -1
27 43 -1
27 44 1
27 50 1
27 61 -1
28 11 -1
28 13 -1
28 17 1
28 20 1
28 21 -1
28 22 -1
28 23 1
28 24 -1
28 26 1
28 29 -1
28 30 1
28 31 -1
28 32 -1
28 35 -1
28 53 -1
28 55 -1
29 15 -1
29 17 -1
29 18 1
29 19 -1
29 20 -1
29 21 -1
29 22 1
29 23 -1
29 26 -1
29 28 -1
29 30 1
29 31 1
29 33 -1
29 47 1
29 54 -1
29 61 1
30 9 1
30 18 1
30 19 -1
30 20 1
30 22 1
30 23 -1
30 25 1
30 27 -1
30 28 1
30 29 1
30 31 1
30 32 1
30 34 1
30 39 -1
30 60 1
31 9 -1
31 17 -1
31 19 1
31 20 1
31 22 -1
31 23 -1
31 24 -1
31 25 -1
31 27 -1
31 28 -1
31 29 1
31 30 1
31 38 1
31 40 1
31 53 -1
31 58 -1
32 18 1
32 20 -1
32 21 -1
32 22 -1
32 23 -1
32 24 -1
32 25 1
32 26 -1
32 27 -1
32 28 -1
32 30 1
32 34 -1
32 36 -1
32 48 -1
32 52 1
32 60 -1
33 14 1
33 23 -1
33 26 -1
33 29 -1
33 35 -1
33 36 -1
33 37 -1
33 38 -1
33 40 1
33 41 -1
33 42 -1
33 43 -1
33 44 -1
33 46 1
33 48 -1
33 62 1
34 10 -1
34 11 -1
34 18 1
34 30 1
34 32 -1
34 35 1
34 36 -1
34 37 1
34 38 1
34 39 -1
34 40 -1
34 41 -1
34 42 -1
34 44 1
34 45 -1
34 46 -1
35 2 1
35 10 -1
35 17 -1
35 22 -1
35 28 -1
35 33 -1
35 34 1
35 36 1
35 37 1
35 39 -1
35 41 -1
35 42 -1
35 43 -1
35 44 1
35 45 1
35 47 1
36 15 -1
36 32 -1
36 33 -1
36 34 -1
36 35 1
36 37 -1
36 40 -1
36 41 -1
36 44 -1
36 45 -1
36 46 -1
36 47 -1
36 48 1
36 49 1
36 52 -1
36 64 1
37 3 1
37 5 -1
37 9 1
37 16 -1
37 33 -1
37 34 1
37 35 1
37 36 -1
37 38 -1
37 39 -1
37 42 -1
37 43 1
37 44 1
37 45 -1
37 46 1
37 55 1
38 3 1
38 4 -1
38 18 1
38 31 1
38 33 -1
38 34 1
38 37 -1
38 39 -1
38 40 1
38 41 -1
38 43 -1
38 44 -1
38 45 1
38 47 -1
38 48 1
38 55 -1
39 22 -1
39 23 1
39 30 -1
39 34 -1
39 35 -1
39 37 -1
39 38 -1
39 41 1
39 43 1
39 44 1
39 45 1
39 46 -1
39 47 -1
39 48 -1
39 55 -1
40 9 1
40 12 1
40 31 1
40 33 1
40 34 -1
40 36 -1
40 38 1
40 41 1
40 42 -1
40 43 -1
40 44 1
40 46 1
40 47 -1
40 48 1
40 52 1
40 64 -1
41 2 1
41 8 1
41 33 -1
41 34 -1
41 35 -1
41 36 -1
41 38 -1
41 39 1
41 40 1
41 42 -1
41 43 -1
41 46 1
41 47 -1
41 57 -1
41 62 -1
42 6 -1
42 14 -1
42 15 -1
42 24 -1
42 25 -1
42 33 -1
42 34 -1
42 35 -1
42 37 -1
42 40 -1
42 41 -1
42 43 -1
42 44 -1
42 45 1
42 47 -1
42 48 -1
43 6 -1
43 23 -1
43 24 -1
43 27 -1
43 33 -1
43 35 -1
43 37 1
43 38 -1
43 39 1
43 40 -1
43 41 -1
43 42 -1
43 45 1
43 47 -1
43 48 1
43 60 1
44 5 1
44 14 1
44 27 1
44 33 -1
44 34 1
44 35 1
44 36 -1
44 37 1
44 38 -1
44 39 1
44 40 1
44 42 -1
44 46 1
44 48 1
44 49 -1
44 61 1
45 6 -1
45 23 -1
45 26 1
45 34 -1
45 35 1
45 36 -1
45 37 -1
45 38 1
45 39 1
45 42 1
45 43 1
45 46 -1
45 47 1
45 48 -1
45 50 -1
45 56 -1
46 16 1
46 25 -1
46 33 1
46 34 -1
46 36 -1
46 37 1
46 39 -1
46 40 1
46 41 1
46 44 1
46 45 -1
46 47 -1
46 48 -1
46 52 1
46 64 -1
47 4 -1
47 14 1
47 29 1
47 35 1
47 36 -1
47 38 -1
47 39 -1
47 40 -1
47 41 -1
47 42 -1
47 43 -1
47 45 1
47 46 -1
47 48 -1
47 50 -1
47 60 -1
48 7 -1
48 19 -1
48 20 -1
48 32 -1
48 33 -1
48 36 1
48 38 1
48 39 -1
48 40 1
48 42 -1
48 43 1
48 44 1
48 45 -1
48 46 -1
48 47 -1
49 1 -1
49 25 -1
49 26 -1
49 36 1
49 44 -1
49 50 1
49 52 -1
49 53 -1
49 54 -1
49 55 1
49 56 1
49 57 -1
49 58 -1
49 59 1
49 63 -1
49 64 -1
50 3 -1
50 4 -1
50 27 1
50 45 -1
50 47 -1
50 49 1
50 52 -1
50 53 -1
50 55 1
50 57 1
50 58 1
50 60 -1
50 61 -1
50 62 1
50 63 1
50 64 -1
51 7 -1
51 18 1
51 20 1
51 24 1
51 25 -1
51 52 -1
51 53 1
51 54 -1
51 55 1
51 56 -1
51 57 1
51 58 1
51 59 -1
51 60 -1
51 62 1
51 64 1
52 24 -1
52 32 1
52 36 -1
52 40 1
52 46 1
52 49 -1
52 50 -1
52 51 -1
52 53 1
52 54 -1
52 55 -1
52 56 -1
52 59 -1
52 60 -1
52 61 1
52 62 1
53 5 -1
53 13 -1
53 19 1
53 28 -1
53 31 -1
53 49 -1
53 50 -1
53 51 1
53 52 1
53 54 -1
53 55 1
53 56 -1
53 59 -1
53 62 -1
53 63 1
53 64 -1
54 3 1
54 10 -1
54 17 -1
54 21 1
54 29 -1
54 49 -1
54 51 -1
54 52 -1
54 53 -1
54 56 -1
54 57 -1
54 58 1
54 59 -1
54 61 1
54 62 -1
54 63 1
55 1 1
55 28 -1
55 37 1
55 38 -1
55 39 -1
55 49 1
55 50 1
55 51 1
55 52 -1
55 53 1
55 56 -1
55 58 1
55 59 1
55 60 -1
55 61 1
55 64 -1
56 1 -1
56 12 -1
56 14 -1
56 20 1
56 45 -1
56 49 1
56 51 -1
56 52 -1
56 53 -1
56 54 -1
56 55 -1
56 57 -1
56 60 -1
56 61 1
56 63 1
56 64 1
57 6 1
57 8 -1
57 10 -1
57 11 -1
57 41 -1
57 49 -1
57 50 1
57 51 1
57 54 -1
57 56 -1
57 58 -1
57 59 1
57 60 1
57 61 1
57 63 -1
57 64 -1
58 7 1
58 8 1
58 20 -1
58 21 1
58 31 -1
58 49 -1
58 50 1
58 51 1
58 54 1
58 55 1
58 57 -1
58 60 -1
58 61 1
58 62 1
58 63 1
58 64 -1
59 3 -1
59 13 -1
59 17 1
59 19 -1
59 24 -1
59 49 1
59 51 -1
59 52 -1
59 53 -1
59 54 -1
59 55 1
59 57 1
59 60 1
59 61 -1
59 62 1
59 64 -1
60 13 1
60 30 1
60 32 -1
60 43 1
60 47 -1
60 50 -1
60 51 -1
60 52 -1
60 55 -1
60 56 -1
60 57 1
60 58 -1
60 59 1
60 61 1
60 62 -1
60 63 -1
61 12 -1
61 27 -1
61 29 1
61 44 1
61 50 -1
61 52 1
61 54 1
61 55 1
61 56 1
61 57 1
61 58 1
61 59 -1
61 60 1
61 62 -1
61 63 -1
62 1 -1
62 7 1
62 8 -1
62 33 1
62 41 -1
62 50 1
62 51 1
62 52 1
62 53 -1
62 54 -1
62 58 1
62 59 1
62 60 -1
62 61 -1
62 63 -1
62 64 1
63 4 -1
63 5 -1
63 16 1
63 22 -1
63 49 -1
63 50 1
63 53 1
63 54 1
63 56 1
63 57 -1
63 58 1
63 60 -1
63 61 -1
63 62 -1
63 64 -1
64 4 1
64 36 1
64 40 -1
64 46 -1
64 49 -1
64 50 -1
64 51 1
64 53 -1
64 55 -1
64 56 1
64 57 -1
64 58 -1
64 59 -1
64 62 1
64 63 -1
