1 3 -1
1 6 -1
1 7 1
1 8 -1
1 9 -1
1 10 -1
1 11 -1
1 13 -1
1 14 1
1 15 -1
1 16 -1
1 18 -1
1 33 1
1 48 -1
1 49 -1
1 60 -1
2 4 -1
2 5 -1
2 6 -1
2 7 -1
2 8 -1
2 11 1
2 12 1
2 13 -1
2 14 -1
2 15 -1
2 16 1
2 27 -1
2 31 1
2 50 1
2 53 -1
2 64 -1
3 1 -1
3 5 -1
3 6 -1
3 7 -1
3 8 -1
3 9 -1
3 10 -1
3 12 1
3 14 -1
3 15 -1
3 16 -1
3 20 1
3 21 -1
3 25 -1
3 34 1
3 44 1
4 2 -1
4 5 -1
4 6 -1
4 7 -1
4 8 -1
4 9 -1
4 11 -1
4 13 -1
4 14 -1
4 15 -1
4 16 -1
4 22 1
4 34 -1
4 48 -1
4 52 -1
5 2 -1
5 3 -1
5 4 -1
5 8 -1
5 9 -1
5 10 -1
5 11 -1
5 12 -1
5 14 -1
5 15 -1
5 16 -1
5 18 -1
5 37 -1
5 47 -1
5 49 -1
5 60 -1
6 1 -1
6 2 -1
6 3 -1
6 4 -1
6 7 -1
6 9 1
6 10 -1
6 12 -1
6 13 -1
6 15 -1
6 16 -1
6 23 -1
6 39 -1
6 46 -1
6 54 -1
6 61 -1
7 1 1
7 2 -1
7 3 -1
7 4 -1
7 6 -1
7 8 -1
7 9 -1
7 10 -1
7 12 1
7 13 -1
7 15 -1
7 38 -1
7 42 -1
7 46 -1
7 51 -1
7 54 -1
8 1 -1
8 2 -1
8 3 -1
8 4 -1
8 5 -1
8 7 -1
8 9 -1
8 11 -1
8 12 1
8 13 1
8 14 1
8 22 -1
8 37 -1
8 38 -1
8 58 -1
8 60 -1
9 1 -1
9 3 -1
9 4 -1
9 5 -1
9 6 1
9 7 -1
9 8 -1
9 10 -1
9 11 1
9 14 -1
9 15 1
9 19 -1
9 32 -1
9 51 -1
9 60 -1
9 63 -1
10 1 -1
10 3 -1
10 5 -1
10 6 -1
10 7 -1
10 9 -1
10 11 -1
10 12 1
10 14 1
10 15 -1
10 16 -1
10 21 -1
10 33 -1
10 41 -1
10 52 -1
10 56 1
11 1 -1
11 2 1
11 4 -1
11 5 -1
11 8 -1
11 9 1
11 10 -1
11 12 -1
11 13 -1
11 15 1
11 16 -1
11 20 -1
11 22 -1
11 39 -1
11 43 1
11 60 -1
12 2 1
12 3 1
12 5 -1
12 6 -1
12 7 1
12 8 1
12 10 1
12 11 -1
12 13 -1
12 14 -1
12 16 1
12 38 -1
12 52 -1
12 58 -1
12 62 -1
12 64 -1
13 1 -1
13 2 -1
13 4 -1
13 6 -1
13 7 -1
13 8 1
13 11 -1
13 12 -1
13 14 -1
13 15 -1
13 16 1
13 27 1
13 29 -1
13 38 -1
13 40 -1
13 44 -1
14 1 1
14 2 -1
14 3 -1
14 4 -1
14 5 -1
14 8 1
14 9 -1
14 10 1
14 12 -1
14 13 -1
14 16 -1
14 25 1
14 28 -1
14 52 -1
14 58 -1
14 61 -1
15 1 -1
15 2 -1
15 3 -1
15 4 -1
15 5 -1
15 6 -1
15 7 -1
15 9 1
15 10 -1
15 11 1
15 13 -1
15 21 -1
15 26 -1
15 35 -1
15 40 -1
15 55 -1
16 1 -1
16 2 1
16 3 -1
16 4 -1
16 5 -1
16 6 -1
16 10 -1
16 11 -1
16 12 1
16 13 1
16 14 -1
16 45 1
16 46 1
16 56 -1
16 59 1
16 61 -1
17 18 -1
17 19 -1
17 21 -1
17 22 -1
17 25 -1
17 26 -1
17 27 -1
17 28 1
17 30 -1
17 31 -1
17 32 -1
17 36 -1
17 37 -1
17 40 -1
17 45 1
17 58 1
18 1 -1
18 5 -1
18 17 -1
18 19 1
18 20 -1
18 23 -1
18 25 -1
18 26 -1
18 27 1
18 28 -1
18 29 -1
18 31 -1
18 32 -1
18 35 1
18 41 -1
18 62 -1
19 9 -1
19 17 -1
19 18 1
19 20 -1
19 21 -1
19 22 -1
19 23 -1
19 24 -1
19 25 -1
19 28 -1
19 31 -1
19 32 -1
19 36 1
19 38 -1
19 45 1
19 49 -1
20 3 1
20 11 -1
20 18 -1
20 19 -1
20 21 -1
20 22 1
20 23 -1
20 24 -1
20 26 -1
20 27 -1
20 28 1
20 29 -1
20 30 -1
20 43 -1
20 55 -1
20 57 -1
21 3 -1
21 10 -1
21 15 -1
21 17 -1
21 19 -1
21 20 -1
21 22 -1
21 23 -1
21 24 -1
21 25 -1
21 27 1
21 28 -1
21 29 1
21 31 -1
21 53 -1
21 55 -1
22 4 1
22 8 -1
22 11 -1
22 17 -1
22 19 -1
22 20 1
22 21 -1
22 23 1
22 24 -1
22 25 -1
22 26 1
22 29 -1
22 30 -1
22 32 -1
22 39 -1
22 51 -1
23 6 -1
23 18 -1
23 19 -1
23 20 -1
23 21 -1
23 22 1
23 24 -1
23 26 1
23 27 -1
23 29 -1
23 30 -1
23 32 -1
23 33 -1
23 34 -1
23 35 1
23 49 -1
24 19 -1
24 20 -1
24 21 -1
24 22 -1
24 23 -1
24 25 1
24 26 -1
24 28 -1
24 29 1
24 31 -1
24 32 1
24 43 -1
24 44 -1
24 46 -1
24 51 -1
24 64 -1
25 3 -1
25 14 1
25 17 -1
25 18 -1
25 19 -1
25 21 -1
25 22 -1
25 24 1
25 26 -1
25 27 -1
25 28 -1
25 30 -1
25 31 -1
25 37 -1
25 59 -1
26 15 -1
26 17 -1
26 18 -1
26 20 -1
26 22 1
26 23 1
26 24 -1
26 25 -1
26 27 1
26 29 -1
26 30 -1
26 32 -1
26 33 -1
26 47 -1
26 57 1
27 2 -1
27 13 1
27 17 -1
27 18 1
27 20 -1
27 21 1
27 23 -1
27 25 -1
27 26 1
27 29 -1
27 30 -1
27 31 -1
27 32 1
27 48 -1
27 53 1
27 61 -1
28 14 -1
28 17 1
28 18 -1
28 19 -1
28 20 1
28 21 -1
28 24 -1
28 25 -1
28 29 -1
28 30 -1
28 31 -1
28 32 -1
28 50 -1
28 52 -1
28 54 -1
28 59 -1
29 13 -1
29 18 -1
29 20 -1
29 21 1
29 22 -1
29 23 -1
29 24 1
29 26 -1
29 27 -1
29 28 -1
29 30 1
29 31 -1
29 42 1
29 43 -1
29 47 -1
29 64 -1
30 17 -1
30 20 -1
30 22 -1
30 23 -1
30 25 -1
30 26 -1
30 27 -1
30 28 -1
30 29 1
30 31 -1
30 32 1
30 33 -1
30 44 1
30 46 -1
30 50 -1
30 56 1
31 2 1
31 17 -1
31 18 -1
31 19 -1
31 21 -1
31 24 -1
31 25 -1
31 27 -1
31 28 -1
31 29 -1
31 30 -1
31 32 -1
31 34 -1
31 36 -1
31 42 -1
31 62 -1
32 9 -1
32 17 -1
32 18 -1
32 19 -1
32 22 -1
32 23 -1
32 24 1
32 26 -1
32 27 1
32 28 -1
32 30 1
32 31 -1
32 50 -1
32 56 -1
32 64 1
33 1 1
33 10 -1
33 23 -1
33 26 -1
33 30 -1
33 34 -1
33 36 -1
33 37 -1
33 38 1
33 39 -1
33 43 -1
33 44 1
33 45 -1
33 46 -1
33 47 -1
33 48 1
34 3 1
34 4 -1
34 23 -1
34 31 -1
34 33 -1
34 35 -1
34 36 -1
34 37 1
34 39 -1
34 40 -1
34 41 1
34 42 -1
34 43 -1
34 44 -1
34 47 1
35 15 -1
35 18 1
35 23 1
35 34 -1
35 36 1
35 37 -1
35 38 -1
35 39 -1
35 40 -1
35 42 -1
35 43 -1
35 46 1
35 47 1
35 48 -1
35 51 -1
35 56 -1
36 17 -1
36 19 1
36 31 -1
36 33 -1
36 34 -1
36 35 1
36 37 1
36 38 -1
36 40 1
36 41 -1
36 43 1
36 45 -1
36 46 -1
36 47 -1
36 53 -1
36 63 -1
37 5 -1
37 8 -1
37 17 -1
37 25 -1
37 33 -1
37 34 1
37 35 -1
37 36 1
37 38 1
37 39 -1
37 41 -1
37 42 1
37 45 -1
37 46 -1
37 48 -1
37 63 -1
38 7 -1
38 8 -1
38 12 -1
38 13 -1
38 19 -1
38 33 1
38 35 -1
38 36 -1
38 37 1
38 40 1
38 42 -1
38 43 1
38 44 1
38 45 -1
38 46 -1
38 48 1
39 6 -1
39 11 -1
39 22 -1
39 33 -1
39 34 -1
39 35 -1
39 37 -1
39 40 -1
39 41 1
39 42 -1
39 43 -1
39 45 -1
39 46 1
39 48 -1
39 54 -1
40 13 -1
40 15 -1
40 17 -1
40 34 -1
40 35 -1
40 36 1
40 38 1
40 39 -1
40 41 -1
40 42 -1
40 44 -1
40 45 -1
40 47 -1
40 48 -1
40 49 -1
40 63 -1
41 10 -1
41 18 -1
41 34 1
41 36 -1
41 37 -1
41 39 1
41 40 -1
41 43 -1
41 44 -1
41 45 1
41 46 -1
41 47 -1
41 48 -1
41 61 -1
41 62 -1
42 7 -1
42 29 1
42 31 -1
42 34 -1
42 35 -1
42 37 1
42 38 -1
42 39 -1
42 40 -1
42 43 -1
42 44 -1
42 46 -1
42 47 -1
42 48 -1
42 55 -1
42 63 -1
43 11 1
43 20 -1
43 24 -1
43 29 -1
43 33 -1
43 34 -1
43 35 -1
43 36 1
43 38 1
43 39 -1
43 41 -1
43 42 -1
43 44 -1
43 47 1
43 48 1
43 57 -1
44 3 1
44 13 -1
44 24 -1
44 30 1
44 33 1
44 34 -1
44 38 1
44 40 -1
44 41 -1
44 42 -1
44 43 -1
44 45 -1
44 46 -1
44 47 -1
44 48 -1
44 57 -1
45 16 1
45 17 1
45 19 1
45 33 -1
45 36 -1
45 37 -1
45 38 -1
45 39 -1
45 40 -1
45 41 1
45 44 -1
45 46 -1
45 47 -1
45 48 1
45 55 -1
45 57 -1
46 6 -1
46 7 -1
46 16 1
46 24 -1
46 30 -1
46 33 -1
46 35 1
46 36 -1
46 37 -1
46 38 -1
46 39 1
46 41 -1
46 42 -1
46 44 -1
46 45 -1
46 47 -1
47 5 -1
47 26 -1
47 29 -1
47 33 -1
47 34 1
47 35 1
47 36 -1
47 40 -1
47 41 -1
47 42 -1
47 43 1
47 44 -1
47 45 -1
47 46 -1
47 58 -1
48 1 -1
48 4 -1
48 27 -1
48 33 1
48 35 -1
48 37 -1
48 38 1
48 39 -1
48 40 -1
48 41 -1
48 42 -1
48 43 1
48 44 -1
48 45 1
48 53 -1
48 59 1
49 1 -1
49 5 -1
49 19 -1
49 23 -1
49 40 -1
49 52 -1
49 53 -1
49 54 -1
49 55 -1
49 56 -1
49 57 -1
49 59 -1
49 60 -1
49 61 -1
49 62 -1
49 63 -1
50 2 1
50 28 -1
50 30 -1
50 32 -1
50 51 -1
50 52 -1
50 53 1
50 55 -1
50 58 -1
50 59 -1
50 60 -1
50 61 -1
50 62 -1
50 63 1
50 64 1
51 7 -1
51 9 -1
51 22 -1
51 24 -1
51 35 -1
51 50 -1
51 53 -1
51 54 -1
51 55 -1
51 56 -1
51 57 -1
51 58 -1
51 59 1
51 60 -1
51 61 -1
51 63 -1
52 4 -1
52 10 -1
52 12 -1
52 14 -1
52 28 -1
52 49 -1
52 50 -1
52 53 -1
52 55 -1
52 56 -1
52 57 -1
52 58 -1
52 59 -1
52 61 -1
52 62 -1
52 64 -1
53 2 -1
53 21 -1
53 27 1
53 36 -1
53 48 -1
53 49 -1
53 50 1
53 51 -1
53 52 -1
53 54 -1
53 55 -1
53 56 -1
53 57 -1
53 58 -1
53 63 1
53 64 -1
54 6 -1
54 7 -1
54 28 -1
54 39 -1
54 49 -1
54 51 -1
54 53 -1
54 55 -1
54 56 -1
54 59 1
54 60 -1
54 61 -1
54 62 -1
54 63 1
54 64 -1
55 15 -1
55 20 -1
55 21 -1
55 42 -1
55 45 -1
55 49 -1
55 50 -1
55 51 -1
55 52 -1
55 53 -1
55 54 -1
55 56 1
55 59 -1
55 60 1
55 61 1
55 62 -1
56 10 1
56 16 -1
56 30 1
56 32 -1
56 35 -1
56 49 -1
56 51 -1
56 52 -1
56 53 -1
56 54 -1
56 55 1
56 57 -1
56 58 -1
56 59 1
56 61 1
56 64 -1
57 20 -1
57 26 1
57 43 -1
57 44 -1
57 45 -1
57 49 -1
57 51 -1
57 52 -1
57 53 -1
57 56 -1
57 58 1
57 59 -1
57 60 -1
57 62 1
57 63 -1
57 64 -1
58 8 -1
58 12 -1
58 14 -1
58 17 1
58 47 -1
58 50 -1
58 51 -1
58 52 -1
58 53 -1
58 56 -1
58 57 1
58 59 -1
58 60 -1
58 62 1
58 63 -1
58 64 -1
59 16 1
59 25 -1
59 28 -1
59 48 1
59 49 -1
59 50 -1
59 51 1
59 52 -1
59 54 1
59 55 -1
59 56 1
59 57 -1
59 58 -1
59 60 -1
59 61 -1
60 1 -1
60 5 -1
60 8 -1
60 9 -1
60 11 -1
60 49 -1
60 50 -1
60 51 -1
60 54 -1
60 55 1
60 57 -1
60 58 -1
60 59 -1
60 62 1
60 63 -1
60 64 -1
61 6 -1
61 14 -1
61 16 -1
61 27 -1
61 41 -1
61 49 -1
61 50 -1
61 51 -1
61 52 -1
61 54 -1
61 55 1
61 56 1
61 59 -1
61 62 -1
61 63 -1
61 64 -1
62 12 -1
62 18 -1
62 31 -1
62 41 -1
62 49 -1
62 50 -1
62 52 -1
62 54 -1
62 55 -1
62 57 1
62 58 1
62 60 1
62 61 -1
62 63 -1
62 64 -1
63 9 -1
63 36 -1
63 37 -1
63 40 -1
63 42 -1
63 49 -1
63 50 1
63 51 -1
63 53 1
63 54 1
63 57 -1
63 58 -1
63 60 -1
63 61 -1
63 62 -1
63 64 -1
64 2 -1
64 12 -1
64 24 -1
64 29 -1
64 32 1
64 50 1
64 52 -1
64 53 -1
64 54 -1
64 56 -1
64 57 -1
64 58 -1
64 60 -1
64 61 -1
64 62 -1
64 63 -1
