1 2 -1
1 5 -1
1 6 -1
1 7 -1
1 9 -1
1 10 -1
1 11 -1
1 13 -1
1 14 1
1 15 -1
1 16 1
1 33 -1
1 39 -1
1 43 -1
1 57 -1
1 59 -1
2 1 -1
2 3 1
2 4 -1
2 5 1
2 7 -1
2 9 -1
2 11 -1
2 12 -1
2 13 1
2 14 -1
2 16 -1
2 22 1
2 24 -1
2 26 -1
2 32 -1
2 58 -1
3 2 1
3 6 -1
3 7 -1
3 8 -1
3 9 -1
3 10 1
3 12 -1
3 13 -1
3 14 -1
3 15 -1
3 16 1
3 34 -1
3 38 -1
3 52 -1
3 60 -1
3 62 -1
4 2 -1
4 5 -1
4 6 -1
4 8 1
4 9 -1
4 10 -1
4 11 1
4 12 -1
4 14 -1
4 15 -1
4 16 -1
4 35 -1
4 47 -1
4 57 -1
4 59 -1
5 1 -1
5 2 1
5 4 -1
5 6 -1
5 7 1
5 8 -1
5 10 -1
5 11 -1
5 12 -1
5 13 -1
5 14 1
5 17 -1
5 26 -1
5 42 1
5 52 -1
5 60 -1
6 1 -1
6 3 -1
6 4 -1
6 5 -1
6 7 -1
6 9 -1
6 10 -1
6 12 -1
6 13 -1
6 14 1
6 15 1
6 30 -1
6 32 -1
6 36 -1
6 56 -1
7 1 -1
7 2 -1
7 3 -1
7 5 1
7 6 -1
7 8 -1
7 9 1
7 11 -1
7 12 -1
7 15 -1
7 16 -1
7 20 -1
7 21 -1
7 39 -1
7 42 -1
7 49 -1
8 3 -1
8 4 1
8 5 -1
8 7 -1
8 9 -1
8 10 -1
8 11 -1
8 12 -1
8 13 -1
8 15 1
8 16 -1
8 42 1
8 53 -1
8 58 -1
8 62 -1
9 1 -1
9 2 -1
9 3 -1
9 4 -1
9 6 -1
9 7 1
9 8 -1
9 12 -1
9 13 -1
9 14 -1
9 16 1
9 17 -1
9 20 -1
9 26 1
9 33 -1
9 57 -1
10 1 -1
10 3 1
10 4 -1
10 5 -1
10 6 -1
10 8 -1
10 11 -1
10 12 1
10 13 -1
10 15 -1
10 16 -1
10 43 -1
10 53 1
10 57 -1
10 61 -1
11 1 -1
11 2 -1
11 4 1
11 5 -1
11 7 -1
11 8 -1
11 10 -1
11 13 1
11 14 1
11 15 -1
11 16 -1
11 23 -1
11 31 -1
11 41 1
11 51 1
11 52 -1
12 2 -1
12 3 -1
12 4 -1
12 5 -1
12 6 -1
12 7 -1
12 8 -1
12 9 -1
12 10 1
12 13 -1
12 14 -1
12 23 1
12 25 -1
12 34 -1
12 41 -1
12 48 1
13 1 -1
13 2 1
13 3 -1
13 5 -1
13 6 -1
13 8 -1
13 9 -1
13 10 -1
13 11 1
13 12 -1
13 15 1
13 20 -1
13 44 -1
13 48 -1
13 50 1
13 64 -1
14 1 1
14 2 -1
14 3 -1
14 4 -1
14 5 1
14 6 1
14 9 -1
14 11 1
14 12 -1
14 15 1
14 16 1
14 33 -1
14 48 -1
14 49 -1
14 57 -1
15 1 -1
15 3 -1
15 4 -1
15 6 1
15 7 -1
15 8 1
15 10 -1
15 11 -1
15 13 1
15 14 1
15 16 -1
15 20 -1
15 25 -1
15 54 -1
16 1 1
16 2 -1
16 3 1
16 4 -1
16 7 -1
16 8 -1
16 9 1
16 10 -1
16 11 -1
16 14 1
16 15 -1
16 18 -1
16 22 -1
16 27 -1
16 29 -1
16 36 1
17 5 -1
17 9 -1
17 19 -1
17 20 -1
17 21 1
17 22 -1
17 23 1
17 24 -1
17 25 1
17 27 -1
17 30 1
17 31 -1
17 32 -1
17 47 -1
17 50 1
17 58 -1
18 16 -1
18 20 -1
18 21 -1
18 22 -1
18 23 -1
18 25 -1
18 26 -1
18 27 1
18 28 -1
18 29 -1
18 30 -1
18 31 -1
18 34 -1
18 41 -1
18 42 1
18 45 1
19 17 -1
19 20 -1
19 21 -1
19 22 -1
19 23 -1
19 26 -1
19 27 -1
19 28 -1
19 29 -1
19 31 -1
19 32 -1
19 34 1
19 43 -1
19 46 1
19 53 -1
19 63 1
20 7 -1
20 9 -1
20 13 -1
20 15 -1
20 17 -1
20 18 -1
20 19 -1
20 21 -1
20 22 -1
20 24 1
20 25 -1
20 26 -1
20 27 -1
20 31 -1
20 32 -1
20 37 1
21 7 -1
21 17 1
21 18 -1
21 19 -1
21 20 -1
21 23 -1
21 27 1
21 28 -1
21 29 -1
21 30 1
21 31 -1
21 32 -1
21 38 -1
21 54 -1
21 56 -1
21 63 -1
22 2 1
22 16 -1
22 17 -1
22 18 -1
22 19 -1
22 20 -1
22 23 -1
22 24 -1
22 25 -1
22 28 1
22 29 -1
22 30 -1
22 32 -1
22 34 -1
22 40 -1
22 51 -1
23 11 -1
23 12 1
23 17 1
23 18 -1
23 19 -1
23 21 -1
23 22 -1
23 24 -1
23 26 1
23 27 -1
23 29 -1
23 30 1
23 32 -1
23 35 -1
23 53 -1
23 60 1
24 2 -1
24 17 -1
24 20 1
24 22 -1
24 23 -1
24 25 -1
24 26 -1
24 27 -1
24 28 1
24 29 1
24 30 -1
24 32 -1
24 39 1
24 41 -1
24 61 -1
24 63 -1
25 12 -1
25 15 -1
25 17 1
25 18 -1
25 20 -1
25 22 -1
25 24 -1
25 26 -1
25 28 -1
25 29 1
25 30 -1
25 31 -1
25 32 1
25 40 -1
25 58 -1
26 2 -1
26 5 -1
26 9 1
26 18 -1
26 19 -1
26 20 -1
26 23 1
26 24 -1
26 25 -1
26 27 -1
26 28 -1
26 29 1
26 30 -1
26 31 -1
26 55 -1
26 56 -1
27 16 -1
27 17 -1
27 18 1
27 19 -1
27 20 -1
27 21 1
27 23 -1
27 24 -1
27 26 -1
27 30 -1
27 31 -1
27 32 -1
27 39 -1
27 44 -1
27 45 -1
27 50 -1
28 18 -1
28 19 -1
28 21 -1
28 22 1
28 24 1
28 25 -1
28 26 -1
28 29 -1
28 30 -1
28 31 -1
28 32 -1
28 38 1
28 40 -1
28 43 1
28 46 -1
28 55 -1
29 16 -1
29 18 -1
29 19 -1
29 21 -1
29 22 -1
29 23 -1
29 24 1
29 25 1
29 26 1
29 28 -1
29 30 -1
29 31 -1
29 36 -1
29 37 -1
29 44 -1
30 6 -1
30 17 1
30 18 -1
30 21 1
30 22 -1
30 23 1
30 24 -1
30 25 -1
30 26 -1
30 27 -1
30 28 -1
30 29 -1
30 37 1
30 51 -1
30 58 -1
31 11 -1
31 17 -1
31 18 -1
31 19 -1
31 20 -1
31 21 -1
31 25 -1
31 26 -1
31 27 -1
31 28 -1
31 29 -1
31 32 -1
31 47 -1
31 55 -1
31 63 -1
31 64 -1
32 2 -1
32 6 -1
32 17 -1
32 19 -1
32 20 -1
32 21 -1
32 22 -1
32 23 -1
32 24 -1
32 25 1
32 27 -1
32 28 -1
32 31 -1
32 40 -1
32 50 -1
32 52 -1
33 1 -1
33 9 -1
33 14 -1
33 37 -1
33 38 -1
33 40 -1
33 41 -1
33 42 -1
33 43 -1
33 44 -1
33 45 -1
33 46 -1
33 47 -1
33 48 -1
33 60 -1
33 64 -1
34 3 -1
34 12 -1
34 18 -1
34 19 1
34 22 -1
34 35 -1
34 36 -1
34 37 -1
34 38 -1
34 39 -1
34 40 -1
34 41 1
34 43 -1
34 45 1
34 46 -1
34 47 -1
35 4 -1
35 23 -1
35 34 -1
35 38 -1
35 39 -1
35 40 1
35 41 -1
35 43 -1
35 44 -1
35 45 1
35 46 -1
35 47 1
35 48 -1
35 54 -1
35 59 1
36 6 -1
36 16 1
36 29 -1
36 34 -1
36 37 -1
36 39 -1
36 40 -1
36 41 -1
36 42 1
36 43 -1
36 45 -1
36 46 -1
36 47 -1
36 48 -1
36 49 -1
37 20 1
37 29 -1
37 30 1
37 33 -1
37 34 -1
37 36 -1
37 38 -1
37 39 -1
37 40 1
37 42 -1
37 43 -1
37 44 -1
37 45 -1
37 48 -1
37 60 -1
37 61 -1
38 3 -1
38 21 -1
38 28 1
38 33 -1
38 34 -1
38 35 -1
38 37 -1
38 39 1
38 41 -1
38 42 1
38 43 -1
38 44 -1
38 46 -1
38 47 -1
38 61 -1
38 64 -1
39 1 -1
39 7 -1
39 24 1
39 27 -1
39 34 -1
39 35 -1
39 36 -1
39 37 -1
39 38 1
39 41 -1
39 42 -1
39 43 -1
39 45 -1
39 46 -1
39 48 -1
39 56 1
40 22 -1
40 25 -1
40 28 -1
40 32 -1
40 33 -1
40 34 -1
40 35 1
40 36 -1
40 37 1
40 42 1
40 44 1
40 45 -1
40 46 -1
40 47 -1
40 48 -1
40 49 -1
41 11 1
41 12 -1
41 18 -1
41 24 -1
41 33 -1
41 34 1
41 35 -1
41 36 -1
41 38 -1
41 39 -1
41 44 -1
41 45 -1
41 46 -1
41 47 -1
41 48 1
41 64 -1
42 5 1
42 7 -1
42 8 1
42 18 1
42 33 -1
42 36 1
42 37 -1
42 38 1
42 39 -1
42 40 1
42 43 -1
42 44 1
42 45 -1
42 47 1
42 48 1
42 59 -1
43 1 -1
43 10 -1
43 19 -1
43 28 1
43 33 -1
43 34 -1
43 35 -1
43 36 -1
43 37 -1
43 38 -1
43 39 -1
43 42 -1
43 44 -1
43 47 -1
43 48 -1
43 50 1
44 13 -1
44 27 -1
44 29 -1
44 33 -1
44 35 -1
44 37 -1
44 38 -1
44 40 1
44 41 -1
44 42 1
44 43 -1
44 45 -1
44 46 -1
44 47 1
44 63 -1
45 18 1
45 27 -1
45 33 -1
45 34 1
45 35 1
45 36 -1
45 37 -1
45 39 -1
45 40 -1
45 41 -1
45 42 -1
45 44 -1
45 46 -1
45 55 -1
45 56 -1
45 62 -1
46 19 1
46 28 -1
46 33 -1
46 34 -1
46 35 -1
46 36 -1
46 38 -1
46 39 -1
46 40 -1
46 41 -1
46 44 -1
46 45 -1
46 48 -1
46 49 -1
46 52 -1
46 62 -1
47 4 -1
47 17 -1
47 31 -1
47 33 -1
47 34 -1
47 35 1
47 36 -1
47 38 -1
47 40 -1
47 41 -1
47 42 1
47 43 -1
47 44 1
47 48 1
47 51 -1
47 53 -1
48 12 1
48 13 -1
48 14 -1
48 33 -1
48 35 -1
48 36 -1
48 37 -1
48 39 -1
48 40 -1
48 41 1
48 42 1
48 43 -1
48 46 -1
48 47 1
48 55 -1
49 7 -1
49 14 -1
49 36 -1
49 40 -1
49 46 -1
49 51 -1
49 52 1
49 53 -1
49 54 -1
49 55 -1
49 56 -1
49 57 -1
49 58 -1
49 59 -1
49 61 -1
49 64 1
50 13 1
50 17 1
50 27 -1
50 32 -1
50 43 1
50 51 -1
50 53 -1
50 55 1
50 56 -1
50 57 1
50 59 -1
50 60 -1
50 61 -1
50 62 -1
50 63 -1
50 64 -1
51 11 1
51 22 -1
51 30 -1
51 47 -1
51 49 -1
51 50 -1
51 52 -1
51 53 -1
51 54 -1
51 55 -1
51 56 -1
51 57 1
51 59 -1
51 60 -1
51 62 1
52 3 -1
52 5 -1
52 11 -1
52 32 -1
52 46 -1
52 49 1
52 51 -1
52 53 -1
52 54 -1
52 55 -1
52 58 -1
52 60 -1
52 61 -1
52 62 -1
52 63 -1
52 64 -1
53 8 -1
53 10 1
53 19 -1
53 23 -1
53 47 -1
53 49 -1
53 50 -1
53 51 -1
53 52 -1
53 55 -1
53 56 -1
53 57 1
53 58 1
53 61 1
53 62 -1
53 63 -1
54 15 -1
54 21 -1
54 35 -1
54 49 -1
54 51 -1
54 52 -1
54 55 1
54 57 -1
54 58 -1
54 59 -1
54 60 1
54 62 -1
54 63 1
54 64 -1
55 26 -1
55 28 -1
55 31 -1
55 45 -1
55 48 -1
55 49 -1
55 50 1
55 51 -1
55 52 -1
55 53 -1
55 54 1
55 56 -1
55 57 -1
55 58 -1
55 61 -1
55 63 -1
56 6 -1
56 21 -1
56 26 -1
56 39 1
56 45 -1
56 49 -1
56 50 -1
56 51 -1
56 53 -1
56 55 -1
56 59 -1
56 60 -1
56 61 -1
56 62 1
56 63 -1
56 64 1
57 1 -1
57 4 -1
57 9 -1
57 10 -1
57 14 -1
57 49 -1
57 50 1
57 51 1
57 53 1
57 54 -1
57 55 -1
57 58 -1
57 60 -1
57 61 -1
57 62 -1
57 64 1
58 2 -1
58 8 -1
58 17 -1
58 25 -1
58 30 -1
58 49 -1
58 52 -1
58 53 1
58 54 -1
58 55 -1
58 57 -1
58 59 -1
58 61 1
58 62 -1
58 63 -1
58 64 -1
59 1 -1
59 4 -1
59 35 1
59 42 -1
59 49 -1
59 50 -1
59 51 -1
59 54 -1
59 56 -1
59 58 -1
59 60 1
59 61 -1
59 62 -1
59 63 -1
59 64 1
60 3 -1
60 5 -1
60 23 1
60 33 -1
60 37 -1
60 50 -1
60 51 -1
60 52 -1
60 54 1
60 56 -1
60 57 -1
60 59 1
60 61 -1
60 62 -1
60 63 -1
60 64 1
61 10 -1
61 24 -1
61 37 -1
61 38 -1
61 49 -1
61 50 -1
61 52 -1
61 53 1
61 55 -1
61 56 -1
61 57 -1
61 58 1
61 59 -1
61 60 -1
61 64 -1
62 3 -1
62 8 -1
62 45 -1
62 46 -1
62 50 -1
62 51 1
62 52 -1
62 53 -1
62 54 -1
62 56 1
62 57 -1
62 58 -1
62 59 -1
62 60 -1
62 63 -1
63 19 1
63 21 -1
63 24 -1
63 31 -1
63 44 -1
63 50 -1
63 52 -1
63 53 -1
63 54 1
63 55 -1
63 56 -1
63 58 -1
63 59 -1
63 60 -1
63 62 -1
63 64 1
64 13 -1
64 31 -1
64 33 -1
64 38 -1
64 41 -1
64 49 1
64 50 -1
64 52 -1
64 54 -1
64 56 1
64 57 1
64 58 -1
64 59 1
64 60 1
64 61 -1
64 63 1
