1 2 -1
1 3 -1
1 6 -1
1 8 -1
1 9 -1
1 10 -1
1 12 -1
1 13 -1
1 14 1
1 15 1
1 16 1
1 23 1
1 36 1
1 38 -1
1 62 1
2 1 -1
2 3 -1
2 4 -1
2 7 -1
2 10 1
2 11 1
2 12 -1
2 13 -1
2 14 1
2 15 -1
2 16 -1
2 20 1
2 32 1
2 34 -1
2 52 -1
2 56 1
3 1 -1
3 2 -1
3 4 1
3 5 1
3 6 -1
3 8 1
3 9 -1
3 13 -1
3 14 -1
3 15 -1
3 16 -1
3 18 -1
3 34 -1
3 40 1
3 50 -1
3 54 -1
4 2 -1
4 3 1
4 5 -1
4 6 -1
4 7 -1
4 8 1
4 9 -1
4 10 1
4 13 -1
4 14 -1
4 15 1
4 30 -1
4 32 1
4 39 1
4 48 1
4 60 1
5 3 1
5 4 -1
5 6 -1
5 7 -1
5 8 -1
5 9 -1
5 10 -1
5 11 -1
5 12 -1
5 14 -1
5 15 1
5 25 1
5 29 -1
5 44 1
5 46 1
5 64 1
6 1 -1
6 3 -1
6 4 -1
6 5 -1
6 7 1
6 9 -1
6 10 -1
6 11 -1
6 12 1
6 13 1
6 14 1
6 22 -1
6 24 -1
6 39 1
6 47 -1
6 60 -1
7 2 -1
7 4 -1
7 5 -1
7 6 1
7 9 1
7 11 -1
7 12 -1
7 13 1
7 14 -1
7 15 -1
7 16 -1
7 23 -1
7 27 -1
7 49 -1
7 57 1
7 63 1
8 1 -1
8 3 1
8 4 1
8 5 -1
8 9 -1
8 11 1
8 12 1
8 13 -1
8 14 1
8 15 -1
8 16 -1
8 39 -1
8 40 -1
8 54 1
8 55 -1
8 62 -1
9 1 -1
9 3 -1
9 4 -1
9 5 -1
9 6 -1
9 7 1
9 8 -1
9 10 1
9 11 -1
9 13 1
9 16 1
9 24 1
9 25 1
9 34 1
9 46 -1
10 1 -1
10 2 1
10 4 1
10 5 -1
10 6 -1
10 9 1
10 11 -1
10 12 1
10 14 -1
10 15 1
10 16 1
10 44 -1
10 45 -1
10 54 1
10 61 1
10 64 1
11 2 1
11 5 -1
11 6 -1
11 7 -1
11 8 1
11 9 -1
11 10 -1
11 12 -1
11 13 1
11 15 -1
11 16 1
11 21 -1
11 42 1
11 58 -1
11 60 -1
11 62 -1
12 1 -1
12 2 -1
12 5 -1
12 6 1
12 7 -1
12 8 1
12 10 1
12 11 -1
12 14 1
12 15 -1
12 16 1
12 21 -1
12 32 -1
12 42 -1
12 44 -1
12 54 -1
13 1 -1
13 2 -1
13 3 -1
13 4 -1
13 6 1
13 7 1
13 8 -1
13 9 1
13 11 1
13 14 -1
13 16 -1
13 22 -1
13 29 -1
13 30 1
13 36 1
13 38 -1
14 1 1
14 2 1
14 3 -1
14 4 -1
14 5 -1
14 6 1
14 7 -1
14 8 1
14 10 -1
14 12 1
14 13 -1
14 18 1
14 19 -1
14 52 -1
14 61 -1
14 62 1
15 1 1
15 2 -1
15 3 -1
15 4 1
15 5 1
15 7 -1
15 8 -1
15 10 1
15 11 -1
15 12 -1
15 16 -1
15 27 -1
15 43 1
15 46 -1
15 53 1
15 58 1
16 1 1
16 2 -1
16 3 -1
16 7 -1
16 8 -1
16 9 1
16 10 1
16 11 1
16 12 1
16 13 -1
16 15 -1
16 20 -1
16 30 -1
16 33 -1
16 45 -1
16 64 1
17 19 -1
17 20 -1
17 21 1
17 23 1
17 24 1
17 27 -1
17 28 -1
17 29 -1
17 30 -1
17 31 1
17 32 1
17 41 -1
17 43 1
17 53 -1
17 59 -1
18 3 -1
18 14 1
18 19 1
18 20 -1
18 21 1
18 23 -1
18 26 -1
18 27 1
18 28 1
18 29 -1
18 30 1
18 31 -1
18 32 1
18 34 -1
18 41 1
18 61 -1
19 14 -1
19 17 -1
19 18 1
19 20 1
19 21 -1
19 22 1
19 23 -1
19 24 -1
19 25 -1
19 26 -1
19 27 -1
19 29 -1
19 48 1
19 50 -1
19 56 1
20 2 1
20 16 -1
20 17 -1
20 18 -1
20 19 1
20 22 1
20 24 1
20 25 -1
20 26 1
20 28 -1
20 30 1
20 31 1
20 32 -1
20 40 1
20 42 1
20 64 1
21 11 -1
21 12 -1
21 17 1
21 18 1
21 19 -1
21 22 -1
21 25 1
21 26 -1
21 27 1
21 28 1
21 29 -1
21 31 -1
21 32 -1
21 40 -1
21 42 1
21 58 1
22 6 -1
22 13 -1
22 19 1
22 20 1
22 21 -1
22 23 -1
22 24 -1
22 25 1
22 26 -1
22 28 -1
22 29 -1
22 30 1
22 31 -1
22 33 -1
22 41 1
22 57 -1
23 1 1
23 7 -1
23 17 1
23 18 -1
23 19 -1
23 22 -1
23 26 -1
23 27 1
23 28 1
23 29 -1
23 30 -1
23 31 -1
23 32 1
23 35 1
23 47 -1
23 50 1
24 6 -1
24 9 1
24 17 1
24 19 -1
24 20 1
24 22 -1
24 26 -1
24 27 -1
24 28 -1
24 29 -1
24 30 -1
24 31 -1
24 32 1
24 41 1
25 5 1
25 9 1
25 19 -1
25 20 -1
25 21 1
25 22 1
25 26 -1
25 27 1
25 28 1
25 29 -1
25 30 -1
25 31 1
25 32 -1
25 53 -1
25 59 1
25 64 -1
26 18 -1
26 19 -1
26 20 1
26 21 -1
26 22 -1
26 23 -1
26 24 -1
26 25 -1
26 27 -1
26 30 -1
26 32 1
26 35 -1
26 37 -1
26 39 -1
26 51 -1
27 7 -1
27 15 -1
27 17 -1
27 18 1
27 19 -1
27 21 1
27 23 1
27 24 -1
27 25 1
27 26 -1
27 28 1
27 30 1
27 32 -1
27 46 1
27 49 -1
27 60 1
28 17 -1
28 18 1
28 20 -1
28 21 1
28 22 -1
28 23 1
28 24 -1
28 25 1
28 27 1
28 29 -1
28 31 -1
28 40 -1
28 52 1
28 56 1
28 62 -1
29 5 -1
29 13 -1
29 17 -1
29 18 -1
29 19 -1
29 21 -1
29 22 -1
29 23 -1
29 24 -1
29 25 -1
29 28 -1
29 31 1
29 32 -1
29 47 -1
29 58 -1
29 63 1
30 4 -1
30 13 1
30 16 -1
30 17 -1
30 18 1
30 20 1
30 22 1
30 23 -1
30 24 -1
30 25 -1
30 26 -1
30 27 1
30 31 1
30 32 -1
30 37 -1
30 52 -1
31 17 1
31 18 -1
31 20 1
31 21 -1
31 22 -1
31 23 -1
31 24 -1
31 25 1
31 28 -1
31 29 1
31 30 1
31 37 -1
31 43 1
31 44 -1
31 52 -1
31 63 1
32 2 1
32 4 1
32 12 -1
32 17 1
32 18 1
32 20 -1
32 21 -1
32 23 1
32 24 1
32 25 -1
32 26 1
32 27 -1
32 29 -1
32 30 -1
32 55 -1
32 63 1
33 16 -1
33 22 -1
33 34 1
33 35 1
33 36 1
33 37 1
33 38 1
33 40 1
33 42 -1
33 44 1
33 45 -1
33 46 -1
33 47 1
33 50 -1
33 53 1
33 57 -1
34 2 -1
34 3 -1
34 9 1
34 18 -1
34 33 1
34 36 -1
34 37 -1
34 39 -1
34 40 -1
34 41 -1
34 42 -1
34 43 -1
34 45 1
34 46 -1
34 48 -1
34 49 1
35 23 1
35 26 -1
35 33 1
35 37 -1
35 39 -1
35 40 -1
35 41 -1
35 42 1
35 43 -1
35 45 1
35 46 -1
35 47 -1
35 48 1
35 51 -1
35 57 1
35 58 -1
36 1 1
36 13 1
36 33 1
36 34 -1
36 38 -1
36 39 -1
36 40 -1
36 43 -1
36 44 -1
36 45 1
36 46 1
36 47 1
36 48 -1
36 49 1
36 53 -1
36 59 1
37 26 -1
37 30 -1
37 31 -1
37 33 1
37 34 -1
37 35 -1
37 38 -1
37 39 -1
37 40 1
37 41 -1
37 43 -1
37 44 1
37 46 -1
37 48 1
37 57 1
38 1 -1
38 13 -1
38 33 1
38 36 -1
38 37 -1
38 39 1
38 41 1
38 42 -1
38 43 -1
38 44 -1
38 45 -1
38 47 -1
38 48 1
38 54 1
38 56 -1
39 4 1
39 6 1
39 8 -1
39 26 -1
39 34 -1
39 35 -1
39 36 -1
39 37 -1
39 38 1
39 40 1
39 42 -1
39 43 1
39 45 -1
39 46 -1
39 48 1
39 51 -1
40 3 1
40 8 -1
40 20 1
40 21 -1
40 28 -1
40 33 1
40 34 -1
40 35 -1
40 36 -1
40 37 1
40 39 1
40 41 -1
40 44 -1
40 45 -1
40 46 1
40 47 -1
41 17 -1
41 18 1
41 22 1
41 24 1
41 34 -1
41 35 -1
41 37 -1
41 38 1
41 40 -1
41 42 -1
41 43 -1
41 44 -1
41 45 -1
41 46 1
41 48 1
42 11 1
42 12 -1
42 20 1
42 21 1
42 33 -1
42 34 -1
42 35 1
42 38 -1
42 39 -1
42 41 -1
42 43 -1
42 44 -1
42 46 -1
42 47 -1
42 48 -1
42 51 1
43 15 1
43 17 1
43 31 1
43 34 -1
43 35 -1
43 36 -1
43 37 -1
43 38 -1
43 39 1
43 41 -1
43 42 -1
43 44 1
43 47 1
43 48 -1
43 60 1
44 5 1
44 10 -1
44 12 -1
44 31 -1
44 33 1
44 36 -1
44 37 1
44 38 -1
44 40 -1
44 41 -1
44 42 -1
44 43 1
44 45 1
44 46 1
44 47 -1
44 55 -1
45 10 -1
45 16 -1
45 33 -1
45 34 1
45 35 1
45 36 1
45 38 -1
45 39 -1
45 40 -1
45 41 -1
45 44 1
45 47 -1
45 48 1
45 49 -1
45 61 -1
45 63 1
46 5 1
46 9 -1
46 15 -1
46 27 1
46 33 -1
46 34 -1
46 35 -1
46 36 1
46 37 -1
46 39 -1
46 40 1
46 41 1
46 42 -1
46 44 1
46 47 -1
46 59 -1
47 6 -1
47 23 -1
47 29 -1
47 33 1
47 35 -1
47 36 1
47 38 -1
47 40 -1
47 42 -1
47 43 1
47 44 -1
47 45 -1
47 46 -1
47 48 1
47 55 -1
47 61 -1
48 4 1
48 19 1
48 34 -1
48 35 1
48 36 -1
48 37 1
48 38 1
48 39 1
48 41 1
48 42 -1
48 43 -1
48 45 1
48 47 1
48 51 1
48 55 -1
48 59 -1
49 7 -1
49 27 -1
49 34 1
49 36 1
49 45 -1
49 50 1
49 51 -1
49 52 -1
49 53 -1
49 54 1
49 55 1
49 56 -1
49 58 -1
49 60 -1
49 62 1
49 63 -1
50 3 -1
50 19 -1
50 23 1
50 33 -1
50 49 1
50 51 -1
50 52 1
50 53 -1
50 55 -1
50 56 -1
50 57 1
50 59 1
50 61 1
50 63 1
50 64 -1
51 26 -1
51 35 -1
51 39 -1
51 42 1
51 48 1
51 49 -1
51 50 -1
51 53 -1
51 54 1
51 55 -1
51 57 1
51 59 1
51 60 1
51 61 1
51 62 -1
51 64 -1
52 2 -1
52 14 -1
52 28 1
52 30 -1
52 31 -1
52 49 -1
52 50 1
52 54 -1
52 55 1
52 56 -1
52 58 1
52 59 1
52 60 -1
52 61 1
52 62 -1
52 64 1
53 15 1
53 17 -1
53 25 -1
53 33 1
53 36 -1
53 49 -1
53 50 -1
53 51 -1
53 54 -1
53 55 -1
53 56 1
53 58 -1
53 60 1
53 61 1
53 62 1
53 63 -1
54 3 -1
54 8 1
54 10 1
54 12 -1
54 38 1
54 49 1
54 51 1
54 52 -1
54 53 -1
54 56 -1
54 57 1
54 58 1
54 59 1
54 60 -1
54 61 1
54 62 -1
55 8 -1
55 32 -1
55 44 -1
55 47 -1
55 48 -1
55 49 1
55 50 -1
55 51 -1
55 52 1
55 53 -1
55 56 1
55 57 1
55 58 1
55 60 -1
55 63 -1
55 64 -1
56 2 1
56 19 1
56 28 1
56 38 -1
56 49 -1
56 50 -1
56 52 -1
56 53 1
56 54 -1
56 55 1
56 57 1
56 58 -1
56 59 -1
56 63 1
56 64 1
57 7 1
57 22 -1
57 33 -1
57 35 1
57 37 1
57 50 1
57 51 1
57 54 1
57 55 1
57 56 1
57 58 -1
57 59 -1
57 61 -1
57 62 -1
57 63 -1
57 64 -1
58 11 -1
58 15 1
58 21 1
58 29 -1
58 35 -1
58 49 -1
58 52 1
58 53 -1
58 54 1
58 55 1
58 56 -1
58 57 -1
58 60 -1
58 61 -1
58 63 -1
58 64 -1
59 17 -1
59 25 1
59 36 1
59 46 -1
59 48 -1
59 50 1
59 51 1
59 52 1
59 54 1
59 56 -1
59 57 -1
59 60 -1
59 61 -1
59 62 -1
59 63 -1
59 64 -1
60 4 1
60 6 -1
60 11 -1
60 27 1
60 43 1
60 49 -1
60 51 1
60 52 -1
60 53 1
60 54 -1
60 55 -1
60 58 -1
60 59 -1
60 61 -1
60 62 1
60 64 -1
61 10 1
61 14 -1
61 18 -1
61 45 -1
61 47 -1
61 50 1
61 51 1
61 52 1
61 53 1
61 54 1
61 57 -1
61 58 -1
61 59 -1
61 60 -1
61 62 -1
61 63 -1
62 1 1
62 8 -1
62 11 -1
62 14 1
62 28 -1
62 49 1
62 51 -1
62 52 -1
62 53 1
62 54 -1
62 57 -1
62 59 -1
62 60 1
62 61 -1
62 63 1
62 64 -1
63 7 1
63 29 1
63 31 1
63 32 1
63 45 1
63 49 -1
63 50 1
63 53 -1
63 55 -1
63 56 1
63 57 -1
63 58 -1
63 59 -1
63 61 -1
63 62 1
63 64 -1
64 5 1
64 10 1
64 16 1
64 20 1
64 25 -1
64 50 -1
64 51 -1
64 52 1
64 55 -1
64 56 1
64 57 -1
64 58 -1
64 59 -1
64 60 -1
64 62 -1
64 63 -1
