1 3 1
1 4 1
1 5 1
1 7 1
1 8 1
1 11 -1
1 12 1
1 13 -1
1 14 1
1 15 1
1 16 1
1 36 1
1 54 1
1 58 -1
1 64 1
2 5 1
2 6 -1
2 7 1
2 8 -1
2 10 1
2 11 1
2 12 1
2 13 -1
2 14 1
2 15 1
2 16 1
2 17 -1
2 39 1
2 40 1
2 57 -1
3 1 1
3 4 1
3 5 -1
3 8 1
3 9 1
3 10 -1
3 11 1
3 13 1
3 14 1
3 15 1
3 16 1
3 31 1
3 43 1
3 56 1
3 60 -1
3 63 1
4 1 1
4 3 1
4 6 -1
4 7 1
4 8 1
4 9 1
4 10 1
4 11 1
4 12 -1
4 13 1
4 15 -1
4 19 1
4 21 -1
4 23 -1
4 58 1
4 61 1
5 1 1
5 2 1
5 3 -1
5 6 1
5 9 -1
5 10 1
5 11 1
5 13 1
5 14 1
5 15 1
5 16 -1
5 33 1
5 42 1
5 43 1
5 46 -1
5 60 1
6 2 -1
6 4 -1
6 5 1
6 7 -1
6 8 1
6 9 -1
6 10 1
6 11 1
6 12 1
6 13 1
6 14 1
6 19 1
6 41 1
6 44 1
6 45 1
6 56 1
7 1 1
7 2 1
7 4 1
7 6 -1
7 8 1
7 9 1
7 11 1
7 12 1
7 13 1
7 15 1
7 16 1
7 29 1
7 34 -1
7 42 1
7 56 -1
7 59 1
8 1 1
8 2 -1
8 3 1
8 4 1
8 6 1
8 7 1
8 9 1
8 10 1
8 12 1
8 15 1
8 16 1
8 36 1
8 38 -1
8 42 1
8 43 1
8 63 1
9 3 1
9 4 1
9 5 -1
9 6 -1
9 7 1
9 8 1
9 10 1
9 12 1
9 13 1
9 14 1
9 16 -1
9 23 1
9 40 1
9 43 1
9 47 1
10 2 1
10 3 -1
10 4 1
10 5 1
10 6 1
10 8 1
10 9 1
10 11 1
10 12 1
10 14 1
10 15 -1
10 21 1
10 28 1
10 42 1
10 51 -1
10 52 1
11 1 -1
11 2 1
11 3 1
11 4 1
11 5 1
11 6 1
11 7 1
11 10 1
11 12 1
11 14 1
11 16 1
11 18 -1
11 30 1
11 31 1
11 34 1
11 35 1
12 1 1
12 2 1
12 4 -1
12 6 1
12 7 1
12 8 1
12 9 1
12 10 1
12 11 1
12 13 1
12 14 1
12 32 -1
12 35 1
12 37 1
12 45 1
12 49 1
13 1 -1
13 2 -1
13 3 1
13 4 1
13 5 1
13 6 1
13 7 1
13 9 1
13 12 1
13 15 1
13 16 1
13 27 1
13 28 -1
13 32 1
13 56 1
13 64 -1
14 1 1
14 2 1
14 3 1
14 5 1
14 6 1
14 9 1
14 10 1
14 11 1
14 12 1
14 15 1
14 16 -1
14 17 1
14 24 1
14 49 -1
14 62 1
14 63 1
15 1 1
15 2 1
15 3 1
15 4 -1
15 5 1
15 7 1
15 8 1
15 10 -1
15 13 1
15 14 1
15 16 1
15 18 1
15 25 -1
15 33 1
15 49 1
15 51 1
16 1 1
16 2 1
16 3 1
16 5 -1
16 7 1
16 8 1
16 9 -1
16 11 1
16 13 1
16 14 -1
16 15 1
16 27 1
16 47 1
16 50 1
16 51 1
16 53 1
17 2 -1
17 14 1
17 19 1
17 20 1
17 21 -1
17 22 1
17 24 1
17 26 1
17 27 -1
17 28 1
17 29 1
17 31 1
17 32 1
17 52 -1
17 60 1
17 63 1
18 11 -1
18 15 1
18 20 1
18 21 1
18 22 1
18 23 1
18 24 1
18 25 1
18 26 1
18 28 1
18 30 1
18 31 1
18 32 1
18 38 -1
18 45 1
18 57 1
19 4 1
19 6 1
19 17 1
19 20 1
19 21 1
19 22 1
19 23 1
19 25 1
19 27 1
19 29 1
19 30 1
19 31 1
19 32 1
19 34 1
19 44 1
19 61 -1
20 17 1
20 18 1
20 19 1
20 21 1
20 24 1
20 25 1
20 27 1
20 29 1
20 30 -1
20 31 1
20 32 1
20 41 1
20 53 -1
20 57 1
20 59 1
21 4 -1
21 10 1
21 17 -1
21 18 1
21 19 1
21 20 1
21 22 -1
21 23 -1
21 26 1
21 27 -1
21 28 1
21 30 1
21 31 1
21 34 1
21 41 1
21 44 1
22 17 1
22 18 1
22 19 1
22 21 -1
22 24 1
22 26 -1
22 27 1
22 29 -1
22 30 1
22 31 1
22 32 1
22 36 1
22 40 1
22 46 -1
22 58 1
22 64 1
23 4 -1
23 9 1
23 18 1
23 19 1
23 21 -1
23 24 1
23 25 1
23 26 1
23 27 1
23 28 1
23 29 1
23 31 -1
23 32 1
23 43 -1
23 51 -1
23 62 1
24 14 1
24 17 1
24 18 1
24 20 1
24 22 1
24 23 1
24 25 1
24 26 -1
24 28 1
24 29 1
24 30 -1
24 31 1
24 52 1
24 55 1
24 62 -1
24 64 1
25 15 -1
25 18 1
25 19 1
25 20 1
25 23 1
25 24 1
25 26 1
25 28 -1
25 29 1
25 30 1
25 31 -1
25 32 1
25 33 1
25 37 1
25 51 1
25 55 -1
26 17 1
26 18 1
26 21 1
26 22 -1
26 23 1
26 24 -1
26 25 1
26 27 1
26 28 1
26 30 1
26 32 1
26 38 -1
26 41 -1
26 46 1
26 58 1
26 60 1
27 13 1
27 16 1
27 17 -1
27 19 1
27 20 1
27 21 -1
27 22 1
27 23 1
27 26 1
27 28 1
27 29 1
27 30 1
27 32 -1
27 40 1
27 45 1
27 48 1
28 10 1
28 13 -1
28 17 1
28 18 1
28 21 1
28 23 1
28 24 1
28 25 -1
28 26 1
28 27 1
28 30 1
28 31 1
28 32 -1
28 39 -1
28 53 1
28 57 1
29 7 1
29 17 1
29 19 1
29 20 1
29 22 -1
29 23 1
29 24 1
29 25 1
29 27 1
29 30 1
29 31 -1
29 32 1
29 35 1
29 42 1
29 46 1
29 53 1
30 11 1
30 18 1
30 19 1
30 20 -1
30 21 1
30 22 1
30 24 -1
30 25 1
30 26 1
30 27 1
30 28 1
30 29 1
30 33 -1
30 49 1
30 57 1
30 63 1
31 3 1
31 11 1
31 17 1
31 18 1
31 19 1
31 20 1
31 21 1
31 22 1
31 23 -1
31 24 1
31 25 -1
31 28 1
31 29 -1
31 40 1
31 59 1
31 60 1
32 12 -1
32 13 1
32 17 1
32 18 1
32 19 1
32 20 1
32 22 1
32 23 1
32 25 1
32 26 1
32 27 -1
32 28 -1
32 29 1
32 37 1
32 47 1
32 53 1
33 5 1
33 15 1
33 25 1
33 30 -1
33 34 1
33 35 -1
33 36 1
33 37 1
33 38 1
33 39 1
33 40 1
33 43 1
33 45 1
33 46 1
33 48 1
33 54 -1
34 7 -1
34 11 1
34 19 1
34 21 1
34 33 1
34 35 1
34 36 1
34 39 1
34 40 -1
34 41 -1
34 42 1
34 43 1
34 46 1
34 47 -1
34 48 1
34 55 1
35 11 1
35 12 1
35 29 1
35 33 -1
35 34 1
35 36 -1
35 38 1
35 39 -1
35 40 1
35 41 1
35 43 -1
35 44 1
35 45 1
35 47 1
35 50 1
35 61 1
36 1 1
36 8 1
36 22 1
36 33 1
36 34 1
36 35 -1
36 37 1
36 38 1
36 39 -1
36 41 1
36 44 1
36 45 1
36 46 1
36 47 1
36 49 1
36 62 1
37 12 1
37 25 1
37 32 1
37 33 1
37 36 1
37 38 1
37 39 1
37 40 1
37 41 -1
37 43 1
37 44 1
37 45 -1
37 47 -1
37 48 1
37 52 -1
37 64 1
38 8 -1
38 18 -1
38 26 -1
38 33 1
38 35 1
38 36 1
38 37 1
38 39 1
38 41 1
38 42 -1
38 43 1
38 44 1
38 46 1
38 48 1
38 52 1
38 55 1
39 2 1
39 28 -1
39 33 1
39 34 1
39 35 -1
39 36 -1
39 37 1
39 38 1
39 40 1
39 42 1
39 45 1
39 46 -1
39 48 -1
39 54 1
39 58 1
40 2 1
40 9 1
40 22 1
40 27 1
40 31 1
40 33 1
40 34 -1
40 35 1
40 37 1
40 39 1
40 42 1
40 43 -1
40 44 1
40 45 1
40 46 1
40 48 1
41 6 1
41 20 1
41 21 1
41 26 -1
41 34 -1
41 35 1
41 36 1
41 37 -1
41 38 1
41 42 1
41 44 1
41 45 -1
41 46 1
41 47 1
41 48 1
41 55 1
42 5 1
42 7 1
42 8 1
42 10 1
42 29 1
42 34 1
42 38 -1
42 39 1
42 40 1
42 41 1
42 43 1
42 44 1
42 45 1
42 46 1
42 47 1
42 48 1
43 3 1
43 5 1
43 8 1
43 9 1
43 23 -1
43 33 1
43 34 1
43 35 -1
43 37 1
43 38 1
43 40 -1
43 42 1
43 44 1
43 45 1
43 46 1
43 47 1
44 6 1
44 19 1
44 21 1
44 35 1
44 36 1
44 37 1
44 38 1
44 40 1
44 41 1
44 42 1
44 43 1
44 45 1
44 47 1
44 48 1
44 61 -1
45 6 1
45 12 1
45 18 1
45 27 1
45 33 1
45 35 1
45 36 1
45 37 -1
45 39 1
45 40 1
45 41 -1
45 42 1
45 43 1
45 44 1
45 47 1
45 59 1
46 5 -1
46 22 -1
46 26 1
46 29 1
46 33 1
46 34 1
46 36 1
46 38 1
46 39 -1
46 40 1
46 41 1
46 42 1
46 43 1
46 47 -1
46 48 1
46 50 1
47 9 1
47 16 1
47 32 1
47 34 -1
47 35 1
47 36 1
47 37 -1
47 41 1
47 42 1
47 43 1
47 44 1
47 45 1
47 46 -1
47 48 1
47 56 1
48 27 1
48 33 1
48 34 1
48 37 1
48 38 1
48 39 -1
48 40 1
48 41 1
48 42 1
48 44 1
48 46 1
48 47 1
48 50 -1
48 54 1
48 62 1
49 12 1
49 14 -1
49 15 1
49 30 1
49 36 1
49 50 1
49 51 1
49 52 1
49 54 1
49 55 1
49 56 1
49 57 1
49 58 1
49 59 1
49 61 1
49 64 1
50 16 1
50 35 1
50 46 1
50 48 -1
50 49 1
50 52 -1
50 54 1
50 56 1
50 58 1
50 59 -1
50 60 1
50 61 1
50 62 -1
50 63 1
50 64 1
51 10 -1
51 15 1
51 16 1
51 23 -1
51 25 1
51 49 1
51 52 1
51 53 1
51 54 -1
51 55 1
51 56 -1
51 57 -1
51 59 1
51 60 1
51 62 1
51 63 1
52 10 1
52 17 -1
52 24 1
52 37 -1
52 38 1
52 49 1
52 50 -1
52 51 1
52 53 1
52 54 1
52 56 1
52 57 1
52 59 1
52 61 1
52 62 1
52 64 1
53 16 1
53 20 -1
53 28 1
53 29 1
53 32 1
53 51 1
53 52 1
53 54 1
53 55 1
53 56 1
53 57 1
53 58 1
53 59 1
53 60 1
53 61 -1
53 62 -1
54 1 1
54 33 -1
54 39 1
54 48 1
54 49 1
54 50 1
54 51 -1
54 52 1
54 53 1
54 55 1
54 57 -1
54 60 -1
54 62 1
54 63 -1
54 64 1
55 24 1
55 25 -1
55 34 1
55 38 1
55 41 1
55 49 1
55 51 1
55 53 1
55 54 1
55 56 1
55 57 1
55 58 1
55 60 1
55 61 -1
55 63 1
55 64 1
56 3 1
56 6 1
56 7 -1
56 13 1
56 47 1
56 49 1
56 50 1
56 51 -1
56 52 1
56 53 1
56 55 1
56 58 1
56 59 1
56 61 -1
56 62 -1
56 63 -1
57 2 -1
57 18 1
57 20 1
57 28 1
57 30 1
57 49 1
57 51 -1
57 52 1
57 53 1
57 54 -1
57 55 1
57 58 1
57 59 1
57 62 1
57 63 1
57 64 1
58 1 -1
58 4 1
58 22 1
58 26 1
58 39 1
58 49 1
58 50 1
58 53 1
58 55 1
58 56 1
58 57 1
58 60 1
58 61 -1
58 62 1
58 63 1
58 64 1
59 7 1
59 20 1
59 31 1
59 45 1
59 49 1
59 50 -1
59 51 1
59 52 1
59 53 1
59 56 1
59 57 1
59 60 1
59 61 1
59 63 1
59 64 1
60 3 -1
60 5 1
60 17 1
60 26 1
60 31 1
60 50 1
60 51 1
60 53 1
60 54 -1
60 55 1
60 58 1
60 59 1
60 61 1
60 62 1
60 63 1
60 64 1
61 4 1
61 19 -1
61 35 1
61 44 -1
61 49 1
61 50 1
61 52 1
61 53 -1
61 55 -1
61 56 -1
61 58 -1
61 59 1
61 60 1
61 62 1
61 63 1
62 14 1
62 23 1
62 24 -1
62 36 1
62 48 1
62 50 -1
62 51 1
62 52 1
62 53 -1
62 54 1
62 56 -1
62 57 1
62 58 1
62 60 1
62 61 1
62 64 -1
63 3 1
63 8 1
63 14 1
63 17 1
63 30 1
63 50 1
63 51 1
63 54 -1
63 55 1
63 56 -1
63 57 1
63 58 1
63 59 1
63 60 1
63 61 1
63 64 1
64 1 1
64 13 -1
64 22 1
64 24 1
64 37 1
64 49 1
64 50 1
64 52 1
64 54 1
64 55 1
64 57 1
64 58 1
64 59 1
64 60 1
64 62 -1
64 63 1
