1 2 1
1 3 -1
1 5 1
1 6 -1
1 8 -1
1 9 -1
1 11 1
1 12 -1
1 13 1
1 15 -1
1 16 1
1 31 1
1 37 1
1 41 1
1 61 1
1 63 1
2 1 1
2 4 -1
2 5 1
2 6 1
2 7 1
2 11 -1
2 12 1
2 13 1
2 14 1
2 15 1
2 16 -1
2 19 1
2 34 1
2 39 -1
2 52 1
2 53 1
3 1 -1
3 4 -1
3 5 -1
3 6 1
3 7 -1
3 8 1
3 9 1
3 10 -1
3 12 1
3 15 1
3 16 1
3 19 1
3 22 -1
3 23 1
3 32 1
3 41 1
4 2 -1
4 3 -1
4 5 1
4 7 -1
4 8 -1
4 9 -1
4 10 1
4 12 -1
4 13 1
4 14 1
4 15 1
4 20 1
4 32 1
4 42 1
4 55 1
5 1 1
5 2 1
5 3 -1
5 4 1
5 6 1
5 7 1
5 8 -1
5 10 1
5 14 1
5 15 1
5 16 1
5 21 1
5 45 -1
5 52 1
5 56 -1
5 57 -1
6 1 -1
6 2 1
6 3 1
6 5 1
6 8 1
6 9 -1
6 10 -1
6 11 1
6 12 -1
6 13 1
6 16 -1
6 34 1
6 40 1
6 49 -1
6 54 1
6 62 -1
7 2 1
7 3 -1
7 4 -1
7 5 1
7 8 -1
7 9 1
7 10 1
7 11 -1
7 14 1
7 15 -1
7 16 -1
7 23 -1
7 31 1
7 34 -1
7 38 1
7 44 1
8 1 -1
8 3 1
8 4 -1
8 5 -1
8 6 1
8 7 -1
8 9 -1
8 12 1
8 13 1
8 14 1
8 16 1
8 18 -1
8 29 -1
8 37 -1
8 44 -1
8 45 -1
9 1 -1
9 3 1
9 4 -1
9 6 -1
9 7 1
9 8 -1
9 10 -1
9 11 1
9 13 -1
9 14 1
9 16 -1
9 36 1
9 48 -1
9 52 -1
9 57 1
9 64 -1
10 3 -1
10 4 1
10 5 1
10 6 -1
10 7 1
10 9 -1
10 11 1
10 13 1
10 14 1
10 15 1
10 16 1
10 36 -1
10 39 -1
10 44 -1
10 50 1
10 64 1
11 1 1
11 2 -1
11 6 1
11 7 -1
11 9 1
11 10 1
11 12 -1
11 13 1
11 14 -1
11 15 1
11 16 -1
11 22 1
11 30 -1
11 43 1
11 48 1
11 52 1
12 1 -1
12 2 1
12 3 1
12 4 -1
12 6 -1
12 8 1
12 11 -1
12 13 1
12 14 -1
12 15 -1
12 16 1
12 44 1
12 50 -1
12 54 -1
12 58 1
12 62 1
13 1 1
13 2 1
13 4 1
13 6 1
13 8 1
13 9 -1
13 10 1
13 11 1
13 12 1
13 14 -1
13 15 -1
13 27 -1
13 29 1
13 58 1
13 60 1
14 2 1
14 4 1
14 5 1
14 7 1
14 8 1
14 9 1
14 10 1
14 11 -1
14 12 -1
14 13 -1
14 15 -1
14 25 -1
14 30 1
14 53 1
14 57 -1
14 62 1
15 1 -1
15 2 1
15 3 1
15 4 1
15 5 1
15 7 -1
15 10 1
15 11 1
15 12 -1
15 13 -1
15 14 -1
15 25 1
15 47 1
15 51 1
15 54 1
15 55 -1
16 1 1
16 2 -1
16 3 1
16 5 1
16 6 -1
16 7 -1
16 8 1
16 9 -1
16 10 1
16 11 -1
16 12 1
16 30 1
16 31 1
16 33 -1
16 38 1
16 61 -1
17 18 1
17 19 -1
17 20 1
17 21 1
17 23 1
17 24 1
17 26 -1
17 28 -1
17 29 1
17 31 -1
17 32 -1
17 35 -1
17 37 1
17 40 1
17 60 1
18 8 -1
18 17 1
18 19 1
18 21 -1
18 22 -1
18 23 -1
18 24 -1
18 26 1
18 28 -1
18 29 1
18 30 1
18 32 1
18 42 1
18 58 1
18 59 -1
18 64 1
19 2 1
19 3 1
19 17 -1
19 18 1
19 20 -1
19 21 -1
19 23 1
19 25 1
19 26 -1
19 28 1
19 29 1
19 30 -1
19 32 1
19 37 1
19 44 -1
19 53 -1
20 4 1
20 17 1
20 19 -1
20 22 1
20 25 1
20 26 1
20 27 -1
20 28 1
20 29 1
20 30 1
20 31 1
20 32 1
20 36 -1
20 47 -1
20 48 1
20 50 -1
21 5 1
21 17 1
21 18 -1
21 19 -1
21 22 -1
21 24 1
21 26 1
21 27 1
21 28 1
21 29 -1
21 31 -1
21 32 -1
21 43 -1
21 45 1
21 47 1
21 57 1
22 3 -1
22 11 1
22 18 -1
22 20 1
22 21 -1
22 23 1
22 24 -1
22 25 1
22 27 -1
22 28 -1
22 30 -1
22 31 -1
22 32 1
22 41 -1
22 43 -1
22 53 1
23 3 1
23 7 -1
23 17 1
23 18 -1
23 19 1
23 22 1
23 24 -1
23 25 1
23 26 -1
23 27 1
23 28 1
23 29 1
23 30 -1
23 41 1
23 46 1
23 58 -1
24 17 1
24 18 -1
24 21 1
24 22 -1
24 23 -1
24 25 1
24 26 1
24 27 -1
24 29 1
24 30 -1
24 31 1
24 33 1
24 39 1
24 45 1
24 51 1
24 63 1
25 14 -1
25 15 1
25 19 1
25 20 1
25 22 1
25 23 1
25 24 1
25 27 -1
25 28 -1
25 29 -1
25 30 -1
25 31 -1
25 32 1
25 34 -1
25 49 1
25 55 -1
26 17 -1
26 18 1
26 19 -1
26 20 1
26 21 1
26 23 -1
26 24 1
26 28 1
26 29 1
26 30 1
26 31 1
26 42 1
26 49 1
26 55 -1
26 60 1
26 62 1
27 13 -1
27 20 -1
27 21 1
27 22 -1
27 23 1
27 24 -1
27 25 -1
27 28 -1
27 29 1
27 30 1
27 31 -1
27 32 1
27 33 -1
27 40 -1
27 49 1
27 63 1
28 17 -1
28 18 -1
28 19 1
28 20 1
28 21 1
28 22 -1
28 23 1
28 25 -1
28 26 1
28 27 -1
28 32 1
28 40 1
28 46 1
28 48 1
28 58 1
28 64 1
29 8 -1
29 13 1
29 17 1
29 18 1
29 19 1
29 20 1
29 21 -1
29 23 1
29 24 1
29 25 -1
29 26 1
29 27 1
29 31 1
29 38 -1
29 63 1
30 11 -1
30 14 1
30 16 1
30 18 1
30 19 -1
30 20 1
30 22 -1
30 23 -1
30 24 -1
30 25 -1
30 26 1
30 27 1
30 31 1
30 32 1
30 43 1
30 51 -1
31 1 1
31 7 1
31 16 1
31 17 -1
31 20 1
31 21 -1
31 22 -1
31 24 1
31 25 -1
31 26 1
31 27 -1
31 29 1
31 30 1
31 32 -1
31 35 -1
31 64 1
32 3 1
32 4 1
32 17 -1
32 18 1
32 19 1
32 20 1
32 21 -1
32 22 1
32 25 1
32 27 1
32 28 1
32 30 1
32 31 -1
32 47 1
32 59 -1
33 16 -1
33 24 1
33 27 -1
33 34 -1
33 36 -1
33 37 1
33 38 1
33 39 -1
33 40 1
33 41 1
33 42 1
33 43 -1
33 45 1
33 46 -1
33 61 1
33 63 1
34 2 1
34 6 1
34 7 -1
34 25 -1
34 33 -1
34 36 1
34 37 1
34 38 -1
34 39 -1
34 40 -1
34 42 1
34 43 1
34 45 -1
34 46 1
34 47 -1
34 61 1
35 17 -1
35 31 -1
35 36 1
35 37 -1
35 38 1
35 39 1
35 40 1
35 41 -1
35 42 -1
35 45 1
35 46 -1
35 47 1
35 48 1
35 51 1
35 55 1
35 59 -1
36 9 1
36 10 -1
36 20 -1
36 33 -1
36 34 1
36 35 1
36 38 1
36 39 1
36 41 1
36 42 -1
36 43 1
36 44 1
36 45 1
36 48 -1
36 59 1
37 1 1
37 8 -1
37 17 1
37 19 1
37 33 1
37 34 1
37 35 -1
37 38 1
37 40 1
37 41 1
37 43 -1
37 44 -1
37 45 1
37 47 1
37 48 1
37 52 1
38 7 1
38 16 1
38 29 -1
38 33 1
38 34 -1
38 35 1
38 36 1
38 37 1
38 39 1
38 41 1
38 43 -1
38 44 1
38 47 1
38 48 -1
38 50 -1
38 53 1
39 2 -1
39 10 -1
39 24 1
39 33 -1
39 34 -1
39 35 1
39 36 1
39 38 1
39 40 1
39 41 -1
39 42 -1
39 44 1
39 46 1
39 48 1
39 54 1
39 62 -1
40 6 1
40 17 1
40 27 -1
40 28 1
40 33 1
40 34 -1
40 35 1
40 37 1
40 39 1
40 42 1
40 43 -1
40 44 -1
40 45 1
40 46 -1
40 47 -1
40 56 1
41 1 1
41 3 1
41 22 -1
41 23 1
41 33 1
41 35 -1
41 36 1
41 37 1
41 38 1
41 39 -1
41 43 1
41 45 -1
41 46 -1
41 47 1
41 48 -1
41 49 1
42 4 1
42 18 1
42 26 1
42 33 1
42 34 1
42 35 -1
42 36 -1
42 39 -1
42 40 1
42 43 1
42 44 -1
42 45 -1
42 47 -1
42 48 1
42 50 -1
42 60 1
43 11 1
43 21 -1
43 22 -1
43 30 1
43 33 -1
43 34 1
43 36 1
43 37 -1
43 38 -1
43 40 -1
43 41 1
43 42 1
43 44 1
43 46 1
43 48 -1
43 54 1
44 7 1
44 8 -1
44 10 -1
44 12 1
44 19 -1
44 36 1
44 37 -1
44 38 1
44 39 1
44 40 -1
44 42 -1
44 43 1
44 45 1
44 46 -1
44 47 1
44 48 1
45 5 -1
45 8 -1
45 21 1
45 24 1
45 33 1
45 34 -1
45 35 1
45 36 1
45 37 1
45 40 1
45 41 -1
45 42 -1
45 44 1
45 46 -1
45 47 -1
45 57 1
46 23 1
46 28 1
46 33 -1
46 34 1
46 35 -1
46 39 1
46 40 -1
46 41 -1
46 43 1
46 44 -1
46 45 -1
46 47 1
46 48 -1
46 51 1
46 56 1
47 15 1
47 20 -1
47 21 1
47 32 1
47 34 -1
47 35 1
47 37 1
47 38 1
47 40 -1
47 41 1
47 42 -1
47 44 1
47 45 -1
47 46 1
47 48 -1
47 56 -1
48 9 -1
48 11 1
48 20 1
48 28 1
48 35 1
48 36 -1
48 37 1
48 38 -1
48 39 1
48 41 -1
48 42 1
48 43 -1
48 44 1
48 46 -1
48 47 -1
48 61 1
49 6 -1
49 25 1
49 26 1
49 27 1
49 41 1
49 50 1
49 51 -1
49 52 1
49 53 1
49 54 1
49 55 -1
49 56 -1
49 57 -1
49 60 -1
49 62 -1
49 64 1
50 10 1
50 12 -1
50 20 -1
50 38 -1
50 42 -1
50 49 1
50 51 1
50 52 1
50 54 -1
50 56 1
50 57 -1
50 58 1
50 60 -1
50 62 1
50 63 1
50 64 -1
51 15 1
51 24 1
51 30 -1
51 35 1
51 46 1
51 49 -1
51 50 1
51 52 1
51 53 -1
51 56 -1
51 57 1
51 58 1
51 59 1
51 60 -1
51 61 -1
51 62 -1
52 2 1
52 5 1
52 9 -1
52 11 1
52 37 1
52 49 1
52 50 1
52 51 1
52 53 -1
52 55 -1
52 56 -1
52 58 -1
52 59 1
52 61 1
52 63 1
52 64 1
53 2 1
53 14 1
53 19 -1
53 22 1
53 38 1
53 49 1
53 51 -1
53 52 -1
53 56 -1
53 57 -1
53 58 -1
53 59 1
53 60 1
53 62 -1
53 63 1
53 64 1
54 6 1
54 12 -1
54 15 1
54 39 1
54 43 1
54 49 1
54 50 -1
54 55 -1
54 56 1
54 57 1
54 58 -1
54 60 1
54 61 -1
54 62 1
54 63 1
54 64 1
55 4 1
55 15 -1
55 25 -1
55 26 -1
55 35 1
55 49 -1
55 52 -1
55 54 -1
55 56 -1
55 57 1
55 58 1
55 59 -1
55 60 1
55 61 1
55 62 1
55 64 -1
56 5 -1
56 40 1
56 46 1
56 47 -1
56 49 -1
56 50 1
56 51 -1
56 52 -1
56 53 -1
56 54 1
56 55 -1
56 59 1
56 61 1
56 62 -1
56 63 1
57 5 -1
57 9 1
57 14 -1
57 21 1
57 45 1
57 49 -1
57 50 -1
57 51 1
57 53 -1
57 54 1
57 55 1
57 58 1
57 59 1
57 60 1
57 63 1
57 64 1
58 12 1
58 13 1
58 18 1
58 23 -1
58 28 1
58 50 1
58 51 1
58 52 -1
58 53 -1
58 54 -1
58 55 1
58 57 1
58 59 1
58 61 1
58 63 1
58 64 1
59 18 -1
59 32 -1
59 35 -1
59 36 1
59 51 1
59 52 1
59 53 1
59 55 -1
59 56 1
59 57 1
59 58 1
59 60 -1
59 61 -1
59 63 1
59 64 -1
60 13 1
60 17 1
60 26 1
60 42 1
60 49 -1
60 50 -1
60 51 -1
60 53 1
60 54 1
60 55 1
60 57 1
60 59 -1
60 61 1
60 62 1
60 63 1
61 1 1
61 16 -1
61 33 1
61 34 1
61 48 1
61 51 -1
61 52 1
61 54 -1
61 55 1
61 56 1
61 58 1
61 59 -1
61 60 1
61 62 1
61 63 -1
61 64 1
62 6 -1
62 12 1
62 14 1
62 26 1
62 39 -1
62 49 -1
62 50 1
62 51 -1
62 53 -1
62 54 1
62 55 1
62 56 -1
62 60 1
62 61 1
62 63 1
62 64 -1
63 1 1
63 24 1
63 27 1
63 29 1
63 33 1
63 50 1
63 52 1
63 53 1
63 54 1
63 56 1
63 57 1
63 58 1
63 59 1
63 60 1
63 61 -1
63 62 1
64 9 -1
64 10 1
64 18 1
64 28 1
64 31 1
64 49 1
64 50 -1
64 52 1
64 53 1
64 54 1
64 55 -1
64 57 1
64 58 1
64 59 -1
64 61 1
64 62 -1
