1 2 -1
1 3 1
1 4 1
1 5 -1
1 6 -1
1 7 -1
1 8 -1
1 9 -1
1 11 -1
1 13 -1
1 16 -1
1 17 1
1 27 -1
1 30 1
1 57 -1
2 1 -1
2 3 -1
2 4 -1
2 5 -1
2 6 -1
2 7 -1
2 9 -1
2 11 -1
2 12 -1
2 13 -1
2 14 -1
2 29 1
2 46 1
2 48 -1
2 53 -1
2 60 -1
3 1 1
3 2 -1
3 4 -1
3 5 -1
3 8 -1
3 9 -1
3 11 -1
3 13 -1
3 14 -1
3 15 -1
3 16 1
3 18 -1
3 24 -1
3 54 -1
3 59 1
3 64 -1
4 1 1
4 2 -1
4 3 -1
4 5 -1
4 6 -1
4 9 1
4 10 -1
4 11 -1
4 13 -1
4 14 -1
4 16 1
4 23 -1
4 34 -1
4 54 -1
4 62 -1
4 63 -1
5 1 -1
5 2 -1
5 3 -1
5 4 -1
5 7 -1
5 8 -1
5 10 -1
5 11 1
5 12 -1
5 13 -1
5 15 -1
5 26 -1
5 27 1
5 28 -1
5 35 1
5 46 -1
6 1 -1
6 2 -1
6 4 -1
6 7 -1
6 8 1
6 9 -1
6 10 -1
6 12 1
6 14 -1
6 15 -1
6 16 -1
6 27 -1
6 44 -1
6 50 -1
6 52 -1
6 53 -1
7 1 -1
7 2 -1
7 5 -1
7 6 -1
7 8 -1
7 10 -1
7 11 -1
7 12 -1
7 13 -1
7 15 -1
7 16 -1
7 18 -1
7 35 1
7 37 -1
7 42 1
7 57 -1
8 1 -1
8 3 -1
8 5 -1
8 6 1
8 7 -1
8 9 -1
8 10 -1
8 11 -1
8 12 1
8 13 -1
8 14 1
8 19 -1
8 48 -1
8 53 -1
8 63 -1
8 64 -1
9 1 -1
9 2 -1
9 3 -1
9 4 1
9 6 -1
9 8 -1
9 10 1
9 12 -1
9 14 -1
9 15 -1
9 16 -1
9 17 -1
9 27 -1
9 40 -1
9 44 1
9 54 -1
10 4 -1
10 5 -1
10 6 -1
10 7 -1
10 8 -1
10 9 1
10 11 -1
10 12 -1
10 14 -1
10 15 -1
10 16 1
10 23 -1
10 35 -1
10 42 -1
10 62 -1
10 63 -1
11 1 -1
11 2 -1
11 3 -1
11 4 -1
11 5 1
11 7 -1
11 8 -1
11 10 -1
11 12 -1
11 13 -1
11 15 -1
11 26 -1
11 36 -1
11 39 -1
11 50 -1
11 61 -1
12 2 -1
12 5 -1
12 6 1
12 7 -1
12 8 1
12 9 -1
12 10 -1
12 11 -1
12 14 1
12 15 -1
12 16 -1
12 44 -1
12 49 -1
12 56 1
12 60 -1
12 64 1
13 1 -1
13 2 -1
13 3 -1
13 4 -1
13 5 -1
13 7 -1
13 8 -1
13 11 -1
13 14 -1
13 15 -1
13 16 -1
13 23 -1
13 35 1
13 43 -1
13 49 1
13 55 -1
14 2 -1
14 3 -1
14 4 -1
14 6 -1
14 8 1
14 9 -1
14 10 -1
14 12 1
14 13 -1
14 15 1
14 16 -1
14 19 -1
14 28 -1
14 46 -1
14 54 -1
15 3 -1
15 5 -1
15 6 -1
15 7 -1
15 9 -1
15 10 -1
15 11 -1
15 12 -1
15 13 -1
15 14 1
15 16 -1
15 17 -1
15 37 -1
15 43 -1
15 45 -1
15 55 1
16 1 -1
16 3 1
16 4 1
16 6 -1
16 7 -1
16 9 -1
16 10 1
16 12 -1
16 13 -1
16 14 -1
16 15 -1
16 17 1
16 36 1
16 40 -1
16 41 -1
16 57 -1
17 1 1
17 9 -1
17 15 -1
17 16 1
17 18 -1
17 19 -1
17 22 1
17 23 1
17 24 -1
17 25 -1
17 26 -1
17 27 -1
17 29 -1
17 31 -1
17 32 1
18 3 -1
18 7 -1
18 17 -1
18 20 -1
18 21 -1
18 22 -1
18 23 -1
18 24 1
18 26 -1
18 28 -1
18 29 -1
18 31 -1
18 32 -1
18 38 -1
18 46 -1
18 51 1
19 8 -1
19 14 -1
19 17 -1
19 20 -1
19 21 -1
19 24 -1
19 25 -1
19 26 1
19 28 -1
19 29 -1
19 30 -1
19 31 -1
19 32 -1
19 38 -1
19 58 -1
19 64 -1
20 18 -1
20 19 -1
20 21 -1
20 23 -1
20 24 -1
20 25 1
20 26 -1
20 27 1
20 28 -1
20 29 1
20 30 -1
20 36 -1
20 39 1
20 41 -1
20 50 1
21 18 -1
21 19 -1
21 20 -1
21 23 -1
21 24 -1
21 25 1
21 26 1
21 29 -1
21 30 -1
21 31 1
21 32 1
21 35 -1
21 47 -1
21 50 -1
21 55 1
21 58 -1
22 17 1
22 18 -1
22 23 -1
22 24 -1
22 25 -1
22 26 1
22 27 -1
22 28 -1
22 30 -1
22 31 -1
22 32 -1
22 33 -1
22 44 -1
22 53 1
22 61 -1
22 62 -1
23 4 -1
23 10 -1
23 13 -1
23 17 1
23 18 -1
23 20 -1
23 21 -1
23 22 -1
23 24 -1
23 26 -1
23 27 -1
23 28 1
23 29 -1
23 32 -1
23 33 -1
23 45 -1
24 3 -1
24 17 -1
24 18 1
24 19 -1
24 20 -1
24 21 -1
24 22 -1
24 23 -1
24 25 -1
24 28 -1
24 30 -1
24 32 -1
24 52 1
24 60 -1
24 61 -1
25 17 -1
25 19 -1
25 20 1
25 21 1
25 22 -1
25 24 -1
25 27 -1
25 28 1
25 29 -1
25 31 -1
25 32 -1
25 38 -1
25 39 1
25 51 -1
25 52 -1
25 58 -1
26 5 -1
26 11 -1
26 17 -1
26 18 -1
26 19 1
26 20 -1
26 21 1
26 22 1
26 23 -1
26 27 -1
26 28 -1
26 29 -1
26 30 1
26 37 -1
26 49 -1
26 51 -1
27 1 -1
27 5 1
27 6 -1
27 9 -1
27 17 -1
27 20 1
27 22 -1
27 23 -1
27 25 -1
27 26 -1
27 28 -1
27 29 -1
27 30 -1
27 31 -1
27 32 -1
27 49 1
28 5 -1
28 14 -1
28 18 -1
28 19 -1
28 20 -1
28 22 -1
28 23 1
28 24 -1
28 25 1
28 26 -1
28 27 -1
28 30 -1
28 31 -1
28 43 -1
28 56 -1
29 2 1
29 17 -1
29 18 -1
29 19 -1
29 20 1
29 21 -1
29 23 -1
29 25 -1
29 26 -1
29 27 -1
29 30 1
29 31 1
29 36 -1
29 39 -1
29 45 1
29 57 -1
30 1 1
30 19 -1
30 20 -1
30 21 -1
30 22 -1
30 24 -1
30 26 1
30 27 -1
30 28 -1
30 29 1
30 31 -1
30 32 1
30 40 -1
30 42 -1
30 47 1
30 48 -1
31 17 -1
31 18 -1
31 19 -1
31 21 1
31 22 -1
31 25 -1
31 27 -1
31 28 -1
31 29 1
31 30 -1
31 32 -1
31 33 -1
31 41 -1
31 42 -1
31 47 1
31 58 -1
32 17 1
32 18 -1
32 19 -1
32 21 1
32 22 -1
32 23 -1
32 24 -1
32 25 -1
32 27 -1
32 30 1
32 31 -1
32 37 -1
32 45 1
32 55 -1
32 59 -1
33 22 -1
33 23 -1
33 31 -1
33 34 -1
33 35 -1
33 36 -1
33 37 -1
33 39 -1
33 41 -1
33 42 -1
33 43 -1
33 44 -1
33 45 -1
33 46 1
33 53 -1
33 55 -1
34 4 -1
34 33 -1
34 35 -1
34 36 -1
34 37 -1
34 38 -1
34 39 1
34 40 -1
34 42 1
34 44 -1
34 45 -1
34 47 -1
34 59 -1
34 60 1
34 64 -1
35 5 1
35 7 1
35 10 -1
35 13 1
35 21 -1
35 33 -1
35 34 -1
35 36 -1
35 38 1
35 39 -1
35 40 -1
35 41 -1
35 42 -1
35 44 -1
35 47 -1
35 48 -1
36 11 -1
36 16 1
36 20 -1
36 29 -1
36 33 -1
36 34 -1
36 35 -1
36 37 -1
36 38 1
36 39 -1
36 40 1
36 41 -1
36 44 -1
36 45 -1
36 47 -1
36 59 -1
37 7 -1
37 15 -1
37 26 -1
37 32 -1
37 33 -1
37 34 -1
37 36 -1
37 38 1
37 39 -1
37 41 -1
37 42 -1
37 43 1
37 45 -1
37 46 -1
37 48 -1
38 18 -1
38 19 -1
38 25 -1
38 34 -1
38 35 1
38 36 1
38 37 1
38 39 -1
38 40 -1
38 42 -1
38 43 -1
38 45 -1
38 47 -1
38 48 1
38 63 -1
39 11 -1
39 20 1
39 25 1
39 29 -1
39 33 -1
39 34 1
39 35 -1
39 36 -1
39 37 -1
39 38 -1
39 40 -1
39 43 -1
39 44 -1
39 46 -1
39 48 -1
39 62 -1
40 9 -1
40 16 -1
40 30 -1
40 34 -1
40 35 -1
40 36 1
40 38 -1
40 39 -1
40 42 -1
40 43 -1
40 45 -1
40 46 -1
40 47 -1
40 48 -1
40 52 1
40 56 -1
41 16 -1
41 20 -1
41 31 -1
41 33 -1
41 35 -1
41 36 -1
41 37 -1
41 42 1
41 43 -1
41 44 -1
41 45 -1
41 46 -1
41 47 -1
41 48 -1
41 49 -1
41 51 -1
42 7 1
42 10 -1
42 30 -1
42 31 -1
42 33 -1
42 34 1
42 35 -1
42 37 -1
42 38 -1
42 40 -1
42 41 1
42 44 1
42 46 -1
42 47 -1
42 48 -1
42 56 -1
43 13 -1
43 15 -1
43 28 -1
43 33 -1
43 37 1
43 38 -1
43 39 -1
43 40 -1
43 41 -1
43 44 -1
43 45 -1
43 46 -1
43 47 -1
43 48 1
43 51 1
43 58 -1
44 6 -1
44 9 1
44 12 -1
44 22 -1
44 33 -1
44 34 -1
44 35 -1
44 36 -1
44 39 -1
44 41 -1
44 42 1
44 43 -1
44 45 -1
44 46 1
44 48 -1
44 61 -1
45 15 -1
45 23 -1
45 29 1
45 32 1
45 33 -1
45 34 -1
45 36 -1
45 37 -1
45 38 -1
45 40 -1
45 41 -1
45 43 -1
45 44 -1
45 46 -1
45 47 1
45 52 -1
46 2 1
46 5 -1
46 14 -1
46 18 -1
46 33 1
46 37 -1
46 39 -1
46 40 -1
46 41 -1
46 42 -1
46 43 -1
46 44 1
46 45 -1
46 47 -1
46 48 -1
46 57 -1
47 21 -1
47 30 1
47 31 1
47 34 -1
47 35 -1
47 36 -1
47 38 -1
47 40 -1
47 41 -1
47 42 -1
47 43 -1
47 45 1
47 46 -1
47 48 1
47 54 -1
47 62 -1
48 2 -1
48 8 -1
48 30 -1
48 35 -1
48 37 -1
48 38 1
48 39 -1
48 40 -1
48 41 -1
48 42 -1
48 43 1
48 44 -1
48 46 -1
48 47 1
48 56 -1
48 59 -1
49 12 -1
49 13 1
49 26 -1
49 27 1
49 41 -1
49 50 -1
49 53 -1
49 54 -1
49 56 -1
49 57 -1
49 58 -1
49 59 1
49 60 -1
49 61 -1
49 62 -1
49 63 -1
50 6 -1
50 11 -1
50 20 1
50 21 -1
50 49 -1
50 51 1
50 53 1
50 55 -1
50 56 1
50 58 1
50 59 -1
50 61 -1
50 62 -1
50 63 -1
50 64 -1
51 18 1
51 25 -1
51 26 -1
51 41 -1
51 43 1
51 50 1
51 52 1
51 54 -1
51 55 1
51 57 -1
51 58 -1
51 59 -1
51 60 -1
51 61 -1
51 62 -1
51 64 -1
52 6 -1
52 24 1
52 25 -1
52 40 1
52 45 -1
52 51 1
52 53 -1
52 54 -1
52 55 -1
52 56 1
52 57 1
52 58 -1
52 59 -1
52 61 1
52 62 1
52 63 -1
53 2 -1
53 6 -1
53 8 -1
53 22 1
53 33 -1
53 49 -1
53 50 1
53 52 -1
53 54 -1
53 55 -1
53 56 -1
53 57 1
53 58 -1
53 59 -1
53 63 -1
53 64 -1
54 3 -1
54 4 -1
54 9 -1
54 14 -1
54 47 -1
54 49 -1
54 51 -1
54 52 -1
54 53 -1
54 55 1
54 56 -1
54 57 -1
54 59 -1
54 60 1
54 62 1
54 64 -1
55 13 -1
55 15 1
55 21 1
55 32 -1
55 33 -1
55 50 -1
55 51 1
55 52 -1
55 53 -1
55 54 1
55 57 -1
55 58 -1
55 60 1
55 61 1
55 62 -1
55 64 -1
56 12 1
56 28 -1
56 40 -1
56 42 -1
56 48 -1
56 49 -1
56 50 1
56 52 1
56 53 -1
56 54 -1
56 57 -1
56 59 -1
56 60 -1
56 61 -1
56 63 1
56 64 -1
57 1 -1
57 7 -1
57 16 -1
57 29 -1
57 46 -1
57 49 -1
57 51 -1
57 52 1
57 53 1
57 54 -1
57 55 -1
57 56 -1
57 60 -1
57 62 -1
57 63 -1
57 64 1
58 19 -1
58 21 -1
58 25 -1
58 31 -1
58 43 -1
58 49 -1
58 50 1
58 51 -1
58 52 -1
58 53 -1
58 55 -1
58 59 -1
58 60 -1
58 61 -1
58 62 -1
58 63 -1
59 3 1
59 32 -1
59 34 -1
59 36 -1
59 48 -1
59 49 1
59 50 -1
59 51 -1
59 52 -1
59 53 -1
59 54 -1
59 56 -1
59 58 -1
59 62 1
59 63 1
59 64 -1
60 2 -1
60 12 -1
60 24 -1
60 34 1
60 49 -1
60 51 -1
60 54 1
60 55 1
60 56 -1
60 57 -1
60 58 -1
60 61 -1
60 62 -1
60 63 -1
60 64 -1
61 11 -1
61 22 -1
61 24 -1
61 44 -1
61 49 -1
61 50 -1
61 51 -1
61 52 1
61 55 1
61 56 -1
61 58 -1
61 60 -1
61 62 -1
61 63 -1
61 64 -1
62 4 -1
62 10 -1
62 22 -1
62 39 -1
62 47 -1
62 49 -1
62 50 -1
62 51 -1
62 52 1
62 54 1
62 55 -1
62 57 -1
62 58 -1
62 59 1
62 60 -1
62 61 -1
63 4 -1
63 8 -1
63 10 -1
63 38 -1
63 49 -1
63 50 -1
63 52 -1
63 53 -1
63 56 1
63 57 -1
63 58 -1
63 59 1
63 60 -1
63 61 -1
63 64 -1
64 3 -1
64 8 -1
64 12 1
64 19 -1
64 34 -1
64 50 -1
64 51 -1
64 53 -1
64 54 -1
64 55 -1
64 56 -1
64 57 1
64 59 -1
64 60 -1
64 61 -1
64 63 -1
