1 2 1
1 3 1
1 5 1
1 6 1
1 7 -1
1 8 1
1 9 1
1 12 1
1 13 1
1 14 1
1 15 1
1 24 1
1 25 1
1 44 1
1 63 1
2 1 1
2 3 1
2 4 1
2 6 1
2 7 -1
2 9 1
2 10 1
2 11 1
2 12 1
2 13 1
2 14 1
2 46 1
2 47 1
2 61 1
2 62 1
2 64 -1
3 1 1
3 2 1
3 4 -1
3 5 1
3 6 1
3 8 1
3 10 1
3 12 1
3 14 1
3 15 1
3 16 -1
3 29 1
3 30 1
3 38 1
3 53 1
3 60 -1
4 2 1
4 3 -1
4 5 1
4 7 1
4 8 1
4 10 -1
4 11 1
4 12 1
4 13 1
4 15 1
4 16 -1
4 22 1
4 46 1
4 50 1
4 53 1
4 63 1
5 1 1
5 3 1
5 4 1
5 6 1
5 7 1
5 8 1
5 9 1
5 11 1
5 14 1
5 15 1
5 16 1
5 19 1
5 29 1
5 41 1
5 58 1
5 64 1
6 1 1
6 2 1
6 3 1
6 5 1
6 7 1
6 9 1
6 10 1
6 11 1
6 12 1
6 14 1
6 16 1
6 27 1
6 41 1
6 52 1
6 56 1
7 1 -1
7 2 -1
7 4 1
7 5 1
7 6 1
7 8 1
7 10 1
7 11 1
7 12 1
7 14 1
7 15 1
7 21 1
7 24 1
7 31 1
7 51 -1
7 53 1
8 1 1
8 3 1
8 4 1
8 5 1
8 7 1
8 9 1
8 11 1
8 12 1
8 13 1
8 15 1
8 16 1
8 33 1
8 49 1
8 55 1
8 59 1
8 61 1
9 1 1
9 2 1
9 5 1
9 6 1
9 8 1
9 10 1
9 11 1
9 12 -1
9 13 1
9 14 1
9 16 1
9 17 1
9 32 1
9 36 1
9 44 1
9 54 1
10 2 1
10 3 1
10 4 -1
10 6 1
10 7 1
10 9 1
10 11 -1
10 13 1
10 14 1
10 15 1
10 16 -1
10 19 1
10 39 1
10 50 1
10 57 1
10 63 1
11 2 1
11 4 1
11 5 1
11 6 1
11 7 1
11 8 1
11 9 1
11 10 -1
11 13 1
11 14 1
11 16 1
11 42 1
11 43 1
11 50 1
11 56 1
11 59 1
12 1 1
12 2 1
12 3 1
12 4 1
12 6 1
12 7 1
12 8 1
12 9 -1
12 13 1
12 15 1
12 16 1
12 17 1
12 24 1
12 47 1
12 50 1
12 52 1
13 1 1
13 2 1
13 4 1
13 8 1
13 9 1
13 10 1
13 11 1
13 12 1
13 14 1
13 15 1
13 16 1
13 22 1
13 39 -1
13 48 1
13 62 1
13 64 1
14 1 1
14 2 1
14 3 1
14 5 1
14 6 1
14 7 1
14 9 1
14 10 1
14 11 1
14 13 1
14 15 1
14 26 1
14 34 -1
14 42 1
14 44 1
14 47 1
15 1 1
15 3 1
15 4 1
15 5 1
15 7 1
15 8 1
15 10 1
15 12 1
15 13 1
15 14 1
15 16 1
15 33 1
15 44 1
15 52 1
15 54 1
16 3 -1
16 4 -1
16 5 1
16 6 1
16 8 1
16 9 1
16 10 -1
16 11 1
16 12 1
16 13 1
16 15 1
16 37 1
16 40 1
16 56 1
16 57 1
16 64 1
17 9 1
17 12 1
17 18 1
17 20 1
17 23 1
17 24 1
17 25 1
17 26 1
17 27 1
17 28 1
17 29 1
17 30 1
17 31 1
17 51 1
17 55 1
17 62 1
18 17 1
18 19 1
18 20 1
18 22 1
18 24 1
18 26 1
18 27 1
18 28 -1
18 29 1
18 30 1
18 32 1
18 40 -1
18 42 1
18 55 1
18 64 1
19 5 1
19 10 1
19 18 1
19 20 1
19 21 1
19 22 1
19 23 1
19 25 1
19 27 1
19 28 1
19 30 1
19 31 1
19 32 1
19 46 1
19 48 1
19 62 1
20 17 1
20 18 1
20 19 1
20 21 1
20 22 1
20 23 1
20 25 1
20 26 -1
20 28 1
20 29 1
20 32 1
20 35 1
20 43 -1
20 45 1
20 49 -1
21 7 1
21 19 1
21 20 1
21 22 -1
21 24 1
21 25 1
21 26 1
21 28 1
21 29 1
21 30 1
21 31 1
21 32 1
21 41 1
21 45 1
21 48 1
21 52 1
22 4 1
22 13 1
22 18 1
22 19 1
22 20 1
22 21 -1
22 23 1
22 24 1
22 27 1
22 28 -1
22 29 1
22 31 1
22 32 1
22 38 1
22 57 1
22 61 1
23 17 1
23 19 1
23 20 1
23 22 1
23 25 1
23 26 -1
23 27 1
23 28 1
23 29 1
23 31 1
23 32 1
23 33 1
23 36 1
23 45 1
23 49 -1
23 55 1
24 1 1
24 7 1
24 12 1
24 17 1
24 18 1
24 21 1
24 22 1
24 25 1
24 26 -1
24 27 1
24 28 1
24 29 -1
24 30 1
24 32 -1
24 38 1
25 1 1
25 17 1
25 19 1
25 20 1
25 21 1
25 23 1
25 24 1
25 26 1
25 27 1
25 29 1
25 30 1
25 32 1
25 36 1
25 37 1
25 41 1
25 49 1
26 14 1
26 17 1
26 18 1
26 20 -1
26 21 1
26 23 -1
26 24 -1
26 25 1
26 27 1
26 28 1
26 30 1
26 31 1
26 33 1
26 34 1
26 38 1
26 47 1
27 6 1
27 17 1
27 18 1
27 19 1
27 22 1
27 23 1
27 24 1
27 25 1
27 26 1
27 30 1
27 31 1
27 32 1
27 34 1
27 36 1
27 41 1
27 60 1
28 17 1
28 18 -1
28 19 1
28 20 1
28 21 1
28 22 -1
28 23 1
28 24 1
28 26 1
28 30 1
28 31 1
28 34 -1
28 42 1
28 54 1
28 61 1
29 3 1
29 5 1
29 17 1
29 18 1
29 20 1
29 21 1
29 22 1
29 23 1
29 24 -1
29 25 1
29 30 1
29 31 1
29 32 1
29 36 1
29 46 1
29 62 1
30 3 1
30 17 1
30 18 1
30 19 1
30 21 1
30 24 1
30 25 1
30 26 1
30 27 1
30 28 1
30 29 1
30 31 1
30 58 1
30 60 1
30 63 1
31 7 1
31 17 1
31 19 1
31 21 1
31 22 1
31 23 1
31 26 1
31 27 1
31 28 1
31 29 1
31 30 1
31 32 1
31 34 1
31 42 1
31 48 1
31 54 1
32 9 1
32 18 1
32 19 1
32 20 1
32 21 1
32 22 1
32 23 1
32 24 -1
32 25 1
32 27 1
32 29 1
32 31 1
32 39 1
32 53 1
32 59 1
33 8 1
33 15 1
33 23 1
33 26 1
33 34 1
33 36 1
33 39 1
33 40 1
33 41 1
33 42 1
33 43 1
33 44 1
33 45 1
33 46 1
33 48 1
34 14 -1
34 26 1
34 27 1
34 28 -1
34 31 1
34 33 1
34 35 1
34 37 1
34 39 1
34 40 1
34 41 1
34 42 1
34 44 1
34 45 1
34 46 1
34 47 1
35 20 1
35 34 1
35 36 -1
35 37 1
35 40 1
35 41 1
35 42 1
35 44 1
35 45 1
35 46 1
35 47 -1
35 48 1
35 56 1
35 58 1
35 59 1
35 61 1
36 9 1
36 23 1
36 25 1
36 27 1
36 29 1
36 33 1
36 35 -1
36 37 1
36 38 1
36 39 1
36 43 1
36 44 1
36 45 1
36 46 1
36 47 1
36 48 1
37 16 1
37 25 1
37 34 1
37 35 1
37 36 1
37 38 1
37 40 1
37 42 1
37 43 1
37 44 1
37 45 1
37 47 1
37 48 1
37 51 1
37 59 1
37 63 1
38 3 1
38 22 1
38 24 1
38 26 1
38 36 1
38 37 1
38 39 1
38 40 1
38 41 1
38 42 1
38 43 1
38 45 1
38 46 1
38 47 1
38 48 1
39 10 1
39 13 -1
39 32 1
39 33 1
39 34 1
39 36 1
39 38 1
39 41 1
39 42 1
39 43 1
39 44 1
39 45 -1
39 46 1
39 47 1
39 50 1
39 60 1
40 16 1
40 18 -1
40 33 1
40 34 1
40 35 1
40 37 1
40 38 1
40 41 1
40 42 1
40 43 1
40 44 1
40 45 1
40 48 1
40 51 -1
40 58 1
41 5 1
41 6 1
41 21 1
41 25 1
41 27 1
41 33 1
41 34 1
41 35 1
41 38 1
41 39 1
41 40 1
41 42 1
41 43 -1
41 44 1
41 45 1
41 46 1
42 11 1
42 14 1
42 18 1
42 28 1
42 31 1
42 33 1
42 34 1
42 35 1
42 37 1
42 38 1
42 39 1
42 40 1
42 41 1
42 43 -1
42 46 1
42 48 1
43 11 1
43 20 -1
43 33 1
43 36 1
43 37 1
43 38 1
43 39 1
43 40 1
43 41 -1
43 42 -1
43 46 1
43 47 1
43 48 1
43 56 1
43 58 1
44 1 1
44 9 1
44 14 1
44 15 1
44 33 1
44 34 1
44 35 1
44 36 1
44 37 1
44 39 1
44 40 1
44 41 1
44 46 1
44 47 -1
44 48 1
45 20 1
45 21 1
45 23 1
45 33 1
45 34 1
45 35 1
45 36 1
45 37 1
45 38 1
45 39 -1
45 40 1
45 41 1
45 47 1
45 48 1
45 49 1
45 57 1
46 2 1
46 4 1
46 19 1
46 29 1
46 33 1
46 34 1
46 35 1
46 36 1
46 38 1
46 39 1
46 41 1
46 42 1
46 43 1
46 44 1
46 47 -1
46 51 1
47 2 1
47 12 1
47 14 1
47 26 1
47 34 1
47 35 -1
47 36 1
47 37 1
47 38 1
47 39 1
47 43 1
47 44 -1
47 45 1
47 46 -1
47 48 -1
47 55 1
48 13 1
48 19 1
48 21 1
48 31 1
48 33 1
48 35 1
48 36 1
48 37 1
48 38 1
48 40 1
48 42 1
48 43 1
48 44 1
48 45 1
48 47 -1
48 57 1
49 8 1
49 20 -1
49 23 -1
49 25 1
49 45 1
49 50 1
49 53 1
49 55 1
49 56 1
49 57 1
49 59 1
49 60 1
49 61 -1
49 62 1
49 63 1
49 64 1
50 4 1
50 10 1
50 11 1
50 12 1
50 39 1
50 49 1
50 52 1
50 53 1
50 54 1
50 55 1
50 56 1
50 58 1
50 60 -1
50 62 1
50 63 1
50 64 -1
51 7 -1
51 17 1
51 37 1
51 40 -1
51 46 1
51 53 1
51 54 1
51 55 1
51 56 1
51 57 1
51 58 1
51 59 1
51 61 1
51 62 1
51 63 1
51 64 1
52 6 1
52 12 1
52 15 1
52 21 1
52 50 1
52 53 1
52 54 -1
52 55 1
52 56 1
52 57 -1
52 58 1
52 59 1
52 60 1
52 62 1
52 63 -1
53 3 1
53 4 1
53 7 1
53 32 1
53 49 1
53 50 1
53 51 1
53 52 1
53 56 1
53 57 1
53 58 -1
53 59 1
53 60 1
53 62 1
53 63 1
54 9 1
54 15 1
54 28 1
54 31 1
54 50 1
54 51 1
54 52 -1
54 57 1
54 58 1
54 59 1
54 60 1
54 61 -1
54 62 1
54 63 1
54 64 1
55 8 1
55 17 1
55 18 1
55 23 1
55 47 1
55 49 1
55 50 1
55 51 1
55 52 1
55 56 1
55 58 1
55 59 1
55 60 1
55 61 1
55 62 1
55 64 1
56 6 1
56 11 1
56 16 1
56 35 1
56 43 1
56 49 1
56 50 1
56 51 1
56 52 1
56 53 1
56 55 1
56 57 1
56 59 1
56 60 -1
56 63 1
56 64 1
57 10 1
57 16 1
57 22 1
57 45 1
57 48 1
57 49 1
57 51 1
57 52 -1
57 53 1
57 54 1
57 56 1
57 58 1
57 59 1
57 61 1
57 62 1
57 64 -1
58 5 1
58 30 1
58 35 1
58 40 1
58 43 1
58 50 1
58 51 1
58 52 1
58 53 -1
58 54 1
58 55 1
58 57 1
58 60 -1
58 61 1
58 63 -1
58 64 1
59 8 1
59 11 1
59 32 1
59 35 1
59 37 1
59 49 1
59 51 1
59 52 1
59 53 1
59 54 1
59 55 1
59 56 1
59 57 1
59 61 1
59 63 1
59 64 1
60 3 -1
60 27 1
60 30 1
60 39 1
60 49 1
60 50 -1
60 52 1
60 53 1
60 54 1
60 55 1
60 56 -1
60 58 -1
60 61 1
60 62 1
60 63 -1
61 2 1
61 8 1
61 22 1
61 28 1
61 35 1
61 49 -1
61 51 1
61 54 -1
61 55 1
61 57 1
61 58 1
61 59 1
61 60 1
61 62 1
61 63 1
61 64 -1
62 2 1
62 13 1
62 17 1
62 19 1
62 29 1
62 49 1
62 50 1
62 51 1
62 52 1
62 53 1
62 54 1
62 55 1
62 57 1
62 60 1
62 61 1
62 64 1
63 1 1
63 4 1
63 10 1
63 30 1
63 37 1
63 49 1
63 50 1
63 51 1
63 52 -1
63 53 1
63 54 1
63 56 1
63 58 -1
63 59 1
63 60 -1
63 61 1
64 2 -1
64 5 1
64 13 1
64 16 1
64 18 1
64 49 1
64 50 -1
64 51 1
64 54 1
64 55 1
64 56 1
64 57 -1
64 58 1
64 59 1
64 61 -1
64 62 1
