1 2 1
1 3 1
1 5 1
1 6 1
1 7 1
1 8 1
1 9 1
1 10 1
1 11 -1
1 12 -1
1 14 1
1 39 1
1 40 -1
1 42 1
1 44 1
1 61 -1
2 1 1
2 3 -1
2 5 1
2 6 1
2 9 1
2 11 1
2 12 1
2 13 1
2 14 1
2 15 1
2 16 -1
2 24 1
2 31 1
2 38 1
2 45 1
2 61 -1
3 1 1
3 2 -1
3 4 1
3 6 1
3 8 1
3 9 1
3 10 1
3 13 1
3 14 -1
3 15 1
3 16 1
3 18 1
3 43 -1
3 53 1
3 56 -1
4 3 1
4 6 1
4 7 1
4 8 1
4 9 1
4 10 1
4 11 1
4 12 1
4 13 1
4 15 1
4 16 1
4 23 1
4 25 -1
4 26 -1
4 37 1
4 60 1
5 1 1
5 2 1
5 6 1
5 7 1
5 8 1
5 9 1
5 10 1
5 11 1
5 12 1
5 14 -1
5 16 -1
5 20 1
5 44 1
5 46 1
5 60 1
5 64 -1
6 1 1
6 2 1
6 3 1
6 4 1
6 5 1
6 7 -1
6 8 1
6 9 1
6 11 1
6 12 1
6 13 1
6 25 1
6 30 1
6 32 1
6 39 -1
6 52 1
7 1 1
7 4 1
7 5 1
7 6 -1
7 8 1
7 9 -1
7 11 1
7 12 1
7 14 1
7 15 1
7 16 1
7 17 1
7 37 1
7 41 1
7 45 -1
7 47 -1
8 1 1
8 3 1
8 4 1
8 5 1
8 6 1
8 7 1
8 10 1
8 12 -1
8 13 1
8 14 1
8 16 1
8 22 1
8 30 1
8 38 1
8 42 1
8 58 1
9 1 1
9 2 1
9 3 1
9 4 1
9 5 1
9 6 1
9 7 -1
9 10 1
9 11 1
9 15 -1
9 16 1
9 19 1
9 20 1
9 24 1
9 26 1
9 38 1
10 1 1
10 3 1
10 4 1
10 5 1
10 8 1
10 9 1
10 11 1
10 13 1
10 14 1
10 15 1
10 16 -1
10 21 1
10 35 1
10 42 1
10 44 1
10 58 1
11 1 -1
11 2 1
11 4 1
11 5 1
11 6 1
11 7 1
11 9 1
11 10 1
11 12 1
11 13 1
11 15 1
11 18 1
11 36 -1
11 40 -1
11 58 -1
11 59 1
12 1 -1
12 2 1
12 4 1
12 5 1
12 6 1
12 7 1
12 8 -1
12 11 1
12 13 1
12 14 1
12 15 1
12 44 1
12 48 1
12 49 1
12 50 1
12 64 1
13 2 1
13 3 1
13 4 1
13 6 1
13 8 1
13 10 1
13 11 1
13 12 1
13 14 1
13 15 1
13 16 1
13 28 1
13 33 1
13 34 -1
13 46 1
13 51 1
14 1 1
14 2 1
14 3 -1
14 5 -1
14 7 1
14 8 1
14 10 1
14 12 1
14 13 1
14 15 1
14 16 1
14 33 1
14 36 1
14 40 1
14 56 1
14 63 1
15 2 1
15 3 1
15 4 1
15 7 1
15 9 -1
15 10 1
15 11 1
15 12 1
15 13 1
15 14 1
15 16 1
15 17 1
15 27 1
15 28 1
15 30 1
15 54 1
16 2 -1
16 3 1
16 4 1
16 5 -1
16 7 1
16 8 1
16 9 1
16 10 -1
16 13 1
16 14 1
16 15 1
16 19 -1
16 44 1
16 49 1
16 50 1
16 61 1
17 7 1
17 15 1
17 20 -1
17 22 1
17 23 1
17 24 1
17 25 -1
17 26 -1
17 28 -1
17 29 -1
17 30 1
17 31 1
17 32 1
17 43 1
17 62 1
18 3 1
18 11 1
18 19 -1
18 21 1
18 22 1
18 23 1
18 24 1
18 27 -1
18 28 1
18 29 1
18 30 1
18 31 1
18 32 1
18 37 -1
18 47 1
18 49 1
19 9 1
19 16 -1
19 18 -1
19 20 1
19 21 1
19 23 1
19 24 -1
19 26 1
19 27 1
19 28 1
19 29 1
19 30 1
19 31 1
19 62 1
19 63 1
20 5 1
20 9 1
20 17 -1
20 19 1
20 22 1
20 23 1
20 25 1
20 26 1
20 27 -1
20 28 1
20 30 1
20 31 1
20 32 1
20 43 1
20 49 -1
21 10 1
21 18 1
21 19 1
21 22 1
21 24 -1
21 25 1
21 27 1
21 28 1
21 29 1
21 30 -1
21 31 1
21 32 -1
21 39 1
21 46 1
21 51 1
21 54 1
22 8 1
22 17 1
22 18 1
22 20 1
22 21 1
22 25 -1
22 26 1
22 27 1
22 28 1
22 29 1
22 31 1
22 32 1
22 41 1
22 55 1
22 59 1
22 61 1
23 4 1
23 17 1
23 18 1
23 19 1
23 20 1
23 24 -1
23 25 1
23 26 -1
23 27 -1
23 29 1
23 31 1
23 32 1
23 33 1
23 51 -1
23 59 1
23 60 1
24 2 1
24 9 1
24 17 1
24 18 1
24 19 -1
24 21 -1
24 23 -1
24 25 -1
24 26 1
24 28 1
24 29 1
24 30 1
24 32 1
24 40 1
24 50 -1
24 52 1
25 4 -1
25 6 1
25 17 -1
25 20 1
25 21 1
25 22 -1
25 23 1
25 24 -1
25 26 1
25 27 1
25 28 1
25 29 1
25 31 1
25 54 1
25 58 1
26 4 -1
26 9 1
26 17 -1
26 19 1
26 20 1
26 22 1
26 23 -1
26 24 1
26 25 1
26 27 -1
26 29 1
26 30 -1
26 32 1
26 36 1
26 63 1
26 64 1
27 15 1
27 18 -1
27 19 1
27 20 -1
27 21 1
27 22 1
27 23 -1
27 25 1
27 26 -1
27 28 -1
27 30 1
27 31 1
27 34 1
27 42 1
27 62 1
28 13 1
28 15 1
28 17 -1
28 18 1
28 19 1
28 20 1
28 21 1
28 22 1
28 24 1
28 25 1
28 27 -1
28 29 1
28 30 1
28 35 1
28 47 1
28 57 -1
29 17 -1
29 18 1
29 19 1
29 21 1
29 22 1
29 23 1
29 24 1
29 25 1
29 26 1
29 28 1
29 32 1
29 37 1
29 45 1
29 51 1
29 59 1
30 6 1
30 8 1
30 15 1
30 17 1
30 18 1
30 19 1
30 20 1
30 21 -1
30 24 1
30 26 -1
30 27 1
30 28 1
30 31 1
30 32 1
30 39 1
30 43 1
31 2 1
31 17 1
31 18 1
31 19 1
31 20 1
31 21 1
31 22 1
31 23 1
31 25 1
31 27 1
31 30 1
31 32 1
31 35 -1
31 41 1
31 57 1
31 58 1
32 6 1
32 17 1
32 18 1
32 20 1
32 21 -1
32 22 1
32 23 1
32 24 1
32 26 1
32 29 1
32 30 1
32 31 1
32 52 1
32 54 -1
32 56 1
32 57 1
33 13 1
33 14 1
33 23 1
33 34 -1
33 35 1
33 38 -1
33 39 1
33 41 1
33 43 1
33 44 1
33 45 1
33 46 -1
33 47 1
33 48 -1
33 51 -1
33 59 1
34 13 -1
34 27 1
34 33 -1
34 36 1
34 37 1
34 38 1
34 40 1
34 41 -1
34 42 1
34 43 1
34 44 1
34 45 1
34 47 1
34 53 1
34 55 1
35 10 1
35 28 1
35 31 -1
35 33 1
35 36 -1
35 37 -1
35 38 1
35 39 1
35 40 1
35 42 1
35 43 1
35 44 1
35 46 1
35 47 1
35 53 1
35 55 1
36 11 -1
36 14 1
36 26 1
36 34 1
36 35 -1
36 37 -1
36 38 1
36 39 1
36 41 -1
36 42 1
36 43 1
36 44 1
36 45 1
36 46 -1
36 52 1
36 60 1
37 4 1
37 7 1
37 18 -1
37 29 1
37 34 1
37 35 -1
37 36 -1
37 39 1
37 40 1
37 41 1
37 42 1
37 44 1
37 45 1
37 46 -1
37 48 1
37 55 1
38 2 1
38 8 1
38 9 1
38 33 -1
38 34 1
38 35 1
38 36 1
38 40 1
38 41 1
38 42 1
38 43 1
38 45 -1
38 47 1
38 48 1
38 53 1
38 61 -1
39 1 1
39 6 -1
39 21 1
39 30 1
39 33 1
39 35 1
39 36 1
39 37 1
39 40 1
39 42 -1
39 43 1
39 44 1
39 46 1
39 47 1
39 48 1
39 50 1
40 1 -1
40 11 -1
40 14 1
40 24 1
40 34 1
40 35 1
40 37 1
40 38 1
40 39 1
40 42 1
40 43 1
40 45 1
40 46 1
40 47 1
40 48 1
40 49 1
41 7 1
41 22 1
41 31 1
41 33 1
41 34 -1
41 36 -1
41 37 1
41 38 1
41 42 1
41 44 -1
41 45 1
41 46 1
41 47 -1
41 48 -1
41 57 1
41 62 1
42 1 1
42 8 1
42 10 1
42 27 1
42 34 1
42 35 1
42 36 1
42 37 1
42 38 1
42 39 -1
42 40 1
42 41 1
42 43 1
42 47 -1
42 48 1
42 52 1
43 3 -1
43 17 1
43 20 1
43 30 1
43 33 1
43 34 1
43 35 1
43 36 1
43 38 1
43 39 1
43 40 1
43 42 1
43 44 1
43 46 1
43 48 1
44 1 1
44 5 1
44 10 1
44 12 1
44 16 1
44 33 1
44 34 1
44 35 1
44 36 1
44 37 1
44 39 1
44 41 -1
44 43 1
44 45 1
44 46 -1
44 48 1
45 2 1
45 7 -1
45 29 1
45 33 1
45 34 1
45 36 1
45 37 1
45 38 -1
45 40 1
45 41 1
45 44 1
45 46 1
45 47 1
45 48 1
45 57 1
46 5 1
46 13 1
46 21 1
46 33 -1
46 35 1
46 36 -1
46 37 -1
46 39 1
46 40 1
46 41 1
46 43 1
46 44 -1
46 45 1
46 47 1
46 56 1
46 63 1
47 7 -1
47 18 1
47 28 1
47 33 1
47 34 1
47 35 1
47 38 1
47 39 1
47 40 1
47 41 -1
47 42 -1
47 45 1
47 46 1
47 48 1
47 55 1
47 60 1
48 12 1
48 33 -1
48 37 1
48 38 1
48 39 1
48 40 1
48 41 -1
48 42 1
48 43 1
48 44 1
48 45 1
48 47 1
48 50 1
48 56 1
48 64 1
49 12 1
49 16 1
49 18 1
49 20 -1
49 40 1
49 50 1
49 51 1
49 52 1
49 55 1
49 57 1
49 59 1
49 60 1
49 61 1
49 62 -1
49 63 -1
49 64 1
50 12 1
50 16 1
50 24 -1
50 39 1
50 48 1
50 49 1
50 51 1
50 53 1
50 55 -1
50 56 1
50 57 1
50 59 1
50 60 -1
50 62 -1
50 63 -1
50 64 1
51 13 1
51 21 1
51 23 -1
51 29 1
51 33 -1
51 49 1
51 50 1
51 52 1
51 53 1
51 54 1
51 56 -1
51 58 1
51 59 -1
51 60 -1
51 61 -1
51 63 1
52 6 1
52 24 1
52 32 1
52 36 1
52 42 1
52 49 1
52 51 1
52 53 1
52 54 1
52 55 1
52 56 1
52 57 -1
52 58 1
52 61 1
52 62 1
52 64 -1
53 3 1
53 34 1
53 35 1
53 38 1
53 50 1
53 51 1
53 52 1
53 54 1
53 55 -1
53 56 1
53 57 1
53 59 -1
53 60 1
53 61 -1
53 63 1
54 15 1
54 21 1
54 25 1
54 32 -1
54 51 1
54 52 1
54 53 1
54 55 1
54 56 1
54 58 1
54 59 1
54 61 -1
54 62 1
54 63 1
54 64 1
55 22 1
55 34 1
55 35 1
55 37 1
55 47 1
55 49 1
55 50 -1
55 52 1
55 53 -1
55 54 1
55 56 1
55 58 1
55 59 -1
55 60 -1
55 62 -1
55 64 1
56 3 -1
56 14 1
56 32 1
56 46 1
56 48 1
56 50 1
56 51 -1
56 52 1
56 53 1
56 54 1
56 55 1
56 57 1
56 58 1
56 59 -1
56 60 1
56 62 -1
57 28 -1
57 31 1
57 32 1
57 41 1
57 45 1
57 49 1
57 50 1
57 52 -1
57 53 1
57 56 1
57 59 1
57 60 1
57 61 1
57 62 -1
57 63 1
57 64 -1
58 8 1
58 10 1
58 11 -1
58 25 1
58 31 1
58 51 1
58 52 1
58 54 1
58 55 1
58 56 1
58 59 1
58 60 1
58 61 1
58 62 1
58 63 1
58 64 1
59 11 1
59 22 1
59 23 1
59 29 1
59 33 1
59 49 1
59 50 1
59 51 -1
59 53 -1
59 54 1
59 55 -1
59 56 -1
59 57 1
59 58 1
59 62 1
59 63 -1
60 4 1
60 5 1
60 23 1
60 36 1
60 47 1
60 49 1
60 50 -1
60 51 -1
60 53 1
60 55 -1
60 56 1
60 57 1
60 58 1
60 61 1
60 63 1
60 64 -1
61 1 -1
61 2 -1
61 16 1
61 22 1
61 38 -1
61 49 1
61 51 -1
61 52 1
61 53 -1
61 54 -1
61 57 1
61 58 1
61 60 1
61 62 1
61 63 1
61 64 1
62 17 1
62 19 1
62 27 1
62 41 1
62 49 -1
62 50 -1
62 52 1
62 54 1
62 55 -1
62 56 -1
62 57 -1
62 58 1
62 59 1
62 61 1
62 64 1
63 14 1
63 19 1
63 26 1
63 46 1
63 49 -1
63 50 -1
63 51 1
63 53 1
63 54 1
63 57 1
63 58 1
63 59 -1
63 60 1
63 61 1
63 64 1
64 5 -1
64 12 1
64 26 1
64 48 1
64 49 1
64 50 1
64 52 -1
64 54 1
64 55 1
64 57 -1
64 58 1
64 60 -1
64 61 1
64 62 1
64 63 1
