1 2 1
1 3 1
1 4 1
1 5 1
1 7 1
1 9 1
1 10 1
1 12 1
1 13 1
1 14 1
1 16 1
1 31 1
1 33 1
1 52 1
1 64 1
2 1 1
2 3 1
2 4 1
2 5 1
2 7 1
2 8 1
2 9 1
2 12 1
2 13 1
2 15 -1
2 16 1
2 24 1
2 36 -1
2 38 1
2 40 1
2 56 1
3 1 1
3 2 1
3 4 1
3 6 1
3 7 1
3 10 1
3 11 1
3 13 1
3 14 1
3 15 1
3 16 1
3 40 1
3 43 1
3 45 1
3 58 1
3 60 1
4 1 1
4 2 1
4 3 1
4 6 -1
4 8 1
4 10 1
4 11 1
4 12 -1
4 13 1
4 14 1
4 16 1
4 25 -1
4 30 1
4 31 1
4 36 1
4 52 1
5 1 1
5 2 1
5 6 1
5 7 1
5 8 1
5 9 1
5 10 1
5 12 1
5 13 1
5 14 1
5 15 1
5 18 1
5 26 1
5 50 1
5 60 -1
5 64 -1
6 3 1
6 4 -1
6 5 1
6 7 1
6 8 -1
6 9 1
6 10 1
6 12 1
6 13 1
6 14 1
6 15 1
6 41 1
6 43 1
6 49 1
6 61 1
6 63 1
7 1 1
7 2 1
7 3 1
7 5 1
7 6 1
7 8 1
7 9 1
7 11 1
7 13 1
7 14 1
7 15 1
7 18 1
7 24 1
7 36 1
7 62 1
7 64 1
8 2 1
8 4 1
8 5 1
8 6 -1
8 7 1
8 9 1
8 10 1
8 11 1
8 13 1
8 15 1
8 16 1
8 18 1
8 21 1
8 30 1
8 36 1
8 48 1
9 1 1
9 2 1
9 5 1
9 6 1
9 7 1
9 8 1
9 11 1
9 12 1
9 13 1
9 14 1
9 16 1
9 25 1
9 26 1
9 28 1
9 29 1
9 64 1
10 1 1
10 3 1
10 4 1
10 5 1
10 6 1
10 8 1
10 11 1
10 12 1
10 14 1
10 15 1
10 16 1
10 19 1
10 21 1
10 23 1
10 28 -1
10 43 1
11 3 1
11 4 1
11 7 1
11 8 1
11 9 1
11 10 1
11 12 1
11 13 1
11 14 1
11 15 1
11 16 1
11 20 1
11 40 1
11 46 1
11 58 1
11 61 1
12 1 1
12 2 1
12 4 -1
12 5 1
12 6 1
12 9 1
12 10 1
12 11 1
12 13 -1
12 15 1
12 16 1
12 22 1
12 31 1
12 38 1
12 50 1
12 62 1
13 1 1
13 2 1
13 3 1
13 4 1
13 5 1
13 6 1
13 7 1
13 8 1
13 9 1
13 11 1
13 12 -1
13 30 1
13 35 1
13 52 1
13 54 -1
13 56 1
14 1 1
14 3 1
14 4 1
14 5 1
14 6 1
14 7 1
14 9 1
14 10 1
14 11 1
14 15 1
14 16 1
14 24 1
14 55 -1
14 59 1
14 60 -1
15 2 -1
15 3 1
15 5 1
15 6 1
15 7 1
15 8 1
15 10 1
15 11 1
15 12 1
15 14 1
15 16 -1
15 22 1
15 38 1
15 44 1
15 47 1
15 48 1
16 1 1
16 2 1
16 3 1
16 4 1
16 8 1
16 9 1
16 10 1
16 11 1
16 12 1
16 14 1
16 15 -1
16 22 1
16 27 1
16 53 1
16 57 1
16 61 1
17 18 -1
17 19 -1
17 20 1
17 21 1
17 22 1
17 23 1
17 24 1
17 25 1
17 30 1
17 31 1
17 32 1
17 40 1
17 42 1
17 45 1
17 54 1
17 58 1
18 5 1
18 7 1
18 8 1
18 17 -1
18 19 1
18 21 -1
18 24 1
18 25 1
18 26 1
18 27 1
18 28 1
18 29 1
18 30 1
18 32 1
18 46 1
18 62 1
19 10 1
19 17 -1
19 18 1
19 20 -1
19 21 1
19 25 1
19 26 1
19 28 1
19 29 1
19 30 1
19 31 1
19 32 1
19 50 1
19 53 -1
19 63 1
20 11 1
20 17 1
20 19 -1
20 21 1
20 22 1
20 23 1
20 24 1
20 25 1
20 26 1
20 27 1
20 28 1
20 29 1
20 45 1
20 51 1
20 57 1
21 8 1
21 10 1
21 17 1
21 18 -1
21 19 1
21 20 1
21 23 1
21 24 -1
21 25 1
21 26 1
21 27 1
21 30 1
21 31 1
21 38 1
21 48 -1
21 56 1
22 12 1
22 15 1
22 16 1
22 17 1
22 20 1
22 23 1
22 24 1
22 25 1
22 27 1
22 28 -1
22 29 1
22 30 1
22 31 1
22 32 1
22 35 1
22 44 1
23 10 1
23 17 1
23 20 1
23 21 1
23 22 1
23 24 1
23 26 -1
23 27 -1
23 28 1
23 29 1
23 31 1
23 32 -1
23 34 1
23 42 1
23 48 1
23 59 1
24 2 1
24 7 1
24 14 1
24 17 1
24 18 1
24 20 1
24 21 -1
24 22 1
24 23 1
24 26 -1
24 27 1
24 29 1
24 30 1
24 31 1
24 35 1
24 44 1
25 4 -1
25 9 1
25 17 1
25 18 1
25 19 1
25 20 1
25 21 1
25 22 1
25 26 1
25 27 1
25 28 1
25 30 1
25 31 1
25 34 1
25 39 1
25 46 1
26 5 1
26 9 1
26 18 1
26 19 1
26 20 1
26 21 1
26 23 -1
26 24 -1
26 25 1
26 28 1
26 30 1
26 31 1
26 32 1
26 38 1
26 44 1
26 46 -1
27 16 1
27 18 1
27 20 1
27 21 1
27 22 1
27 23 -1
27 24 1
27 25 1
27 28 1
27 29 1
27 30 1
27 32 1
27 48 1
27 55 1
27 61 1
27 62 1
28 9 1
28 10 -1
28 18 1
28 19 1
28 20 1
28 22 -1
28 23 1
28 25 1
28 26 1
28 27 1
28 29 1
28 31 1
28 32 1
28 33 1
28 35 1
28 37 1
29 9 1
29 18 1
29 19 1
29 20 1
29 22 1
29 23 1
29 24 1
29 27 1
29 28 1
29 30 1
29 31 1
29 32 1
29 36 1
29 41 1
29 46 1
29 58 1
30 4 1
30 8 1
30 13 1
30 17 1
30 18 1
30 19 1
30 21 1
30 22 1
30 24 1
30 25 1
30 26 1
30 27 1
30 29 1
30 32 1
30 40 1
30 50 1
31 1 1
31 4 1
31 12 1
31 17 1
31 19 1
31 21 1
31 22 1
31 23 1
31 24 1
31 25 1
31 26 1
31 28 1
31 29 1
31 32 1
31 49 -1
31 55 1
32 17 1
32 18 1
32 19 1
32 22 1
32 23 -1
32 26 1
32 27 1
32 28 1
32 29 1
32 30 1
32 31 1
32 45 1
32 47 -1
32 59 -1
32 61 1
32 63 1
33 1 1
33 28 1
33 35 1
33 38 1
33 39 1
33 40 1
33 41 1
33 42 1
33 43 -1
33 44 1
33 45 1
33 47 1
33 48 1
33 51 1
33 53 1
33 57 1
34 23 1
34 25 1
34 35 1
34 37 1
34 39 1
34 40 1
34 41 1
34 42 1
34 43 -1
34 44 1
34 45 1
34 46 1
34 48 1
34 49 1
34 53 1
34 57 1
35 13 1
35 22 1
35 24 1
35 28 1
35 33 1
35 34 1
35 36 1
35 38 1
35 40 1
35 41 1
35 42 1
35 44 -1
35 46 1
35 47 1
35 48 1
35 54 1
36 2 -1
36 4 1
36 7 1
36 8 1
36 29 1
36 35 1
36 37 1
36 38 1
36 39 1
36 40 1
36 41 1
36 42 1
36 44 -1
36 45 1
36 46 1
36 47 1
37 28 1
37 34 1
37 36 1
37 38 1
37 39 1
37 40 1
37 41 1
37 43 -1
37 45 1
37 46 1
37 47 1
37 48 1
37 49 1
37 54 1
37 58 1
37 60 1
38 2 1
38 12 1
38 15 1
38 21 1
38 26 1
38 33 1
38 35 1
38 36 1
38 37 1
38 39 1
38 42 1
38 43 1
38 44 1
38 46 1
38 47 1
38 48 1
39 25 1
39 33 1
39 34 1
39 36 1
39 37 1
39 38 1
39 40 1
39 41 1
39 43 1
39 44 1
39 45 1
39 46 1
39 56 -1
39 59 1
39 63 1
39 64 1
40 2 1
40 3 1
40 11 1
40 17 1
40 30 1
40 33 1
40 34 1
40 35 1
40 36 1
40 37 1
40 39 1
40 43 -1
40 44 1
40 45 1
40 47 1
40 48 1
41 6 1
41 29 1
41 33 1
41 34 1
41 35 1
41 36 1
41 37 1
41 39 1
41 42 1
41 43 -1
41 44 1
41 46 1
41 48 1
41 50 -1
41 52 -1
41 56 -1
42 17 1
42 23 1
42 33 1
42 34 1
42 35 1
42 36 1
42 38 1
42 41 1
42 43 1
42 45 1
42 46 1
42 47 1
42 48 1
42 51 1
42 55 1
43 3 1
43 6 1
43 10 1
43 33 -1
43 34 -1
43 37 -1
43 38 1
43 39 1
43 40 -1
43 41 -1
43 42 1
43 46 1
43 47 1
43 48 1
43 53 1
43 62 1
44 15 1
44 22 1
44 24 1
44 26 1
44 33 1
44 34 1
44 35 -1
44 36 -1
44 38 1
44 39 1
44 40 1
44 41 1
44 45 1
44 46 1
44 47 1
44 49 1
45 3 1
45 17 1
45 20 1
45 32 1
45 33 1
45 34 1
45 36 1
45 37 1
45 39 1
45 40 1
45 42 1
45 44 1
45 46 1
45 47 1
45 48 1
45 51 1
46 11 1
46 18 1
46 25 1
46 26 -1
46 29 1
46 34 1
46 35 1
46 36 1
46 37 1
46 38 1
46 39 1
46 41 1
46 42 1
46 43 1
46 44 1
46 45 1
47 15 1
47 32 -1
47 33 1
47 35 1
47 36 1
47 37 1
47 38 1
47 40 1
47 42 1
47 43 1
47 44 1
47 45 1
47 48 1
47 54 1
47 57 1
47 60 1
48 8 1
48 15 1
48 21 -1
48 23 1
48 27 1
48 33 1
48 34 1
48 35 1
48 37 1
48 38 1
48 40 1
48 41 1
48 42 1
48 43 1
48 45 1
48 47 1
49 6 1
49 31 -1
49 34 1
49 37 1
49 44 1
49 50 1
49 51 1
49 52 1
49 54 1
49 55 1
49 56 1
49 57 1
49 58 1
49 60 1
49 62 1
49 64 1
50 5 1
50 12 1
50 19 1
50 30 1
50 41 -1
50 49 1
50 51 1
50 52 1
50 53 1
50 57 1
50 58 1
50 59 1
50 61 1
50 62 1
50 63 1
50 64 1
51 20 1
51 33 1
51 42 1
51 45 1
51 49 1
51 50 1
51 52 1
51 53 1
51 55 1
51 56 1
51 57 1
51 58 1
51 60 -1
51 61 1
51 63 1
52 1 1
52 4 1
52 13 1
52 41 -1
52 49 1
52 50 1
52 51 1
52 54 1
52 55 -1
52 56 1
52 57 1
52 59 -1
52 60 1
52 61 1
52 64 -1
53 16 1
53 19 -1
53 33 1
53 34 1
53 43 1
53 50 1
53 51 1
53 54 1
53 56 1
53 58 1
53 59 1
53 60 1
53 61 1
53 62 1
53 63 1
53 64 1
54 13 -1
54 17 1
54 35 1
54 37 1
54 47 1
54 49 1
54 52 1
54 53 1
54 55 1
54 56 1
54 57 1
54 59 1
54 60 -1
54 61 -1
54 62 1
54 64 1
55 14 -1
55 27 1
55 31 1
55 42 1
55 49 1
55 51 1
55 52 -1
55 54 1
55 56 1
55 58 1
55 59 1
55 60 1
55 61 1
55 63 1
55 64 1
56 2 1
56 13 1
56 21 1
56 39 -1
56 41 -1
56 49 1
56 51 1
56 52 1
56 53 1
56 54 1
56 55 1
56 57 1
56 58 1
56 59 1
56 60 1
56 63 -1
57 16 1
57 20 1
57 33 1
57 34 1
57 47 1
57 49 1
57 50 1
57 51 1
57 52 1
57 54 1
57 56 1
57 58 1
57 59 1
57 61 1
57 62 1
57 63 1
58 3 1
58 11 1
58 17 1
58 29 1
58 37 1
58 49 1
58 50 1
58 51 1
58 53 1
58 55 1
58 56 1
58 57 1
58 61 -1
58 62 -1
58 63 1
58 64 1
59 14 1
59 23 1
59 32 -1
59 39 1
59 50 1
59 52 -1
59 53 1
59 54 1
59 55 1
59 56 1
59 57 1
59 61 1
59 62 1
59 63 1
59 64 1
60 3 1
60 5 -1
60 14 -1
60 37 1
60 47 1
60 49 1
60 51 -1
60 52 1
60 53 1
60 54 -1
60 55 1
60 56 1
60 61 1
60 62 1
60 63 1
60 64 1
61 6 1
61 11 1
61 16 1
61 27 1
61 32 1
61 50 1
61 51 1
61 52 1
61 53 1
61 54 -1
61 55 1
61 57 1
61 58 -1
61 59 1
61 60 1
61 62 1
62 7 1
62 12 1
62 18 1
62 27 1
62 43 1
62 49 1
62 50 1
62 53 1
62 54 1
62 57 1
62 58 -1
62 59 1
62 60 1
62 61 1
62 63 1
62 64 1
63 6 1
63 19 1
63 32 1
63 39 1
63 50 1
63 51 1
63 53 1
63 55 1
63 56 -1
63 57 1
63 58 1
63 59 1
63 60 1
63 62 1
63 64 1
64 1 1
64 5 -1
64 7 1
64 9 1
64 39 1
64 49 1
64 50 1
64 52 -1
64 53 1
64 54 1
64 55 1
64 58 1
64 59 1
64 60 1
64 62 1
64 63 1
