1 3 -1
1 7 -1
1 8 -1
1 9 -1
1 10 1
1 11 -1
1 12 -1
1 13 -1
1 14 -1
1 15 -1
1 16 -1
1 18 -1
1 30 -1
1 36 -1
1 38 -1
1 52 -1
2 4 1
2 5 -1
2 6 1
2 7 -1
2 8 1
2 9 -1
2 10 -1
2 11 -1
2 14 1
2 15 -1
2 16 -1
2 19 -1
2 33 -1
2 45 -1
2 61 -1
3 1 -1
3 4 1
3 5 -1
3 7 -1
3 8 -1
3 9 -1
3 10 -1
3 11 -1
3 12 -1
3 13 -1
3 15 -1
3 30 -1
3 37 -1
3 42 -1
3 60 -1
3 62 -1
4 2 1
4 3 1
4 6 -1
4 9 -1
4 10 -1
4 11 -1
4 12 -1
4 13 -1
4 14 -1
4 15 -1
4 16 -1
4 46 -1
4 52 1
4 57 -1
4 62 -1
5 2 -1
5 3 -1
5 6 -1
5 7 -1
5 8 -1
5 10 -1
5 11 -1
5 13 -1
5 14 -1
5 15 -1
5 16 -1
5 25 1
5 26 -1
5 42 -1
5 49 -1
5 58 -1
6 2 1
6 4 -1
6 5 -1
6 7 -1
6 8 -1
6 9 -1
6 10 -1
6 11 -1
6 12 -1
6 14 -1
6 16 -1
6 33 -1
6 45 -1
6 50 -1
6 56 -1
6 62 -1
7 1 -1
7 2 -1
7 3 -1
7 5 -1
7 6 -1
7 9 -1
7 10 -1
7 13 -1
7 14 -1
7 15 -1
7 16 -1
7 34 -1
7 38 -1
7 48 -1
7 50 -1
7 58 -1
8 1 -1
8 2 1
8 3 -1
8 5 -1
8 6 -1
8 9 -1
8 10 -1
8 11 -1
8 12 -1
8 13 -1
8 14 -1
8 19 -1
8 20 -1
8 55 -1
8 64 -1
9 1 -1
9 2 -1
9 3 -1
9 4 -1
9 6 -1
9 7 -1
9 8 -1
9 12 -1
9 13 -1
9 14 -1
9 16 -1
9 20 -1
9 38 -1
9 52 -1
9 58 -1
10 1 1
10 2 -1
10 3 -1
10 4 -1
10 5 -1
10 6 -1
10 7 -1
10 8 -1
10 11 -1
10 12 -1
10 13 -1
10 24 -1
10 36 -1
10 40 -1
10 43 -1
10 54 -1
11 1 -1
11 2 -1
11 3 -1
11 4 -1
11 5 -1
11 6 -1
11 8 -1
11 10 -1
11 12 -1
11 14 -1
11 15 -1
11 36 -1
11 50 -1
11 58 -1
11 60 -1
11 64 -1
12 1 -1
12 3 -1
12 4 -1
12 6 -1
12 8 -1
12 9 -1
12 10 -1
12 11 -1
12 13 -1
12 15 -1
12 16 1
12 26 -1
12 36 -1
12 50 -1
12 51 -1
12 59 -1
13 1 -1
13 3 -1
13 4 -1
13 5 -1
13 7 -1
13 8 -1
13 9 -1
13 10 -1
13 12 -1
13 15 -1
13 16 -1
13 19 -1
13 25 1
13 53 -1
13 55 -1
13 62 -1
14 1 -1
14 2 1
14 4 -1
14 5 -1
14 6 -1
14 7 -1
14 8 -1
14 9 -1
14 11 -1
14 15 -1
14 16 -1
14 22 -1
14 40 -1
14 41 -1
14 46 1
15 1 -1
15 2 -1
15 3 -1
15 4 -1
15 5 -1
15 7 -1
15 11 -1
15 12 -1
15 13 -1
15 14 -1
15 16 -1
15 18 -1
15 26 -1
15 31 -1
15 56 -1
15 62 1
16 1 -1
16 2 -1
16 4 -1
16 5 -1
16 6 -1
16 7 -1
16 9 -1
16 12 1
16 13 -1
16 14 -1
16 15 -1
16 22 -1
16 42 1
16 44 -1
16 61 -1
16 64 -1
17 18 -1
17 19 -1
17 21 -1
17 22 -1
17 23 -1
17 25 -1
17 26 -1
17 29 -1
17 30 -1
17 31 -1
17 32 -1
17 42 -1
17 46 -1
17 48 -1
17 51 -1
17 54 -1
18 1 -1
18 15 -1
18 17 -1
18 20 -1
18 22 -1
18 23 -1
18 25 -1
18 26 1
18 27 -1
18 28 1
18 29 -1
18 30 -1
18 31 -1
18 39 -1
18 59 -1
19 2 -1
19 8 -1
19 13 -1
19 17 -1
19 21 -1
19 22 -1
19 24 -1
19 26 -1
19 27 1
19 28 -1
19 29 -1
19 30 -1
19 31 -1
19 32 -1
19 36 -1
19 55 -1
20 8 -1
20 9 -1
20 18 -1
20 21 -1
20 22 -1
20 23 -1
20 25 -1
20 26 -1
20 27 -1
20 28 -1
20 29 -1
20 30 -1
20 32 -1
20 42 -1
20 48 -1
20 56 -1
21 17 -1
21 19 -1
21 20 -1
21 23 -1
21 24 -1
21 25 -1
21 26 -1
21 27 -1
21 29 -1
21 31 -1
21 32 -1
21 33 1
21 38 -1
21 43 -1
21 52 -1
21 63 -1
22 14 -1
22 16 -1
22 17 -1
22 18 -1
22 19 -1
22 20 -1
22 24 -1
22 25 -1
22 26 1
22 29 -1
22 30 -1
22 31 -1
22 32 -1
22 34 -1
22 46 -1
22 55 1
23 17 -1
23 18 -1
23 20 -1
23 21 -1
23 24 -1
23 26 -1
23 27 -1
23 29 1
23 30 -1
23 31 -1
23 32 -1
23 35 1
23 37 -1
23 45 -1
23 64 -1
24 10 -1
24 19 -1
24 21 -1
24 22 -1
24 23 -1
24 25 -1
24 26 -1
24 27 -1
24 28 -1
24 30 -1
24 31 -1
24 32 1
24 34 -1
24 43 -1
24 49 -1
24 63 -1
25 5 1
25 13 1
25 17 -1
25 18 -1
25 20 -1
25 21 -1
25 22 -1
25 24 -1
25 28 1
25 29 -1
25 30 -1
25 31 -1
25 32 -1
25 39 1
25 51 -1
25 52 -1
26 5 -1
26 12 -1
26 15 -1
26 17 -1
26 18 1
26 19 -1
26 20 -1
26 21 -1
26 22 1
26 23 -1
26 24 -1
26 27 -1
26 28 -1
26 30 -1
26 53 -1
26 61 -1
27 18 -1
27 19 1
27 20 -1
27 21 -1
27 23 -1
27 24 -1
27 26 -1
27 28 -1
27 29 -1
27 31 -1
27 32 -1
27 35 -1
27 44 -1
27 50 -1
27 53 -1
27 54 -1
28 18 1
28 19 -1
28 20 -1
28 24 -1
28 25 1
28 26 -1
28 27 -1
28 29 1
28 30 -1
28 31 -1
28 32 1
28 39 1
28 43 -1
28 49 -1
28 57 -1
28 59 -1
29 17 -1
29 18 -1
29 19 -1
29 20 -1
29 21 -1
29 22 -1
29 23 1
29 25 -1
29 27 -1
29 28 1
29 31 -1
29 33 -1
29 37 -1
29 39 -1
29 49 -1
29 53 -1
30 1 -1
30 3 -1
30 17 -1
30 18 -1
30 19 -1
30 20 -1
30 22 -1
30 23 -1
30 24 -1
30 25 -1
30 26 -1
30 28 -1
30 32 -1
30 39 -1
30 44 -1
30 59 -1
31 15 -1
31 17 -1
31 18 -1
31 19 -1
31 21 -1
31 22 -1
31 23 -1
31 24 -1
31 25 -1
31 27 -1
31 28 -1
31 29 -1
31 41 -1
31 45 -1
31 47 -1
31 61 -1
32 17 -1
32 19 -1
32 20 -1
32 21 -1
32 22 -1
32 23 -1
32 24 1
32 25 -1
32 27 -1
32 28 1
32 30 -1
32 44 -1
32 47 1
32 48 -1
32 53 -1
32 60 -1
33 2 -1
33 6 -1
33 21 1
33 29 -1
33 35 -1
33 36 -1
33 37 1
33 38 -1
33 40 -1
33 41 1
33 42 -1
33 43 -1
33 44 -1
33 46 -1
33 47 -1
34 7 -1
34 22 -1
34 24 -1
34 35 -1
34 36 -1
34 37 -1
34 38 1
34 39 -1
34 40 -1
34 42 -1
34 43 1
34 44 -1
34 45 -1
34 47 -1
34 60 -1
34 63 -1
35 23 1
35 27 -1
35 33 -1
35 34 -1
35 36 -1
35 37 -1
35 39 -1
35 40 -1
35 41 -1
35 45 -1
35 46 1
35 47 1
35 48 -1
35 57 -1
35 58 -1
35 61 -1
36 1 -1
36 10 -1
36 11 -1
36 12 -1
36 19 -1
36 33 -1
36 34 -1
36 35 -1
36 37 1
36 38 -1
36 41 -1
36 42 -1
36 43 1
36 46 -1
36 47 -1
36 48 -1
37 3 -1
37 23 -1
37 29 -1
37 33 1
37 34 -1
37 35 -1
37 36 1
37 38 -1
37 41 -1
37 43 -1
37 44 -1
37 45 -1
37 46 -1
37 48 -1
37 51 -1
37 56 1
38 1 -1
38 7 -1
38 9 -1
38 21 -1
38 33 -1
38 34 1
38 36 -1
38 37 -1
38 39 -1
38 40 -1
38 41 -1
38 43 -1
38 44 -1
38 45 -1
38 48 -1
39 18 -1
39 25 1
39 28 1
39 29 -1
39 30 -1
39 34 -1
39 35 -1
39 38 -1
39 40 -1
39 41 -1
39 42 -1
39 44 -1
39 45 -1
39 46 -1
39 47 -1
39 48 1
40 10 -1
40 14 -1
40 33 -1
40 34 -1
40 35 -1
40 38 -1
40 39 -1
40 42 1
40 43 -1
40 45 -1
40 46 -1
40 47 -1
40 48 -1
40 49 -1
40 57 -1
41 14 -1
41 31 -1
41 33 1
41 35 -1
41 36 -1
41 37 -1
41 38 -1
41 39 -1
41 42 -1
41 44 -1
41 46 -1
41 47 -1
41 48 -1
41 54 -1
41 63 -1
42 3 -1
42 5 -1
42 16 1
42 17 -1
42 20 -1
42 33 -1
42 34 -1
42 36 -1
42 39 -1
42 40 1
42 41 -1
42 43 1
42 44 -1
42 45 -1
42 46 -1
42 47 -1
43 10 -1
43 21 -1
43 24 -1
43 28 -1
43 33 -1
43 34 1
43 36 1
43 37 -1
43 38 -1
43 40 -1
43 42 1
43 44 -1
43 45 -1
43 46 -1
43 48 -1
43 64 -1
44 16 -1
44 27 -1
44 30 -1
44 32 -1
44 33 -1
44 34 -1
44 37 -1
44 38 -1
44 39 -1
44 41 -1
44 42 -1
44 43 -1
44 45 -1
44 46 -1
44 48 -1
44 60 -1
45 2 -1
45 6 -1
45 23 -1
45 31 -1
45 34 -1
45 35 -1
45 37 -1
45 38 -1
45 39 -1
45 40 -1
45 42 -1
45 43 -1
45 44 -1
45 47 -1
45 48 -1
46 4 -1
46 14 1
46 17 -1
46 22 -1
46 33 -1
46 35 1
46 36 -1
46 37 -1
46 39 -1
46 40 -1
46 41 -1
46 42 -1
46 43 -1
46 44 -1
46 47 -1
47 31 -1
47 32 1
47 33 -1
47 34 -1
47 35 1
47 36 -1
47 39 -1
47 40 -1
47 41 -1
47 42 -1
47 45 -1
47 46 -1
47 48 1
47 56 -1
47 57 -1
47 63 -1
48 7 -1
48 17 -1
48 20 -1
48 32 -1
48 35 -1
48 36 -1
48 37 -1
48 38 -1
48 39 1
48 40 -1
48 41 -1
48 43 -1
48 44 -1
48 45 -1
48 47 1
48 51 -1
49 5 -1
49 24 -1
49 28 -1
49 29 -1
49 40 -1
49 50 -1
49 51 -1
49 53 -1
49 54 -1
49 55 -1
49 58 1
49 59 -1
49 60 -1
49 61 -1
49 62 -1
49 64 -1
50 6 -1
50 7 -1
50 11 -1
50 12 -1
50 27 -1
50 49 -1
50 54 -1
50 55 -1
50 56 -1
50 58 -1
50 59 -1
50 60 -1
50 61 -1
50 62 -1
50 63 -1
50 64 -1
51 12 -1
51 17 -1
51 25 -1
51 37 -1
51 48 -1
51 49 -1
51 52 -1
51 53 -1
51 54 -1
51 55 -1
51 56 1
51 57 -1
51 60 -1
51 61 -1
51 63 -1
51 64 -1
52 1 -1
52 4 1
52 9 -1
52 21 -1
52 25 -1
52 51 -1
52 53 -1
52 54 1
52 55 -1
52 56 -1
52 57 -1
52 58 1
52 59 -1
52 61 -1
52 62 -1
52 63 1
53 13 -1
53 26 -1
53 27 -1
53 29 -1
53 32 -1
53 49 -1
53 51 -1
53 52 -1
53 54 -1
53 55 -1
53 57 -1
53 59 -1
53 60 -1
53 61 -1
53 62 -1
53 63 -1
54 10 -1
54 17 -1
54 27 -1
54 41 -1
54 49 -1
54 50 -1
54 51 -1
54 52 1
54 53 -1
54 56 -1
54 58 -1
54 59 -1
54 60 -1
54 61 -1
54 64 -1
55 8 -1
55 13 -1
55 19 -1
55 22 1
55 49 -1
55 50 -1
55 51 -1
55 52 -1
55 53 -1
55 56 -1
55 57 1
55 59 -1
55 61 -1
55 63 -1
55 64 -1
56 6 -1
56 15 -1
56 20 -1
56 37 1
56 47 -1
56 50 -1
56 51 1
56 52 -1
56 54 -1
56 55 -1
56 57 -1
56 58 -1
56 60 1
56 62 -1
56 63 -1
56 64 -1
57 4 -1
57 28 -1
57 35 -1
57 40 -1
57 47 -1
57 51 -1
57 52 -1
57 53 -1
57 55 1
57 56 -1
57 58 -1
57 60 -1
57 61 -1
57 62 -1
57 63 -1
57 64 -1
58 5 -1
58 7 -1
58 9 -1
58 11 -1
58 35 -1
58 49 1
58 50 -1
58 52 1
58 54 -1
58 56 -1
58 57 -1
58 59 1
58 60 -1
58 62 -1
58 63 -1
58 64 -1
59 12 -1
59 18 -1
59 28 -1
59 30 -1
59 49 -1
59 50 -1
59 52 -1
59 53 -1
59 54 -1
59 55 -1
59 58 1
59 60 -1
59 61 1
59 62 -1
59 64 -1
60 3 -1
60 11 -1
60 32 -1
60 34 -1
60 44 -1
60 49 -1
60 50 -1
60 51 -1
60 53 -1
60 54 -1
60 56 1
60 57 -1
60 58 -1
60 59 -1
60 63 -1
60 64 -1
61 2 -1
61 16 -1
61 26 -1
61 31 -1
61 35 -1
61 49 -1
61 50 -1
61 51 -1
61 52 -1
61 53 -1
61 54 -1
61 55 -1
61 57 -1
61 59 1
61 62 -1
61 63 -1
62 3 -1
62 4 -1
62 6 -1
62 13 -1
62 15 1
62 49 -1
62 50 -1
62 52 -1
62 53 -1
62 56 -1
62 57 -1
62 58 -1
62 59 -1
62 61 -1
62 63 1
62 64 -1
63 21 -1
63 24 -1
63 34 -1
63 41 -1
63 47 -1
63 50 -1
63 51 -1
63 52 1
63 53 -1
63 55 -1
63 56 -1
63 57 -1
63 58 -1
63 60 -1
63 61 -1
63 62 1
64 8 -1
64 11 -1
64 16 -1
64 23 -1
64 43 -1
64 49 -1
64 50 -1
64 51 -1
64 54 -1
64 55 -1
64 56 -1
64 57 -1
64 58 -1
64 59 -1
64 60 -1
64 62 -1
