1 2 -1
1 3 -1
1 4 -1
1 5 -1
1 6 -1
1 7 -1
1 8 -1
1 9 1
1 10 -1
1 13 -1
1 15 -1
1 37 1
1 39 -1
1 41 -1
1 49 -1
1 59 -1
2 1 -1
2 4 -1
2 5 -1
2 6 1
2 7 -1
2 9 -1
2 11 -1
2 12 -1
2 14 -1
2 15 -1
2 16 -1
2 21 -1
2 41 -1
2 48 -1
2 54 -1
2 60 -1
3 1 -1
3 5 -1
3 6 -1
3 7 -1
3 8 -1
3 10 -1
3 11 -1
3 12 -1
3 13 -1
3 15 -1
3 16 -1
3 20 -1
3 25 -1
3 34 -1
3 38 -1
3 56 -1
4 1 -1
4 2 -1
4 5 -1
4 7 -1
4 8 -1
4 9 -1
4 11 -1
4 12 -1
4 14 -1
4 15 1
4 16 -1
4 17 -1
4 19 -1
4 37 -1
4 44 1
4 59 -1
5 1 -1
5 2 -1
5 3 -1
5 4 -1
5 6 -1
5 7 -1
5 10 -1
5 11 -1
5 12 -1
5 14 -1
5 16 -1
5 17 -1
5 27 -1
5 32 1
5 46 -1
5 62 -1
6 1 -1
6 2 1
6 3 -1
6 5 -1
6 7 -1
6 10 -1
6 11 1
6 12 -1
6 13 -1
6 15 -1
6 16 -1
6 35 -1
6 49 -1
6 53 -1
6 57 -1
6 63 -1
7 1 -1
7 2 -1
7 3 -1
7 4 -1
7 5 -1
7 6 -1
7 8 -1
7 9 -1
7 10 -1
7 13 -1
7 15 -1
7 35 -1
7 39 -1
7 45 -1
7 51 -1
7 53 -1
8 1 -1
8 3 -1
8 4 -1
8 7 -1
8 9 -1
8 10 -1
8 11 -1
8 12 -1
8 13 -1
8 14 -1
8 16 -1
8 22 -1
8 25 1
8 30 -1
8 56 -1
8 63 -1
9 1 1
9 2 -1
9 4 -1
9 7 -1
9 8 -1
9 10 -1
9 12 -1
9 13 -1
9 14 1
9 15 -1
9 16 -1
9 24 1
9 26 -1
9 27 -1
9 39 -1
9 61 -1
10 1 -1
10 3 -1
10 5 -1
10 6 -1
10 7 -1
10 8 -1
10 9 -1
10 11 1
10 12 -1
10 13 -1
10 14 -1
10 18 -1
10 28 -1
10 45 -1
10 47 -1
10 49 1
11 2 -1
11 3 -1
11 4 -1
11 5 -1
11 6 1
11 8 -1
11 10 1
11 13 -1
11 14 -1
11 15 -1
11 16 -1
11 22 -1
11 34 -1
11 50 -1
11 52 -1
11 59 -1
12 2 -1
12 3 -1
12 4 -1
12 5 -1
12 6 -1
12 8 -1
12 9 -1
12 10 -1
12 14 1
12 15 1
12 16 -1
12 31 1
12 50 -1
12 55 -1
12 56 -1
12 60 -1
13 1 -1
13 3 -1
13 6 -1
13 7 -1
13 8 -1
13 9 -1
13 10 -1
13 11 -1
13 14 -1
13 15 -1
13 16 -1
13 17 -1
13 27 -1
13 43 -1
13 61 -1
13 63 -1
14 2 -1
14 4 -1
14 5 -1
14 8 -1
14 9 1
14 10 -1
14 11 -1
14 12 1
14 13 -1
14 15 -1
14 16 -1
14 18 -1
14 20 1
14 32 1
14 44 -1
14 53 -1
15 1 -1
15 2 -1
15 3 -1
15 4 1
15 6 -1
15 7 -1
15 9 -1
15 11 -1
15 12 1
15 13 -1
15 14 -1
15 17 1
15 33 1
15 37 1
15 39 -1
15 45 1
16 2 -1
16 3 -1
16 4 -1
16 5 -1
16 6 -1
16 8 -1
16 9 -1
16 11 -1
16 12 -1
16 13 -1
16 14 -1
16 22 -1
16 25 -1
16 27 -1
16 35 -1
16 43 -1
17 4 -1
17 5 -1
17 13 -1
17 15 1
17 18 -1
17 19 -1
17 20 -1
17 22 -1
17 23 1
17 24 -1
17 25 -1
17 26 -1
17 27 -1
17 28 -1
17 31 -1
17 41 -1
18 10 -1
18 14 -1
18 17 -1
18 19 -1
18 22 -1
18 23 -1
18 25 -1
18 26 -1
18 27 -1
18 28 -1
18 29 -1
18 30 -1
18 32 -1
18 48 -1
18 56 -1
18 57 -1
19 4 -1
19 17 -1
19 18 -1
19 20 1
19 21 -1
19 23 -1
19 24 -1
19 25 -1
19 28 -1
19 29 1
19 30 -1
19 31 -1
19 40 -1
19 46 -1
19 48 -1
19 50 1
20 3 -1
20 14 1
20 17 -1
20 19 1
20 21 -1
20 22 1
20 23 -1
20 24 -1
20 27 -1
20 29 -1
20 30 -1
20 31 -1
20 32 -1
20 42 -1
20 52 -1
20 61 -1
21 2 -1
21 19 -1
21 20 -1
21 22 -1
21 23 -1
21 24 -1
21 25 -1
21 26 -1
21 27 -1
21 28 -1
21 31 -1
21 32 -1
21 34 -1
21 41 1
21 45 -1
21 57 -1
22 8 -1
22 11 -1
22 16 -1
22 17 -1
22 18 -1
22 20 1
22 21 -1
22 23 -1
22 24 -1
22 26 -1
22 28 1
22 29 -1
22 30 -1
22 32 -1
22 37 -1
22 53 -1
23 17 1
23 18 -1
23 19 -1
23 20 -1
23 21 -1
23 22 -1
23 26 -1
23 27 -1
23 28 1
23 30 -1
23 32 -1
23 33 -1
23 45 -1
23 46 -1
23 47 1
23 48 -1
24 9 1
24 17 -1
24 19 -1
24 20 -1
24 21 -1
24 22 -1
24 25 -1
24 26 -1
24 27 -1
24 29 1
24 30 -1
24 32 -1
24 40 -1
24 50 -1
24 62 -1
25 3 -1
25 8 1
25 16 -1
25 17 -1
25 18 -1
25 19 -1
25 21 -1
25 24 -1
25 27 -1
25 28 -1
25 29 -1
25 30 -1
25 31 -1
25 32 -1
25 36 -1
25 46 -1
26 9 -1
26 17 -1
26 18 -1
26 21 -1
26 22 -1
26 23 -1
26 24 -1
26 27 -1
26 28 -1
26 29 -1
26 31 -1
26 32 -1
26 37 -1
26 43 -1
26 57 -1
27 5 -1
27 9 -1
27 13 -1
27 16 -1
27 17 -1
27 18 -1
27 20 -1
27 21 -1
27 23 -1
27 24 -1
27 25 -1
27 26 -1
27 29 -1
27 30 -1
27 31 -1
27 63 -1
28 10 -1
28 17 -1
28 18 -1
28 19 -1
28 21 -1
28 22 1
28 23 1
28 25 -1
28 26 -1
28 29 -1
28 30 -1
28 31 1
28 33 -1
28 39 -1
28 42 1
28 58 -1
29 18 -1
29 19 1
29 20 -1
29 22 -1
29 24 1
29 25 -1
29 26 -1
29 27 -1
29 28 -1
29 31 -1
29 32 -1
29 38 1
29 53 -1
29 55 -1
29 58 -1
29 64 -1
30 8 -1
30 18 -1
30 19 -1
30 20 -1
30 22 -1
30 23 -1
30 24 -1
30 25 -1
30 27 -1
30 28 -1
30 31 -1
30 32 -1
30 42 1
30 49 -1
30 56 -1
30 62 1
31 12 1
31 17 -1
31 19 -1
31 20 -1
31 21 -1
31 25 -1
31 26 -1
31 27 -1
31 28 1
31 29 -1
31 30 -1
31 32 -1
31 47 -1
31 51 -1
31 59 -1
32 5 1
32 14 1
32 18 -1
32 20 -1
32 21 -1
32 22 -1
32 23 -1
32 24 -1
32 25 -1
32 26 -1
32 29 -1
32 30 -1
32 31 -1
32 55 -1
32 58 -1
32 60 -1
33 15 1
33 23 -1
33 28 -1
33 34 -1
33 35 -1
33 36 -1
33 37 -1
33 40 1
33 41 -1
33 43 -1
33 45 -1
33 46 -1
33 47 -1
33 48 -1
33 54 -1
33 63 -1
34 3 -1
34 11 -1
34 21 -1
34 33 -1
34 37 -1
34 39 1
34 40 -1
34 41 -1
34 42 -1
34 43 -1
34 45 -1
34 46 1
34 47 1
34 48 -1
34 62 -1
34 64 -1
35 6 -1
35 7 -1
35 16 -1
35 33 -1
35 36 -1
35 37 -1
35 39 1
35 40 -1
35 41 -1
35 42 -1
35 44 -1
35 45 -1
35 46 -1
35 47 -1
35 55 -1
35 61 -1
36 25 -1
36 33 -1
36 35 -1
36 38 -1
36 39 -1
36 40 -1
36 41 -1
36 43 1
36 44 -1
36 45 -1
36 46 -1
36 47 -1
36 52 -1
36 54 -1
36 58 -1
36 60 -1
37 1 1
37 4 -1
37 15 1
37 22 -1
37 26 -1
37 33 -1
37 34 -1
37 35 -1
37 38 -1
37 39 -1
37 41 -1
37 42 -1
37 43 -1
37 46 -1
37 47 -1
37 48 -1
38 3 -1
38 29 1
38 36 -1
38 37 -1
38 39 -1
38 41 -1
38 42 -1
38 43 1
38 44 -1
38 45 -1
38 46 -1
38 47 -1
38 48 -1
38 54 -1
38 61 -1
38 62 -1
39 1 -1
39 7 -1
39 9 -1
39 15 -1
39 28 -1
39 34 1
39 35 1
39 36 -1
39 37 -1
39 38 -1
39 42 -1
39 43 -1
39 44 -1
39 45 1
39 47 -1
39 48 -1
40 19 -1
40 24 -1
40 33 1
40 34 -1
40 35 -1
40 36 -1
40 41 -1
40 42 -1
40 43 -1
40 44 -1
40 46 -1
40 47 -1
40 48 -1
40 49 -1
40 54 -1
40 64 -1
41 1 -1
41 2 -1
41 17 -1
41 21 1
41 33 -1
41 34 -1
41 35 -1
41 36 -1
41 37 -1
41 38 -1
41 40 -1
41 42 -1
41 43 -1
41 44 -1
41 46 -1
41 60 -1
42 20 -1
42 28 1
42 30 1
42 34 -1
42 35 -1
42 37 -1
42 38 -1
42 39 -1
42 40 -1
42 41 -1
42 43 -1
42 44 1
42 45 -1
42 48 -1
42 51 -1
42 58 -1
43 13 -1
43 16 -1
43 26 -1
43 33 -1
43 34 -1
43 36 1
43 37 -1
43 38 1
43 39 -1
43 40 -1
43 41 -1
43 42 -1
43 47 -1
43 48 -1
43 51 -1
43 55 -1
44 4 1
44 14 -1
44 35 -1
44 36 -1
44 38 -1
44 39 -1
44 40 -1
44 41 -1
44 42 1
44 45 -1
44 46 -1
44 47 -1
44 48 -1
44 52 -1
44 64 -1
45 7 -1
45 10 -1
45 15 1
45 21 -1
45 23 -1
45 33 -1
45 34 -1
45 35 -1
45 36 -1
45 38 -1
45 39 1
45 42 -1
45 44 -1
45 46 1
45 47 -1
45 48 -1
46 5 -1
46 19 -1
46 23 -1
46 25 -1
46 33 -1
46 34 1
46 35 -1
46 36 -1
46 37 -1
46 38 -1
46 40 -1
46 41 -1
46 44 -1
46 45 1
46 48 -1
46 51 -1
47 10 -1
47 23 1
47 31 -1
47 33 -1
47 34 1
47 35 -1
47 36 -1
47 37 -1
47 38 -1
47 39 -1
47 40 -1
47 43 -1
47 44 -1
47 45 -1
47 64 -1
48 2 -1
48 18 -1
48 19 -1
48 23 -1
48 33 -1
48 34 -1
48 37 -1
48 38 -1
48 39 -1
48 40 -1
48 42 -1
48 43 -1
48 44 -1
48 45 -1
48 46 -1
48 59 -1
49 1 -1
49 6 -1
49 10 1
49 30 -1
49 40 -1
49 51 1
49 52 -1
49 53 -1
49 54 -1
49 55 -1
49 56 -1
49 57 -1
49 60 -1
49 62 -1
49 63 -1
49 64 -1
50 11 -1
50 12 -1
50 19 1
50 24 -1
50 51 -1
50 53 -1
50 54 -1
50 55 -1
50 56 -1
50 59 1
50 60 -1
50 61 -1
50 62 -1
50 63 -1
50 64 1
51 7 -1
51 31 -1
51 42 -1
51 43 -1
51 46 -1
51 49 1
51 50 -1
51 52 -1
51 53 -1
51 54 -1
51 55 -1
51 57 -1
51 58 -1
51 61 -1
51 63 -1
51 64 -1
52 11 -1
52 20 -1
52 36 -1
52 44 -1
52 49 -1
52 51 -1
52 53 -1
52 54 1
52 55 -1
52 56 -1
52 57 -1
52 58 -1
52 61 -1
52 62 -1
52 63 -1
53 6 -1
53 7 -1
53 14 -1
53 22 -1
53 29 -1
53 49 -1
53 50 -1
53 51 -1
53 52 -1
53 54 -1
53 55 -1
53 58 -1
53 59 -1
53 62 -1
53 63 -1
53 64 -1
54 2 -1
54 33 -1
54 36 -1
54 38 -1
54 40 -1
54 49 -1
54 50 -1
54 51 -1
54 52 1
54 53 -1
54 55 -1
54 56 -1
54 58 -1
54 59 -1
54 60 -1
54 61 -1
55 12 -1
55 29 -1
55 32 -1
55 35 -1
55 43 -1
55 49 -1
55 50 -1
55 51 -1
55 52 -1
55 53 -1
55 54 -1
55 56 -1
55 57 -1
55 59 -1
55 60 -1
55 62 -1
56 3 -1
56 8 -1
56 12 -1
56 18 -1
56 30 -1
56 49 -1
56 50 -1
56 52 -1
56 54 -1
56 55 -1
56 57 -1
56 59 -1
56 60 -1
56 61 -1
56 63 -1
56 64 -1
57 6 -1
57 18 -1
57 21 -1
57 26 -1
57 49 -1
57 51 -1
57 52 -1
57 55 -1
57 56 -1
57 58 -1
57 59 -1
57 60 -1
57 62 -1
57 63 -1
57 64 -1
58 28 -1
58 29 -1
58 32 -1
58 36 -1
58 42 -1
58 51 -1
58 52 -1
58 53 -1
58 54 -1
58 57 -1
58 59 -1
58 60 -1
58 61 -1
58 62 -1
58 63 -1
58 64 -1
59 1 -1
59 4 -1
59 11 -1
59 31 -1
59 48 -1
59 50 1
59 53 -1
59 54 -1
59 55 -1
59 56 -1
59 57 -1
59 58 -1
59 60 1
59 61 -1
59 62 -1
59 63 -1
60 2 -1
60 12 -1
60 32 -1
60 36 -1
60 41 -1
60 49 -1
60 50 -1
60 54 -1
60 55 -1
60 56 -1
60 57 -1
60 58 -1
60 59 1
60 61 -1
60 62 -1
60 64 -1
61 9 -1
61 13 -1
61 20 -1
61 35 -1
61 38 -1
61 50 -1
61 51 -1
61 52 -1
61 54 -1
61 56 -1
61 58 -1
61 59 -1
61 60 -1
61 62 -1
61 63 -1
61 64 -1
62 5 -1
62 24 -1
62 30 1
62 34 -1
62 38 -1
62 49 -1
62 50 -1
62 52 -1
62 53 -1
62 55 -1
62 57 -1
62 58 -1
62 59 -1
62 60 -1
62 61 -1
62 64 -1
63 6 -1
63 8 -1
63 13 -1
63 27 -1
63 33 -1
63 49 -1
63 50 -1
63 51 -1
63 52 -1
63 53 -1
63 56 -1
63 57 -1
63 58 -1
63 59 -1
63 61 -1
63 64 -1
64 29 -1
64 34 -1
64 40 -1
64 44 -1
64 47 -1
64 49 -1
64 50 1
64 51 -1
64 53 -1
64 56 -1
64 57 -1
64 58 -1
64 60 -1
64 61 -1
64 62 -1
64 63 -1
