1 2 1
1 3 1
1 4 1
1 5 1
1 6 1
1 7 1
1 9 1
1 10 1
1 13 1
1 15 1
1 16 1
1 23 1
1 51 1
1 53 1
1 61 1
1 64 -1
2 1 1
2 3 1
2 4 1
2 7 1
2 8 1
2 9 1
2 10 -1
2 11 1
2 12 -1
2 14 1
2 15 1
2 28 1
2 39 1
2 43 1
2 56 1
2 60 1
3 1 1
3 2 1
3 4 -1
3 5 1
3 6 1
3 7 1
3 8 1
3 11 1
3 13 1
3 14 1
3 16 1
3 19 1
3 22 1
3 26 1
3 35 1
3 59 1
4 1 1
4 2 1
4 3 -1
4 5 1
4 6 1
4 8 1
4 9 -1
4 12 1
4 13 1
4 14 1
4 16 1
4 21 1
4 26 1
4 27 1
4 62 1
5 1 1
5 3 1
5 4 1
5 6 1
5 7 1
5 9 -1
5 11 1
5 12 -1
5 13 1
5 15 -1
5 16 1
5 19 1
5 33 1
5 42 1
5 44 1
5 53 1
6 1 1
6 3 1
6 4 1
6 5 1
6 7 1
6 9 1
6 10 -1
6 11 1
6 12 1
6 14 1
6 15 1
6 23 -1
6 25 1
6 36 1
6 38 1
6 48 1
7 1 1
7 2 1
7 3 1
7 5 1
7 6 1
7 10 -1
7 12 1
7 13 1
7 14 1
7 15 1
7 16 1
7 43 -1
7 47 1
7 49 -1
7 55 1
7 63 1
8 2 1
8 3 1
8 4 1
8 9 -1
8 10 1
8 11 1
8 12 1
8 13 -1
8 14 -1
8 15 -1
8 16 1
8 17 1
8 22 1
8 42 -1
8 48 1
8 50 1
9 1 1
9 2 1
9 4 -1
9 5 -1
9 6 1
9 8 -1
9 10 1
9 11 -1
9 12 -1
9 13 1
9 14 1
9 17 1
9 22 -1
9 27 1
9 47 1
9 53 -1
10 1 1
10 2 -1
10 6 -1
10 7 -1
10 8 1
10 9 1
10 11 -1
10 13 1
10 14 1
10 15 -1
10 16 -1
10 18 1
10 36 1
10 44 1
10 54 1
10 59 1
11 2 1
11 3 1
11 5 1
11 6 1
11 8 1
11 9 -1
11 10 -1
11 12 1
11 14 1
11 15 1
11 16 1
11 30 -1
11 34 -1
11 50 1
11 57 1
11 64 1
12 2 -1
12 4 1
12 5 -1
12 6 1
12 7 1
12 8 1
12 9 -1
12 11 1
12 14 1
12 15 1
12 16 1
12 18 1
12 25 -1
12 27 1
12 35 1
12 39 -1
13 1 1
13 3 1
13 4 1
13 5 1
13 7 1
13 8 -1
13 9 1
13 10 1
13 14 1
13 15 1
13 16 1
13 35 1
13 49 1
13 57 1
13 63 1
13 64 1
14 2 1
14 3 1
14 4 1
14 6 1
14 7 1
14 8 -1
14 9 1
14 10 1
14 11 1
14 12 1
14 13 1
14 30 1
14 48 -1
14 54 1
14 55 1
14 64 1
15 1 1
15 2 1
15 5 -1
15 6 1
15 7 1
15 8 -1
15 10 -1
15 11 1
15 12 1
15 13 1
15 16 1
15 24 1
15 41 1
15 42 1
15 46 1
15 61 1
16 1 1
16 3 1
16 4 1
16 5 1
16 7 1
16 8 1
16 10 -1
16 11 1
16 12 1
16 13 1
16 15 1
16 21 1
16 24 1
16 34 -1
16 36 1
16 47 1
17 8 1
17 9 1
17 19 1
17 20 1
17 21 1
17 23 1
17 24 1
17 25 1
17 26 1
17 27 -1
17 28 1
17 29 1
17 31 1
17 38 1
17 50 1
17 56 1
18 10 1
18 12 1
18 19 1
18 20 1
18 21 1
18 22 1
18 23 1
18 24 -1
18 25 -1
18 27 1
18 28 1
18 29 1
18 32 1
18 41 1
18 43 -1
18 59 1
19 3 1
19 5 1
19 17 1
19 18 1
19 20 -1
19 21 -1
19 22 1
19 23 1
19 24 1
19 26 1
19 27 1
19 29 1
19 31 1
19 34 1
19 55 1
19 62 1
20 17 1
20 18 1
20 19 -1
20 22 1
20 23 1
20 25 1
20 26 1
20 28 -1
20 29 -1
20 30 1
20 31 1
20 34 -1
20 38 1
20 48 -1
20 52 1
21 4 1
21 16 1
21 17 1
21 18 1
21 19 -1
21 22 1
21 25 1
21 27 1
21 28 1
21 29 -1
21 30 1
21 31 1
21 32 1
21 45 1
21 48 -1
22 3 1
22 8 1
22 9 -1
22 18 1
22 19 1
22 20 1
22 21 1
22 24 1
22 25 1
22 26 1
22 27 1
22 28 1
22 31 1
22 32 1
22 45 -1
22 54 1
23 1 1
23 6 -1
23 17 1
23 18 1
23 19 1
23 20 1
23 24 1
23 25 -1
23 26 1
23 27 -1
23 28 1
23 29 1
23 30 1
23 37 1
23 46 1
23 57 -1
24 15 1
24 16 1
24 17 1
24 18 -1
24 19 1
24 22 1
24 23 1
24 26 1
24 27 1
24 28 1
24 29 1
24 30 1
24 32 1
24 40 1
24 53 1
24 58 1
25 6 1
25 12 -1
25 17 1
25 18 -1
25 20 1
25 21 1
25 22 1
25 23 -1
25 26 1
25 27 1
25 30 -1
25 31 1
25 32 1
25 51 1
25 56 -1
25 57 -1
26 3 1
26 4 1
26 17 1
26 19 1
26 20 1
26 22 1
26 23 1
26 24 1
26 25 1
26 27 1
26 30 1
26 31 1
26 32 -1
26 35 -1
26 41 1
26 49 1
27 4 1
27 9 1
27 12 1
27 17 -1
27 18 1
27 19 1
27 21 1
27 22 1
27 23 -1
27 24 1
27 25 1
27 26 1
27 30 1
27 32 1
27 56 -1
27 58 -1
28 2 1
28 17 1
28 18 1
28 20 -1
28 21 1
28 22 1
28 23 1
28 24 1
28 29 1
28 30 1
28 31 1
28 32 1
28 38 1
28 40 1
28 51 1
28 62 1
29 17 1
29 18 1
29 19 1
29 20 -1
29 21 -1
29 23 1
29 24 1
29 28 1
29 30 1
29 31 1
29 32 -1
29 42 1
29 49 1
29 50 1
29 63 1
30 11 -1
30 14 1
30 20 1
30 21 1
30 23 1
30 24 1
30 25 -1
30 26 1
30 27 1
30 28 1
30 29 1
30 31 1
30 32 1
30 40 1
30 47 1
30 64 1
31 17 1
31 19 1
31 20 1
31 21 1
31 22 1
31 25 1
31 26 1
31 28 1
31 29 1
31 30 1
31 32 1
31 44 1
31 45 -1
31 49 1
31 51 1
31 59 1
32 18 1
32 21 1
32 22 1
32 24 1
32 25 1
32 26 -1
32 27 1
32 28 1
32 29 -1
32 30 1
32 31 1
32 36 1
32 38 -1
32 46 -1
32 62 -1
33 5 1
33 35 1
33 36 -1
33 37 -1
33 38 1
33 41 1
33 42 1
33 44 1
33 45 1
33 46 1
33 47 1
33 48 1
33 52 1
33 54 -1
33 60 -1
33 62 1
34 11 -1
34 16 -1
34 19 1
34 20 -1
34 35 -1
34 36 1
34 37 1
34 38 1
34 39 1
34 40 1
34 43 -1
34 44 1
34 45 -1
34 46 1
34 47 1
35 3 1
35 12 1
35 13 1
35 26 -1
35 33 1
35 34 -1
35 36 1
35 37 1
35 39 1
35 40 1
35 42 1
35 43 -1
35 44 1
35 47 1
35 48 -1
35 59 1
36 6 1
36 10 1
36 16 1
36 32 1
36 33 -1
36 34 1
36 35 1
36 38 1
36 39 -1
36 40 1
36 41 1
36 43 1
36 44 1
36 45 1
36 46 1
36 60 1
37 23 1
37 33 -1
37 34 1
37 35 1
37 38 1
37 39 1
37 40 1
37 41 -1
37 42 -1
37 45 1
37 46 -1
37 48 1
37 51 1
37 57 1
37 61 1
37 63 1
38 6 1
38 17 1
38 20 1
38 28 1
38 32 -1
38 33 1
38 34 1
38 36 1
38 37 1
38 39 -1
38 40 -1
38 42 1
38 43 1
38 44 1
38 46 -1
38 47 1
39 2 1
39 12 -1
39 34 1
39 35 1
39 36 -1
39 37 1
39 38 -1
39 40 1
39 41 -1
39 43 -1
39 45 1
39 46 1
39 47 1
39 52 1
39 56 1
39 61 1
40 24 1
40 28 1
40 30 1
40 34 1
40 35 1
40 36 1
40 37 1
40 38 -1
40 39 1
40 41 1
40 42 -1
40 43 1
40 44 1
40 48 1
40 58 1
41 15 1
41 18 1
41 26 1
41 33 1
41 36 1
41 37 -1
41 39 -1
41 40 1
41 42 1
41 43 1
41 44 1
41 45 1
41 47 -1
41 48 1
41 52 1
41 60 1
42 5 1
42 8 -1
42 15 1
42 29 1
42 33 1
42 35 1
42 37 -1
42 38 1
42 40 -1
42 41 1
42 44 1
42 45 -1
42 46 1
42 47 1
42 48 1
42 53 -1
43 2 1
43 7 -1
43 18 -1
43 34 -1
43 35 -1
43 36 1
43 38 1
43 39 -1
43 40 1
43 41 1
43 45 1
43 46 1
43 47 -1
43 48 -1
43 54 -1
43 60 1
44 5 1
44 10 1
44 31 1
44 33 1
44 34 1
44 35 1
44 36 1
44 38 1
44 40 1
44 41 1
44 42 1
44 46 1
44 47 1
44 48 1
44 61 1
44 63 -1
45 21 1
45 22 -1
45 31 -1
45 33 1
45 34 -1
45 36 1
45 37 1
45 39 1
45 41 1
45 42 -1
45 43 1
45 46 1
45 47 -1
45 48 1
45 52 1
45 55 1
46 15 1
46 23 1
46 32 -1
46 33 1
46 34 1
46 36 1
46 37 -1
46 38 -1
46 39 1
46 42 1
46 43 1
46 44 1
46 45 1
46 48 1
46 58 -1
47 7 1
47 9 1
47 16 1
47 30 1
47 33 1
47 34 1
47 35 1
47 38 1
47 39 1
47 41 -1
47 42 1
47 43 -1
47 44 1
47 45 -1
47 48 -1
47 55 1
48 6 1
48 8 1
48 14 -1
48 20 -1
48 21 -1
48 33 1
48 35 -1
48 37 1
48 40 1
48 41 1
48 42 1
48 43 -1
48 44 1
48 45 1
48 46 1
48 47 -1
49 7 -1
49 13 1
49 26 1
49 29 1
49 31 1
49 50 1
49 52 1
49 53 1
49 54 1
49 55 1
49 56 1
49 57 1
49 58 1
49 59 1
49 61 1
49 63 -1
50 8 1
50 11 1
50 17 1
50 29 1
50 49 1
50 51 1
50 53 1
50 54 1
50 56 1
50 58 -1
50 59 1
50 60 1
50 61 1
50 62 1
50 64 -1
51 1 1
51 25 1
51 28 1
51 31 1
51 37 1
51 50 1
51 52 1
51 55 1
51 56 1
51 57 1
51 58 1
51 59 1
51 60 1
51 62 1
51 63 1
51 64 -1
52 20 1
52 33 1
52 39 1
52 41 1
52 45 1
52 49 1
52 51 1
52 53 1
52 56 1
52 58 1
52 59 1
52 60 1
52 61 1
52 62 1
52 63 1
52 64 1
53 1 1
53 5 1
53 9 -1
53 24 1
53 42 -1
53 49 1
53 50 1
53 52 1
53 54 -1
53 55 1
53 57 1
53 60 1
53 61 1
53 62 1
53 63 1
53 64 -1
54 10 1
54 14 1
54 22 1
54 33 -1
54 43 -1
54 49 1
54 50 1
54 53 -1
54 55 1
54 57 1
54 58 1
54 60 1
54 61 -1
54 62 1
54 63 1
54 64 -1
55 7 1
55 14 1
55 19 1
55 45 1
55 47 1
55 49 1
55 51 1
55 53 1
55 54 1
55 57 1
55 58 1
55 59 1
55 60 -1
55 61 1
55 62 1
55 64 -1
56 2 1
56 17 1
56 25 -1
56 27 -1
56 39 1
56 49 1
56 50 1
56 51 1
56 52 1
56 57 1
56 58 1
56 59 1
56 60 1
56 62 1
56 63 -1
56 64 1
57 11 1
57 13 1
57 23 -1
57 25 -1
57 37 1
57 49 1
57 51 1
57 53 1
57 54 1
57 55 1
57 56 1
57 59 1
57 60 1
57 61 1
57 62 1
57 63 1
58 24 1
58 27 -1
58 40 1
58 46 -1
58 49 1
58 50 -1
58 51 1
58 52 1
58 54 1
58 55 1
58 56 1
58 59 1
58 61 1
58 63 1
58 64 -1
59 3 1
59 10 1
59 18 1
59 31 1
59 35 1
59 49 1
59 50 1
59 51 1
59 52 1
59 55 1
59 56 1
59 57 1
59 58 1
59 61 1
59 62 1
59 63 1
60 2 1
60 33 -1
60 36 1
60 41 1
60 43 1
60 50 1
60 51 1
60 52 1
60 53 1
60 54 1
60 55 -1
60 56 1
60 57 1
60 61 1
60 63 1
60 64 1
61 1 1
61 15 1
61 37 1
61 39 1
61 44 1
61 49 1
61 50 1
61 52 1
61 53 1
61 54 -1
61 55 1
61 57 1
61 58 1
61 59 1
61 60 1
61 62 1
62 4 1
62 19 1
62 28 1
62 32 -1
62 33 1
62 50 1
62 51 1
62 52 1
62 53 1
62 54 1
62 55 1
62 56 1
62 57 1
62 59 1
62 61 1
62 64 -1
63 7 1
63 13 1
63 29 1
63 37 1
63 44 -1
63 49 -1
63 51 1
63 52 1
63 53 1
63 54 1
63 56 -1
63 57 1
63 58 1
63 59 1
63 60 1
63 64 1
64 1 -1
64 11 1
64 13 1
64 14 1
64 30 1
64 50 -1
64 51 -1
64 52 1
64 53 -1
64 54 -1
64 55 -1
64 56 1
64 58 -1
64 60 1
64 62 -1
64 63 1
