1 2 -1
1 5 1
1 7 -1
1 9 -1
1 10 1
1 11 -1
1 12 -1
1 13 -1
1 14 1
1 15 -1
1 16 -1
1 21 -1
1 23 -1
1 31 -1
1 39 -1
1 59 1
2 1 -1
2 3 1
2 4 -1
2 6 -1
2 8 -1
2 9 -1
2 12 -1
2 13 1
2 14 -1
2 15 -1
2 16 -1
2 17 -1
2 26 1
2 42 1
2 50 -1
2 52 -1
3 2 1
3 4 -1
3 5 -1
3 8 1
3 9 1
3 10 -1
3 11 -1
3 12 -1
3 13 1
3 14 -1
3 16 -1
3 26 -1
3 34 -1
3 35 1
3 49 1
3 62 1
4 2 -1
4 3 -1
4 5 -1
4 6 -1
4 7 -1
4 8 1
4 9 1
4 11 -1
4 12 -1
4 13 -1
4 15 1
4 25 1
4 30 -1
4 46 -1
4 53 -1
4 62 -1
5 1 1
5 3 -1
5 4 -1
5 6 -1
5 7 -1
5 8 -1
5 9 -1
5 10 -1
5 12 -1
5 13 -1
5 15 -1
5 17 1
5 23 -1
5 39 -1
5 43 -1
5 48 -1
6 2 -1
6 4 -1
6 5 -1
6 7 1
6 9 -1
6 10 -1
6 11 -1
6 13 1
6 14 -1
6 15 -1
6 16 -1
6 25 -1
6 26 -1
6 32 1
6 46 1
6 50 -1
7 1 -1
7 4 -1
7 5 -1
7 6 1
7 9 1
7 10 1
7 11 1
7 12 -1
7 13 -1
7 14 1
7 16 1
7 21 -1
7 30 -1
7 37 1
7 38 1
7 40 1
8 2 -1
8 3 1
8 4 1
8 5 -1
8 10 -1
8 11 1
8 12 1
8 13 -1
8 14 -1
8 15 -1
8 16 -1
8 19 1
8 24 1
8 34 -1
8 55 -1
8 58 1
9 1 -1
9 2 -1
9 3 1
9 4 1
9 5 -1
9 6 -1
9 7 1
9 11 -1
9 13 -1
9 15 -1
9 16 -1
9 29 -1
9 39 -1
9 44 1
9 63 -1
10 1 1
10 3 -1
10 5 -1
10 6 -1
10 7 1
10 8 -1
10 11 -1
10 12 1
10 14 1
10 15 -1
10 16 -1
10 26 -1
10 41 -1
10 49 -1
10 51 1
10 60 1
11 1 -1
11 3 -1
11 4 -1
11 6 -1
11 7 1
11 8 1
11 9 -1
11 10 -1
11 12 1
11 14 -1
11 15 -1
11 40 -1
11 44 -1
11 52 1
11 56 -1
11 62 1
12 1 -1
12 2 -1
12 3 -1
12 4 -1
12 5 -1
12 7 -1
12 8 1
12 10 1
12 11 1
12 13 -1
12 16 1
12 24 1
12 33 -1
12 34 1
12 43 1
12 46 -1
13 1 -1
13 2 1
13 3 1
13 4 -1
13 5 -1
13 6 1
13 7 -1
13 8 -1
13 9 -1
13 12 -1
13 14 -1
13 36 1
13 49 1
13 50 -1
13 55 -1
13 61 1
14 1 1
14 2 -1
14 3 -1
14 6 -1
14 7 1
14 8 -1
14 10 1
14 11 -1
14 13 -1
14 15 -1
14 16 1
14 18 -1
14 23 -1
14 34 -1
14 38 -1
14 64 1
15 1 -1
15 2 -1
15 4 1
15 5 -1
15 6 -1
15 8 -1
15 9 -1
15 10 -1
15 11 -1
15 14 -1
15 16 1
15 22 -1
15 38 1
15 57 -1
15 58 1
16 1 -1
16 2 -1
16 3 -1
16 6 -1
16 7 1
16 8 -1
16 9 -1
16 10 -1
16 12 1
16 14 1
16 15 1
16 31 1
16 47 1
16 49 1
16 51 -1
17 2 -1
17 5 1
17 18 -1
17 19 1
17 20 -1
17 22 1
17 23 -1
17 24 -1
17 25 -1
17 26 -1
17 27 -1
17 28 1
17 31 -1
17 42 -1
17 46 1
17 55 -1
18 14 -1
18 17 -1
18 20 1
18 21 -1
18 22 -1
18 23 1
18 24 1
18 25 -1
18 28 -1
18 29 1
18 30 1
18 31 -1
18 42 1
18 52 1
18 64 -1
19 8 1
19 17 1
19 20 -1
19 21 -1
19 22 1
19 23 -1
19 24 -1
19 25 -1
19 27 -1
19 29 -1
19 30 1
19 32 1
19 41 -1
19 43 -1
19 54 1
19 63 -1
20 17 -1
20 18 1
20 19 -1
20 21 1
20 22 1
20 25 1
20 26 -1
20 28 1
20 29 1
20 31 1
20 32 1
20 37 -1
20 50 -1
20 54 -1
20 60 -1
20 61 -1
21 1 -1
21 7 -1
21 18 -1
21 19 -1
21 20 1
21 23 1
21 24 1
21 26 -1
21 27 1
21 29 1
21 30 1
21 31 1
21 32 -1
21 38 -1
21 46 1
21 55 -1
22 15 -1
22 17 1
22 18 -1
22 19 1
22 20 1
22 23 -1
22 24 1
22 26 1
22 29 -1
22 30 1
22 31 1
22 32 -1
22 41 1
22 53 1
22 55 1
22 57 -1
23 1 -1
23 5 -1
23 14 -1
23 17 -1
23 18 1
23 19 -1
23 21 1
23 22 -1
23 25 -1
23 26 1
23 27 -1
23 28 -1
23 30 -1
23 31 -1
23 53 -1
23 58 -1
24 8 1
24 12 1
24 17 -1
24 18 1
24 19 -1
24 21 1
24 22 1
24 25 -1
24 27 1
24 28 -1
24 29 1
24 30 -1
24 32 -1
24 40 -1
24 54 1
24 57 -1
25 4 1
25 6 -1
25 17 -1
25 18 -1
25 19 -1
25 20 1
25 23 -1
25 24 -1
25 27 -1
25 28 1
25 29 -1
25 30 1
25 31 1
25 42 -1
25 48 -1
25 60 -1
26 2 1
26 3 -1
26 6 -1
26 10 -1
26 17 -1
26 20 -1
26 21 -1
26 22 1
26 23 1
26 27 -1
26 28 -1
26 29 1
26 30 1
26 31 1
26 32 -1
26 64 -1
27 17 -1
27 19 -1
27 21 1
27 23 -1
27 24 1
27 25 -1
27 26 -1
27 28 1
27 29 1
27 30 -1
27 32 1
27 36 -1
27 40 -1
27 42 -1
27 61 1
27 64 1
28 17 1
28 18 -1
28 20 1
28 23 -1
28 24 -1
28 25 1
28 26 -1
28 27 1
28 29 -1
28 31 1
28 32 -1
28 34 1
28 36 1
28 37 -1
28 47 -1
28 57 -1
29 9 -1
29 18 1
29 19 -1
29 20 1
29 21 1
29 22 -1
29 24 1
29 25 -1
29 26 1
29 27 1
29 28 -1
29 32 1
29 33 -1
29 39 -1
29 48 1
29 63 -1
30 4 -1
30 7 -1
30 18 1
30 19 1
30 21 1
30 22 1
30 23 -1
30 24 -1
30 25 1
30 26 1
30 27 -1
30 31 -1
30 32 -1
30 41 -1
30 47 1
30 57 1
31 1 -1
31 16 1
31 17 -1
31 18 -1
31 20 1
31 21 1
31 22 1
31 23 -1
31 25 1
31 26 1
31 28 1
31 30 -1
31 32 1
31 41 -1
31 45 -1
31 52 -1
32 6 1
32 19 1
32 20 1
32 21 -1
32 22 -1
32 24 -1
32 26 -1
32 27 1
32 28 -1
32 29 1
32 30 -1
32 31 1
32 40 -1
32 54 -1
32 60 -1
33 12 -1
33 29 -1
33 36 -1
33 37 -1
33 38 1
33 39 -1
33 40 1
33 42 -1
33 43 1
33 44 1
33 45 -1
33 46 -1
33 47 -1
33 51 1
33 56 1
33 59 -1
34 3 -1
34 8 -1
34 12 1
34 14 -1
34 28 1
34 36 -1
34 37 1
34 38 -1
34 39 -1
34 40 -1
34 42 -1
34 44 -1
34 45 -1
34 46 -1
34 47 1
34 48 1
35 3 1
35 36 -1
35 38 -1
35 40 -1
35 41 1
35 42 1
35 43 1
35 44 1
35 45 1
35 46 1
35 47 1
35 48 -1
35 56 1
35 59 -1
35 62 1
36 13 1
36 27 -1
36 28 1
36 33 -1
36 34 -1
36 35 -1
36 37 1
36 38 -1
36 39 1
36 40 1
36 42 -1
36 43 1
36 47 1
36 48 -1
36 51 1
36 63 1
37 7 1
37 20 -1
37 28 -1
37 33 -1
37 34 1
37 36 1
37 38 1
37 39 -1
37 41 -1
37 42 -1
37 43 -1
37 44 -1
37 47 1
37 48 -1
37 60 -1
37 62 1
38 7 1
38 14 -1
38 15 1
38 21 -1
38 33 1
38 34 -1
38 35 -1
38 36 -1
38 37 1
38 41 -1
38 44 -1
38 45 -1
38 46 -1
38 47 1
38 48 1
39 1 -1
39 5 -1
39 9 -1
39 29 -1
39 33 -1
39 34 -1
39 36 1
39 37 -1
39 40 -1
39 41 -1
39 42 1
39 44 -1
39 46 1
39 47 -1
39 48 -1
39 50 1
40 7 1
40 11 -1
40 24 -1
40 27 -1
40 32 -1
40 33 1
40 34 -1
40 35 -1
40 36 1
40 39 -1
40 41 -1
40 43 1
40 45 -1
40 46 -1
40 47 1
40 48 1
41 10 -1
41 19 -1
41 22 1
41 30 -1
41 31 -1
41 35 1
41 37 -1
41 38 -1
41 39 -1
41 40 -1
41 42 1
41 43 -1
41 44 1
41 45 -1
41 47 1
41 48 1
42 2 1
42 17 -1
42 18 1
42 25 -1
42 27 -1
42 33 -1
42 34 -1
42 35 1
42 36 -1
42 37 -1
42 39 1
42 41 1
42 43 -1
42 44 1
42 45 -1
42 48 1
43 5 -1
43 12 1
43 19 -1
43 33 1
43 35 1
43 36 1
43 37 -1
43 40 1
43 41 -1
43 42 -1
43 44 -1
43 45 -1
43 46 -1
43 47 -1
43 58 -1
43 59 -1
44 9 1
44 11 -1
44 33 1
44 34 -1
44 35 1
44 37 -1
44 38 -1
44 39 -1
44 41 1
44 42 1
44 43 -1
44 45 -1
44 46 -1
44 49 -1
44 61 1
45 31 -1
45 33 -1
45 34 -1
45 35 1
45 38 -1
45 40 -1
45 41 -1
45 42 -1
45 43 -1
45 44 -1
45 46 -1
45 48 -1
45 53 -1
45 56 1
45 58 -1
45 63 -1
46 4 -1
46 6 1
46 12 -1
46 17 1
46 21 1
46 33 -1
46 34 -1
46 35 1
46 38 -1
46 39 1
46 40 -1
46 43 -1
46 44 -1
46 45 -1
46 47 -1
46 48 1
47 16 1
47 28 -1
47 30 1
47 33 -1
47 34 1
47 35 1
47 36 1
47 37 1
47 38 1
47 39 -1
47 40 1
47 41 1
47 43 -1
47 46 -1
47 61 1
47 64 -1
48 5 -1
48 25 -1
48 29 1
48 34 1
48 35 -1
48 36 -1
48 37 -1
48 38 1
48 39 -1
48 40 1
48 41 1
48 42 1
48 45 -1
48 46 1
48 53 -1
48 59 1
49 3 1
49 10 -1
49 13 1
49 16 1
49 44 -1
49 51 -1
49 52 -1
49 53 -1
49 55 1
49 56 1
49 57 -1
49 58 -1
49 59 1
49 61 1
49 62 -1
49 64 1
50 2 -1
50 6 -1
50 13 -1
50 20 -1
50 39 1
50 51 -1
50 52 -1
50 54 -1
50 55 1
50 56 -1
50 57 1
50 58 -1
50 61 -1
50 62 -1
50 63 1
50 64 1
51 10 1
51 16 -1
51 33 1
51 36 1
51 49 -1
51 50 -1
51 52 1
51 53 1
51 54 1
51 55 1
51 56 -1
51 59 1
51 60 -1
51 62 1
51 64 1
52 2 -1
52 11 1
52 18 1
52 31 -1
52 49 -1
52 50 -1
52 51 1
52 53 1
52 54 -1
52 55 -1
52 56 1
52 57 -1
52 59 -1
52 60 -1
52 61 -1
53 4 -1
53 22 1
53 23 -1
53 45 -1
53 48 -1
53 49 -1
53 51 1
53 52 1
53 54 -1
53 55 -1
53 56 1
53 57 -1
53 58 -1
53 62 1
53 63 -1
53 64 1
54 19 1
54 20 -1
54 24 1
54 32 -1
54 50 -1
54 51 1
54 52 -1
54 53 -1
54 58 1
54 59 1
54 60 -1
54 61 1
54 62 1
54 63 1
54 64 -1
55 8 -1
55 13 -1
55 17 -1
55 21 -1
55 22 1
55 49 1
55 50 1
55 51 1
55 52 -1
55 53 -1
55 56 1
55 58 -1
55 60 -1
55 62 -1
55 63 1
55 64 -1
56 11 -1
56 33 1
56 35 1
56 45 1
56 49 1
56 50 -1
56 51 -1
56 52 1
56 53 1
56 55 1
56 57 1
56 58 -1
56 59 -1
56 61 -1
56 64 -1
57 15 -1
57 22 -1
57 24 -1
57 28 -1
57 30 1
57 49 -1
57 50 1
57 52 -1
57 53 -1
57 56 1
57 58 1
57 59 1
57 60 -1
57 61 -1
57 62 1
57 63 -1
58 8 1
58 15 1
58 23 -1
58 43 -1
58 45 -1
58 49 -1
58 50 -1
58 53 -1
58 54 1
58 55 -1
58 56 -1
58 57 1
58 59 -1
58 60 -1
58 61 -1
58 63 -1
59 1 1
59 33 -1
59 35 -1
59 43 -1
59 48 1
59 49 1
59 51 1
59 52 -1
59 54 1
59 56 -1
59 57 1
59 58 -1
59 60 -1
59 61 1
59 62 -1
59 63 -1
60 10 1
60 20 -1
60 25 -1
60 32 -1
60 37 -1
60 51 -1
60 52 -1
60 54 -1
60 55 -1
60 57 -1
60 58 -1
60 59 -1
60 61 1
60 62 1
60 63 -1
60 64 -1
61 13 1
61 20 -1
61 27 1
61 44 1
61 47 1
61 49 1
61 50 -1
61 52 -1
61 54 1
61 56 -1
61 57 -1
61 58 -1
61 59 1
61 60 1
61 63 -1
61 64 1
62 3 1
62 4 -1
62 11 1
62 35 1
62 37 1
62 49 -1
62 50 -1
62 51 1
62 53 1
62 54 1
62 55 -1
62 57 1
62 59 -1
62 60 1
62 63 -1
62 64 1
63 9 -1
63 19 -1
63 29 -1
63 36 1
63 45 -1
63 50 1
63 53 -1
63 54 1
63 55 1
63 57 -1
63 58 -1
63 59 -1
63 60 -1
63 61 -1
63 62 -1
63 64 1
64 14 1
64 18 -1
64 26 -1
64 27 1
64 47 -1
64 49 1
64 50 1
64 51 1
64 53 1
64 54 -1
64 55 -1
64 56 -1
64 60 -1
64 61 1
64 62 1
64 63 1
