1 2 1
1 3 1
1 4 1
1 5 1
1 6 1
1 10 1
1 11 -1
1 12 1
1 13 -1
1 14 1
1 16 1
1 45 1
1 58 1
1 60 1
1 61 1
1 63 1
2 1 1
2 3 -1
2 4 1
2 6 -1
2 7 1
2 8 1
2 9 1
2 12 -1
2 13 1
2 14 1
2 16 1
2 23 1
2 27 1
2 39 1
2 43 1
3 1 1
3 2 -1
3 6 1
3 8 -1
3 9 1
3 10 1
3 12 1
3 13 1
3 14 1
3 15 1
3 16 1
3 26 1
3 33 -1
3 34 1
3 45 1
3 59 1
4 1 1
4 2 1
4 5 1
4 6 1
4 7 1
4 8 1
4 9 1
4 11 1
4 14 1
4 15 1
4 16 1
4 21 1
4 33 1
4 39 1
4 40 1
4 47 1
5 1 1
5 4 1
5 6 1
5 7 -1
5 8 -1
5 9 1
5 10 -1
5 12 1
5 13 1
5 14 1
5 15 1
5 30 1
5 31 1
5 40 1
5 48 1
5 56 1
6 1 1
6 2 -1
6 3 1
6 4 1
6 5 1
6 7 -1
6 10 1
6 11 -1
6 12 1
6 13 1
6 15 1
6 24 1
6 28 -1
6 33 1
6 58 1
6 59 1
7 2 1
7 4 1
7 5 -1
7 6 -1
7 8 -1
7 9 1
7 10 1
7 11 1
7 12 1
7 13 1
7 14 1
7 18 1
7 19 -1
7 30 1
7 52 1
7 60 -1
8 2 1
8 3 -1
8 4 1
8 5 -1
8 7 -1
8 9 1
8 10 -1
8 11 1
8 14 1
8 15 1
8 16 -1
8 18 1
8 29 1
8 51 1
8 52 1
8 61 1
9 2 1
9 3 1
9 4 1
9 5 1
9 7 1
9 8 1
9 10 -1
9 11 -1
9 13 1
9 14 1
9 15 -1
9 24 1
9 25 1
9 56 1
9 57 1
9 58 -1
10 1 1
10 3 1
10 5 -1
10 6 1
10 7 1
10 8 -1
10 9 -1
10 11 1
10 14 1
10 15 -1
10 16 1
10 41 1
10 49 1
10 55 1
10 57 -1
11 1 -1
11 4 1
11 6 -1
11 7 1
11 8 1
11 9 -1
11 10 1
11 12 1
11 13 -1
11 15 1
11 16 1
11 36 -1
11 38 1
11 40 1
11 42 1
11 46 1
12 1 1
12 2 -1
12 3 1
12 5 1
12 6 1
12 7 1
12 11 1
12 13 1
12 14 1
12 15 1
12 16 1
12 39 1
12 51 1
12 63 1
13 1 -1
13 2 1
13 3 1
13 5 1
13 6 1
13 7 1
13 9 1
13 11 -1
13 12 1
13 15 -1
13 16 1
13 17 -1
13 29 1
13 40 1
13 45 1
13 54 1
14 1 1
14 2 1
14 3 1
14 4 1
14 5 1
14 7 1
14 8 1
14 9 1
14 10 1
14 12 1
14 16 1
14 18 1
14 29 -1
14 43 1
14 58 -1
14 59 1
15 3 1
15 4 1
15 5 1
15 6 1
15 8 1
15 9 -1
15 10 -1
15 11 1
15 12 1
15 13 -1
15 16 1
15 32 -1
15 37 1
15 44 1
15 57 -1
15 64 -1
16 1 1
16 2 1
16 3 1
16 4 1
16 8 -1
16 10 1
16 11 1
16 12 1
16 13 1
16 14 1
16 15 1
16 41 1
16 43 1
16 46 1
16 53 1
16 63 1
17 13 -1
17 19 1
17 20 1
17 22 1
17 23 1
17 24 1
17 25 1
17 26 1
17 27 1
17 28 1
17 30 1
17 32 1
17 41 1
17 47 -1
17 51 1
17 61 -1
18 7 1
18 8 1
18 14 1
18 19 1
18 20 1
18 22 1
18 23 1
18 25 1
18 26 1
18 27 1
18 28 -1
18 29 1
18 31 1
18 32 1
18 49 1
18 62 1
19 7 -1
19 17 1
19 18 1
19 21 1
19 22 -1
19 24 1
19 25 1
19 26 -1
19 27 1
19 28 1
19 30 1
19 32 1
19 34 -1
19 35 1
19 43 1
19 50 1
20 17 1
20 18 1
20 21 -1
20 22 1
20 23 1
20 24 1
20 26 1
20 27 1
20 29 1
20 31 -1
20 32 1
20 36 1
20 42 1
20 47 -1
20 50 -1
20 53 1
21 4 1
21 19 1
21 20 -1
21 22 1
21 23 1
21 24 -1
21 27 1
21 28 1
21 29 -1
21 30 1
21 31 1
21 32 -1
21 58 1
21 60 1
21 62 -1
22 17 1
22 18 1
22 19 -1
22 20 1
22 21 1
22 25 -1
22 27 1
22 28 1
22 29 1
22 30 1
22 32 1
22 38 1
22 46 1
22 55 -1
22 59 1
23 2 1
23 17 1
23 18 1
23 20 1
23 21 1
23 25 1
23 26 1
23 27 -1
23 28 1
23 29 1
23 30 -1
23 32 -1
23 34 1
23 41 1
23 44 1
24 6 1
24 9 1
24 17 1
24 19 1
24 20 1
24 21 -1
24 25 1
24 26 1
24 28 1
24 29 1
24 30 1
24 31 -1
24 32 1
24 37 1
24 52 1
24 54 -1
25 9 1
25 17 1
25 18 1
25 19 1
25 22 -1
25 23 1
25 24 1
25 26 1
25 27 1
25 28 1
25 29 1
25 31 1
25 35 1
25 37 -1
25 48 1
25 59 -1
26 3 1
26 17 1
26 18 1
26 19 -1
26 20 1
26 23 1
26 24 1
26 25 1
26 27 1
26 30 1
26 31 1
26 32 1
26 38 1
26 48 1
26 50 1
27 2 1
27 17 1
27 18 1
27 19 1
27 20 1
27 21 1
27 22 1
27 23 -1
27 25 1
27 26 1
27 29 1
27 31 1
27 56 1
27 60 1
27 61 1
27 62 -1
28 6 -1
28 17 1
28 18 -1
28 19 1
28 21 1
28 22 1
28 23 1
28 24 1
28 25 1
28 29 1
28 30 1
28 31 1
28 46 1
28 47 1
28 48 -1
28 54 -1
29 8 1
29 13 1
29 14 -1
29 18 1
29 20 1
29 21 -1
29 22 1
29 23 1
29 24 1
29 25 1
29 27 1
29 28 1
29 30 1
29 31 -1
29 33 1
29 62 -1
30 5 1
30 7 1
30 17 1
30 19 1
30 21 1
30 22 1
30 23 -1
30 24 1
30 26 1
30 28 1
30 29 1
30 31 -1
30 32 1
30 38 1
30 46 1
30 53 1
31 5 1
31 18 1
31 20 -1
31 21 1
31 24 -1
31 25 1
31 26 1
31 27 1
31 28 1
31 29 -1
31 30 -1
31 32 -1
31 36 1
31 40 1
31 57 1
31 64 1
32 15 -1
32 17 1
32 18 1
32 19 1
32 20 1
32 21 -1
32 22 1
32 23 -1
32 24 1
32 26 1
32 30 1
32 31 -1
32 37 1
32 39 1
32 42 1
32 54 1
33 3 -1
33 4 1
33 6 1
33 29 1
33 34 -1
33 35 1
33 37 1
33 38 1
33 39 1
33 40 1
33 41 1
33 42 -1
33 44 1
33 47 1
33 48 1
33 60 1
34 3 1
34 19 -1
34 23 1
34 33 -1
34 35 1
34 36 1
34 37 1
34 38 1
34 39 1
34 40 1
34 42 1
34 43 1
34 46 1
34 47 1
34 53 1
34 61 1
35 19 1
35 25 1
35 33 1
35 34 1
35 36 -1
35 37 1
35 40 1
35 42 1
35 43 1
35 44 1
35 46 1
35 47 1
35 48 1
35 50 1
35 57 1
35 64 1
36 11 -1
36 20 1
36 31 1
36 34 1
36 35 -1
36 38 1
36 39 -1
36 40 1
36 41 1
36 43 1
36 44 1
36 45 1
36 47 1
36 48 1
36 52 1
36 63 1
37 15 1
37 24 1
37 25 -1
37 32 1
37 33 1
37 34 1
37 35 1
37 38 1
37 40 -1
37 41 1
37 43 1
37 44 1
37 45 1
37 46 1
37 47 -1
37 56 -1
38 11 1
38 22 1
38 26 1
38 30 1
38 33 1
38 34 1
38 36 1
38 37 1
38 39 1
38 40 1
38 41 -1
38 45 1
38 46 1
38 47 1
38 48 -1
38 55 1
39 2 1
39 4 1
39 12 1
39 32 1
39 33 1
39 34 1
39 36 -1
39 38 1
39 40 -1
39 41 -1
39 43 -1
39 44 -1
39 45 1
39 47 1
39 48 1
39 52 -1
40 4 1
40 5 1
40 11 1
40 13 1
40 31 1
40 33 1
40 34 1
40 35 1
40 36 1
40 37 -1
40 38 1
40 39 -1
40 42 1
40 43 1
40 45 1
40 46 1
41 10 1
41 16 1
41 17 1
41 23 1
41 33 1
41 36 1
41 37 1
41 38 -1
41 39 -1
41 42 1
41 44 -1
41 45 -1
41 46 1
41 47 1
41 48 1
41 56 1
42 11 1
42 20 1
42 32 1
42 33 -1
42 34 1
42 35 1
42 40 1
42 41 1
42 43 1
42 44 1
42 45 1
42 46 -1
42 47 1
42 48 1
42 50 1
42 64 1
43 2 1
43 14 1
43 16 1
43 19 1
43 34 1
43 35 1
43 36 1
43 37 1
43 39 -1
43 40 1
43 42 1
43 44 -1
43 45 1
43 46 -1
43 47 1
43 51 1
44 15 1
44 23 1
44 33 1
44 35 1
44 36 1
44 37 1
44 39 -1
44 41 -1
44 42 1
44 43 -1
44 45 1
44 46 -1
44 48 1
44 49 -1
44 53 1
45 1 1
45 3 1
45 13 1
45 36 1
45 37 1
45 38 1
45 39 1
45 40 1
45 41 -1
45 42 1
45 43 1
45 44 1
45 46 1
45 48 1
45 54 1
45 55 1
46 11 1
46 16 1
46 22 1
46 28 1
46 30 1
46 34 1
46 35 1
46 37 1
46 38 1
46 40 1
46 41 1
46 42 -1
46 43 -1
46 44 -1
46 45 1
46 48 1
47 4 1
47 17 -1
47 20 -1
47 28 1
47 33 1
47 34 1
47 35 1
47 36 1
47 37 -1
47 38 1
47 39 1
47 41 1
47 42 1
47 43 1
47 48 1
47 64 1
48 5 1
48 25 1
48 26 1
48 28 -1
48 33 1
48 35 1
48 36 1
48 38 -1
48 39 1
48 41 1
48 42 1
48 44 1
48 45 1
48 46 1
48 47 1
49 10 1
49 18 1
49 44 -1
49 51 1
49 52 1
49 54 -1
49 56 -1
49 57 1
49 58 1
49 59 -1
49 60 1
49 61 1
49 63 -1
49 64 1
50 19 1
50 20 -1
50 26 1
50 35 1
50 42 1
50 51 1
50 52 -1
50 53 1
50 55 1
50 56 -1
50 59 -1
50 60 1
50 61 1
50 62 1
50 63 1
50 64 1
51 8 1
51 12 1
51 17 1
51 43 1
51 49 1
51 50 1
51 52 -1
51 54 1
51 56 1
51 57 1
51 59 -1
51 61 1
51 62 1
51 63 1
51 64 1
52 7 1
52 8 1
52 24 1
52 36 1
52 39 -1
52 49 1
52 50 -1
52 51 -1
52 54 1
52 55 1
52 56 1
52 57 -1
52 59 1
52 60 1
52 61 1
52 62 1
53 16 1
53 20 1
53 30 1
53 34 1
53 44 1
53 50 1
53 54 1
53 55 1
53 57 1
53 58 1
53 59 -1
53 60 1
53 61 1
53 62 1
53 63 1
53 64 1
54 13 1
54 24 -1
54 28 -1
54 32 1
54 45 1
54 49 -1
54 51 1
54 52 1
54 53 1
54 55 1
54 56 1
54 57 1
54 58 1
54 62 1
54 63 1
54 64 -1
55 10 1
55 22 -1
55 38 1
55 45 1
55 50 1
55 52 1
55 53 1
55 54 1
55 56 1
55 57 1
55 58 1
55 59 1
55 60 1
55 62 1
55 64 1
56 5 1
56 9 1
56 27 1
56 37 -1
56 41 1
56 49 -1
56 50 -1
56 51 1
56 52 1
56 54 1
56 55 1
56 57 1
56 58 1
56 59 -1
56 60 1
56 61 1
57 9 1
57 10 -1
57 15 -1
57 31 1
57 35 1
57 49 1
57 51 1
57 52 -1
57 53 1
57 54 1
57 55 1
57 56 1
57 58 1
57 61 1
57 63 -1
57 64 1
58 1 1
58 6 1
58 9 -1
58 14 -1
58 21 1
58 49 1
58 53 1
58 54 1
58 55 1
58 56 1
58 57 1
58 59 -1
58 61 1
58 62 1
58 63 1
58 64 1
59 3 1
59 6 1
59 14 1
59 22 1
59 25 -1
59 49 -1
59 50 -1
59 51 -1
59 52 1
59 53 -1
59 55 1
59 56 -1
59 58 -1
59 60 1
59 61 1
59 63 1
60 1 1
60 7 -1
60 21 1
60 27 1
60 33 1
60 49 1
60 50 1
60 52 1
60 53 1
60 55 1
60 56 1
60 59 1
60 61 1
60 62 -1
60 63 1
60 64 1
61 1 1
61 8 1
61 17 -1
61 27 1
61 34 1
61 49 1
61 50 1
61 51 1
61 52 1
61 53 1
61 56 1
61 57 1
61 58 1
61 59 1
61 60 1
61 62 1
62 18 1
62 21 -1
62 27 -1
62 29 -1
62 50 1
62 51 1
62 52 1
62 53 1
62 54 1
62 55 1
62 58 1
62 60 -1
62 61 1
62 63 1
62 64 1
63 1 1
63 12 1
63 16 1
63 36 1
63 49 -1
63 50 1
63 51 1
63 53 1
63 54 1
63 57 -1
63 58 1
63 59 1
63 60 1
63 62 1
63 64 1
64 15 -1
64 31 1
64 35 1
64 42 1
64 47 1
64 49 1
64 50 1
64 51 1
64 53 1
64 54 -1
64 55 1
64 57 1
64 58 1
64 60 1
64 62 1
64 63 1
