1 3 1
1 4 1
1 5 -1
1 6 1
1 8 -1
1 10 1
1 11 1
1 12 1
1 13 1
1 14 -1
1 15 1
1 18 -1
1 35 1
1 49 -1
1 55 -1
1 58 -1
2 3 -1
2 4 1
2 7 -1
2 8 -1
2 9 -1
2 10 1
2 11 1
2 12 1
2 13 -1
2 14 1
2 16 1
2 26 -1
2 46 1
2 52 1
2 61 1
3 1 1
3 2 -1
3 4 1
3 5 1
3 6 1
3 7 1
3 10 1
3 11 -1
3 14 1
3 15 1
3 16 -1
3 25 1
3 36 -1
3 53 1
3 54 1
4 1 1
4 2 1
4 3 1
4 6 -1
4 7 -1
4 8 -1
4 9 -1
4 10 1
4 12 1
4 13 1
4 15 -1
4 17 1
4 19 1
4 23 1
4 52 -1
4 57 1
5 1 -1
5 3 1
5 6 1
5 7 1
5 9 -1
5 11 1
5 12 -1
5 13 1
5 14 -1
5 15 1
5 16 1
5 24 -1
5 27 1
5 34 1
5 37 -1
5 58 -1
6 1 1
6 3 1
6 4 -1
6 5 1
6 7 -1
6 8 -1
6 10 1
6 12 -1
6 14 -1
6 15 1
6 16 1
6 27 1
6 33 1
6 42 1
6 51 -1
6 57 1
7 2 -1
7 3 1
7 4 -1
7 5 1
7 6 -1
7 8 1
7 9 1
7 10 1
7 12 1
7 14 1
7 15 1
7 31 1
7 41 1
7 42 1
7 43 -1
7 47 1
8 1 -1
8 2 -1
8 4 -1
8 6 -1
8 7 1
8 9 1
8 10 -1
8 11 -1
8 13 1
8 14 1
8 16 1
8 38 -1
8 48 1
8 50 -1
8 56 1
9 2 -1
9 4 -1
9 5 -1
9 7 1
9 8 1
9 10 1
9 11 1
9 12 -1
9 13 1
9 15 -1
9 16 1
9 25 1
9 27 1
9 31 1
9 36 -1
9 44 -1
10 1 1
10 2 1
10 3 1
10 4 1
10 6 1
10 7 1
10 8 -1
10 9 1
10 11 1
10 12 -1
10 16 1
10 19 -1
10 22 1
10 48 1
10 64 1
11 1 1
11 2 1
11 3 -1
11 5 1
11 8 -1
11 9 1
11 10 1
11 12 -1
11 13 -1
11 14 1
11 15 1
11 35 1
11 44 -1
11 49 -1
11 58 -1
11 63 -1
12 1 1
12 2 1
12 4 1
12 5 -1
12 6 -1
12 7 1
12 9 -1
12 10 -1
12 11 -1
12 13 -1
12 16 -1
12 18 -1
12 20 -1
12 32 -1
12 36 1
12 38 1
13 1 1
13 2 -1
13 4 1
13 5 1
13 8 1
13 9 1
13 11 -1
13 12 -1
13 14 1
13 15 1
13 16 -1
13 17 1
13 18 1
13 56 1
13 58 -1
14 1 -1
14 2 1
14 3 1
14 5 -1
14 6 -1
14 7 1
14 8 1
14 11 1
14 13 1
14 15 1
14 16 -1
14 37 1
14 40 -1
14 44 1
14 47 1
14 55 1
15 1 1
15 3 1
15 4 -1
15 5 1
15 6 1
15 7 1
15 9 -1
15 11 1
15 13 1
15 14 1
15 16 1
15 19 -1
15 43 1
15 51 1
15 53 -1
15 63 -1
16 2 1
16 3 -1
16 5 1
16 6 1
16 8 1
16 9 1
16 10 1
16 12 -1
16 13 -1
16 14 -1
16 15 1
16 17 1
16 35 1
16 41 -1
16 42 -1
16 51 -1
17 4 1
17 13 1
17 16 1
17 18 -1
17 19 1
17 20 -1
17 21 1
17 22 -1
17 23 -1
17 25 1
17 26 -1
17 27 1
17 30 1
17 31 1
17 34 1
17 56 1
18 1 -1
18 12 -1
18 13 1
18 17 -1
18 20 -1
18 23 1
18 24 1
18 26 1
18 27 1
18 28 -1
18 29 1
18 30 1
18 31 1
18 32 -1
18 57 1
19 4 1
19 10 -1
19 15 -1
19 17 1
19 20 -1
19 21 1
19 22 1
19 23 1
19 25 1
19 27 -1
19 28 -1
19 29 1
19 30 1
19 31 1
19 46 1
19 52 1
20 12 -1
20 17 -1
20 18 -1
20 19 -1
20 21 1
20 23 1
20 24 -1
20 25 -1
20 26 1
20 27 1
20 30 -1
20 32 1
20 36 -1
20 43 -1
20 44 1
20 49 1
21 17 1
21 19 1
21 20 1
21 23 1
21 24 1
21 25 -1
21 26 1
21 28 -1
21 29 1
21 30 1
21 31 -1
21 47 1
21 54 1
21 61 1
21 63 -1
22 10 1
22 17 -1
22 19 1
22 24 1
22 25 -1
22 26 1
22 27 1
22 28 1
22 29 1
22 30 -1
22 31 1
22 32 -1
22 40 1
22 56 1
22 64 1
23 4 1
23 17 -1
23 18 1
23 19 1
23 20 1
23 21 1
23 25 1
23 26 1
23 28 -1
23 29 1
23 31 1
23 32 1
23 33 1
23 50 1
23 51 -1
23 62 -1
24 5 -1
24 18 1
24 20 -1
24 21 1
24 22 1
24 25 -1
24 26 1
24 28 1
24 29 1
24 30 1
24 31 -1
24 32 1
24 38 -1
24 45 1
24 56 1
24 61 1
25 3 1
25 9 1
25 17 1
25 19 1
25 20 -1
25 21 -1
25 22 -1
25 23 1
25 24 -1
25 27 -1
25 28 1
25 30 1
25 32 -1
25 34 1
25 54 1
25 58 1
26 2 -1
26 17 -1
26 18 1
26 20 1
26 21 1
26 22 1
26 23 1
26 24 1
26 27 1
26 28 -1
26 30 -1
26 32 1
26 33 -1
26 47 1
26 60 -1
26 61 -1
27 5 1
27 6 1
27 9 1
27 17 1
27 18 1
27 19 -1
27 20 1
27 22 1
27 25 -1
27 26 1
27 28 -1
27 29 1
27 31 1
27 32 -1
27 40 1
27 52 -1
28 18 -1
28 19 -1
28 21 -1
28 22 1
28 23 -1
28 24 1
28 25 1
28 26 -1
28 27 -1
28 29 -1
28 31 1
28 35 1
28 36 1
28 39 -1
28 42 -1
28 45 1
29 18 1
29 19 1
29 21 1
29 22 1
29 23 1
29 24 1
29 27 1
29 28 -1
29 30 1
29 31 1
29 32 1
29 43 1
29 48 1
29 57 -1
29 60 1
29 62 1
30 17 1
30 18 1
30 19 1
30 20 -1
30 21 1
30 22 -1
30 24 1
30 25 1
30 26 -1
30 29 1
30 32 1
30 48 1
30 54 -1
30 60 1
30 64 1
31 7 1
31 9 1
31 17 1
31 18 1
31 19 1
31 21 -1
31 22 1
31 23 1
31 24 -1
31 27 1
31 28 1
31 29 1
31 32 1
31 40 -1
31 46 -1
31 48 -1
32 12 -1
32 18 -1
32 20 1
32 22 -1
32 23 1
32 24 1
32 25 -1
32 26 1
32 27 -1
32 29 1
32 30 1
32 31 1
32 55 1
32 59 1
32 64 -1
33 6 1
33 23 1
33 26 -1
33 35 -1
33 36 1
33 37 -1
33 40 -1
33 41 -1
33 42 1
33 43 1
33 44 1
33 46 1
33 47 1
33 48 -1
33 50 1
33 60 -1
34 5 1
34 17 1
34 25 1
34 35 1
34 36 -1
34 39 -1
34 40 -1
34 41 -1
34 42 -1
34 43 1
34 44 1
34 45 1
34 47 1
34 48 1
34 49 1
34 51 1
35 1 1
35 11 1
35 16 1
35 28 1
35 33 -1
35 34 1
35 36 1
35 37 1
35 39 1
35 41 1
35 42 -1
35 43 -1
35 44 -1
35 45 -1
35 48 -1
35 52 -1
36 3 -1
36 9 -1
36 12 1
36 20 -1
36 28 1
36 33 1
36 34 -1
36 35 1
36 38 -1
36 39 1
36 43 1
36 44 1
36 45 -1
36 46 -1
36 47 1
36 48 -1
37 5 -1
37 14 1
37 33 -1
37 35 1
37 38 1
37 39 1
37 41 -1
37 42 1
37 43 -1
37 44 1
37 45 -1
37 46 1
37 47 -1
37 50 1
37 59 1
37 61 1
38 8 -1
38 12 1
38 24 -1
38 36 -1
38 37 1
38 39 1
38 40 1
38 41 1
38 42 1
38 43 1
38 44 -1
38 45 1
38 47 1
38 48 1
38 53 1
39 28 -1
39 34 -1
39 35 1
39 36 1
39 37 1
39 38 1
39 40 1
39 42 1
39 45 1
39 46 1
39 47 1
39 48 -1
39 54 -1
39 55 1
39 62 1
39 63 -1
40 14 -1
40 22 1
40 27 1
40 31 -1
40 33 -1
40 34 -1
40 38 1
40 39 1
40 41 1
40 43 1
40 44 -1
40 45 -1
40 46 1
40 47 -1
40 48 -1
40 49 1
41 7 1
41 16 -1
41 33 -1
41 34 -1
41 35 1
41 37 -1
41 38 1
41 40 1
41 43 1
41 44 -1
41 45 -1
41 46 -1
41 47 -1
41 55 -1
41 59 1
41 62 -1
42 6 1
42 7 1
42 16 -1
42 28 -1
42 33 1
42 34 -1
42 35 -1
42 37 1
42 38 1
42 39 1
42 43 -1
42 44 1
42 45 -1
42 46 -1
42 48 1
42 63 -1
43 7 -1
43 15 1
43 20 -1
43 29 1
43 33 1
43 34 1
43 35 -1
43 36 1
43 37 -1
43 38 1
43 40 1
43 41 1
43 42 -1
43 46 -1
43 47 1
43 50 1
44 9 -1
44 11 -1
44 14 1
44 20 1
44 33 1
44 34 1
44 35 -1
44 36 1
44 37 1
44 38 -1
44 40 -1
44 41 -1
44 42 1
44 46 1
44 48 -1
44 53 -1
45 24 1
45 28 1
45 34 1
45 35 -1
45 36 -1
45 37 -1
45 38 1
45 39 1
45 40 -1
45 41 -1
45 42 -1
45 46 -1
45 47 -1
45 57 1
45 59 -1
45 62 1
46 2 1
46 19 1
46 31 -1
46 33 1
46 36 -1
46 37 1
46 39 1
46 40 1
46 41 -1
46 42 -1
46 43 -1
46 44 1
46 45 -1
46 48 1
46 59 -1
47 7 1
47 14 1
47 21 1
47 26 1
47 33 1
47 34 1
47 36 1
47 37 -1
47 38 1
47 39 1
47 40 -1
47 41 -1
47 43 1
47 45 -1
47 48 -1
48 8 1
48 10 1
48 29 1
48 30 1
48 31 -1
48 33 -1
48 34 1
48 35 -1
48 36 -1
48 38 1
48 39 -1
48 40 -1
48 42 1
48 44 -1
48 46 1
48 47 -1
49 1 -1
49 11 -1
49 20 1
49 34 1
49 40 1
49 50 -1
49 52 -1
49 54 1
49 55 1
49 56 1
49 57 1
49 58 1
49 59 1
49 61 -1
49 63 -1
49 64 1
50 8 -1
50 23 1
50 33 1
50 37 1
50 43 1
50 49 -1
50 51 1
50 52 -1
50 54 1
50 55 1
50 56 -1
50 57 1
50 58 -1
50 60 1
50 61 1
50 63 1
51 6 -1
51 15 1
51 16 -1
51 23 -1
51 34 1
51 50 1
51 52 -1
51 53 -1
51 54 1
51 56 -1
51 58 1
51 59 1
51 60 1
51 62 -1
51 63 1
51 64 1
52 2 1
52 4 -1
52 19 1
52 27 -1
52 35 -1
52 49 -1
52 50 -1
52 51 -1
52 53 1
52 54 1
52 57 1
52 58 1
52 59 1
52 61 -1
52 62 -1
52 63 -1
53 3 1
53 15 -1
53 38 1
53 44 -1
53 51 -1
53 52 1
53 55 -1
53 57 1
53 58 -1
53 59 -1
53 60 1
53 61 1
53 62 1
53 63 -1
53 64 1
54 3 1
54 21 1
54 25 1
54 30 -1
54 39 -1
54 49 1
54 50 1
54 51 1
54 52 1
54 56 1
54 58 -1
54 59 1
54 60 1
54 61 1
54 62 1
54 64 1
55 1 -1
55 14 1
55 32 1
55 39 1
55 41 -1
55 49 1
55 50 1
55 53 -1
55 56 -1
55 57 1
55 59 -1
55 60 -1
55 61 1
55 62 -1
55 63 -1
55 64 -1
56 8 1
56 13 1
56 17 1
56 22 1
56 24 1
56 49 1
56 50 -1
56 51 -1
56 54 1
56 55 -1
56 57 1
56 58 -1
56 59 -1
56 60 1
56 62 -1
56 64 1
57 4 1
57 6 1
57 18 1
57 29 -1
57 45 1
57 49 1
57 50 1
57 52 1
57 53 1
57 55 1
57 56 1
57 59 -1
57 60 -1
57 61 1
57 62 -1
57 64 1
58 1 -1
58 5 -1
58 11 -1
58 13 -1
58 25 1
58 49 1
58 50 -1
58 51 1
58 52 1
58 53 -1
58 54 -1
58 56 -1
58 60 1
58 61 1
58 62 1
58 64 1
59 32 1
59 37 1
59 41 1
59 45 -1
59 46 -1
59 49 1
59 51 1
59 52 1
59 53 -1
59 54 1
59 55 -1
59 56 -1
59 57 -1
59 61 1
59 62 -1
59 63 1
60 26 -1
60 29 1
60 30 1
60 33 -1
60 50 1
60 51 1
60 53 1
60 54 1
60 55 -1
60 56 1
60 57 -1
60 58 1
60 61 1
60 63 -1
60 64 -1
61 2 1
61 21 1
61 24 1
61 26 -1
61 37 1
61 49 -1
61 50 1
61 52 -1
61 53 1
61 54 1
61 55 1
61 57 1
61 58 1
61 59 1
61 60 1
61 63 -1
62 23 -1
62 29 1
62 39 1
62 41 -1
62 45 1
62 51 -1
62 52 -1
62 53 1
62 54 1
62 55 -1
62 56 -1
62 57 -1
62 58 1
62 59 -1
62 63 -1
62 64 1
63 11 -1
63 15 -1
63 21 -1
63 39 -1
63 42 -1
63 49 -1
63 50 1
63 51 1
63 52 -1
63 53 -1
63 55 -1
63 59 1
63 60 -1
63 61 -1
63 62 -1
63 64 -1
64 10 1
64 22 1
64 30 1
64 32 -1
64 49 1
64 51 1
64 53 1
64 54 1
64 55 -1
64 56 1
64 57 1
64 58 1
64 60 -1
64 62 1
64 63 -1
