1 3 1
1 4 1
1 5 -1
1 6 1
1 9 1
1 10 1
1 11 -1
1 12 -1
1 13 -1
1 14 -1
1 16 1
1 18 -1
1 29 -1
1 40 1
1 46 1
1 53 1
2 3 1
2 4 -1
2 6 1
2 8 1
2 9 -1
2 11 -1
2 12 -1
2 13 -1
2 14 1
2 15 -1
2 16 1
2 27 1
2 35 1
2 42 -1
2 49 -1
2 58 1
3 1 1
3 2 1
3 4 -1
3 5 1
3 7 -1
3 8 1
3 9 -1
3 10 -1
3 12 -1
3 14 -1
3 15 -1
3 20 1
3 31 1
3 36 -1
3 50 -1
3 57 -1
4 1 1
4 2 -1
4 3 -1
4 6 1
4 7 -1
4 8 -1
4 9 1
4 10 -1
4 11 1
4 12 -1
4 16 1
4 25 -1
4 40 1
4 45 -1
4 49 1
4 55 1
5 1 -1
5 3 1
5 6 -1
5 7 1
5 8 -1
5 9 1
5 10 1
5 11 -1
5 14 -1
5 15 1
5 16 -1
5 30 -1
5 37 1
5 39 1
5 48 -1
6 1 1
6 2 1
6 4 1
6 5 -1
6 7 -1
6 10 1
6 12 -1
6 13 -1
6 14 1
6 15 1
6 16 -1
6 41 1
6 42 -1
6 50 1
6 56 1
6 61 -1
7 3 -1
7 4 -1
7 5 1
7 6 -1
7 8 -1
7 9 1
7 10 1
7 11 -1
7 12 1
7 14 1
7 16 -1
7 18 -1
7 34 1
7 36 -1
7 38 1
7 50 -1
8 2 1
8 3 1
8 4 -1
8 5 -1
8 7 -1
8 10 -1
8 11 -1
8 12 -1
8 13 -1
8 14 1
8 16 -1
8 20 1
8 24 1
8 32 1
8 45 -1
8 58 1
9 1 1
9 2 -1
9 3 -1
9 4 1
9 5 1
9 7 1
9 11 1
9 12 1
9 13 -1
9 15 1
9 16 -1
9 27 -1
9 29 -1
9 31 -1
9 40 -1
9 48 -1
10 1 1
10 3 -1
10 4 -1
10 5 1
10 6 1
10 7 1
10 8 -1
10 12 -1
10 13 1
10 14 1
10 15 -1
10 26 1
10 29 1
10 34 -1
10 60 1
11 1 -1
11 2 -1
11 4 1
11 5 -1
11 7 -1
11 8 -1
11 9 1
11 13 1
11 14 -1
11 15 1
11 16 -1
11 21 1
11 22 -1
11 39 1
11 45 -1
11 48 1
12 1 -1
12 2 -1
12 3 -1
12 4 -1
12 6 -1
12 7 1
12 8 -1
12 9 1
12 10 -1
12 13 -1
12 15 1
12 22 -1
12 24 1
12 30 -1
12 40 -1
12 52 -1
13 1 -1
13 2 -1
13 6 -1
13 8 -1
13 9 -1
13 10 1
13 11 1
13 12 -1
13 14 1
13 15 1
13 16 -1
13 20 -1
13 45 -1
13 54 1
13 62 -1
14 1 -1
14 2 1
14 3 -1
14 5 -1
14 6 1
14 7 1
14 8 1
14 10 1
14 11 -1
14 13 1
14 15 -1
14 26 1
14 33 -1
14 38 -1
14 42 -1
14 64 1
15 2 -1
15 3 -1
15 5 1
15 6 1
15 9 1
15 10 -1
15 11 1
15 12 1
15 13 1
15 14 -1
15 16 -1
15 43 -1
15 51 1
15 59 -1
15 61 1
16 1 1
16 2 1
16 4 1
16 5 -1
16 6 -1
16 7 -1
16 8 -1
16 9 -1
16 11 -1
16 13 -1
16 15 -1
16 21 1
16 24 -1
16 28 -1
16 34 -1
16 58 1
17 19 1
17 20 -1
17 21 -1
17 22 1
17 23 -1
17 27 1
17 28 1
17 29 1
17 30 1
17 31 1
17 32 1
17 35 1
17 37 1
17 47 1
17 49 1
17 63 -1
18 1 -1
18 7 -1
18 20 -1
18 21 1
18 22 1
18 23 -1
18 24 -1
18 26 1
18 27 -1
18 29 -1
18 30 1
18 31 1
18 32 -1
18 39 -1
18 41 1
18 59 -1
19 17 1
19 20 1
19 21 -1
19 22 -1
19 23 1
19 26 -1
19 27 1
19 28 -1
19 29 -1
19 30 -1
19 31 -1
19 37 1
19 39 1
19 63 1
19 64 -1
20 3 1
20 8 1
20 13 -1
20 17 -1
20 18 -1
20 19 1
20 22 -1
20 23 -1
20 24 1
20 25 1
20 28 -1
20 30 -1
20 31 -1
20 32 1
20 35 1
21 11 1
21 16 1
21 17 -1
21 18 1
21 19 -1
21 22 1
21 23 1
21 25 -1
21 27 1
21 28 1
21 29 1
21 30 1
21 32 1
21 56 1
21 57 -1
22 11 -1
22 12 -1
22 17 1
22 18 1
22 19 -1
22 20 -1
22 21 1
22 23 -1
22 24 1
22 25 1
22 26 -1
22 27 1
22 28 -1
22 37 1
22 53 1
23 17 -1
23 18 -1
23 19 1
23 20 -1
23 21 1
23 22 -1
23 24 -1
23 25 1
23 26 -1
23 28 -1
23 31 -1
23 47 -1
23 54 -1
23 60 1
23 61 -1
24 8 1
24 12 1
24 16 -1
24 18 -1
24 20 1
24 22 1
24 23 -1
24 25 -1
24 26 -1
24 27 -1
24 28 1
24 30 -1
24 31 -1
24 32 -1
24 47 -1
24 62 1
25 4 -1
25 20 1
25 21 -1
25 22 1
25 23 1
25 24 -1
25 26 1
25 27 1
25 28 1
25 29 -1
25 30 -1
25 31 1
25 33 -1
25 47 1
25 51 1
25 57 1
26 10 1
26 14 1
26 18 1
26 19 -1
26 22 -1
26 23 -1
26 24 -1
26 25 1
26 27 1
26 29 1
26 30 -1
26 31 -1
26 32 1
26 33 1
26 53 1
27 2 1
27 9 -1
27 17 1
27 18 -1
27 19 1
27 21 1
27 22 1
27 24 -1
27 25 1
27 26 1
27 28 1
27 29 1
27 32 -1
27 34 -1
27 60 -1
27 64 -1
28 16 -1
28 17 1
28 19 -1
28 20 -1
28 21 1
28 22 -1
28 23 -1
28 24 1
28 25 1
28 27 1
28 29 -1
28 32 -1
28 38 1
28 50 1
28 58 1
28 60 -1
29 1 -1
29 9 -1
29 10 1
29 17 1
29 18 -1
29 19 -1
29 21 1
29 25 -1
29 26 1
29 27 1
29 28 -1
29 30 1
29 31 1
29 32 -1
29 48 1
29 54 1
30 5 -1
30 12 -1
30 17 1
30 18 1
30 19 -1
30 20 -1
30 21 1
30 24 -1
30 25 -1
30 26 -1
30 29 1
30 31 -1
30 32 1
30 44 1
30 55 -1
31 3 1
31 9 -1
31 17 1
31 18 1
31 19 -1
31 20 -1
31 23 -1
31 24 -1
31 25 1
31 26 -1
31 29 1
31 30 -1
31 32 1
31 41 1
31 51 1
31 63 1
32 8 1
32 17 1
32 18 -1
32 20 1
32 21 1
32 24 -1
32 26 1
32 27 -1
32 28 -1
32 29 -1
32 30 1
32 31 1
32 42 1
32 44 1
32 46 -1
32 59 1
33 14 -1
33 25 -1
33 26 1
33 35 -1
33 36 -1
33 37 -1
33 38 1
33 39 1
33 40 -1
33 41 1
33 43 1
33 46 1
33 47 1
33 48 -1
33 52 -1
33 59 1
34 7 1
34 10 -1
34 16 -1
34 27 -1
34 35 1
34 37 1
34 38 1
34 39 -1
34 40 1
34 41 1
34 42 1
34 44 1
34 45 -1
34 46 -1
34 48 -1
34 57 -1
35 2 1
35 17 1
35 20 1
35 33 -1
35 34 1
35 36 1
35 37 -1
35 40 1
35 42 1
35 43 -1
35 44 1
35 45 1
35 46 1
35 47 -1
35 54 -1
35 64 1
36 3 -1
36 7 -1
36 33 -1
36 35 1
36 38 -1
36 40 -1
36 41 1
36 42 1
36 43 -1
36 44 1
36 45 -1
36 46 -1
36 47 -1
36 49 -1
36 55 -1
36 59 1
37 5 1
37 17 1
37 19 1
37 22 1
37 33 -1
37 34 1
37 35 -1
37 38 1
37 39 -1
37 41 1
37 42 1
37 43 -1
37 45 -1
37 46 1
37 48 -1
37 56 1
38 7 1
38 14 -1
38 28 1
38 33 1
38 34 1
38 36 -1
38 37 1
38 40 -1
38 41 -1
38 42 1
38 44 -1
38 46 -1
38 47 1
38 48 1
38 61 -1
38 62 -1
39 5 1
39 11 1
39 18 -1
39 19 1
39 33 1
39 34 -1
39 37 -1
39 40 -1
39 41 -1
39 42 -1
39 43 1
39 44 -1
39 45 1
39 46 -1
39 47 1
39 54 -1
40 1 1
40 4 1
40 9 -1
40 12 -1
40 33 -1
40 34 1
40 35 1
40 36 -1
40 38 -1
40 39 -1
40 41 1
40 42 -1
40 45 1
40 47 -1
40 48 -1
40 52 -1
41 6 1
41 18 1
41 31 1
41 33 1
41 34 1
41 36 1
41 37 1
41 38 -1
41 39 -1
41 40 1
41 42 -1
41 43 1
41 44 -1
41 47 1
41 49 -1
41 50 -1
42 2 -1
42 6 -1
42 14 -1
42 32 1
42 34 1
42 35 1
42 36 1
42 37 1
42 38 1
42 39 -1
42 40 -1
42 41 -1
42 44 1
42 45 1
42 48 -1
42 61 1
43 15 -1
43 33 1
43 35 -1
43 36 -1
43 37 -1
43 39 1
43 41 1
43 44 -1
43 45 1
43 46 1
43 47 1
43 48 1
43 51 -1
43 55 1
43 57 -1
43 58 1
44 30 1
44 32 1
44 34 1
44 35 1
44 36 1
44 38 -1
44 39 -1
44 41 -1
44 42 1
44 43 -1
44 46 1
44 47 1
44 48 -1
44 62 -1
44 63 1
45 4 -1
45 8 -1
45 11 -1
45 13 -1
45 34 -1
45 35 1
45 36 -1
45 37 -1
45 39 1
45 40 1
45 42 1
45 43 1
45 46 -1
45 47 -1
45 48 -1
45 56 -1
46 1 1
46 32 -1
46 33 1
46 34 -1
46 35 1
46 36 -1
46 37 1
46 38 -1
46 39 -1
46 43 1
46 44 1
46 45 -1
46 48 -1
46 52 1
46 62 -1
47 17 1
47 23 -1
47 24 -1
47 25 1
47 33 1
47 35 -1
47 36 -1
47 38 1
47 39 1
47 40 -1
47 41 1
47 43 1
47 44 1
47 45 -1
47 48 1
47 53 -1
48 5 -1
48 9 -1
48 11 1
48 29 1
48 33 -1
48 34 -1
48 37 -1
48 38 1
48 40 -1
48 42 -1
48 43 1
48 44 -1
48 45 -1
48 46 -1
48 47 1
48 55 -1
49 2 -1
49 4 1
49 17 1
49 36 -1
49 41 -1
49 51 -1
49 52 1
49 54 1
49 55 1
49 56 -1
49 57 1
49 58 -1
49 61 -1
49 62 1
49 63 -1
49 64 -1
50 3 -1
50 6 1
50 7 -1
50 28 1
50 41 -1
50 51 -1
50 52 -1
50 53 1
50 54 1
50 55 -1
50 56 -1
50 57 -1
50 58 -1
50 59 1
50 60 1
50 61 1
51 15 1
51 25 1
51 31 1
51 43 -1
51 49 -1
51 50 -1
51 52 -1
51 53 1
51 54 1
51 55 1
51 58 1
51 59 1
51 60 1
51 62 1
51 64 -1
52 12 -1
52 33 -1
52 40 -1
52 46 1
52 49 1
52 50 -1
52 51 -1
52 53 1
52 54 1
52 56 1
52 57 1
52 58 -1
52 59 -1
52 60 1
52 64 -1
53 1 1
53 22 1
53 26 1
53 47 -1
53 50 1
53 51 1
53 52 1
53 54 1
53 55 -1
53 56 -1
53 57 -1
53 58 -1
53 62 -1
53 63 1
53 64 1
54 13 1
54 23 -1
54 29 1
54 35 -1
54 39 -1
54 49 1
54 50 1
54 51 1
54 52 1
54 53 1
54 58 -1
54 59 -1
54 60 1
54 61 1
54 62 1
54 63 -1
55 4 1
55 30 -1
55 36 -1
55 43 1
55 48 -1
55 49 1
55 50 -1
55 51 1
55 53 -1
55 57 1
55 59 -1
55 60 -1
55 61 1
55 62 1
55 63 -1
55 64 1
56 6 1
56 21 1
56 37 1
56 45 -1
56 49 -1
56 50 -1
56 52 1
56 53 -1
56 57 -1
56 58 1
56 59 -1
56 60 1
56 61 -1
56 62 -1
56 63 1
57 3 -1
57 21 -1
57 25 1
57 34 -1
57 43 -1
57 49 1
57 50 -1
57 52 1
57 53 -1
57 55 1
57 56 -1
57 58 -1
57 59 1
57 62 1
57 63 1
57 64 1
58 2 1
58 8 1
58 16 1
58 28 1
58 43 1
58 49 -1
58 50 -1
58 51 1
58 52 -1
58 53 -1
58 54 -1
58 56 1
58 57 -1
58 59 1
58 61 1
58 64 1
59 15 -1
59 18 -1
59 32 1
59 33 1
59 36 1
59 50 1
59 51 1
59 52 -1
59 54 -1
59 55 -1
59 56 -1
59 57 1
59 58 1
59 60 -1
59 61 1
59 63 -1
60 10 1
60 23 1
60 27 -1
60 28 -1
60 50 1
60 51 1
60 52 1
60 54 1
60 55 -1
60 56 1
60 59 -1
60 61 -1
60 62 -1
60 63 -1
60 64 -1
61 6 -1
61 15 1
61 23 -1
61 38 -1
61 42 1
61 49 -1
61 50 1
61 54 1
61 55 1
61 56 -1
61 58 1
61 59 1
61 60 -1
61 62 1
61 63 -1
61 64 -1
62 13 -1
62 24 1
62 38 -1
62 44 -1
62 46 -1
62 49 1
62 51 1
62 53 -1
62 54 1
62 55 1
62 56 -1
62 57 1
62 60 -1
62 61 1
62 63 1
62 64 1
63 17 -1
63 19 1
63 31 1
63 44 1
63 49 -1
63 53 1
63 54 -1
63 55 -1
63 56 1
63 57 1
63 59 -1
63 60 -1
63 61 -1
63 62 1
63 64 1
64 14 1
64 19 -1
64 27 -1
64 35 1
64 49 -1
64 51 -1
64 52 -1
64 53 1
64 55 1
64 57 1
64 58 1
64 60 -1
64 61 -1
64 62 1
64 63 1
