1 2 -1
1 3 1
1 4 -1
1 5 -1
1 6 -1
1 8 -1
1 12 -1
1 13 -1
1 14 1
1 15 -1
1 16 -1
1 21 1
1 45 -1
1 48 -1
1 59 -1
2 1 -1
2 4 1
2 5 1
2 7 -1
2 8 -1
2 9 -1
2 10 -1
2 12 1
2 13 -1
2 14 -1
2 15 -1
2 21 -1
2 23 -1
2 48 -1
2 54 -1
2 61 -1
3 1 1
3 4 1
3 5 -1
3 6 -1
3 8 1
3 9 -1
3 10 -1
3 11 -1
3 12 -1
3 14 -1
3 15 -1
3 18 -1
3 20 -1
3 22 1
3 51 -1
3 57 -1
4 1 -1
4 2 1
4 3 1
4 6 -1
4 7 -1
4 10 -1
4 11 -1
4 12 -1
4 14 -1
4 15 -1
4 16 -1
4 18 -1
4 22 -1
4 34 -1
4 37 -1
4 62 -1
5 1 -1
5 2 1
5 3 -1
5 7 -1
5 8 -1
5 9 -1
5 10 -1
5 11 1
5 13 1
5 15 -1
5 16 -1
5 35 -1
5 49 -1
5 51 -1
5 53 -1
5 54 -1
6 1 -1
6 3 -1
6 4 -1
6 8 -1
6 9 -1
6 10 1
6 11 -1
6 13 -1
6 14 -1
6 15 -1
6 16 -1
6 26 -1
6 52 -1
6 54 -1
6 63 -1
7 2 -1
7 4 -1
7 5 -1
7 8 -1
7 9 -1
7 11 -1
7 12 -1
7 13 -1
7 14 -1
7 15 1
7 16 -1
7 35 1
7 48 -1
7 53 -1
7 60 -1
8 1 -1
8 2 -1
8 3 1
8 5 -1
8 6 -1
8 7 -1
8 10 -1
8 11 1
8 12 -1
8 13 -1
8 16 -1
8 19 -1
8 21 -1
8 27 -1
8 47 -1
8 59 -1
9 2 -1
9 3 -1
9 5 -1
9 6 -1
9 7 -1
9 10 -1
9 11 1
9 12 -1
9 13 -1
9 14 1
9 16 1
9 20 -1
9 36 -1
9 45 -1
9 51 -1
9 63 -1
10 2 -1
10 3 -1
10 4 -1
10 5 -1
10 6 1
10 8 -1
10 9 -1
10 11 -1
10 12 -1
10 13 -1
10 16 -1
10 26 -1
10 30 -1
10 33 -1
10 46 -1
11 3 -1
11 4 -1
11 5 1
11 6 -1
11 7 -1
11 8 1
11 9 1
11 10 -1
11 13 -1
11 14 -1
11 15 -1
11 20 -1
11 28 -1
11 32 -1
11 59 -1
11 61 -1
12 1 -1
12 2 1
12 3 -1
12 4 -1
12 7 -1
12 8 -1
12 9 -1
12 10 -1
12 13 -1
12 14 -1
12 16 -1
12 34 1
12 36 -1
12 46 -1
12 56 -1
13 1 -1
13 2 -1
13 5 1
13 6 -1
13 7 -1
13 8 -1
13 9 -1
13 10 -1
13 11 -1
13 12 -1
13 15 -1
13 18 -1
13 43 -1
13 46 -1
13 58 -1
13 62 -1
14 1 1
14 2 -1
14 3 -1
14 4 -1
14 6 -1
14 7 -1
14 9 1
14 11 -1
14 12 -1
14 15 1
14 16 -1
14 31 -1
14 34 1
14 43 -1
14 45 -1
14 54 -1
15 1 -1
15 2 -1
15 3 -1
15 4 -1
15 5 -1
15 6 -1
15 7 1
15 11 -1
15 13 -1
15 14 1
15 16 -1
15 32 -1
15 38 -1
15 50 -1
15 58 -1
15 64 -1
16 1 -1
16 4 -1
16 5 -1
16 6 -1
16 7 -1
16 8 -1
16 9 1
16 10 -1
16 12 -1
16 14 -1
16 15 -1
16 27 -1
16 31 -1
16 39 -1
16 45 -1
16 53 -1
17 18 -1
17 20 -1
17 21 -1
17 23 1
17 24 -1
17 27 -1
17 28 -1
17 29 -1
17 30 -1
17 31 -1
17 32 -1
17 38 -1
17 48 -1
17 50 -1
17 51 -1
17 53 -1
18 3 -1
18 4 -1
18 13 -1
18 17 -1
18 19 -1
18 20 -1
18 23 -1
18 24 -1
18 26 -1
18 27 -1
18 29 -1
18 30 -1
18 31 -1
18 32 -1
18 40 -1
18 55 -1
19 8 -1
19 18 -1
19 21 -1
19 22 -1
19 23 1
19 24 -1
19 25 1
19 26 1
19 27 -1
19 28 1
19 30 -1
19 31 -1
19 36 -1
19 38 -1
19 43 -1
19 50 -1
20 3 -1
20 9 -1
20 11 -1
20 17 -1
20 18 -1
20 21 -1
20 23 -1
20 24 -1
20 25 -1
20 26 -1
20 28 -1
20 29 -1
20 31 -1
20 32 -1
20 52 -1
20 62 -1
21 1 1
21 2 -1
21 8 -1
21 17 -1
21 19 -1
21 20 -1
21 23 -1
21 25 -1
21 26 -1
21 27 1
21 28 -1
21 29 -1
21 30 -1
21 32 -1
21 38 -1
22 3 1
22 4 -1
22 19 -1
22 23 -1
22 24 -1
22 25 -1
22 26 -1
22 27 -1
22 28 -1
22 29 -1
22 30 -1
22 31 -1
22 32 -1
22 37 -1
22 53 -1
22 55 -1
23 2 -1
23 17 1
23 18 -1
23 19 1
23 20 -1
23 21 -1
23 22 -1
23 24 -1
23 25 -1
23 26 -1
23 29 -1
23 32 -1
23 36 -1
23 52 -1
23 61 -1
23 64 -1
24 17 -1
24 18 -1
24 19 -1
24 20 -1
24 22 -1
24 23 -1
24 25 -1
24 27 -1
24 30 -1
24 31 -1
24 32 -1
24 41 -1
24 47 -1
24 57 -1
25 19 1
25 20 -1
25 21 -1
25 22 -1
25 23 -1
25 24 -1
25 26 -1
25 27 1
25 28 -1
25 29 -1
25 31 -1
25 43 -1
25 49 -1
25 55 -1
25 60 -1
25 64 -1
26 6 -1
26 10 -1
26 18 -1
26 19 1
26 20 -1
26 21 -1
26 22 -1
26 23 -1
26 25 -1
26 28 -1
26 30 -1
26 31 -1
26 32 -1
26 44 -1
26 61 -1
27 8 -1
27 16 -1
27 17 -1
27 18 -1
27 19 -1
27 21 1
27 22 -1
27 24 -1
27 25 1
27 28 -1
27 29 -1
27 30 -1
27 32 -1
27 44 -1
27 47 -1
27 58 -1
28 11 -1
28 17 -1
28 19 1
28 20 -1
28 21 -1
28 22 -1
28 25 -1
28 26 -1
28 27 -1
28 30 -1
28 31 -1
28 32 -1
28 34 -1
28 40 -1
28 42 -1
28 62 -1
29 17 -1
29 18 -1
29 20 -1
29 21 -1
29 22 -1
29 23 -1
29 25 -1
29 27 -1
29 30 -1
29 31 -1
29 32 -1
29 37 -1
29 50 -1
29 54 -1
29 60 -1
29 61 -1
30 10 -1
30 17 -1
30 18 -1
30 19 -1
30 21 -1
30 22 -1
30 24 -1
30 26 -1
30 27 -1
30 28 -1
30 29 -1
30 31 -1
30 37 -1
30 41 -1
30 49 -1
30 59 -1
31 14 -1
31 16 -1
31 17 -1
31 18 -1
31 19 -1
31 20 -1
31 22 -1
31 24 -1
31 25 -1
31 26 -1
31 28 -1
31 29 -1
31 30 -1
31 39 1
31 47 -1
31 58 1
32 11 -1
32 15 -1
32 17 -1
32 18 -1
32 20 -1
32 21 -1
32 22 -1
32 23 -1
32 24 -1
32 26 -1
32 27 -1
32 28 -1
32 29 -1
32 35 -1
32 37 -1
32 47 -1
33 10 -1
33 35 -1
33 36 -1
33 39 -1
33 41 -1
33 42 -1
33 43 -1
33 44 -1
33 45 -1
33 46 1
33 47 -1
33 48 -1
33 49 -1
33 50 -1
33 51 -1
34 4 -1
34 12 1
34 14 1
34 28 -1
34 36 -1
34 37 -1
34 38 -1
34 39 -1
34 40 -1
34 43 -1
34 44 -1
34 45 -1
34 46 -1
34 47 -1
34 48 -1
34 52 -1
35 5 -1
35 7 1
35 32 -1
35 33 -1
35 36 -1
35 38 -1
35 39 1
35 40 -1
35 42 -1
35 43 -1
35 45 -1
35 46 -1
35 47 -1
35 48 -1
35 55 -1
35 60 -1
36 9 -1
36 12 -1
36 19 -1
36 23 -1
36 33 -1
36 34 -1
36 35 -1
36 37 -1
36 38 -1
36 40 -1
36 41 -1
36 42 -1
36 44 -1
36 45 -1
36 48 -1
36 49 -1
37 4 -1
37 22 -1
37 29 -1
37 30 -1
37 32 -1
37 34 -1
37 36 -1
37 38 -1
37 39 -1
37 40 -1
37 41 -1
37 42 -1
37 43 -1
37 46 -1
37 47 1
37 48 -1
38 15 -1
38 17 -1
38 19 -1
38 21 -1
38 34 -1
38 35 -1
38 36 -1
38 37 -1
38 39 -1
38 40 1
38 41 -1
38 42 -1
38 44 -1
38 45 -1
38 46 -1
39 16 -1
39 31 1
39 33 -1
39 34 -1
39 35 1
39 37 -1
39 38 -1
39 40 -1
39 41 -1
39 42 -1
39 43 1
39 45 -1
39 46 -1
39 57 -1
39 58 -1
40 18 -1
40 28 -1
40 34 -1
40 35 -1
40 36 -1
40 37 -1
40 38 1
40 39 -1
40 41 -1
40 43 -1
40 44 -1
40 47 -1
40 48 -1
40 62 -1
40 64 1
41 24 -1
41 30 -1
41 33 -1
41 36 -1
41 37 -1
41 38 -1
41 39 -1
41 40 -1
41 44 -1
41 45 -1
41 46 -1
41 47 -1
41 48 -1
41 57 -1
42 28 -1
42 33 -1
42 35 -1
42 36 -1
42 37 -1
42 38 -1
42 39 -1
42 43 -1
42 44 1
42 45 -1
42 46 -1
42 47 -1
42 52 -1
42 56 -1
42 63 -1
43 13 -1
43 14 -1
43 19 -1
43 25 -1
43 33 -1
43 34 -1
43 35 -1
43 37 -1
43 39 1
43 40 -1
43 42 -1
43 45 -1
43 46 -1
43 47 -1
43 48 -1
43 56 -1
44 26 -1
44 27 -1
44 33 -1
44 34 -1
44 36 -1
44 38 -1
44 40 -1
44 41 -1
44 42 1
44 45 -1
44 46 -1
44 47 -1
44 48 -1
44 55 -1
44 63 -1
45 1 -1
45 9 -1
45 14 -1
45 16 -1
45 33 -1
45 34 -1
45 35 -1
45 36 -1
45 38 -1
45 39 -1
45 41 -1
45 42 -1
45 43 -1
45 44 -1
45 47 1
45 60 1
46 10 -1
46 12 -1
46 13 -1
46 33 1
46 34 -1
46 35 -1
46 37 -1
46 38 -1
46 39 -1
46 41 -1
46 42 -1
46 43 -1
46 44 -1
46 48 -1
46 56 1
47 8 -1
47 24 -1
47 27 -1
47 31 -1
47 32 -1
47 33 -1
47 34 -1
47 35 -1
47 37 1
47 40 -1
47 41 -1
47 42 -1
47 43 -1
47 44 -1
47 45 1
47 48 -1
48 1 -1
48 2 -1
48 7 -1
48 17 -1
48 33 -1
48 34 -1
48 35 -1
48 36 -1
48 37 -1
48 40 -1
48 41 -1
48 43 -1
48 44 -1
48 46 -1
48 47 -1
49 5 -1
49 25 -1
49 30 -1
49 33 -1
49 36 -1
49 50 -1
49 51 -1
49 53 -1
49 54 -1
49 57 -1
49 58 -1
49 60 -1
49 61 1
49 62 -1
49 63 -1
49 64 -1
50 15 -1
50 17 -1
50 19 -1
50 29 -1
50 33 -1
50 49 -1
50 51 -1
50 52 -1
50 55 -1
50 56 -1
50 57 -1
50 59 -1
50 60 -1
50 62 -1
50 63 -1
50 64 1
51 3 -1
51 5 -1
51 9 -1
51 17 -1
51 33 -1
51 49 -1
51 50 -1
51 52 -1
51 53 -1
51 55 -1
51 56 -1
51 57 1
51 58 -1
51 61 -1
51 62 -1
51 63 -1
52 6 -1
52 20 -1
52 23 -1
52 34 -1
52 42 -1
52 50 -1
52 51 -1
52 53 -1
52 54 -1
52 56 -1
52 57 1
52 58 -1
52 60 -1
52 61 -1
52 62 -1
52 64 -1
53 5 -1
53 7 -1
53 16 -1
53 17 -1
53 22 -1
53 49 -1
53 51 -1
53 52 -1
53 54 -1
53 55 -1
53 57 -1
53 59 -1
53 60 -1
53 61 -1
53 62 -1
53 64 -1
54 2 -1
54 5 -1
54 6 -1
54 14 -1
54 29 -1
54 49 -1
54 52 -1
54 53 -1
54 55 -1
54 56 -1
54 58 -1
54 59 -1
54 60 -1
54 62 -1
54 63 1
54 64 -1
55 18 -1
55 22 -1
55 25 -1
55 35 -1
55 44 -1
55 50 -1
55 51 -1
55 53 -1
55 54 -1
55 57 1
55 58 -1
55 59 -1
55 60 -1
55 62 -1
55 63 -1
55 64 -1
56 12 -1
56 42 -1
56 43 -1
56 46 1
56 50 -1
56 51 -1
56 52 -1
56 54 -1
56 57 1
56 58 -1
56 59 -1
56 61 -1
56 62 -1
56 63 -1
56 64 -1
57 3 -1
57 24 -1
57 39 -1
57 41 -1
57 49 -1
57 50 -1
57 51 1
57 52 1
57 53 -1
57 55 1
57 56 1
57 58 -1
57 59 -1
57 60 -1
57 63 -1
58 13 -1
58 15 -1
58 27 -1
58 31 1
58 39 -1
58 49 -1
58 51 -1
58 52 -1
58 54 -1
58 55 -1
58 56 -1
58 57 -1
58 59 -1
58 61 -1
58 63 -1
58 64 1
59 1 -1
59 8 -1
59 11 -1
59 30 -1
59 50 -1
59 53 -1
59 54 -1
59 55 -1
59 56 -1
59 57 -1
59 58 -1
59 60 -1
59 61 1
59 62 -1
59 64 -1
60 7 -1
60 25 -1
60 29 -1
60 35 -1
60 45 1
60 49 -1
60 50 -1
60 52 -1
60 53 -1
60 54 -1
60 55 -1
60 57 -1
60 59 -1
60 61 -1
60 62 -1
60 63 -1
61 2 -1
61 11 -1
61 23 -1
61 26 -1
61 29 -1
61 49 1
61 51 -1
61 52 -1
61 53 -1
61 56 -1
61 58 -1
61 59 1
61 60 -1
61 62 1
61 63 -1
61 64 -1
62 4 -1
62 13 -1
62 20 -1
62 28 -1
62 40 -1
62 49 -1
62 50 -1
62 51 -1
62 52 -1
62 53 -1
62 54 -1
62 55 -1
62 56 -1
62 59 -1
62 60 -1
62 61 1
63 6 -1
63 9 -1
63 42 -1
63 44 -1
63 49 -1
63 50 -1
63 51 -1
63 54 1
63 55 -1
63 56 -1
63 57 -1
63 58 -1
63 60 -1
63 61 -1
63 64 -1
64 15 -1
64 23 -1
64 25 -1
64 40 1
64 49 -1
64 50 1
64 52 -1
64 53 -1
64 54 -1
64 55 -1
64 56 -1
64 58 1
64 59 -1
64 61 -1
64 63 -1
