1 4 1
1 6 1
1 7 1
1 9 1
1 10 1
1 11 1
1 12 1
1 13 -1
1 14 1
1 15 1
1 16 1
1 28 1
1 41 1
1 45 1
1 48 1
1 49 1
2 3 1
2 4 1
2 5 -1
2 6 -1
2 7 1
2 8 1
2 9 1
2 10 -1
2 12 1
2 14 -1
2 16 1
2 21 1
2 29 1
2 51 1
2 58 1
3 2 1
3 4 1
3 5 1
3 7 1
3 8 1
3 10 -1
3 11 1
3 12 1
3 13 1
3 15 1
3 16 -1
3 24 1
3 28 1
3 32 1
3 44 1
3 48 1
4 1 1
4 2 1
4 3 1
4 5 1
4 7 1
4 8 1
4 9 1
4 12 1
4 13 1
4 14 1
4 15 1
4 23 1
4 34 1
4 43 1
4 58 1
4 62 1
5 2 -1
5 3 1
5 4 1
5 6 1
5 8 1
5 9 1
5 10 1
5 13 1
5 14 1
5 15 1
5 16 1
5 22 1
5 40 1
5 48 -1
5 57 1
6 1 1
6 2 -1
6 5 1
6 7 1
6 9 1
6 10 1
6 11 -1
6 12 1
6 13 1
6 15 1
6 16 1
6 27 1
6 37 1
6 41 1
6 45 1
7 1 1
7 2 1
7 3 1
7 4 1
7 6 1
7 9 1
7 10 1
7 11 1
7 12 1
7 13 1
7 16 -1
7 33 1
7 37 1
7 39 1
7 43 -1
7 45 -1
8 2 1
8 3 1
8 4 1
8 5 1
8 9 -1
8 10 1
8 11 1
8 12 1
8 14 1
8 15 -1
8 16 1
8 35 1
8 36 1
8 46 1
8 58 1
8 61 1
9 1 1
9 2 1
9 4 1
9 5 1
9 6 1
9 7 1
9 8 -1
9 11 1
9 12 1
9 13 1
9 15 1
9 21 1
9 41 1
9 53 -1
10 1 1
10 2 -1
10 3 -1
10 5 1
10 6 1
10 7 1
10 8 1
10 13 1
10 14 1
10 15 1
10 16 1
10 20 1
10 25 1
10 36 1
10 50 1
10 63 1
11 1 1
11 3 1
11 6 -1
11 7 1
11 8 1
11 9 1
11 12 -1
11 13 1
11 14 1
11 15 1
11 16 1
11 19 1
11 20 1
11 28 1
11 52 1
11 58 1
12 1 1
12 2 1
12 3 1
12 4 1
12 6 1
12 7 1
12 8 1
12 9 1
12 11 -1
12 13 1
12 14 1
12 26 1
12 30 1
12 49 1
12 56 1
12 62 -1
13 1 -1
13 3 1
13 4 1
13 5 1
13 6 1
13 7 1
13 9 1
13 10 1
13 11 1
13 12 1
13 14 1
13 17 1
13 19 1
13 24 1
13 34 -1
13 42 -1
14 1 1
14 2 -1
14 4 1
14 5 1
14 8 1
14 10 1
14 11 1
14 12 1
14 13 1
14 15 1
14 16 1
14 38 1
14 50 1
14 53 -1
14 63 1
15 1 1
15 3 1
15 4 1
15 5 1
15 6 1
15 8 -1
15 9 1
15 10 1
15 11 1
15 14 1
15 16 1
15 20 -1
15 23 1
15 26 1
15 32 1
15 51 -1
16 1 1
16 2 1
16 3 -1
16 5 1
16 6 1
16 7 -1
16 8 1
16 10 1
16 11 1
16 14 1
16 15 1
16 19 1
16 28 1
16 34 1
16 39 1
17 13 1
17 19 -1
17 20 -1
17 21 1
17 22 1
17 23 1
17 24 1
17 25 1
17 27 1
17 28 1
17 29 -1
17 31 1
17 42 1
17 57 1
17 60 1
17 64 -1
18 19 1
18 20 1
18 22 1
18 23 1
18 24 1
18 25 -1
18 26 -1
18 27 1
18 29 1
18 31 1
18 32 -1
18 41 1
18 46 -1
18 47 1
18 60 1
18 62 -1
19 11 1
19 13 1
19 16 1
19 17 -1
19 18 1
19 20 1
19 23 -1
19 25 1
19 26 1
19 28 1
19 29 1
19 30 1
19 31 1
19 32 1
19 54 1
20 10 1
20 11 1
20 15 -1
20 17 -1
20 18 1
20 19 1
20 21 -1
20 22 1
20 23 1
20 25 -1
20 26 -1
20 27 1
20 29 1
20 32 1
20 34 -1
20 42 -1
21 2 1
21 9 1
21 17 1
21 20 -1
21 23 1
21 24 1
21 25 1
21 26 -1
21 27 1
21 28 1
21 29 -1
21 30 1
21 31 1
21 35 -1
21 38 -1
22 5 1
22 17 1
22 18 1
22 20 1
22 23 1
22 24 1
22 26 1
22 28 1
22 29 1
22 30 -1
22 31 1
22 32 1
22 34 1
22 40 1
22 51 1
22 56 1
23 4 1
23 15 1
23 17 1
23 18 1
23 19 -1
23 20 1
23 21 1
23 22 1
23 26 -1
23 27 -1
23 28 1
23 30 1
23 31 1
23 44 1
23 51 1
23 62 1
24 3 1
24 13 1
24 17 1
24 18 1
24 21 1
24 22 1
24 25 1
24 26 1
24 27 1
24 28 1
24 29 -1
24 30 1
24 32 -1
24 33 -1
24 35 1
24 61 1
25 10 1
25 17 1
25 18 -1
25 19 1
25 20 -1
25 21 1
25 24 1
25 27 1
25 28 1
25 30 1
25 31 1
25 32 1
25 49 1
25 59 -1
25 60 1
25 61 1
26 12 1
26 15 1
26 18 -1
26 19 1
26 20 -1
26 21 -1
26 22 1
26 23 -1
26 24 1
26 28 -1
26 30 1
26 31 1
26 32 1
26 35 1
26 56 1
26 59 1
27 6 1
27 17 1
27 18 1
27 20 1
27 21 1
27 23 -1
27 24 1
27 25 1
27 28 1
27 29 1
27 30 1
27 31 1
27 38 1
27 43 1
27 50 1
27 59 -1
28 1 1
28 3 1
28 11 1
28 16 1
28 17 1
28 19 1
28 21 1
28 22 1
28 23 1
28 24 1
28 25 1
28 26 -1
28 27 1
28 29 -1
28 32 1
28 47 1
29 2 1
29 17 -1
29 18 1
29 19 1
29 20 1
29 21 -1
29 22 1
29 24 -1
29 27 1
29 28 -1
29 30 1
29 32 -1
29 50 1
29 51 1
29 57 1
30 12 1
30 19 1
30 21 1
30 22 -1
30 23 1
30 24 1
30 25 1
30 26 1
30 27 1
30 29 1
30 31 1
30 32 -1
30 39 -1
30 49 -1
30 53 1
30 61 1
31 17 1
31 18 1
31 19 1
31 21 1
31 22 1
31 23 1
31 25 1
31 26 1
31 27 1
31 30 1
31 32 1
31 38 -1
31 40 -1
31 56 -1
31 63 1
32 3 1
32 15 1
32 18 -1
32 19 1
32 20 1
32 22 1
32 24 -1
32 25 1
32 26 1
32 28 1
32 29 -1
32 30 -1
32 31 1
32 39 1
32 57 -1
32 63 1
33 7 1
33 24 -1
33 34 -1
33 36 1
33 37 -1
33 38 1
33 39 1
33 40 1
33 41 -1
33 42 1
33 43 1
33 45 1
33 46 -1
33 49 1
33 60 -1
33 61 1
34 4 1
34 13 -1
34 16 1
34 20 -1
34 22 1
34 33 -1
34 36 1
34 38 -1
34 39 -1
34 40 1
34 41 1
34 42 1
34 43 1
34 44 1
34 46 1
34 48 1
35 8 1
35 21 -1
35 24 1
35 26 1
35 36 1
35 37 1
35 38 1
35 39 1
35 40 1
35 41 1
35 42 1
35 43 1
35 44 1
35 45 1
35 46 1
35 55 1
36 8 1
36 10 1
36 33 1
36 34 1
36 35 1
36 37 1
36 38 1
36 39 -1
36 40 1
36 41 1
36 42 1
36 45 1
36 48 1
36 54 -1
36 58 -1
37 6 1
37 7 1
37 33 -1
37 35 1
37 36 1
37 38 1
37 39 1
37 42 1
37 43 1
37 44 1
37 46 1
37 47 1
37 48 1
37 52 1
37 55 1
38 14 1
38 21 -1
38 27 1
38 31 -1
38 33 1
38 34 -1
38 35 1
38 36 1
38 37 1
38 41 1
38 42 1
38 44 1
38 45 1
38 47 1
38 48 1
39 7 1
39 16 1
39 30 -1
39 32 1
39 33 1
39 34 -1
39 35 1
39 36 -1
39 37 1
39 40 1
39 41 1
39 42 1
39 46 1
39 47 1
39 48 1
39 55 1
40 5 1
40 22 1
40 31 -1
40 33 1
40 34 1
40 35 1
40 36 1
40 39 1
40 41 1
40 44 1
40 45 1
40 46 1
40 47 1
40 48 1
40 56 -1
40 64 1
41 1 1
41 6 1
41 9 1
41 18 1
41 33 -1
41 34 1
41 35 1
41 36 1
41 38 1
41 39 1
41 40 1
41 42 1
41 43 1
41 44 1
41 47 1
42 13 -1
42 17 1
42 20 -1
42 33 1
42 34 1
42 35 1
42 36 1
42 37 1
42 38 1
42 39 1
42 41 1
42 43 1
42 45 -1
42 47 1
42 55 -1
43 4 1
43 7 -1
43 27 1
43 33 1
43 34 1
43 35 1
43 37 1
43 41 1
43 42 1
43 44 -1
43 45 -1
43 46 1
43 47 1
43 48 -1
43 52 1
43 60 1
44 3 1
44 23 1
44 34 1
44 35 1
44 37 1
44 38 1
44 40 1
44 41 1
44 43 -1
44 45 1
44 46 -1
44 47 1
44 48 1
44 54 1
44 59 1
45 1 1
45 6 1
45 7 -1
45 33 1
45 35 1
45 36 1
45 38 1
45 40 1
45 42 -1
45 43 -1
45 44 1
45 46 -1
45 47 1
45 48 1
45 64 1
46 8 1
46 18 -1
46 33 -1
46 34 1
46 35 1
46 37 1
46 39 1
46 40 1
46 43 1
46 44 -1
46 45 -1
46 47 1
46 48 1
46 57 1
46 62 1
46 64 1
47 18 1
47 28 1
47 37 1
47 38 1
47 39 1
47 40 1
47 41 1
47 42 1
47 43 1
47 44 1
47 45 1
47 46 1
47 48 -1
47 52 -1
47 59 1
47 64 -1
48 1 1
48 3 1
48 5 -1
48 34 1
48 36 1
48 37 1
48 38 1
48 39 1
48 40 1
48 43 -1
48 44 1
48 45 1
48 46 1
48 47 -1
48 53 1
49 1 1
49 12 1
49 25 1
49 30 -1
49 33 1
49 51 1
49 53 1
49 54 1
49 55 -1
49 56 -1
49 57 -1
49 58 -1
49 59 1
49 60 1
49 61 1
49 63 1
50 10 1
50 14 1
50 27 1
50 29 1
50 51 1
50 52 1
50 53 1
50 54 1
50 56 1
50 57 1
50 58 -1
50 61 -1
50 62 -1
50 63 1
50 64 1
51 2 1
51 15 -1
51 22 1
51 23 1
51 29 1
51 49 1
51 50 1
51 52 1
51 53 1
51 54 1
51 57 -1
51 58 1
51 59 1
51 60 1
51 62 1
51 64 1
52 11 1
52 37 1
52 43 1
52 47 -1
52 50 1
52 51 1
52 54 -1
52 55 1
52 56 1
52 57 1
52 58 -1
52 59 -1
52 60 1
52 62 -1
52 64 1
53 9 -1
53 14 -1
53 30 1
53 48 1
53 49 1
53 50 1
53 51 1
53 54 1
53 55 1
53 56 1
53 57 -1
53 58 -1
53 61 1
53 63 1
53 64 1
54 19 1
54 36 -1
54 44 1
54 49 1
54 50 1
54 51 1
54 52 -1
54 53 1
54 55 1
54 56 1
54 57 -1
54 59 -1
54 60 -1
54 61 1
55 35 1
55 37 1
55 39 1
55 42 -1
55 49 -1
55 52 1
55 53 1
55 54 1
55 56 1
55 58 1
55 59 1
55 61 1
55 62 1
55 63 1
55 64 1
56 12 1
56 22 1
56 26 1
56 31 -1
56 40 -1
56 49 -1
56 50 1
56 52 1
56 53 1
56 54 1
56 55 1
56 58 1
56 59 1
56 60 1
56 63 1
56 64 1
57 5 1
57 17 1
57 29 1
57 32 -1
57 46 1
57 49 -1
57 50 1
57 51 -1
57 52 1
57 53 -1
57 54 -1
57 60 1
57 61 1
57 62 1
57 63 1
57 64 1
58 2 1
58 4 1
58 8 1
58 11 1
58 36 -1
58 49 -1
58 50 -1
58 51 1
58 52 -1
58 53 -1
58 55 1
58 56 1
58 60 -1
58 62 1
58 63 1
58 64 1
59 25 -1
59 26 1
59 27 -1
59 44 1
59 47 1
59 49 1
59 51 1
59 52 -1
59 54 -1
59 55 1
59 56 1
59 60 1
59 61 1
59 62 1
59 63 1
59 64 1
60 17 1
60 18 1
60 25 1
60 33 -1
60 43 1
60 49 1
60 51 1
60 52 1
60 54 -1
60 56 1
60 57 1
60 58 -1
60 59 1
60 61 1
60 62 1
60 63 -1
61 8 1
61 24 1
61 25 1
61 30 1
61 33 1
61 49 1
61 50 -1
61 53 1
61 54 1
61 55 1
61 57 1
61 59 1
61 60 1
61 62 1
61 63 1
61 64 1
62 4 1
62 12 -1
62 18 -1
62 23 1
62 46 1
62 50 -1
62 51 1
62 52 -1
62 55 1
62 57 1
62 58 1
62 59 1
62 60 1
62 61 1
62 63 1
62 64 1
63 10 1
63 14 1
63 31 1
63 32 1
63 49 1
63 50 1
63 53 1
63 55 1
63 56 1
63 57 1
63 58 1
63 59 1
63 60 -1
63 61 1
63 62 1
64 17 -1
64 40 1
64 45 1
64 46 1
64 47 -1
64 50 1
64 51 1
64 52 1
64 53 1
64 55 1
64 56 1
64 57 1
64 58 1
64 59 1
64 61 1
64 62 1
