1 2 1
1 4 1
1 5 1
1 6 1
1 7 -1
1 8 1
1 9 1
1 12 1
1 13 1
1 14 1
1 15 1
1 16 -1
1 18 1
1 25 1
1 42 -1
1 64 -1
2 1 1
2 3 1
2 6 1
2 7 1
2 8 1
2 9 1
2 10 1
2 11 1
2 12 -1
2 13 1
2 14 -1
2 15 1
2 32 -1
2 45 1
2 59 1
2 63 -1
3 2 1
3 4 1
3 5 -1
3 6 1
3 8 1
3 9 -1
3 10 1
3 11 -1
3 13 1
3 14 -1
3 15 1
3 16 1
3 19 1
3 49 1
3 51 1
3 62 -1
4 1 1
4 3 1
4 5 -1
4 6 1
4 7 1
4 8 -1
4 9 -1
4 10 -1
4 11 1
4 13 1
4 14 1
4 16 1
4 39 -1
4 43 -1
4 54 -1
4 64 1
5 1 1
5 3 -1
5 4 -1
5 6 1
5 7 -1
5 8 -1
5 9 1
5 10 1
5 11 1
5 12 1
5 13 1
5 14 -1
5 29 -1
5 34 1
5 41 1
5 52 1
6 1 1
6 2 1
6 3 1
6 4 1
6 5 1
6 7 1
6 8 -1
6 9 1
6 11 1
6 12 1
6 15 1
6 16 1
6 40 1
6 56 1
6 57 -1
7 1 -1
7 2 1
7 4 1
7 5 -1
7 6 1
7 9 1
7 10 -1
7 11 1
7 13 -1
7 14 1
7 15 1
7 16 -1
7 36 1
7 39 1
7 57 1
7 63 -1
8 1 1
8 2 1
8 3 1
8 4 -1
8 5 -1
8 6 -1
8 9 1
8 10 -1
8 11 1
8 12 1
8 15 -1
8 16 1
8 36 1
8 38 1
8 39 1
8 61 -1
9 1 1
9 2 1
9 3 -1
9 4 -1
9 5 1
9 6 1
9 7 1
9 8 1
9 10 1
9 12 1
9 15 1
9 16 1
9 37 1
9 47 1
9 49 1
9 51 1
10 2 1
10 3 1
10 4 -1
10 5 1
10 7 -1
10 8 -1
10 9 1
10 12 1
10 13 -1
10 14 1
10 15 1
10 16 1
10 24 -1
10 28 1
10 44 -1
10 59 1
11 2 1
11 3 -1
11 4 1
11 5 1
11 6 1
11 7 1
11 8 1
11 12 -1
11 13 -1
11 14 1
11 15 -1
11 16 1
11 32 1
11 36 -1
11 38 -1
11 64 1
12 1 1
12 2 -1
12 5 1
12 6 1
12 8 1
12 9 1
12 10 1
12 11 -1
12 13 1
12 14 -1
12 15 -1
12 16 1
12 35 -1
12 41 1
12 55 1
12 62 1
13 1 1
13 2 1
13 3 1
13 4 1
13 5 1
13 7 -1
13 10 -1
13 11 -1
13 12 1
13 14 1
13 15 1
13 16 1
13 22 1
13 23 1
13 28 1
13 44 -1
14 1 1
14 2 -1
14 3 -1
14 4 1
14 5 -1
14 7 1
14 10 1
14 11 1
14 12 -1
14 13 1
14 15 1
14 16 -1
14 18 1
14 21 -1
14 33 1
14 53 1
15 1 1
15 2 1
15 3 1
15 6 1
15 7 1
15 8 -1
15 9 1
15 10 1
15 11 -1
15 12 -1
15 13 1
15 14 1
15 31 1
15 40 1
15 49 1
15 50 -1
16 1 -1
16 3 1
16 4 1
16 6 1
16 7 -1
16 8 1
16 9 1
16 10 1
16 11 1
16 12 1
16 13 1
16 14 -1
16 18 1
16 21 1
16 60 -1
16 62 1
17 20 -1
17 21 1
17 22 1
17 23 -1
17 24 1
17 26 1
17 27 1
17 28 -1
17 29 1
17 30 -1
17 31 -1
17 32 1
17 37 1
17 53 -1
17 55 1
17 61 1
18 1 1
18 14 1
18 16 1
18 19 1
18 20 1
18 21 1
18 22 1
18 24 1
18 25 1
18 26 -1
18 27 -1
18 28 -1
18 30 1
18 31 1
18 32 1
18 52 -1
19 3 1
19 18 1
19 21 1
19 22 1
19 23 1
19 24 1
19 25 -1
19 26 1
19 27 1
19 28 1
19 30 -1
19 31 1
19 32 -1
19 34 1
19 43 1
19 46 1
20 17 -1
20 18 1
20 21 1
20 22 1
20 23 -1
20 24 -1
20 25 1
20 26 -1
20 28 1
20 29 -1
20 30 1
20 31 1
20 33 1
20 40 1
20 48 -1
20 50 -1
21 14 -1
21 16 1
21 17 1
21 18 1
21 19 1
21 20 1
21 22 -1
21 23 1
21 24 1
21 25 -1
21 26 -1
21 27 1
21 29 -1
21 32 -1
21 48 -1
21 54 -1
22 13 1
22 17 1
22 18 1
22 19 1
22 20 1
22 21 -1
22 23 -1
22 24 1
22 27 1
22 28 1
22 29 1
22 30 -1
22 31 1
22 33 1
22 51 1
22 62 -1
23 13 1
23 17 -1
23 19 1
23 20 -1
23 21 1
23 22 -1
23 24 -1
23 25 1
23 26 1
23 28 1
23 29 1
23 30 1
23 32 -1
23 37 1
23 53 1
23 60 1
24 10 -1
24 17 1
24 18 1
24 19 1
24 20 -1
24 21 1
24 22 1
24 23 -1
24 25 1
24 27 1
24 28 -1
24 30 1
24 31 1
24 37 1
24 38 -1
24 63 1
25 1 1
25 18 1
25 19 -1
25 20 1
25 21 -1
25 23 1
25 24 1
25 26 1
25 27 1
25 28 1
25 29 1
25 30 1
25 32 1
25 45 -1
25 46 1
25 49 1
26 17 1
26 18 -1
26 19 1
26 20 -1
26 21 -1
26 23 1
26 25 1
26 27 1
26 28 1
26 29 1
26 31 -1
26 32 1
26 38 1
26 40 -1
26 52 1
26 57 1
27 17 1
27 18 -1
27 19 1
27 21 1
27 22 1
27 24 1
27 25 1
27 26 1
27 29 -1
27 30 1
27 31 1
27 32 -1
27 34 1
27 35 1
27 54 -1
27 59 -1
28 10 1
28 13 1
28 17 -1
28 18 -1
28 19 1
28 20 1
28 22 1
28 23 1
28 24 -1
28 25 1
28 26 1
28 29 1
28 31 -1
28 32 1
28 42 1
28 47 -1
29 5 -1
29 17 1
29 20 -1
29 21 -1
29 22 1
29 23 1
29 25 1
29 26 1
29 27 -1
29 28 1
29 30 1
29 31 1
29 32 1
29 42 -1
29 44 1
29 63 1
30 17 -1
30 18 1
30 19 -1
30 20 1
30 22 -1
30 23 1
30 24 1
30 25 1
30 27 1
30 29 1
30 31 1
30 32 -1
30 35 1
30 41 -1
30 44 -1
30 58 1
31 15 1
31 17 -1
31 18 1
31 19 1
31 20 1
31 22 1
31 24 1
31 26 -1
31 27 1
31 28 -1
31 29 1
31 30 1
31 32 1
31 41 1
31 52 1
31 57 1
32 2 -1
32 11 1
32 17 1
32 18 1
32 19 -1
32 21 -1
32 23 -1
32 25 1
32 26 1
32 27 -1
32 28 1
32 29 1
32 30 -1
32 31 1
32 58 1
32 59 1
33 14 1
33 20 1
33 22 1
33 34 1
33 35 1
33 36 1
33 37 1
33 38 1
33 40 1
33 41 -1
33 43 1
33 45 1
33 46 1
33 47 1
33 48 1
33 64 -1
34 5 1
34 19 1
34 27 1
34 33 1
34 35 -1
34 36 1
34 37 1
34 39 1
34 40 1
34 41 1
34 42 1
34 43 1
34 45 -1
34 46 1
34 48 1
34 58 1
35 12 -1
35 27 1
35 30 1
35 33 1
35 34 -1
35 36 1
35 38 1
35 39 1
35 40 -1
35 42 1
35 44 1
35 45 1
35 46 1
35 47 1
35 48 1
35 60 -1
36 7 1
36 8 1
36 11 -1
36 33 1
36 34 1
36 35 1
36 38 1
36 39 1
36 40 1
36 41 1
36 42 -1
36 43 1
36 44 1
36 45 1
36 48 1
36 55 1
37 9 1
37 17 1
37 23 1
37 24 1
37 33 1
37 34 1
37 39 1
37 40 -1
37 41 1
37 42 -1
37 43 1
37 44 1
37 45 1
37 46 1
37 47 -1
37 48 1
38 8 1
38 11 -1
38 24 -1
38 26 1
38 33 1
38 35 1
38 36 1
38 39 1
38 40 -1
38 41 -1
38 42 -1
38 43 -1
38 44 1
38 45 1
38 46 1
38 47 -1
39 4 -1
39 7 1
39 8 1
39 34 1
39 35 1
39 36 1
39 37 1
39 38 1
39 40 1
39 42 -1
39 44 -1
39 45 1
39 46 1
39 47 1
39 48 1
39 56 1
40 6 1
40 15 1
40 20 1
40 26 -1
40 33 1
40 34 1
40 35 -1
40 36 1
40 37 -1
40 38 -1
40 39 1
40 41 1
40 43 -1
40 44 1
40 46 1
40 48 1
41 5 1
41 12 1
41 30 -1
41 31 1
41 33 -1
41 34 1
41 36 1
41 37 1
41 38 -1
41 40 1
41 43 1
41 44 -1
41 45 1
41 46 -1
41 47 -1
41 48 1
42 1 -1
42 28 1
42 29 -1
42 34 1
42 35 1
42 36 -1
42 37 -1
42 38 -1
42 39 -1
42 43 1
42 44 1
42 45 1
42 46 1
42 47 1
42 48 1
42 50 1
43 4 -1
43 19 1
43 33 1
43 34 1
43 36 1
43 37 1
43 38 -1
43 40 -1
43 41 1
43 42 1
43 44 1
43 45 1
43 46 1
43 47 -1
43 53 -1
43 54 1
44 10 -1
44 13 -1
44 29 1
44 30 -1
44 35 1
44 36 1
44 37 1
44 38 1
44 39 -1
44 40 1
44 41 -1
44 42 1
44 43 1
44 46 1
44 47 1
44 48 1
45 2 1
45 25 -1
45 33 1
45 34 -1
45 35 1
45 36 1
45 37 1
45 38 1
45 39 1
45 41 1
45 42 1
45 43 1
45 47 -1
45 48 -1
45 50 1
45 55 1
46 19 1
46 25 1
46 33 1
46 34 1
46 35 1
46 37 1
46 38 1
46 39 1
46 40 1
46 41 -1
46 42 1
46 43 1
46 44 1
46 47 1
46 51 -1
46 61 -1
47 9 1
47 28 -1
47 33 1
47 35 1
47 37 -1
47 38 -1
47 39 1
47 41 -1
47 42 1
47 43 -1
47 44 1
47 45 -1
47 46 1
47 48 1
47 60 1
47 61 1
48 20 -1
48 21 -1
48 33 1
48 34 1
48 35 1
48 36 1
48 37 1
48 39 1
48 40 1
48 41 1
48 42 1
48 44 1
48 45 -1
48 47 1
48 56 -1
48 58 1
49 3 1
49 9 1
49 15 1
49 25 1
49 50 1
49 51 -1
49 53 1
49 54 1
49 55 1
49 57 -1
49 58 1
49 59 1
49 60 -1
49 62 1
49 63 1
49 64 1
50 15 -1
50 20 -1
50 42 1
50 45 1
50 49 1
50 51 -1
50 52 -1
50 53 1
50 54 -1
50 56 1
50 57 1
50 58 -1
50 61 1
50 62 -1
50 63 -1
50 64 1
51 3 1
51 9 1
51 22 1
51 46 -1
51 49 -1
51 50 -1
51 52 1
51 53 1
51 56 1
51 57 1
51 58 1
51 59 1
51 60 1
51 61 1
51 62 -1
51 63 1
52 5 1
52 18 -1
52 26 1
52 31 1
52 50 -1
52 51 1
52 54 1
52 55 -1
52 56 1
52 57 -1
52 58 1
52 59 1
52 60 1
52 61 1
52 62 1
52 63 1
53 14 1
53 17 -1
53 23 1
53 43 -1
53 49 1
53 50 1
53 51 1
53 54 1
53 56 1
53 57 -1
53 58 -1
53 59 1
53 60 1
53 61 -1
53 62 1
53 63 1
54 4 -1
54 21 -1
54 27 -1
54 43 1
54 49 1
54 50 -1
54 52 1
54 53 1
54 55 1
54 56 1
54 57 -1
54 59 1
54 60 1
54 61 1
54 63 1
54 64 -1
55 12 1
55 17 1
55 36 1
55 45 1
55 49 1
55 52 -1
55 54 1
55 56 1
55 57 1
55 58 -1
55 59 -1
55 60 -1
55 61 1
55 62 1
55 63 1
55 64 -1
56 6 1
56 39 1
56 48 -1
56 50 1
56 51 1
56 52 1
56 53 1
56 54 1
56 55 1
56 57 1
56 59 1
56 60 1
56 61 1
56 62 1
56 64 1
57 6 -1
57 7 1
57 26 1
57 31 1
57 49 -1
57 50 1
57 51 1
57 52 -1
57 53 -1
57 54 -1
57 55 1
57 56 1
57 60 -1
57 61 1
57 63 1
57 64 -1
58 30 1
58 32 1
58 34 1
58 48 1
58 49 1
58 50 -1
58 51 1
58 52 1
58 53 -1
58 55 -1
58 59 1
58 60 -1
58 61 -1
58 62 -1
58 63 1
58 64 -1
59 2 1
59 10 1
59 27 -1
59 32 1
59 49 1
59 51 1
59 52 1
59 53 1
59 54 1
59 55 -1
59 56 1
59 58 1
59 60 1
59 61 -1
59 63 1
59 64 -1
60 16 -1
60 23 1
60 35 -1
60 47 1
60 49 -1
60 51 1
60 52 1
60 53 1
60 54 1
60 55 -1
60 56 1
60 57 -1
60 58 -1
60 59 1
60 62 1
60 64 1
61 8 -1
61 17 1
61 46 -1
61 47 1
61 50 1
61 51 1
61 52 1
61 53 -1
61 54 1
61 55 1
61 56 1
61 57 1
61 58 -1
61 59 -1
61 62 1
61 64 1
62 3 -1
62 12 1
62 16 1
62 22 -1
62 49 1
62 50 -1
62 51 -1
62 52 1
62 53 1
62 55 1
62 56 1
62 58 -1
62 60 1
62 61 1
62 63 -1
62 64 1
63 2 -1
63 7 -1
63 24 1
63 29 1
63 49 1
63 50 -1
63 51 1
63 52 1
63 53 1
63 54 1
63 55 1
63 57 1
63 58 1
63 59 1
63 62 -1
63 64 1
64 1 -1
64 4 1
64 11 1
64 33 -1
64 49 1
64 50 1
64 54 -1
64 55 -1
64 56 1
64 57 -1
64 58 -1
64 59 -1
64 60 1
64 61 1
64 62 1
64 63 1
