1 2 -1
1 3 -1
1 5 1
1 6 -1
1 7 1
1 9 1
1 10 1
1 11 1
1 12 -1
1 14 1
1 15 1
1 16 1
1 17 -1
1 27 -1
1 35 -1
1 37 -1
2 1 -1
2 3 1
2 5 1
2 8 1
2 9 -1
2 10 -1
2 11 1
2 12 1
2 13 1
2 14 1
2 15 -1
2 16 -1
2 21 1
2 24 1
2 30 1
2 48 -1
3 1 -1
3 2 1
3 4 -1
3 6 -1
3 7 1
3 8 1
3 9 -1
3 10 -1
3 11 -1
3 12 -1
3 14 1
3 15 -1
3 27 1
3 48 1
3 56 1
4 3 -1
4 5 -1
4 6 -1
4 7 1
4 8 1
4 9 1
4 10 -1
4 11 -1
4 12 -1
4 13 -1
4 15 -1
4 16 -1
4 27 -1
4 41 1
4 44 1
4 59 -1
5 1 1
5 2 1
5 4 -1
5 6 -1
5 8 1
5 9 1
5 10 1
5 11 1
5 13 -1
5 14 -1
5 15 1
5 16 1
5 40 1
5 50 1
5 56 -1
6 1 -1
6 3 -1
6 4 -1
6 5 -1
6 8 1
6 9 1
6 10 -1
6 11 -1
6 12 1
6 13 -1
6 14 1
6 16 -1
6 31 1
6 51 -1
6 55 -1
6 58 -1
7 1 1
7 3 1
7 4 1
7 8 -1
7 9 -1
7 10 -1
7 11 1
7 12 -1
7 13 -1
7 14 -1
7 15 1
7 16 1
7 24 1
7 36 1
7 44 -1
7 54 -1
8 2 1
8 3 1
8 4 1
8 5 1
8 6 1
8 7 -1
8 9 -1
8 11 1
8 12 -1
8 13 -1
8 14 1
8 16 1
8 28 -1
8 57 1
8 61 1
9 1 1
9 2 -1
9 3 -1
9 4 1
9 5 1
9 6 1
9 7 -1
9 8 -1
9 10 1
9 13 1
9 15 1
9 16 -1
9 21 1
9 31 -1
9 33 -1
9 40 -1
10 1 1
10 2 -1
10 3 -1
10 4 -1
10 5 1
10 6 -1
10 7 -1
10 9 1
10 11 -1
10 13 1
10 14 1
10 16 1
10 38 1
10 42 -1
10 54 1
10 63 1
11 1 1
11 2 1
11 3 -1
11 4 -1
11 5 1
11 6 -1
11 7 1
11 8 1
11 10 -1
11 12 -1
11 14 -1
11 15 -1
11 18 1
11 24 -1
11 39 1
11 57 -1
12 1 -1
12 2 1
12 3 -1
12 4 -1
12 6 1
12 7 -1
12 8 -1
12 11 -1
12 13 -1
12 14 -1
12 15 1
12 16 1
12 37 -1
12 47 1
12 57 1
13 2 1
13 4 -1
13 5 -1
13 6 -1
13 7 -1
13 8 -1
13 9 1
13 10 1
13 12 -1
13 14 -1
13 15 1
13 16 1
13 20 -1
13 35 1
13 43 1
13 63 1
14 1 1
14 2 1
14 3 1
14 5 -1
14 6 1
14 7 -1
14 8 1
14 10 1
14 11 -1
14 12 -1
14 13 -1
14 15 1
14 23 -1
14 30 1
14 49 -1
14 50 -1
15 1 1
15 2 -1
15 3 -1
15 4 -1
15 5 1
15 7 1
15 9 1
15 11 -1
15 12 1
15 13 1
15 14 1
15 16 -1
15 33 -1
15 34 1
15 62 -1
15 64 1
16 1 1
16 2 -1
16 4 -1
16 5 1
16 6 -1
16 7 1
16 8 1
16 9 -1
16 10 1
16 12 1
16 13 1
16 15 -1
16 19 -1
16 28 1
16 30 1
16 62 -1
17 1 -1
17 19 -1
17 20 1
17 21 -1
17 22 -1
17 23 1
17 24 1
17 27 1
17 28 1
17 29 1
17 30 1
17 31 -1
17 32 -1
17 35 1
17 41 -1
17 62 1
18 11 1
18 19 -1
18 20 1
18 21 1
18 22 -1
18 23 -1
18 24 1
18 26 -1
18 28 1
18 29 1
18 30 -1
18 31 1
18 32 -1
18 42 -1
18 53 -1
18 64 1
19 16 -1
19 17 -1
19 18 -1
19 21 1
19 22 1
19 23 1
19 24 1
19 25 1
19 26 -1
19 28 -1
19 29 -1
19 31 1
19 32 -1
19 35 1
19 39 1
19 51 -1
20 13 -1
20 17 1
20 18 1
20 22 -1
20 23 1
20 24 1
20 25 1
20 26 -1
20 27 -1
20 28 -1
20 29 -1
20 30 1
20 32 -1
20 45 1
20 46 1
20 49 1
21 2 1
21 9 1
21 17 -1
21 18 1
21 19 1
21 23 -1
21 24 -1
21 25 -1
21 26 -1
21 27 1
21 28 -1
21 29 -1
21 31 -1
21 32 -1
21 46 1
21 50 -1
22 17 -1
22 18 -1
22 19 1
22 20 -1
22 23 1
22 25 1
22 26 1
22 27 -1
22 28 -1
22 29 1
22 30 1
22 31 -1
22 34 1
22 42 1
22 52 1
22 54 1
23 14 -1
23 17 1
23 18 -1
23 19 1
23 20 1
23 21 -1
23 22 1
23 25 -1
23 27 -1
23 29 1
23 30 1
23 31 -1
23 32 -1
23 38 -1
23 42 1
23 45 1
24 2 1
24 7 1
24 11 -1
24 17 1
24 18 1
24 19 1
24 20 1
24 21 -1
24 25 -1
24 26 1
24 27 -1
24 28 -1
24 29 1
24 30 1
24 32 -1
24 43 1
25 19 1
25 20 1
25 21 -1
25 22 1
25 23 -1
25 24 -1
25 26 1
25 27 -1
25 28 1
25 29 -1
25 30 1
25 32 1
25 37 1
25 44 -1
25 56 1
25 58 1
26 18 -1
26 19 -1
26 20 -1
26 21 -1
26 22 1
26 24 1
26 25 1
26 27 -1
26 28 -1
26 30 1
26 31 -1
26 32 1
26 38 -1
26 50 1
26 52 -1
27 1 -1
27 3 1
27 4 -1
27 17 1
27 20 -1
27 21 1
27 22 -1
27 23 -1
27 24 -1
27 25 -1
27 26 -1
27 28 1
27 29 1
27 31 -1
27 32 -1
27 47 1
28 8 -1
28 16 1
28 17 1
28 18 1
28 19 -1
28 20 -1
28 21 -1
28 22 -1
28 24 -1
28 25 1
28 26 -1
28 27 1
28 30 -1
28 31 -1
28 55 -1
28 64 -1
29 17 1
29 18 1
29 19 -1
29 20 -1
29 21 -1
29 22 1
29 23 1
29 24 1
29 25 -1
29 27 1
29 30 1
29 31 1
29 47 1
29 49 -1
29 53 1
29 63 -1
30 2 1
30 14 1
30 16 1
30 17 1
30 18 -1
30 20 1
30 22 1
30 23 1
30 24 1
30 25 1
30 26 1
30 28 -1
30 29 1
30 31 -1
30 32 -1
30 55 1
31 6 1
31 9 -1
31 17 -1
31 18 1
31 19 1
31 21 -1
31 22 -1
31 23 -1
31 26 -1
31 27 -1
31 28 -1
31 29 1
31 30 -1
31 32 1
31 61 -1
31 64 1
32 17 -1
32 18 -1
32 19 -1
32 20 -1
32 21 -1
32 23 -1
32 24 -1
32 25 1
32 26 1
32 27 -1
32 30 -1
32 31 1
32 41 1
32 45 1
32 53 -1
32 59 1
33 9 -1
33 15 -1
33 34 1
33 35 1
33 36 1
33 37 1
33 38 1
33 42 -1
33 43 -1
33 44 1
33 45 -1
33 46 1
33 47 1
33 48 1
33 58 -1
34 15 1
34 22 1
34 33 1
34 35 -1
34 36 -1
34 37 -1
34 38 -1
34 39 1
34 40 1
34 41 -1
34 42 -1
34 43 -1
34 45 1
34 47 1
34 55 -1
34 62 1
35 1 -1
35 13 1
35 17 1
35 19 1
35 33 1
35 34 -1
35 37 1
35 38 1
35 39 -1
35 40 -1
35 42 -1
35 43 -1
35 44 -1
35 46 1
35 47 -1
35 48 -1
36 7 1
36 33 1
36 34 -1
36 38 1
36 39 1
36 41 -1
36 42 -1
36 43 1
36 44 1
36 45 -1
36 46 -1
36 47 -1
36 48 -1
36 52 1
36 60 -1
37 1 -1
37 12 -1
37 25 1
37 33 1
37 34 -1
37 35 1
37 38 -1
37 39 -1
37 40 1
37 41 -1
37 42 -1
37 44 1
37 45 1
37 46 -1
37 47 1
38 10 1
38 23 -1
38 26 -1
38 33 1
38 34 -1
38 35 1
38 36 1
38 37 -1
38 40 1
38 41 1
38 43 -1
38 44 -1
38 45 -1
38 46 1
38 47 -1
38 59 1
39 11 1
39 19 1
39 34 1
39 35 -1
39 36 1
39 37 -1
39 40 1
39 41 1
39 42 -1
39 43 -1
39 45 1
39 46 1
39 47 -1
39 48 1
39 53 1
39 63 -1
40 5 1
40 9 -1
40 34 1
40 35 -1
40 37 1
40 38 1
40 39 1
40 42 -1
40 43 1
40 44 1
40 45 -1
40 46 -1
40 47 1
40 48 -1
40 57 -1
41 4 1
41 17 -1
41 32 1
41 34 -1
41 36 -1
41 37 -1
41 38 1
41 39 1
41 42 1
41 43 1
41 44 -1
41 45 1
41 46 1
41 47 -1
41 48 -1
41 56 -1
42 10 -1
42 18 -1
42 22 1
42 23 1
42 33 -1
42 34 -1
42 35 -1
42 36 -1
42 37 -1
42 39 -1
42 40 -1
42 41 1
42 43 1
42 44 1
42 46 1
42 48 -1
43 13 1
43 24 1
43 33 -1
43 34 -1
43 35 -1
43 36 1
43 38 -1
43 39 -1
43 40 1
43 41 1
43 42 1
43 44 1
43 46 -1
43 48 -1
43 59 1
43 61 -1
44 4 1
44 7 -1
44 25 -1
44 33 1
44 35 -1
44 36 1
44 37 1
44 38 -1
44 40 1
44 41 -1
44 42 1
44 43 1
44 45 -1
44 47 -1
44 48 -1
44 49 1
45 20 1
45 23 1
45 32 1
45 33 -1
45 34 1
45 36 -1
45 37 1
45 38 -1
45 39 1
45 40 -1
45 41 1
45 44 -1
45 46 1
45 47 -1
45 48 -1
45 54 -1
46 20 1
46 21 1
46 33 1
46 35 1
46 36 -1
46 37 -1
46 38 1
46 39 1
46 40 -1
46 41 1
46 42 1
46 43 -1
46 45 1
46 48 -1
46 60 -1
47 12 1
47 27 1
47 29 1
47 33 1
47 34 1
47 35 -1
47 36 -1
47 37 1
47 38 -1
47 39 -1
47 40 1
47 41 -1
47 44 -1
47 45 -1
47 48 1
47 51 -1
48 2 -1
48 3 1
48 33 1
48 35 -1
48 36 -1
48 39 1
48 40 -1
48 41 -1
48 42 -1
48 43 -1
48 44 -1
48 45 -1
48 46 -1
48 47 1
48 51 1
49 14 -1
49 20 1
49 29 -1
49 44 1
49 50 -1
49 51 -1
49 52 1
49 54 -1
49 55 -1
49 57 -1
49 58 -1
49 60 -1
49 61 1
49 62 -1
49 63 1
49 64 -1
50 5 1
50 14 -1
50 21 -1
50 26 1
50 49 -1
50 51 1
50 52 -1
50 54 1
50 55 -1
50 56 -1
50 57 1
50 58 -1
50 59 -1
50 60 1
50 61 1
50 64 -1
51 6 -1
51 19 -1
51 47 -1
51 48 1
51 49 -1
51 50 1
51 53 -1
51 54 -1
51 55 1
51 57 1
51 58 -1
51 59 1
51 60 -1
51 61 1
51 62 -1
51 64 1
52 22 1
52 26 -1
52 36 1
52 49 1
52 50 -1
52 53 1
52 55 1
52 56 -1
52 57 1
52 59 1
52 60 1
52 61 1
52 62 -1
52 63 1
52 64 1
53 18 -1
53 29 1
53 32 -1
53 39 1
53 51 -1
53 52 1
53 54 -1
53 55 -1
53 56 -1
53 58 -1
53 59 1
53 60 -1
53 61 -1
53 62 -1
53 63 -1
53 64 1
54 7 -1
54 10 1
54 22 1
54 45 -1
54 49 -1
54 50 1
54 51 -1
54 53 -1
54 56 1
54 57 1
54 58 1
54 59 1
54 61 1
54 62 1
54 63 -1
54 64 -1
55 6 -1
55 28 -1
55 30 1
55 34 -1
55 49 -1
55 50 -1
55 51 1
55 52 1
55 53 -1
55 56 -1
55 57 1
55 60 -1
55 61 1
55 62 -1
55 63 1
55 64 -1
56 3 1
56 5 -1
56 25 1
56 41 -1
56 50 -1
56 52 -1
56 53 -1
56 54 1
56 55 -1
56 58 1
56 59 -1
56 60 -1
56 61 1
56 62 -1
56 63 1
56 64 -1
57 8 1
57 11 -1
57 12 1
57 40 -1
57 49 -1
57 50 1
57 51 1
57 52 1
57 54 1
57 55 1
57 58 1
57 59 1
57 60 -1
57 61 -1
57 62 1
57 63 1
58 6 -1
58 25 1
58 33 -1
58 49 -1
58 50 -1
58 51 -1
58 53 -1
58 54 1
58 56 1
58 57 1
58 59 1
58 60 1
58 62 1
58 63 -1
58 64 -1
59 4 -1
59 32 1
59 38 1
59 43 1
59 50 -1
59 51 1
59 52 1
59 53 1
59 54 1
59 56 -1
59 57 1
59 58 1
59 60 1
59 62 -1
59 63 -1
59 64 1
60 36 -1
60 46 -1
60 49 -1
60 50 1
60 51 -1
60 52 1
60 53 -1
60 55 -1
60 56 -1
60 57 -1
60 58 1
60 59 1
60 63 1
60 64 1
61 8 1
61 31 -1
61 43 -1
61 49 1
61 50 1
61 51 1
61 52 1
61 53 -1
61 54 1
61 55 1
61 56 1
61 57 -1
61 62 1
61 63 1
61 64 -1
62 15 -1
62 16 -1
62 17 1
62 34 1
62 49 -1
62 51 -1
62 52 -1
62 53 -1
62 54 1
62 55 -1
62 56 -1
62 57 1
62 58 1
62 59 -1
62 61 1
62 63 -1
63 10 1
63 13 1
63 29 -1
63 39 -1
63 49 1
63 52 1
63 53 -1
63 54 -1
63 55 1
63 56 1
63 57 1
63 58 -1
63 59 -1
63 60 1
63 61 1
63 62 -1
64 15 1
64 18 1
64 28 -1
64 31 1
64 49 -1
64 50 -1
64 51 1
64 52 1
64 53 1
64 54 -1
64 55 -1
64 56 -1
64 58 -1
64 59 1
64 60 1
64 61 -1
