1 2 -1
1 3 -1
1 4 1
1 5 -1
1 6 1
1 7 1
1 8 1
1 9 1
1 12 -1
1 13 -1
1 14 -1
1 16 -1
1 20 1
1 26 1
1 52 1
1 56 1
2 1 -1
2 3 -1
2 5 -1
2 6 -1
2 7 1
2 9 -1
2 10 1
2 11 -1
2 12 -1
2 13 -1
2 15 -1
2 16 1
2 29 1
2 35 -1
2 49 1
3 1 -1
3 2 -1
3 4 1
3 5 -1
3 6 -1
3 7 1
3 8 1
3 10 -1
3 12 1
3 14 -1
3 15 1
3 16 1
3 21 1
3 27 -1
3 41 1
3 50 -1
4 1 1
4 3 1
4 6 -1
4 8 -1
4 9 -1
4 10 -1
4 11 1
4 12 -1
4 13 1
4 14 -1
4 15 1
4 16 -1
4 52 1
4 55 -1
4 56 -1
4 63 1
5 1 -1
5 2 -1
5 3 -1
5 6 -1
5 7 -1
5 9 -1
5 10 1
5 11 1
5 13 -1
5 14 1
5 15 -1
5 16 -1
5 45 -1
5 57 1
5 59 -1
5 63 -1
6 1 1
6 2 -1
6 3 -1
6 4 -1
6 5 -1
6 7 -1
6 8 1
6 9 -1
6 10 -1
6 11 -1
6 12 -1
6 15 1
6 34 -1
6 37 -1
6 40 1
6 43 -1
7 1 1
7 2 1
7 3 1
7 5 -1
7 6 -1
7 8 -1
7 9 1
7 10 -1
7 13 1
7 14 1
7 15 1
7 16 -1
7 20 -1
7 22 -1
7 33 -1
7 59 1
8 1 1
8 3 1
8 4 -1
8 6 1
8 7 -1
8 9 -1
8 11 -1
8 12 1
8 13 -1
8 14 1
8 15 1
8 16 1
8 19 1
8 38 -1
8 51 1
8 52 -1
9 1 1
9 2 -1
9 4 -1
9 5 -1
9 6 -1
9 7 1
9 8 -1
9 10 -1
9 11 1
9 12 1
9 13 1
9 15 -1
9 50 -1
9 53 -1
9 57 -1
9 58 1
10 2 1
10 3 -1
10 4 -1
10 5 1
10 6 -1
10 7 -1
10 9 -1
10 11 1
10 12 -1
10 13 -1
10 14 1
10 16 1
10 21 -1
10 29 1
10 35 1
10 46 -1
11 2 -1
11 4 1
11 5 1
11 6 -1
11 8 -1
11 9 1
11 10 1
11 12 1
11 13 1
11 14 -1
11 15 -1
11 16 1
11 23 -1
11 25 1
11 34 1
11 61 -1
12 1 -1
12 2 -1
12 3 1
12 4 -1
12 6 -1
12 8 1
12 9 1
12 10 -1
12 11 1
12 13 1
12 14 1
12 16 -1
12 18 -1
12 44 1
12 46 -1
12 48 1
13 1 -1
13 2 -1
13 4 1
13 5 -1
13 7 1
13 8 -1
13 9 1
13 10 -1
13 11 1
13 12 1
13 14 -1
13 15 1
13 18 -1
13 24 1
13 33 -1
14 1 -1
14 3 -1
14 4 -1
14 5 1
14 7 1
14 8 1
14 10 1
14 11 -1
14 12 1
14 13 -1
14 15 1
14 16 1
14 31 1
14 55 1
14 59 -1
14 62 -1
15 2 -1
15 3 1
15 4 1
15 5 -1
15 6 1
15 7 1
15 8 1
15 9 -1
15 11 -1
15 13 1
15 14 1
15 16 1
15 22 -1
15 37 -1
15 51 1
15 57 -1
16 1 -1
16 2 1
16 3 1
16 4 -1
16 5 -1
16 7 -1
16 8 1
16 10 1
16 11 1
16 12 -1
16 14 1
16 15 1
16 27 -1
16 42 -1
16 45 1
16 61 -1
17 18 -1
17 20 -1
17 21 -1
17 22 -1
17 24 -1
17 25 1
17 26 -1
17 27 1
17 28 -1
17 30 1
17 31 1
17 32 -1
17 37 -1
17 42 -1
17 50 1
17 58 -1
18 12 -1
18 13 -1
18 17 -1
18 21 1
18 22 -1
18 23 1
18 24 -1
18 25 -1
18 26 -1
18 28 -1
18 29 -1
18 30 -1
18 31 -1
18 32 1
18 36 1
19 8 1
19 20 1
19 22 1
19 23 -1
19 24 -1
19 25 1
19 26 1
19 27 -1
19 28 -1
19 29 -1
19 30 1
19 31 1
19 32 1
19 48 1
19 52 -1
19 64 1
20 1 1
20 7 -1
20 17 -1
20 19 1
20 21 1
20 23 1
20 24 1
20 25 1
20 27 1
20 28 1
20 29 -1
20 30 -1
20 31 -1
20 32 -1
20 36 -1
20 40 -1
21 3 1
21 10 -1
21 17 -1
21 18 1
21 20 1
21 23 1
21 24 1
21 25 1
21 26 1
21 27 1
21 28 1
21 29 -1
21 31 -1
21 32 1
21 46 1
21 54 1
22 7 -1
22 15 -1
22 17 -1
22 18 -1
22 19 1
22 23 -1
22 24 -1
22 25 -1
22 26 -1
22 27 1
22 28 1
22 29 -1
22 30 -1
22 31 1
22 42 -1
22 60 -1
23 11 -1
23 18 1
23 19 -1
23 20 1
23 21 1
23 22 -1
23 25 1
23 26 -1
23 28 -1
23 29 1
23 30 1
23 31 -1
23 32 1
23 40 1
23 53 1
23 58 -1
24 13 1
24 17 -1
24 18 -1
24 19 -1
24 20 1
24 21 1
24 22 -1
24 25 1
24 26 1
24 27 1
24 29 -1
24 30 -1
24 31 1
24 62 -1
24 64 1
25 11 1
25 17 1
25 18 -1
25 19 1
25 20 1
25 21 1
25 22 -1
25 23 1
25 24 1
25 28 1
25 29 -1
25 31 -1
25 32 -1
25 39 1
25 47 -1
26 1 1
26 17 -1
26 18 -1
26 19 1
26 21 1
26 22 -1
26 23 -1
26 24 1
26 27 -1
26 28 -1
26 30 1
26 31 1
26 32 1
26 34 1
26 38 1
26 49 -1
27 3 -1
27 16 -1
27 17 1
27 19 -1
27 20 1
27 21 1
27 22 1
27 24 1
27 26 -1
27 28 -1
27 29 -1
27 30 -1
27 31 -1
27 32 -1
27 44 -1
27 46 -1
28 17 -1
28 18 -1
28 19 -1
28 20 1
28 21 1
28 22 1
28 23 -1
28 25 1
28 26 -1
28 27 -1
28 29 1
28 30 -1
28 47 1
28 48 1
28 49 1
29 2 1
29 10 1
29 18 -1
29 19 -1
29 20 -1
29 21 -1
29 22 -1
29 23 1
29 24 -1
29 25 -1
29 27 -1
29 28 1
29 30 -1
29 32 -1
29 38 1
29 57 -1
30 17 1
30 18 -1
30 19 1
30 20 -1
30 22 -1
30 23 1
30 24 -1
30 26 1
30 27 -1
30 28 -1
30 29 -1
30 32 1
30 38 1
30 41 1
30 42 1
30 53 1
31 14 1
31 17 1
31 18 -1
31 19 1
31 20 -1
31 21 -1
31 22 1
31 23 -1
31 24 1
31 25 -1
31 26 1
31 27 -1
31 32 -1
31 54 1
31 55 -1
31 56 1
32 17 -1
32 18 1
32 19 1
32 20 -1
32 21 1
32 23 1
32 25 -1
32 26 1
32 27 -1
32 29 -1
32 30 1
32 31 -1
32 33 1
32 60 -1
33 7 -1
33 13 -1
33 32 1
33 34 1
33 35 1
33 36 1
33 37 -1
33 38 -1
33 40 1
33 41 -1
33 43 -1
33 45 -1
33 46 -1
33 47 1
33 48 1
34 6 -1
34 11 1
34 26 1
34 33 1
34 35 1
34 37 1
34 38 1
34 39 1
34 40 -1
34 41 -1
34 42 -1
34 43 -1
34 44 1
34 45 1
34 47 -1
34 61 1
35 2 -1
35 10 1
35 33 1
35 34 1
35 36 1
35 37 1
35 38 1
35 39 1
35 40 1
35 41 1
35 42 -1
35 43 1
35 47 -1
35 48 -1
35 59 1
36 18 1
36 20 -1
36 33 1
36 35 1
36 37 1
36 39 -1
36 40 1
36 41 -1
36 43 -1
36 44 -1
36 45 -1
36 46 -1
36 47 1
36 48 1
36 51 1
37 6 -1
37 15 -1
37 17 -1
37 33 -1
37 34 1
37 35 1
37 36 1
37 38 1
37 39 1
37 41 1
37 43 -1
37 44 -1
37 46 -1
37 47 1
37 48 1
37 54 1
38 8 -1
38 26 1
38 29 1
38 30 1
38 33 -1
38 34 1
38 35 1
38 37 1
38 39 -1
38 40 1
38 42 -1
38 43 -1
38 45 -1
38 46 -1
38 47 -1
38 48 1
39 25 1
39 34 1
39 35 1
39 36 -1
39 37 1
39 38 -1
39 40 -1
39 42 -1
39 44 -1
39 45 1
39 46 1
39 47 -1
39 48 1
39 56 -1
39 62 -1
40 6 1
40 20 -1
40 23 1
40 33 1
40 34 -1
40 35 1
40 36 1
40 38 1
40 39 -1
40 41 -1
40 42 1
40 43 -1
40 44 -1
40 47 1
40 48 -1
40 51 -1
41 3 1
41 30 1
41 33 -1
41 34 -1
41 35 1
41 36 -1
41 37 1
41 40 -1
41 42 -1
41 43 1
41 44 -1
41 45 1
41 46 -1
41 48 -1
41 49 1
41 64 -1
42 16 -1
42 17 -1
42 22 -1
42 30 1
42 34 -1
42 35 -1
42 38 -1
42 39 -1
42 40 1
42 41 -1
42 43 1
42 44 1
42 45 1
42 46 1
42 47 1
42 48 1
43 6 -1
43 33 -1
43 34 -1
43 35 1
43 36 -1
43 37 -1
43 38 -1
43 40 -1
43 41 1
43 42 1
43 44 -1
43 45 1
43 46 -1
43 54 -1
43 58 -1
43 63 1
44 12 1
44 27 -1
44 34 1
44 36 -1
44 37 -1
44 39 -1
44 40 -1
44 41 -1
44 42 1
44 43 -1
44 45 -1
44 46 -1
44 47 -1
44 48 -1
44 53 1
44 61 -1
45 5 -1
45 16 1
45 33 -1
45 34 1
45 36 -1
45 38 -1
45 39 1
45 41 1
45 42 1
45 43 1
45 44 -1
45 46 1
45 47 1
45 48 -1
45 63 1
45 64 1
46 10 -1
46 12 -1
46 21 1
46 27 -1
46 33 -1
46 36 -1
46 37 -1
46 38 -1
46 39 1
46 41 -1
46 42 1
46 43 -1
46 44 -1
46 45 1
46 47 -1
46 48 -1
47 25 -1
47 28 1
47 33 1
47 34 -1
47 35 -1
47 36 1
47 37 1
47 38 -1
47 39 -1
47 40 1
47 42 1
47 44 -1
47 45 1
47 46 -1
47 50 1
47 55 1
48 12 1
48 19 1
48 28 1
48 33 1
48 35 -1
48 36 1
48 37 1
48 38 1
48 39 1
48 40 -1
48 41 -1
48 42 1
48 44 -1
48 45 -1
48 46 -1
49 2 1
49 26 -1
49 28 1
49 41 1
49 50 1
49 51 1
49 53 1
49 54 1
49 55 -1
49 56 1
49 57 1
49 58 -1
49 59 1
49 61 1
49 62 1
49 63 -1
50 3 -1
50 9 -1
50 17 1
50 47 1
50 49 1
50 51 1
50 54 1
50 55 -1
50 56 1
50 57 -1
50 58 1
50 59 1
50 60 -1
50 61 1
50 62 -1
50 63 -1
51 8 1
51 15 1
51 36 1
51 40 -1
51 49 1
51 50 1
51 52 1
51 53 1
51 54 1
51 55 1
51 56 1
51 59 -1
51 60 1
51 61 -1
51 62 1
51 64 -1
52 1 1
52 4 1
52 8 -1
52 19 -1
52 51 1
52 54 1
52 55 1
52 56 1
52 57 1
52 58 1
52 59 1
52 60 1
52 61 -1
52 62 -1
52 63 1
52 64 1
53 9 -1
53 23 1
53 30 1
53 44 1
53 49 1
53 51 1
53 54 -1
53 55 -1
53 56 1
53 57 -1
53 58 -1
53 60 -1
53 61 1
53 62 -1
53 63 1
53 64 1
54 21 1
54 31 1
54 37 1
54 43 -1
54 49 1
54 50 1
54 51 1
54 52 1
54 53 -1
54 56 -1
54 57 -1
54 58 1
54 59 1
54 60 1
54 62 1
54 63 1
55 4 -1
55 14 1
55 31 -1
55 47 1
55 49 -1
55 50 -1
55 51 1
55 52 1
55 53 -1
55 56 -1
55 57 -1
55 59 1
55 61 -1
55 62 -1
55 63 -1
55 64 1
56 1 1
56 4 -1
56 31 1
56 39 -1
56 49 1
56 50 1
56 51 1
56 52 1
56 53 1
56 54 -1
56 55 -1
56 59 -1
56 60 1
56 61 1
56 62 1
56 64 -1
57 5 1
57 9 -1
57 15 -1
57 29 -1
57 49 1
57 50 -1
57 52 1
57 53 -1
57 54 -1
57 55 -1
57 58 1
57 59 1
57 60 1
57 61 -1
57 63 -1
57 64 -1
58 9 1
58 17 -1
58 23 -1
58 43 -1
58 49 -1
58 50 1
58 52 1
58 53 -1
58 54 1
58 57 1
58 59 -1
58 60 1
58 61 -1
58 62 -1
58 63 -1
58 64 1
59 5 -1
59 7 1
59 14 -1
59 35 1
59 49 1
59 50 1
59 51 -1
59 52 1
59 54 1
59 55 1
59 56 -1
59 57 1
59 58 -1
59 60 -1
59 62 -1
59 64 -1
60 22 -1
60 32 -1
60 50 -1
60 51 1
60 52 1
60 53 -1
60 54 1
60 56 1
60 57 1
60 58 1
60 59 -1
60 61 1
60 63 -1
60 64 1
61 11 -1
61 16 -1
61 34 1
61 44 -1
61 49 1
61 50 1
61 51 -1
61 52 -1
61 53 1
61 55 -1
61 56 1
61 57 -1
61 58 -1
61 60 1
61 63 -1
61 64 1
62 14 -1
62 24 -1
62 39 -1
62 49 1
62 50 -1
62 51 1
62 52 -1
62 53 -1
62 54 1
62 55 -1
62 56 1
62 58 -1
62 59 -1
62 63 1
62 64 1
63 4 1
63 5 -1
63 43 1
63 45 1
63 49 -1
63 50 -1
63 52 1
63 53 1
63 54 1
63 55 -1
63 57 -1
63 58 -1
63 60 -1
63 61 -1
63 62 1
63 64 1
64 19 1
64 24 1
64 41 -1
64 45 1
64 51 -1
64 52 1
64 53 1
64 55 1
64 56 -1
64 57 -1
64 58 1
64 59 -1
64 60 1
64 61 1
64 62 1
64 63 1
