1 2 -1
1 3 -1
1 5 -1
1 6 -1
1 7 -1
1 8 -1
1 9 -1
1 10 -1
1 11 -1
1 12 -1
1 13 -1
1 14 -1
1 28 -1
1 40 -1
1 56 -1
1 62 -1
2 1 -1
2 4 1
2 5 -1
2 6 -1
2 7 -1
2 9 -1
2 10 1
2 12 -1
2 13 -1
2 14 -1
2 15 -1
2 16 -1
2 39 -1
2 53 -1
2 61 -1
2 63 -1
3 1 -1
3 5 -1
3 6 -1
3 7 -1
3 8 -1
3 10 -1
3 11 -1
3 12 -1
3 13 -1
3 14 -1
3 15 -1
3 16 -1
3 36 -1
3 43 1
3 48 -1
3 64 -1
4 2 1
4 5 -1
4 6 -1
4 7 1
4 8 -1
4 9 1
4 10 -1
4 11 -1
4 12 -1
4 14 -1
4 15 -1
4 16 -1
4 31 1
4 50 -1
4 52 -1
4 62 -1
5 1 -1
5 2 -1
5 3 -1
5 4 -1
5 6 -1
5 7 -1
5 8 -1
5 10 -1
5 13 -1
5 14 -1
5 15 -1
5 16 -1
5 18 -1
5 31 -1
5 36 -1
5 37 -1
6 1 -1
6 2 -1
6 3 -1
6 4 -1
6 5 -1
6 8 -1
6 9 -1
6 10 -1
6 11 -1
6 12 -1
6 15 1
6 16 1
6 19 -1
6 20 -1
6 49 1
6 60 -1
7 1 -1
7 2 -1
7 3 -1
7 4 1
7 5 -1
7 9 -1
7 10 -1
7 11 -1
7 12 -1
7 14 -1
7 15 -1
7 16 -1
7 34 -1
7 36 -1
7 60 1
8 1 -1
8 3 -1
8 4 -1
8 5 -1
8 6 -1
8 9 -1
8 11 1
8 12 1
8 13 -1
8 14 -1
8 15 -1
8 16 -1
8 20 -1
8 21 -1
8 45 -1
8 58 -1
9 1 -1
9 2 -1
9 4 1
9 6 -1
9 7 -1
9 8 -1
9 10 -1
9 11 1
9 12 -1
9 13 -1
9 14 -1
9 16 -1
9 18 -1
9 28 -1
9 41 -1
9 54 -1
10 1 -1
10 2 1
10 3 -1
10 4 -1
10 5 -1
10 6 -1
10 7 -1
10 9 -1
10 11 -1
10 13 1
10 15 -1
10 16 -1
10 27 -1
10 39 -1
10 41 -1
10 61 -1
11 1 -1
11 3 -1
11 4 -1
11 6 -1
11 7 -1
11 8 1
11 9 1
11 10 -1
11 12 -1
11 13 -1
11 14 -1
11 15 -1
11 31 -1
11 43 -1
11 45 -1
12 1 -1
12 2 -1
12 3 -1
12 4 -1
12 6 -1
12 7 -1
12 8 1
12 9 -1
12 11 -1
12 13 -1
12 15 -1
12 16 -1
12 50 -1
12 52 -1
12 56 -1
12 60 -1
13 1 -1
13 2 -1
13 3 -1
13 5 -1
13 8 -1
13 9 -1
13 10 1
13 11 -1
13 12 -1
13 14 -1
13 15 -1
13 16 -1
13 17 1
13 23 -1
13 25 -1
13 46 -1
14 1 -1
14 2 -1
14 3 -1
14 4 -1
14 5 -1
14 7 -1
14 8 -1
14 9 -1
14 11 -1
14 13 -1
14 15 -1
14 16 -1
14 29 -1
14 61 -1
14 63 -1
15 2 -1
15 3 -1
15 4 -1
15 5 -1
15 6 1
15 7 -1
15 8 -1
15 10 -1
15 11 -1
15 12 -1
15 13 -1
15 14 -1
15 20 -1
15 21 -1
15 25 -1
15 59 -1
16 2 -1
16 3 -1
16 4 -1
16 5 -1
16 6 1
16 7 -1
16 8 -1
16 9 -1
16 10 -1
16 12 -1
16 13 -1
16 14 -1
16 21 -1
16 40 -1
16 44 -1
16 64 -1
17 13 1
17 19 -1
17 20 -1
17 21 -1
17 22 1
17 23 -1
17 25 1
17 26 -1
17 27 -1
17 28 -1
17 30 -1
17 31 -1
17 32 -1
17 35 -1
17 42 -1
17 50 -1
18 5 -1
18 9 -1
18 19 -1
18 20 -1
18 21 -1
18 22 -1
18 23 -1
18 24 -1
18 25 -1
18 26 -1
18 27 1
18 28 1
18 30 -1
18 31 -1
18 33 -1
18 43 -1
19 6 -1
19 17 -1
19 18 -1
19 20 -1
19 21 -1
19 22 -1
19 24 1
19 25 -1
19 28 -1
19 29 -1
19 30 -1
19 31 -1
19 32 -1
19 48 -1
19 52 -1
19 56 -1
20 6 -1
20 8 -1
20 15 -1
20 17 -1
20 18 -1
20 19 -1
20 23 -1
20 24 -1
20 25 -1
20 26 -1
20 27 -1
20 28 -1
20 29 -1
20 30 -1
20 32 -1
20 40 -1
21 8 -1
21 15 -1
21 16 -1
21 17 -1
21 18 -1
21 19 -1
21 22 -1
21 23 -1
21 24 -1
21 26 -1
21 27 -1
21 28 -1
21 29 -1
21 31 -1
21 32 -1
21 33 -1
22 17 1
22 18 -1
22 19 -1
22 21 -1
22 23 -1
22 24 -1
22 26 -1
22 27 -1
22 29 -1
22 30 -1
22 31 -1
22 32 -1
22 37 1
22 38 -1
22 44 -1
22 56 -1
23 13 -1
23 17 -1
23 18 -1
23 20 -1
23 21 -1
23 22 -1
23 25 -1
23 26 1
23 27 -1
23 28 -1
23 29 -1
23 30 -1
23 32 -1
23 57 -1
23 58 -1
23 64 -1
24 18 -1
24 19 1
24 20 -1
24 21 -1
24 22 -1
24 25 -1
24 26 -1
24 27 -1
24 28 -1
24 29 -1
24 31 -1
24 32 -1
24 42 1
24 44 -1
24 52 -1
25 13 -1
25 15 -1
25 17 1
25 18 -1
25 19 -1
25 20 -1
25 23 -1
25 24 -1
25 27 -1
25 28 -1
25 29 -1
25 30 -1
25 31 1
25 32 -1
25 46 -1
25 57 -1
26 17 -1
26 18 -1
26 20 -1
26 21 -1
26 22 -1
26 23 1
26 24 -1
26 28 -1
26 29 -1
26 30 -1
26 31 -1
26 32 -1
26 51 -1
26 54 1
26 55 -1
26 58 -1
27 10 -1
27 17 -1
27 18 1
27 20 -1
27 21 -1
27 22 -1
27 23 -1
27 24 -1
27 25 -1
27 29 -1
27 30 -1
27 31 -1
27 32 -1
27 54 1
27 59 -1
27 62 1
28 1 -1
28 9 -1
28 17 -1
28 18 1
28 19 -1
28 20 -1
28 21 -1
28 23 -1
28 24 -1
28 25 -1
28 26 -1
28 29 -1
28 31 -1
28 32 1
28 51 -1
28 57 -1
29 14 -1
29 19 -1
29 20 -1
29 21 -1
29 22 -1
29 23 -1
29 24 -1
29 25 -1
29 26 -1
29 27 -1
29 28 -1
29 30 -1
29 31 1
29 46 -1
29 61 -1
30 17 -1
30 18 -1
30 19 -1
30 20 -1
30 22 -1
30 23 -1
30 25 -1
30 26 -1
30 27 -1
30 29 -1
30 31 -1
30 32 -1
30 38 -1
30 42 -1
31 4 1
31 5 -1
31 11 -1
31 17 -1
31 18 -1
31 19 -1
31 21 -1
31 22 -1
31 24 -1
31 25 1
31 26 -1
31 27 -1
31 28 -1
31 29 1
31 30 -1
31 50 -1
32 17 -1
32 19 -1
32 20 -1
32 21 -1
32 22 -1
32 23 -1
32 24 -1
32 25 -1
32 26 -1
32 27 -1
32 28 1
32 30 -1
32 33 -1
32 37 1
32 39 1
33 18 -1
33 21 -1
33 32 -1
33 35 -1
33 36 -1
33 37 -1
33 38 -1
33 39 -1
33 40 -1
33 41 -1
33 42 -1
33 44 1
33 45 -1
33 47 -1
33 48 -1
33 59 -1
34 7 -1
34 35 -1
34 36 1
34 38 -1
34 39 -1
34 40 -1
34 41 -1
34 42 -1
34 43 -1
34 45 -1
34 46 -1
34 47 -1
34 48 -1
34 49 -1
34 53 -1
34 57 -1
35 17 -1
35 33 -1
35 34 -1
35 36 -1
35 37 -1
35 38 -1
35 40 -1
35 41 1
35 43 -1
35 44 -1
35 45 -1
35 47 -1
35 48 -1
35 51 1
35 55 -1
35 58 -1
36 3 -1
36 5 -1
36 7 -1
36 33 -1
36 34 1
36 35 -1
36 37 -1
36 38 -1
36 39 -1
36 41 -1
36 42 -1
36 43 1
36 44 -1
36 45 -1
36 46 -1
37 5 -1
37 22 1
37 32 1
37 33 -1
37 35 -1
37 36 -1
37 39 -1
37 40 -1
37 41 -1
37 42 -1
37 43 -1
37 44 -1
37 46 -1
37 47 -1
37 48 -1
38 22 -1
38 30 -1
38 33 -1
38 34 -1
38 35 -1
38 36 -1
38 39 -1
38 42 1
38 43 -1
38 44 -1
38 45 -1
38 46 -1
38 47 -1
38 48 -1
38 64 -1
39 2 -1
39 10 -1
39 32 1
39 33 -1
39 34 -1
39 36 -1
39 37 -1
39 38 -1
39 40 -1
39 41 -1
39 43 -1
39 44 -1
39 45 -1
39 46 -1
39 48 -1
39 60 -1
40 1 -1
40 16 -1
40 20 -1
40 33 -1
40 34 -1
40 35 -1
40 37 -1
40 39 -1
40 41 -1
40 42 -1
40 44 -1
40 45 -1
40 46 -1
40 47 -1
40 48 -1
40 63 -1
41 9 -1
41 10 -1
41 33 -1
41 34 -1
41 35 1
41 36 -1
41 37 -1
41 39 -1
41 40 -1
41 42 1
41 43 -1
41 44 -1
41 46 -1
41 47 -1
41 53 -1
41 62 -1
42 17 -1
42 24 1
42 30 -1
42 33 -1
42 34 -1
42 36 -1
42 37 -1
42 38 1
42 40 -1
42 41 1
42 43 1
42 45 -1
42 46 -1
42 47 -1
42 48 -1
43 3 1
43 11 -1
43 18 -1
43 34 -1
43 35 -1
43 36 1
43 37 -1
43 38 -1
43 39 -1
43 41 -1
43 42 1
43 44 -1
43 46 -1
43 47 -1
43 48 -1
43 49 -1
44 16 -1
44 22 -1
44 24 -1
44 33 1
44 35 -1
44 36 -1
44 37 -1
44 38 -1
44 39 -1
44 40 -1
44 41 -1
44 43 -1
44 45 1
44 46 -1
44 48 -1
45 8 -1
45 11 -1
45 33 -1
45 34 -1
45 35 -1
45 36 -1
45 38 -1
45 39 -1
45 40 -1
45 42 -1
45 44 1
45 46 -1
45 47 -1
45 48 -1
45 54 -1
46 13 -1
46 25 -1
46 29 -1
46 34 -1
46 36 -1
46 37 -1
46 38 -1
46 39 -1
46 40 -1
46 41 -1
46 42 -1
46 43 -1
46 44 -1
46 45 -1
46 47 -1
46 55 1
47 33 -1
47 34 -1
47 35 -1
47 37 -1
47 38 -1
47 40 -1
47 41 -1
47 42 -1
47 43 -1
47 45 -1
47 46 -1
47 48 -1
47 49 -1
47 53 -1
47 59 -1
47 63 -1
48 3 -1
48 19 -1
48 33 -1
48 34 -1
48 35 -1
48 37 -1
48 38 -1
48 39 -1
48 40 -1
48 42 -1
48 43 -1
48 44 -1
48 45 -1
48 47 -1
48 51 -1
48 55 -1
49 6 1
49 34 -1
49 43 -1
49 47 -1
49 50 -1
49 51 -1
49 53 -1
49 54 -1
49 55 -1
49 56 -1
49 57 -1
49 59 -1
49 60 -1
49 61 -1
49 62 -1
49 63 -1
50 4 -1
50 12 -1
50 17 -1
50 31 -1
50 49 -1
50 51 -1
50 52 -1
50 53 -1
50 55 -1
50 56 -1
50 57 -1
50 59 -1
50 61 -1
50 62 -1
50 63 -1
50 64 -1
51 26 -1
51 28 -1
51 35 1
51 48 -1
51 49 -1
51 50 -1
51 53 1
51 54 -1
51 55 -1
51 56 -1
51 58 1
51 59 -1
51 60 -1
51 61 -1
51 62 -1
51 63 -1
52 4 -1
52 12 -1
52 19 -1
52 24 -1
52 50 -1
52 53 -1
52 54 -1
52 55 -1
52 56 -1
52 57 1
52 58 -1
52 59 -1
52 60 -1
52 62 -1
52 63 -1
52 64 -1
53 2 -1
53 34 -1
53 41 -1
53 47 -1
53 49 -1
53 50 -1
53 51 1
53 52 -1
53 55 1
53 57 -1
53 58 -1
53 59 -1
53 60 -1
53 61 -1
53 62 -1
53 64 -1
54 9 -1
54 26 1
54 27 1
54 45 -1
54 49 -1
54 51 -1
54 52 -1
54 55 -1
54 56 -1
54 57 1
54 58 -1
54 59 -1
54 60 -1
54 61 -1
54 62 -1
54 63 -1
55 26 -1
55 35 -1
55 46 1
55 48 -1
55 49 -1
55 50 -1
55 51 -1
55 52 -1
55 53 1
55 54 -1
55 56 -1
55 58 -1
55 59 -1
55 60 -1
55 63 -1
55 64 -1
56 1 -1
56 12 -1
56 19 -1
56 22 -1
56 49 -1
56 50 -1
56 51 -1
56 52 -1
56 54 -1
56 55 -1
56 58 -1
56 59 1
56 61 -1
56 62 -1
56 63 -1
56 64 -1
57 23 -1
57 25 -1
57 28 -1
57 34 -1
57 49 -1
57 50 -1
57 52 1
57 53 -1
57 54 1
57 58 1
57 59 -1
57 60 -1
57 61 -1
57 62 -1
57 63 -1
57 64 -1
58 8 -1
58 23 -1
58 26 -1
58 35 -1
58 51 1
58 52 -1
58 53 -1
58 54 -1
58 55 -1
58 56 -1
58 57 1
58 59 -1
58 60 -1
58 61 1
58 63 1
58 64 -1
59 15 -1
59 27 -1
59 33 -1
59 47 -1
59 49 -1
59 50 -1
59 51 -1
59 52 -1
59 53 -1
59 54 -1
59 55 -1
59 56 1
59 57 -1
59 58 -1
59 60 -1
59 64 -1
60 6 -1
60 7 1
60 12 -1
60 39 -1
60 49 -1
60 51 -1
60 52 -1
60 53 -1
60 54 -1
60 55 -1
60 57 -1
60 58 -1
60 59 -1
60 61 -1
60 62 -1
60 64 -1
61 2 -1
61 10 -1
61 14 -1
61 29 -1
61 49 -1
61 50 -1
61 51 -1
61 53 -1
61 54 -1
61 56 -1
61 57 -1
61 58 1
61 60 -1
61 62 -1
61 63 -1
61 64 -1
62 1 -1
62 4 -1
62 27 1
62 41 -1
62 49 -1
62 50 -1
62 51 -1
62 52 -1
62 53 -1
62 54 -1
62 56 -1
62 57 -1
62 60 -1
62 61 -1
62 63 1
62 64 -1
63 2 -1
63 14 -1
63 40 -1
63 47 -1
63 49 -1
63 50 -1
63 51 -1
63 52 -1
63 54 -1
63 55 -1
63 56 -1
63 57 -1
63 58 1
63 61 -1
63 62 1
63 64 -1
64 3 -1
64 16 -1
64 23 -1
64 38 -1
64 50 -1
64 52 -1
64 53 -1
64 55 -1
64 56 -1
64 57 -1
64 58 -1
64 59 -1
64 60 -1
64 61 -1
64 62 -1
64 63 -1
