1 2 1
1 3 -1
1 4 -1
1 5 -1
1 6 -1
1 8 1
1 9 -1
1 10 1
1 12 1
1 13 1
1 14 1
1 16 1
1 30 -1
1 33 1
1 45 1
1 57 1
2 1 1
2 3 1
2 4 -1
2 5 1
2 6 -1
2 8 1
2 9 -1
2 11 1
2 13 1
2 14 1
2 15 1
2 16 1
2 38 -1
2 55 -1
2 62 1
2 63 1
3 1 -1
3 2 1
3 4 -1
3 5 -1
3 6 -1
3 7 1
3 8 1
3 9 1
3 10 1
3 11 1
3 12 1
3 14 1
3 24 -1
3 28 1
3 36 -1
3 50 -1
4 1 -1
4 2 -1
4 3 -1
4 5 1
4 6 1
4 7 1
4 8 -1
4 10 -1
4 12 -1
4 13 1
4 14 1
4 15 1
4 29 1
4 41 1
4 52 -1
4 53 1
5 1 -1
5 2 1
5 3 -1
5 4 1
5 6 1
5 7 1
5 9 -1
5 12 1
5 13 1
5 14 -1
5 15 -1
5 16 -1
5 19 1
5 46 1
5 48 -1
5 49 -1
6 1 -1
6 2 -1
6 3 -1
6 4 1
6 5 1
6 7 1
6 8 1
6 9 -1
6 10 1
6 11 1
6 12 1
6 15 1
6 18 -1
6 23 -1
6 27 1
6 60 1
7 3 1
7 4 1
7 5 1
7 6 1
7 8 -1
7 10 -1
7 11 1
7 12 -1
7 13 -1
7 14 1
7 15 1
7 16 1
7 20 1
7 22 1
7 30 -1
7 38 -1
8 1 1
8 2 1
8 3 1
8 4 -1
8 6 1
8 7 -1
8 9 1
8 10 1
8 11 -1
8 13 1
8 15 1
8 16 -1
8 33 -1
8 35 1
8 43 1
8 63 -1
9 1 -1
9 2 -1
9 3 1
9 5 -1
9 6 -1
9 8 1
9 11 1
9 12 1
9 13 -1
9 14 1
9 15 1
9 16 1
9 31 1
9 42 1
9 50 1
9 58 -1
10 1 1
10 3 1
10 4 -1
10 6 1
10 7 -1
10 8 1
10 11 1
10 12 1
10 13 1
10 14 1
10 15 -1
10 16 1
10 25 1
10 28 -1
10 50 1
10 60 1
11 2 1
11 3 1
11 6 1
11 7 1
11 8 -1
11 9 1
11 10 1
11 12 -1
11 13 -1
11 14 1
11 15 -1
11 16 1
11 20 1
11 25 1
11 39 1
11 49 -1
12 1 1
12 3 1
12 4 -1
12 5 1
12 6 1
12 7 -1
12 9 1
12 10 1
12 11 -1
12 13 -1
12 15 -1
12 16 -1
12 23 -1
12 47 1
12 49 1
12 55 1
13 1 1
13 2 1
13 4 1
13 5 1
13 7 -1
13 8 1
13 9 -1
13 10 1
13 11 -1
13 12 -1
13 14 1
13 16 1
13 29 1
13 36 1
13 60 1
14 1 1
14 2 1
14 3 1
14 4 1
14 5 -1
14 7 1
14 9 1
14 10 1
14 11 1
14 13 1
14 15 -1
14 16 -1
14 20 -1
14 34 -1
14 46 1
14 48 1
15 2 1
15 4 1
15 5 -1
15 6 1
15 7 1
15 8 1
15 9 1
15 10 -1
15 11 -1
15 12 -1
15 14 -1
15 16 -1
15 38 1
15 52 -1
15 56 1
15 62 1
16 1 1
16 2 1
16 5 -1
16 7 1
16 8 -1
16 9 1
16 10 1
16 11 1
16 12 -1
16 13 1
16 14 -1
16 15 -1
16 27 -1
16 42 -1
16 47 1
16 51 1
17 18 1
17 19 -1
17 20 1
17 21 -1
17 22 1
17 24 1
17 25 1
17 26 -1
17 27 1
17 28 -1
17 29 -1
17 32 1
17 40 1
17 47 1
17 49 -1
17 58 1
18 6 -1
18 17 1
18 19 1
18 20 1
18 21 1
18 23 1
18 24 1
18 25 -1
18 27 -1
18 28 -1
18 29 1
18 30 1
18 32 -1
18 46 -1
18 51 -1
19 5 1
19 17 -1
19 18 1
19 20 -1
19 21 1
19 22 1
19 25 -1
19 27 -1
19 28 -1
19 29 -1
19 30 1
19 31 1
19 32 1
19 34 -1
19 38 1
19 41 1
20 7 1
20 11 1
20 14 -1
20 17 1
20 18 1
20 19 -1
20 21 1
20 22 -1
20 23 1
20 26 -1
20 27 -1
20 28 1
20 29 1
20 31 1
20 32 1
20 48 1
21 17 -1
21 18 1
21 19 1
21 20 1
21 22 -1
21 23 1
21 25 1
21 26 1
21 29 1
21 30 -1
21 31 1
21 32 -1
21 33 -1
21 37 -1
21 55 1
21 61 1
22 7 1
22 17 1
22 19 1
22 20 -1
22 21 -1
22 23 -1
22 24 1
22 25 1
22 26 -1
22 27 1
22 29 1
22 30 -1
22 31 1
22 39 -1
22 57 1
22 59 -1
23 6 -1
23 12 -1
23 18 1
23 20 1
23 21 1
23 22 -1
23 24 1
23 25 -1
23 26 -1
23 28 1
23 29 -1
23 30 -1
23 31 1
23 32 1
23 33 1
23 39 1
24 3 -1
24 17 1
24 18 1
24 22 1
24 23 1
24 25 -1
24 26 1
24 27 1
24 28 -1
24 29 -1
24 30 -1
24 31 1
24 32 1
24 34 1
24 61 1
24 63 1
25 10 1
25 11 1
25 17 1
25 18 -1
25 19 -1
25 21 1
25 22 1
25 23 -1
25 24 -1
25 26 -1
25 27 -1
25 28 1
25 30 1
25 32 1
25 58 -1
25 64 1
26 17 -1
26 20 -1
26 21 1
26 22 -1
26 23 -1
26 24 1
26 25 -1
26 27 -1
26 28 -1
26 29 1
26 30 -1
26 31 1
26 40 1
26 56 -1
26 62 1
27 6 1
27 16 -1
27 17 1
27 18 -1
27 19 -1
27 20 -1
27 22 1
27 24 1
27 25 -1
27 26 -1
27 28 -1
27 30 1
27 31 -1
27 32 -1
27 47 -1
27 52 -1
28 3 1
28 10 -1
28 17 -1
28 18 -1
28 19 -1
28 20 1
28 23 1
28 24 -1
28 25 1
28 26 -1
28 27 -1
28 29 -1
28 30 1
28 31 -1
28 35 -1
28 42 1
29 4 1
29 13 1
29 17 -1
29 18 1
29 19 -1
29 20 1
29 21 1
29 22 1
29 23 -1
29 24 -1
29 26 1
29 28 -1
29 31 1
29 32 -1
29 37 1
29 64 1
30 1 -1
30 7 -1
30 18 1
30 19 1
30 21 -1
30 22 -1
30 23 -1
30 24 -1
30 25 1
30 26 -1
30 27 1
30 28 1
30 31 -1
30 32 1
30 56 -1
30 60 1
31 9 1
31 19 1
31 20 1
31 21 1
31 22 1
31 23 1
31 24 1
31 26 1
31 27 -1
31 28 -1
31 29 1
31 30 -1
31 32 1
31 35 -1
31 42 -1
31 53 1
32 17 1
32 18 -1
32 19 1
32 20 1
32 21 -1
32 23 1
32 24 1
32 25 1
32 27 -1
32 29 -1
32 30 1
32 31 1
32 40 -1
32 54 -1
32 56 -1
33 1 1
33 8 -1
33 21 -1
33 23 1
33 35 1
33 36 -1
33 37 1
33 38 1
33 39 1
33 40 -1
33 42 1
33 44 1
33 45 1
33 46 1
33 47 -1
33 48 -1
34 14 -1
34 19 -1
34 24 1
34 36 1
34 37 1
34 38 -1
34 39 1
34 40 1
34 41 1
34 42 -1
34 43 1
34 44 1
34 45 -1
34 46 -1
34 47 1
34 59 -1
35 8 1
35 28 -1
35 31 -1
35 33 1
35 36 -1
35 37 -1
35 38 1
35 40 -1
35 41 -1
35 43 -1
35 44 -1
35 45 1
35 46 1
35 47 -1
35 48 1
35 55 1
36 3 -1
36 13 1
36 33 -1
36 34 1
36 35 -1
36 37 1
36 38 -1
36 40 1
36 41 -1
36 42 1
36 43 -1
36 44 -1
36 45 1
36 47 -1
36 59 1
37 21 -1
37 29 1
37 33 1
37 34 1
37 35 -1
37 36 1
37 39 1
37 40 1
37 41 -1
37 42 1
37 43 1
37 46 1
37 47 1
37 48 -1
37 52 -1
37 54 -1
38 2 -1
38 7 -1
38 15 1
38 19 1
38 33 1
38 34 -1
38 35 1
38 36 -1
38 39 1
38 40 -1
38 41 1
38 42 1
38 43 1
38 44 1
38 47 -1
38 48 1
39 11 1
39 22 -1
39 23 1
39 33 1
39 34 1
39 37 1
39 38 1
39 40 1
39 42 1
39 43 1
39 44 1
39 45 1
39 46 -1
39 47 -1
39 48 1
39 64 -1
40 17 1
40 26 1
40 32 -1
40 33 -1
40 34 1
40 35 -1
40 36 1
40 37 1
40 38 -1
40 39 1
40 41 1
40 43 1
40 45 1
40 46 1
40 48 -1
40 54 -1
41 4 1
41 19 1
41 34 1
41 35 -1
41 36 -1
41 37 -1
41 38 1
41 40 1
41 42 -1
41 43 1
41 44 1
41 45 1
41 46 1
41 48 1
41 51 1
41 58 -1
42 9 1
42 16 -1
42 28 1
42 31 -1
42 33 1
42 34 -1
42 36 1
42 37 1
42 38 1
42 39 1
42 41 -1
42 44 -1
42 45 1
42 46 1
42 47 1
42 48 -1
43 8 1
43 34 1
43 35 -1
43 36 -1
43 37 1
43 38 1
43 39 1
43 40 1
43 41 1
43 44 -1
43 46 1
43 47 1
43 48 1
43 50 1
43 57 1
43 61 1
44 33 1
44 34 1
44 35 -1
44 36 -1
44 38 1
44 39 1
44 41 1
44 42 -1
44 43 -1
44 45 1
44 46 1
44 48 -1
44 53 -1
44 57 1
44 59 -1
44 61 -1
45 1 1
45 33 1
45 34 -1
45 35 1
45 36 1
45 39 1
45 40 1
45 41 1
45 42 1
45 44 1
45 46 -1
45 47 -1
45 48 -1
45 51 -1
45 53 1
45 64 1
46 5 1
46 14 1
46 18 -1
46 33 1
46 34 -1
46 35 1
46 37 1
46 39 -1
46 40 1
46 41 1
46 42 1
46 43 1
46 44 1
46 45 -1
46 47 -1
47 12 1
47 16 1
47 17 1
47 27 -1
47 33 -1
47 34 1
47 35 -1
47 36 -1
47 37 1
47 38 -1
47 39 -1
47 42 1
47 43 1
47 45 -1
47 46 -1
47 48 1
48 5 -1
48 14 1
48 20 1
48 33 -1
48 35 1
48 37 -1
48 38 1
48 39 1
48 40 -1
48 41 1
48 42 -1
48 43 1
48 44 -1
48 45 -1
48 47 1
48 63 1
49 5 -1
49 11 -1
49 12 1
49 17 -1
49 50 1
49 51 1
49 52 -1
49 53 1
49 54 -1
49 55 1
49 56 -1
49 60 1
49 61 -1
49 62 1
49 63 1
49 64 -1
50 3 -1
50 9 1
50 10 1
50 43 1
50 49 1
50 51 -1
50 52 1
50 54 1
50 55 -1
50 56 -1
50 57 -1
50 58 -1
50 59 1
50 62 -1
50 63 1
50 64 -1
51 16 1
51 18 -1
51 41 1
51 45 -1
51 49 1
51 50 -1
51 52 -1
51 53 1
51 54 1
51 55 -1
51 56 1
51 57 -1
51 58 1
51 60 1
51 61 -1
51 62 1
52 4 -1
52 15 -1
52 27 -1
52 37 -1
52 49 -1
52 50 1
52 51 -1
52 53 1
52 55 1
52 56 -1
52 57 1
52 58 1
52 59 1
52 60 -1
52 61 -1
52 63 1
53 4 1
53 31 1
53 44 -1
53 45 1
53 49 1
53 51 1
53 52 1
53 54 1
53 57 1
53 58 1
53 59 1
53 60 1
53 61 -1
53 62 -1
53 63 1
53 64 1
54 32 -1
54 37 -1
54 40 -1
54 49 -1
54 50 1
54 51 1
54 53 1
54 56 -1
54 57 1
54 58 -1
54 59 -1
54 60 -1
54 61 1
54 62 1
54 64 -1
55 2 -1
55 12 1
55 21 1
55 35 1
55 49 1
55 50 -1
55 51 -1
55 52 1
55 56 1
55 57 1
55 58 1
55 60 1
55 61 1
55 62 1
55 63 1
55 64 1
56 15 1
56 26 -1
56 30 -1
56 32 -1
56 49 -1
56 50 -1
56 51 1
56 52 -1
56 54 -1
56 55 1
56 57 1
56 58 1
56 59 1
56 61 -1
56 62 -1
56 63 1
57 1 1
57 22 1
57 43 1
57 44 1
57 50 -1
57 51 -1
57 52 1
57 53 1
57 54 1
57 55 1
57 56 1
57 58 1
57 59 1
57 60 1
57 61 1
57 64 1
58 9 -1
58 17 1
58 25 -1
58 41 -1
58 50 -1
58 51 1
58 52 1
58 53 1
58 54 -1
58 55 1
58 56 1
58 57 1
58 59 1
58 60 -1
58 63 -1
58 64 -1
59 22 -1
59 34 -1
59 36 1
59 44 -1
59 50 1
59 52 1
59 53 1
59 54 -1
59 56 1
59 57 1
59 58 1
59 60 1
59 61 1
59 62 -1
59 63 1
59 64 1
60 6 1
60 10 1
60 13 1
60 30 1
60 49 1
60 51 1
60 52 -1
60 53 1
60 54 -1
60 55 1
60 57 1
60 58 -1
60 59 1
60 62 -1
60 63 1
60 64 1
61 21 1
61 24 1
61 43 1
61 44 -1
61 49 -1
61 51 -1
61 52 -1
61 53 -1
61 54 1
61 55 1
61 56 -1
61 57 1
61 59 1
61 62 1
61 63 -1
61 64 1
62 2 1
62 15 1
62 26 1
62 49 1
62 50 -1
62 51 1
62 53 -1
62 54 1
62 55 1
62 56 -1
62 59 -1
62 60 -1
62 61 1
62 63 1
62 64 -1
63 2 1
63 8 -1
63 24 1
63 48 1
63 49 1
63 50 1
63 52 1
63 53 1
63 55 1
63 56 1
63 58 -1
63 59 1
63 60 1
63 61 -1
63 62 1
63 64 1
64 25 1
64 29 1
64 39 -1
64 45 1
64 49 -1
64 50 -1
64 53 1
64 54 -1
64 55 1
64 57 1
64 58 -1
64 59 1
64 60 1
64 61 1
64 62 -1
64 63 1
