1 2 -1
1 3 -1
1 4 -1
1 5 1
1 7 1
1 9 1
1 10 -1
1 11 1
1 12 -1
1 14 -1
1 15 1
1 16 1
1 33 -1
1 50 1
1 62 -1
1 63 -1
2 1 -1
2 3 -1
2 4 -1
2 5 -1
2 6 -1
2 7 -1
2 9 -1
2 10 -1
2 11 1
2 13 -1
2 14 -1
2 16 -1
2 23 -1
2 27 -1
2 55 -1
2 61 -1
3 1 -1
3 2 -1
3 4 -1
3 5 1
3 6 -1
3 7 -1
3 9 -1
3 10 -1
3 12 -1
3 14 -1
3 15 -1
3 16 -1
3 17 -1
3 25 -1
3 48 -1
3 58 1
4 1 -1
4 2 -1
4 3 -1
4 5 -1
4 6 -1
4 7 -1
4 8 -1
4 9 -1
4 11 -1
4 12 -1
4 13 -1
4 16 -1
4 28 1
4 32 -1
4 33 -1
4 41 -1
5 1 1
5 2 -1
5 3 1
5 4 -1
5 6 -1
5 7 -1
5 8 -1
5 10 1
5 11 1
5 14 -1
5 15 -1
5 16 -1
5 23 -1
5 34 1
5 61 -1
5 62 -1
6 2 -1
6 3 -1
6 4 -1
6 5 -1
6 8 -1
6 9 -1
6 10 -1
6 11 -1
6 12 1
6 13 -1
6 15 -1
6 16 1
6 39 -1
6 42 -1
6 43 -1
6 55 1
7 1 1
7 2 -1
7 3 -1
7 4 -1
7 5 -1
7 8 -1
7 11 -1
7 12 1
7 13 -1
7 14 -1
7 15 -1
7 16 1
7 19 -1
7 26 -1
7 39 1
7 41 -1
8 4 -1
8 5 -1
8 6 -1
8 7 -1
8 9 -1
8 10 -1
8 11 1
8 12 -1
8 13 -1
8 14 -1
8 15 -1
8 16 -1
8 17 -1
8 24 1
8 25 -1
8 31 -1
9 1 1
9 2 -1
9 3 -1
9 4 -1
9 6 -1
9 8 -1
9 10 -1
9 11 1
9 12 -1
9 13 -1
9 14 -1
9 15 -1
9 38 -1
9 42 -1
9 59 -1
10 1 -1
10 2 -1
10 3 -1
10 5 1
10 6 -1
10 8 -1
10 9 -1
10 11 -1
10 13 1
10 14 -1
10 15 -1
10 16 -1
10 20 -1
10 37 -1
10 39 1
11 1 1
11 2 1
11 4 -1
11 5 1
11 6 -1
11 7 -1
11 8 1
11 9 1
11 10 -1
11 12 -1
11 13 1
11 15 1
11 33 -1
11 36 1
11 57 -1
11 64 -1
12 1 -1
12 3 -1
12 4 -1
12 6 1
12 7 1
12 8 -1
12 9 -1
12 11 -1
12 13 -1
12 14 -1
12 15 -1
12 16 -1
12 21 -1
12 39 -1
12 43 -1
12 63 -1
13 2 -1
13 4 -1
13 6 -1
13 7 -1
13 8 -1
13 9 -1
13 10 1
13 11 1
13 12 -1
13 14 1
13 15 -1
13 16 -1
13 43 -1
13 45 1
13 47 -1
13 53 -1
14 1 -1
14 2 -1
14 3 -1
14 5 -1
14 7 -1
14 8 -1
14 9 -1
14 10 -1
14 12 -1
14 13 1
14 15 -1
14 16 -1
14 24 1
14 47 -1
14 53 -1
15 1 1
15 3 -1
15 5 -1
15 6 -1
15 7 -1
15 8 -1
15 9 -1
15 10 -1
15 11 1
15 12 -1
15 13 -1
15 14 -1
15 38 -1
15 42 -1
15 44 1
15 62 -1
16 1 1
16 2 -1
16 3 -1
16 4 -1
16 5 -1
16 6 1
16 7 1
16 8 -1
16 10 -1
16 12 -1
16 13 -1
16 14 -1
16 23 -1
16 33 -1
16 40 1
16 58 -1
17 3 -1
17 8 -1
17 19 -1
17 20 -1
17 21 -1
17 22 -1
17 23 -1
17 24 -1
17 26 -1
17 27 -1
17 28 1
17 29 -1
17 31 -1
17 32 -1
17 54 -1
17 63 -1
18 19 -1
18 20 -1
18 21 -1
18 23 1
18 24 -1
18 25 -1
18 26 -1
18 27 -1
18 28 -1
18 30 -1
18 31 1
18 32 -1
18 34 -1
18 44 -1
18 52 -1
18 54 -1
19 7 -1
19 17 -1
19 18 -1
19 20 -1
19 21 1
19 22 -1
19 23 -1
19 24 -1
19 25 1
19 26 -1
19 29 1
19 30 -1
19 32 -1
19 43 -1
19 48 -1
19 64 1
20 10 -1
20 17 -1
20 18 -1
20 19 -1
20 22 -1
20 23 1
20 24 -1
20 25 -1
20 26 -1
20 28 -1
20 30 -1
20 31 -1
20 32 -1
20 36 -1
20 40 -1
20 54 -1
21 12 -1
21 17 -1
21 18 -1
21 19 1
21 22 -1
21 23 -1
21 24 1
21 27 -1
21 28 1
21 29 1
21 30 1
21 31 -1
21 32 -1
21 48 -1
21 50 1
22 17 -1
22 19 -1
22 20 -1
22 21 -1
22 23 -1
22 25 -1
22 26 -1
22 27 -1
22 28 -1
22 29 -1
22 31 1
22 32 -1
22 47 -1
22 53 -1
22 57 1
22 59 -1
23 2 -1
23 5 -1
23 16 -1
23 17 -1
23 18 1
23 19 -1
23 20 1
23 21 -1
23 22 -1
23 24 1
23 25 -1
23 26 1
23 28 -1
23 30 -1
23 32 -1
23 38 -1
24 8 1
24 14 1
24 17 -1
24 18 -1
24 19 -1
24 20 -1
24 21 1
24 23 1
24 25 1
24 26 -1
24 27 -1
24 29 1
24 30 -1
24 31 -1
24 47 -1
24 49 -1
25 3 -1
25 8 -1
25 18 -1
25 19 1
25 20 -1
25 22 -1
25 23 -1
25 24 1
25 26 -1
25 27 -1
25 28 -1
25 29 1
25 30 -1
25 32 1
25 58 1
25 62 -1
26 7 -1
26 17 -1
26 18 -1
26 19 -1
26 20 -1
26 22 -1
26 23 1
26 24 -1
26 25 -1
26 27 -1
26 28 -1
26 29 -1
26 31 -1
26 36 -1
26 40 1
26 57 -1
27 2 -1
27 17 -1
27 18 -1
27 21 -1
27 22 -1
27 24 -1
27 25 -1
27 26 -1
27 28 1
27 29 -1
27 30 -1
27 31 -1
27 32 -1
27 44 -1
27 45 -1
27 58 -1
28 4 1
28 17 1
28 18 -1
28 20 -1
28 21 1
28 22 -1
28 23 -1
28 25 -1
28 26 -1
28 27 1
28 29 -1
28 30 1
28 31 -1
28 46 -1
28 52 -1
28 56 -1
29 17 -1
29 19 1
29 21 1
29 22 -1
29 24 1
29 25 1
29 26 -1
29 27 -1
29 28 -1
29 30 -1
29 31 -1
29 32 -1
29 49 1
29 51 -1
29 57 1
29 59 -1
30 18 -1
30 19 -1
30 20 -1
30 21 1
30 23 -1
30 24 -1
30 25 -1
30 27 -1
30 28 1
30 29 -1
30 31 -1
30 32 1
30 52 -1
30 56 -1
30 60 -1
31 8 -1
31 17 -1
31 18 1
31 20 -1
31 21 -1
31 22 1
31 24 -1
31 26 -1
31 27 -1
31 28 -1
31 29 -1
31 30 -1
31 32 -1
31 36 -1
31 46 1
31 64 -1
32 4 -1
32 17 -1
32 18 -1
32 19 -1
32 20 -1
32 21 -1
32 22 -1
32 23 -1
32 25 1
32 27 -1
32 29 -1
32 30 1
32 31 -1
32 34 -1
32 56 -1
32 60 1
33 1 -1
33 4 -1
33 11 -1
33 16 -1
33 34 -1
33 35 1
33 36 1
33 38 -1
33 39 -1
33 41 -1
33 42 -1
33 43 -1
33 44 -1
33 46 1
33 47 -1
33 48 -1
34 5 1
34 18 -1
34 32 -1
34 33 -1
34 36 -1
34 37 -1
34 38 -1
34 39 -1
34 42 1
34 43 -1
34 44 -1
34 45 1
34 46 -1
34 47 1
34 48 -1
34 59 -1
35 33 1
35 36 -1
35 37 -1
35 38 -1
35 40 -1
35 41 -1
35 42 1
35 43 -1
35 45 -1
35 46 -1
35 47 -1
35 48 -1
35 49 -1
35 51 -1
35 55 -1
35 61 -1
36 11 1
36 20 -1
36 26 -1
36 31 -1
36 33 1
36 34 -1
36 35 -1
36 37 -1
36 38 -1
36 39 -1
36 40 -1
36 41 1
36 42 -1
36 44 -1
36 45 -1
36 47 -1
37 10 -1
37 34 -1
37 35 -1
37 36 -1
37 38 -1
37 39 -1
37 41 -1
37 42 -1
37 43 -1
37 44 -1
37 45 -1
37 46 1
37 48 -1
37 51 -1
37 61 -1
38 9 -1
38 15 -1
38 23 -1
38 33 -1
38 34 -1
38 35 -1
38 36 -1
38 37 -1
38 39 -1
38 40 -1
38 41 -1
38 45 -1
38 46 -1
38 47 -1
38 48 -1
38 56 -1
39 6 -1
39 7 1
39 10 1
39 12 -1
39 33 -1
39 34 -1
39 36 -1
39 37 -1
39 38 -1
39 40 -1
39 41 -1
39 42 -1
39 44 -1
39 46 1
39 47 1
39 48 -1
40 16 1
40 20 -1
40 26 1
40 35 -1
40 36 -1
40 38 -1
40 39 -1
40 41 1
40 42 -1
40 43 -1
40 44 -1
40 45 -1
40 46 -1
40 47 -1
40 48 1
40 63 -1
41 4 -1
41 7 -1
41 33 -1
41 35 -1
41 36 1
41 37 -1
41 38 -1
41 39 -1
41 40 1
41 42 -1
41 43 -1
41 45 1
41 46 -1
41 48 1
41 55 -1
41 64 -1
42 6 -1
42 9 -1
42 15 -1
42 33 -1
42 34 1
42 35 1
42 36 -1
42 37 -1
42 39 -1
42 40 -1
42 41 -1
42 43 -1
42 44 -1
42 45 -1
42 47 -1
43 6 -1
43 12 -1
43 13 -1
43 19 -1
43 33 -1
43 34 -1
43 35 -1
43 37 -1
43 40 -1
43 41 -1
43 42 -1
43 44 -1
43 45 1
43 46 -1
43 47 -1
43 48 -1
44 15 1
44 18 -1
44 27 -1
44 33 -1
44 34 -1
44 36 -1
44 37 -1
44 39 -1
44 40 -1
44 42 -1
44 43 -1
44 45 -1
44 46 -1
44 47 1
44 48 -1
44 51 1
45 13 1
45 27 -1
45 34 1
45 35 -1
45 36 -1
45 37 -1
45 38 -1
45 40 -1
45 41 1
45 42 -1
45 43 1
45 44 -1
45 46 1
45 47 -1
45 50 -1
45 54 -1
46 28 -1
46 31 1
46 33 1
46 34 -1
46 35 -1
46 37 1
46 38 -1
46 39 1
46 40 -1
46 41 -1
46 43 -1
46 44 -1
46 45 1
46 48 -1
46 60 -1
47 13 -1
47 14 -1
47 22 -1
47 24 -1
47 33 -1
47 34 1
47 35 -1
47 36 -1
47 38 -1
47 39 1
47 40 -1
47 42 -1
47 43 -1
47 44 1
47 45 -1
47 48 -1
48 3 -1
48 19 -1
48 21 -1
48 33 -1
48 34 -1
48 35 -1
48 37 -1
48 38 -1
48 39 -1
48 40 1
48 41 1
48 43 -1
48 44 -1
48 46 -1
48 47 -1
48 49 -1
49 24 -1
49 29 1
49 35 -1
49 48 -1
49 50 1
49 54 -1
49 55 -1
49 56 -1
49 57 1
49 58 -1
49 59 -1
49 60 -1
49 61 -1
49 62 1
49 63 1
49 64 1
50 1 1
50 21 1
50 45 -1
50 49 1
50 51 1
50 52 1
50 53 -1
50 55 1
50 56 -1
50 58 -1
50 59 -1
50 60 -1
50 61 -1
50 63 1
50 64 -1
51 29 -1
51 35 -1
51 37 -1
51 44 1
51 50 1
51 52 1
51 53 -1
51 54 -1
51 55 -1
51 57 -1
51 58 -1
51 59 -1
51 60 -1
51 62 -1
51 63 -1
51 64 -1
52 18 -1
52 28 -1
52 30 -1
52 50 1
52 51 1
52 53 -1
52 54 -1
52 56 -1
52 57 -1
52 58 -1
52 59 -1
52 61 -1
52 62 -1
52 63 -1
52 64 -1
53 13 -1
53 14 -1
53 22 -1
53 50 -1
53 51 -1
53 52 -1
53 54 -1
53 55 -1
53 56 1
53 57 -1
53 58 -1
53 59 1
53 60 -1
53 61 -1
53 64 -1
54 17 -1
54 18 -1
54 20 -1
54 45 -1
54 49 -1
54 51 -1
54 52 -1
54 53 -1
54 55 -1
54 56 1
54 57 -1
54 59 -1
54 60 -1
54 61 -1
54 62 -1
54 63 -1
55 2 -1
55 6 1
55 35 -1
55 41 -1
55 49 -1
55 50 1
55 51 -1
55 53 -1
55 54 -1
55 56 -1
55 57 -1
55 58 1
55 59 1
55 60 -1
55 62 1
55 64 -1
56 28 -1
56 30 -1
56 32 -1
56 38 -1
56 49 -1
56 50 -1
56 52 -1
56 53 1
56 54 1
56 55 -1
56 57 -1
56 59 -1
56 60 1
56 61 1
56 62 -1
56 64 -1
57 11 -1
57 22 1
57 26 -1
57 29 1
57 49 1
57 51 -1
57 52 -1
57 53 -1
57 54 -1
57 55 -1
57 56 -1
57 60 -1
57 61 -1
57 62 -1
57 63 -1
57 64 -1
58 3 1
58 16 -1
58 25 1
58 27 -1
58 49 -1
58 50 -1
58 51 -1
58 52 -1
58 53 -1
58 55 1
58 59 -1
58 60 -1
58 61 -1
58 62 -1
58 63 -1
58 64 -1
59 9 -1
59 22 -1
59 29 -1
59 34 -1
59 49 -1
59 50 -1
59 51 -1
59 52 -1
59 53 1
59 54 -1
59 55 1
59 56 -1
59 58 -1
59 62 -1
59 63 -1
59 64 -1
60 30 -1
60 32 1
60 46 -1
60 49 -1
60 50 -1
60 51 -1
60 53 -1
60 54 -1
60 55 -1
60 56 1
60 57 -1
60 58 -1
60 61 -1
60 62 -1
60 63 -1
61 2 -1
61 5 -1
61 35 -1
61 37 -1
61 49 -1
61 50 -1
61 52 -1
61 53 -1
61 54 -1
61 56 1
61 57 -1
61 58 -1
61 60 -1
61 62 1
61 63 -1
61 64 -1
62 1 -1
62 5 -1
62 15 -1
62 25 -1
62 49 1
62 51 -1
62 52 -1
62 54 -1
62 55 1
62 56 -1
62 57 -1
62 58 -1
62 59 -1
62 60 -1
62 61 1
62 63 1
63 1 -1
63 12 -1
63 17 -1
63 40 -1
63 49 1
63 50 1
63 51 -1
63 52 -1
63 54 -1
63 57 -1
63 58 -1
63 59 -1
63 60 -1
63 61 -1
63 62 1
63 64 -1
64 11 -1
64 19 1
64 31 -1
64 41 -1
64 49 1
64 50 -1
64 51 -1
64 52 -1
64 53 -1
64 55 -1
64 56 -1
64 57 -1
64 58 -1
64 59 -1
64 61 -1
64 63 -1
