1 2 1
1 3 1
1 5 1
1 6 1
1 7 1
1 8 1
1 10 1
1 12 1
1 13 1
1 14 1
1 15 1
1 16 1
1 36 1
1 45 1
1 49 -1
2 1 1
2 3 1
2 4 1
2 5 1
2 6 1
2 7 1
2 8 1
2 9 1
2 11 1
2 12 1
2 15 1
2 16 1
2 28 1
2 40 1
2 42 1
2 47 1
3 1 1
3 2 1
3 4 1
3 5 1
3 6 1
3 7 -1
3 8 1
3 10 1
3 12 1
3 14 1
3 15 1
3 16 1
3 22 1
3 34 1
3 36 1
3 41 1
4 2 1
4 3 1
4 5 1
4 6 1
4 8 1
4 9 -1
4 10 1
4 11 1
4 12 1
4 13 1
4 14 1
4 15 -1
4 28 1
4 50 1
4 64 1
5 1 1
5 2 1
5 3 1
5 4 1
5 7 1
5 8 1
5 9 -1
5 11 1
5 12 1
5 13 1
5 14 1
5 16 1
5 19 1
5 49 1
5 53 1
5 62 1
6 1 1
6 2 1
6 3 1
6 4 1
6 9 1
6 10 1
6 11 1
6 12 1
6 13 1
6 14 1
6 15 1
6 16 1
6 24 1
6 34 1
6 44 -1
6 63 1
7 1 1
7 2 1
7 3 -1
7 5 1
7 8 1
7 9 1
7 10 1
7 11 -1
7 12 1
7 13 1
7 15 1
7 16 1
7 18 1
7 26 1
7 39 1
7 46 1
8 1 1
8 2 1
8 3 1
8 4 1
8 5 1
8 7 1
8 9 1
8 10 1
8 11 -1
8 14 1
8 15 1
8 16 1
8 29 1
8 45 -1
8 46 1
8 62 1
9 2 1
9 4 -1
9 5 -1
9 6 1
9 7 1
9 8 1
9 10 1
9 11 1
9 12 1
9 13 1
9 14 1
9 15 1
9 25 1
9 27 -1
9 33 1
9 59 -1
10 1 1
10 3 1
10 4 1
10 6 1
10 7 1
10 8 1
10 9 1
10 11 1
10 12 1
10 13 1
10 14 1
10 16 1
10 30 1
10 33 1
10 57 1
10 64 1
11 2 1
11 4 1
11 5 1
11 6 1
11 7 -1
11 8 -1
11 9 1
11 10 1
11 12 1
11 13 1
11 15 1
11 16 -1
11 28 1
11 31 1
11 55 1
11 64 1
12 1 1
12 2 1
12 3 1
12 4 1
12 5 1
12 6 1
12 7 1
12 9 1
12 10 1
12 11 1
12 13 1
12 14 -1
12 29 1
12 32 1
12 46 1
12 51 -1
13 1 1
13 4 1
13 5 1
13 6 1
13 7 1
13 9 1
13 10 1
13 11 1
13 12 1
13 14 1
13 15 1
13 16 1
13 17 1
13 21 1
13 35 1
13 42 1
14 1 1
14 3 1
14 4 1
14 5 1
14 6 1
14 8 1
14 9 1
14 10 1
14 12 -1
14 13 1
14 15 1
14 16 -1
14 22 1
14 25 1
14 32 1
14 38 1
15 1 1
15 2 1
15 3 1
15 4 -1
15 6 1
15 7 1
15 8 1
15 9 1
15 11 1
15 13 1
15 14 1
15 16 1
15 51 1
15 55 1
15 59 1
15 63 -1
16 1 1
16 2 1
16 3 1
16 5 1
16 6 1
16 7 1
16 8 1
16 10 1
16 11 -1
16 13 1
16 14 -1
16 15 1
16 24 1
16 33 1
16 35 1
16 53 1
17 13 1
17 18 1
17 20 -1
17 21 1
17 23 1
17 25 1
17 26 1
17 27 1
17 28 1
17 29 1
17 30 1
17 31 1
17 32 1
17 33 1
17 34 1
17 56 1
18 7 1
18 17 1
18 19 1
18 20 -1
18 21 1
18 24 1
18 25 1
18 27 1
18 28 -1
18 29 -1
18 30 1
18 31 1
18 32 1
18 37 1
18 38 1
18 56 1
19 5 1
19 18 1
19 20 1
19 22 1
19 23 1
19 24 1
19 25 1
19 26 1
19 27 1
19 28 1
19 29 1
19 31 1
19 32 1
19 53 1
19 56 1
19 59 1
20 17 -1
20 18 -1
20 19 1
20 21 1
20 22 1
20 23 1
20 24 1
20 25 1
20 27 1
20 28 1
20 29 1
20 32 1
20 39 -1
20 42 1
20 44 -1
20 60 1
21 13 1
21 17 1
21 18 1
21 20 1
21 22 1
21 23 1
21 24 1
21 26 1
21 28 1
21 29 1
21 30 1
21 31 1
21 32 1
21 43 1
21 45 1
21 60 1
22 3 1
22 14 1
22 19 1
22 20 1
22 21 1
22 23 1
22 24 -1
22 25 -1
22 26 1
22 28 1
22 29 1
22 30 1
22 31 1
22 32 1
22 51 1
22 61 1
23 17 1
23 19 1
23 20 1
23 21 1
23 22 1
23 24 1
23 26 1
23 27 1
23 28 1
23 30 1
23 31 1
23 32 1
23 38 1
23 50 1
23 58 1
23 63 1
24 6 1
24 16 1
24 18 1
24 19 1
24 20 1
24 21 1
24 22 -1
24 23 1
24 25 1
24 26 1
24 27 1
24 28 1
24 30 -1
24 32 1
24 36 1
24 60 1
25 9 1
25 14 1
25 17 1
25 18 1
25 19 1
25 20 1
25 22 -1
25 24 1
25 27 1
25 28 1
25 29 1
25 30 1
25 31 1
25 32 1
25 40 1
25 45 1
26 7 1
26 17 1
26 19 1
26 21 1
26 22 1
26 23 1
26 24 1
26 27 1
26 28 1
26 29 1
26 30 1
26 31 1
26 32 -1
26 35 1
26 57 1
26 63 -1
27 9 -1
27 17 1
27 18 1
27 19 1
27 20 1
27 23 1
27 24 1
27 25 1
27 26 1
27 28 1
27 29 -1
27 30 1
27 31 1
27 39 1
27 50 1
27 52 1
28 2 1
28 4 1
28 11 1
28 17 1
28 18 -1
28 19 1
28 20 1
28 21 1
28 22 1
28 23 1
28 24 1
28 25 1
28 26 1
28 27 1
28 29 -1
29 8 1
29 12 1
29 17 1
29 18 -1
29 19 1
29 20 1
29 21 1
29 22 1
29 25 1
29 26 1
29 27 -1
29 28 -1
29 30 1
29 31 1
29 34 1
29 64 1
30 10 1
30 17 1
30 18 1
30 21 1
30 22 1
30 23 1
30 24 -1
30 25 1
30 26 1
30 27 1
30 29 1
30 31 1
30 32 1
30 47 1
30 57 1
30 61 1
31 11 1
31 17 1
31 18 1
31 19 1
31 21 1
31 22 1
31 23 1
31 25 1
31 26 1
31 27 1
31 29 1
31 30 1
31 32 1
31 37 1
31 38 1
31 40 1
32 12 1
32 14 1
32 17 1
32 18 1
32 19 1
32 20 1
32 21 1
32 22 1
32 23 1
32 24 1
32 25 1
32 26 -1
32 30 1
32 31 1
32 55 1
32 58 1
33 9 1
33 10 1
33 16 1
33 17 1
33 34 1
33 35 1
33 36 1
33 37 1
33 40 1
33 41 1
33 42 1
33 43 1
33 44 1
33 46 1
33 47 1
33 48 1
34 3 1
34 6 1
34 17 1
34 29 1
34 33 1
34 36 1
34 38 1
34 40 1
34 41 1
34 42 1
34 43 1
34 44 1
34 45 1
34 46 1
34 47 -1
34 48 -1
35 13 1
35 16 1
35 26 1
35 33 1
35 36 1
35 37 1
35 38 1
35 39 1
35 41 1
35 43 1
35 44 1
35 45 1
35 46 -1
35 47 1
35 48 1
35 52 1
36 1 1
36 3 1
36 24 1
36 33 1
36 34 1
36 35 1
36 38 1
36 39 1
36 40 -1
36 41 -1
36 42 1
36 43 1
36 45 1
36 47 1
36 48 1
36 53 1
37 18 1
37 31 1
37 33 1
37 35 1
37 38 1
37 40 1
37 41 -1
37 42 1
37 43 1
37 44 1
37 45 1
37 46 1
37 47 1
37 48 1
37 52 1
37 57 1
38 14 1
38 18 1
38 23 1
38 31 1
38 34 1
38 35 1
38 36 1
38 37 1
38 39 1
38 40 1
38 43 1
38 44 -1
38 45 1
38 46 1
38 47 1
38 48 1
39 7 1
39 20 -1
39 27 1
39 35 1
39 36 1
39 38 1
39 40 1
39 41 -1
39 42 1
39 43 1
39 44 1
39 45 1
39 46 1
39 47 1
39 48 -1
39 50 1
40 2 1
40 25 1
40 31 1
40 33 1
40 34 1
40 36 -1
40 37 1
40 38 1
40 39 1
40 41 1
40 42 1
40 43 1
40 44 1
40 46 -1
40 47 1
40 49 1
41 3 1
41 33 1
41 34 1
41 35 1
41 36 -1
41 37 -1
41 39 -1
41 40 1
41 42 1
41 44 1
41 45 1
41 46 1
41 48 1
41 51 1
41 52 1
41 56 1
42 2 1
42 13 1
42 20 1
42 33 1
42 34 1
42 36 1
42 37 1
42 39 1
42 40 1
42 41 1
42 43 1
42 45 1
42 46 1
42 47 1
42 48 1
42 54 1
43 21 1
43 33 1
43 34 1
43 35 1
43 36 1
43 37 1
43 38 1
43 39 1
43 40 1
43 42 1
43 44 -1
43 46 1
43 48 1
43 54 1
43 55 1
43 59 1
44 6 -1
44 20 -1
44 33 1
44 34 1
44 35 1
44 37 1
44 38 -1
44 39 1
44 40 1
44 41 1
44 43 -1
44 45 1
44 46 1
44 47 1
44 54 1
44 61 1
45 1 1
45 8 -1
45 21 1
45 25 1
45 34 1
45 35 1
45 36 1
45 37 1
45 38 1
45 39 1
45 41 1
45 42 1
45 44 1
45 46 1
45 47 -1
45 48 1
46 7 1
46 8 1
46 12 1
46 33 1
46 34 1
46 35 -1
46 37 1
46 38 1
46 39 1
46 40 -1
46 41 1
46 42 1
46 43 1
46 44 1
46 45 1
46 54 1
47 2 1
47 30 1
47 33 1
47 34 -1
47 35 1
47 36 1
47 37 1
47 38 1
47 39 1
47 40 1
47 42 1
47 44 1
47 45 -1
47 48 1
47 60 1
47 61 1
48 33 1
48 34 -1
48 35 1
48 36 1
48 37 1
48 38 1
48 39 -1
48 41 1
48 42 1
48 43 1
48 45 1
48 47 1
48 58 1
48 62 1
49 1 -1
49 5 1
49 40 1
49 50 1
49 51 1
49 52 -1
49 53 1
49 55 1
49 56 1
49 57 1
49 58 1
49 60 1
49 61 1
49 62 -1
49 64 1
50 4 1
50 23 1
50 27 1
50 39 1
50 49 1
50 51 -1
50 53 1
50 55 1
50 56 1
50 57 1
50 58 1
50 59 1
50 61 1
50 62 1
50 63 1
50 64 1
51 12 -1
51 15 1
51 22 1
51 41 1
51 49 1
51 50 -1
51 53 -1
51 54 1
51 55 1
51 56 1
51 57 1
51 58 1
51 59 1
51 60 1
51 61 1
51 62 1
52 27 1
52 35 1
52 37 1
52 41 1
52 49 -1
52 53 1
52 54 1
52 56 1
52 57 -1
52 58 1
52 59 1
52 60 1
52 61 -1
52 62 1
52 63 1
52 64 -1
53 5 1
53 16 1
53 19 1
53 36 1
53 49 1
53 50 1
53 51 -1
53 52 1
53 54 1
53 56 1
53 58 1
53 59 1
53 60 1
53 61 1
53 63 1
53 64 1
54 42 1
54 43 1
54 44 1
54 46 1
54 51 1
54 52 1
54 53 1
54 56 1
54 57 1
54 58 1
54 59 1
54 60 1
54 61 1
54 62 1
54 63 1
54 64 -1
55 11 1
55 15 1
55 32 1
55 43 1
55 49 1
55 50 1
55 51 1
55 56 1
55 57 1
55 58 1
55 59 1
55 60 1
55 61 1
55 62 1
55 63 1
55 64 1
56 17 1
56 18 1
56 19 1
56 41 1
56 49 1
56 50 1
56 51 1
56 52 1
56 53 1
56 54 1
56 55 1
56 58 1
56 59 1
56 61 1
56 62 1
56 63 1
57 10 1
57 26 1
57 30 1
57 37 1
57 49 1
57 50 1
57 51 1
57 52 -1
57 54 1
57 55 1
57 59 1
57 60 1
57 61 1
57 62 -1
57 63 1
57 64 1
58 23 1
58 32 1
58 48 1
58 49 1
58 50 1
58 51 1
58 52 1
58 53 1
58 54 1
58 55 1
58 56 1
58 59 1
58 62 1
58 63 1
58 64 1
59 9 -1
59 15 1
59 19 1
59 43 1
59 50 1
59 51 1
59 52 1
59 53 1
59 54 1
59 55 1
59 56 1
59 57 1
59 58 1
59 60 1
59 62 1
59 63 1
60 20 1
60 21 1
60 24 1
60 47 1
60 49 1
60 51 1
60 52 1
60 53 1
60 54 1
60 55 1
60 57 1
60 59 1
60 61 1
60 62 1
60 63 1
60 64 1
61 22 1
61 30 1
61 44 1
61 47 1
61 49 1
61 50 1
61 51 1
61 52 -1
61 53 1
61 54 1
61 55 1
61 56 1
61 57 1
61 60 1
61 63 1
61 64 1
62 5 1
62 8 1
62 48 1
62 49 -1
62 50 1
62 51 1
62 52 1
62 54 1
62 55 1
62 56 1
62 57 -1
62 58 1
62 59 1
62 60 1
62 64 1
63 6 1
63 15 -1
63 23 1
63 26 -1
63 50 1
63 52 1
63 53 1
63 54 1
63 55 1
63 56 1
63 57 1
63 58 1
63 59 1
63 60 1
63 61 1
63 64 1
64 4 1
64 10 1
64 11 1
64 29 1
64 49 1
64 50 1
64 52 -1
64 53 1
64 54 -1
64 55 1
64 57 1
64 58 1
64 60 1
64 61 1
64 62 1
64 63 1
