1 2 1
1 3 1
1 4 1
1 5 1
1 8 1
1 9 1
1 10 1
1 12 1
1 13 -1
1 14 1
1 15 1
1 16 -1
1 32 1
1 50 1
1 60 1
1 62 1
2 1 1
2 4 1
2 5 1
2 7 -1
2 8 1
2 9 1
2 10 1
2 11 1
2 13 1
2 14 1
2 15 1
2 16 1
2 20 1
2 21 1
2 40 1
2 55 1
3 1 1
3 5 1
3 7 1
3 8 1
3 9 -1
3 10 -1
3 11 1
3 12 1
3 13 1
3 14 1
3 15 -1
3 16 1
3 47 1
3 52 1
3 53 -1
3 58 1
4 1 1
4 2 1
4 6 1
4 7 -1
4 8 1
4 9 1
4 10 -1
4 11 1
4 12 1
4 13 1
4 14 -1
4 15 1
4 23 1
4 46 1
4 48 1
4 52 -1
5 1 1
5 2 1
5 3 1
5 6 1
5 9 1
5 10 -1
5 11 1
5 12 1
5 13 -1
5 14 1
5 15 1
5 16 1
5 17 1
5 37 1
5 43 -1
5 55 1
6 4 1
6 5 1
6 7 -1
6 8 1
6 9 -1
6 10 1
6 11 -1
6 12 -1
6 13 -1
6 14 1
6 15 1
6 16 1
6 46 -1
6 47 1
6 49 1
6 59 1
7 2 -1
7 3 1
7 4 -1
7 6 -1
7 8 -1
7 9 1
7 10 1
7 11 1
7 12 1
7 13 1
7 14 -1
7 15 1
7 24 1
7 25 1
7 27 1
7 32 1
8 1 1
8 2 1
8 3 1
8 4 1
8 6 1
8 7 -1
8 9 1
8 10 1
8 12 1
8 14 1
8 15 1
8 16 1
8 44 1
8 48 1
8 50 -1
8 60 1
9 1 1
9 2 1
9 3 -1
9 4 1
9 5 1
9 6 -1
9 7 1
9 8 1
9 10 -1
9 11 -1
9 12 1
9 15 1
9 20 1
9 54 -1
9 56 1
10 1 1
10 2 1
10 3 -1
10 4 -1
10 5 -1
10 6 1
10 7 1
10 8 1
10 9 -1
10 12 1
10 13 1
10 16 1
10 20 1
10 39 1
10 45 -1
10 64 1
11 2 1
11 3 1
11 4 1
11 5 1
11 6 -1
11 7 1
11 9 -1
11 12 1
11 13 1
11 14 1
11 15 -1
11 16 1
11 33 1
11 34 -1
11 45 1
12 1 1
12 3 1
12 4 1
12 5 1
12 6 -1
12 7 1
12 8 1
12 9 1
12 10 1
12 11 1
12 13 -1
12 16 1
12 31 1
12 35 1
12 39 1
12 55 1
13 1 -1
13 2 1
13 3 1
13 4 1
13 5 -1
13 6 -1
13 7 1
13 10 1
13 11 1
13 12 -1
13 14 1
13 16 1
13 21 1
13 26 1
13 27 1
13 49 -1
14 1 1
14 2 1
14 3 1
14 4 -1
14 5 1
14 6 1
14 7 -1
14 8 1
14 11 1
14 13 1
14 15 1
14 16 -1
14 25 1
14 50 1
14 59 1
14 62 -1
15 1 1
15 2 1
15 3 -1
15 4 1
15 5 1
15 6 1
15 7 1
15 8 1
15 9 1
15 11 -1
15 14 1
15 16 1
15 32 1
15 43 1
15 47 -1
15 61 1
16 1 -1
16 2 1
16 3 1
16 5 1
16 6 1
16 8 1
16 10 1
16 11 1
16 12 1
16 13 1
16 14 -1
16 15 1
16 23 -1
16 33 -1
16 37 1
16 41 1
17 5 1
17 18 1
17 19 1
17 20 1
17 21 1
17 22 -1
17 23 1
17 24 -1
17 25 1
17 26 1
17 27 1
17 28 -1
17 29 1
17 34 -1
17 58 -1
17 62 1
18 17 1
18 20 1
18 21 1
18 23 1
18 24 1
18 25 1
18 26 -1
18 27 1
18 28 1
18 29 1
18 30 -1
18 32 -1
18 36 1
18 44 1
18 49 1
18 64 1
19 17 1
19 20 -1
19 22 1
19 23 1
19 24 1
19 25 1
19 26 1
19 27 1
19 28 -1
19 29 1
19 30 1
19 31 -1
19 37 1
19 41 1
19 57 1
19 59 -1
20 2 1
20 9 1
20 10 1
20 17 1
20 18 1
20 19 -1
20 21 1
20 23 1
20 25 -1
20 27 1
20 28 -1
20 29 1
20 30 1
20 31 1
20 32 1
20 60 -1
21 2 1
21 13 1
21 17 1
21 18 1
21 20 1
21 22 1
21 23 1
21 24 1
21 26 1
21 28 1
21 29 1
21 30 1
21 31 1
21 32 1
21 38 1
21 62 1
22 17 -1
22 19 1
22 21 1
22 24 1
22 25 1
22 26 1
22 27 -1
22 28 -1
22 29 1
22 30 1
22 31 1
22 32 1
22 40 -1
22 42 1
22 45 1
22 56 1
23 4 1
23 16 -1
23 17 1
23 18 1
23 19 1
23 20 1
23 21 1
23 24 1
23 25 1
23 26 1
23 27 1
23 29 -1
23 31 1
23 32 -1
23 42 1
23 48 1
24 7 1
24 17 -1
24 18 1
24 19 1
24 21 1
24 22 1
24 23 1
24 25 -1
24 27 1
24 28 1
24 29 1
24 30 1
24 32 1
24 34 1
24 36 1
25 7 1
25 14 1
25 17 1
25 18 1
25 19 1
25 20 -1
25 22 1
25 23 1
25 24 -1
25 26 1
25 28 1
25 30 1
25 31 1
25 32 1
25 46 1
25 56 1
26 13 1
26 17 1
26 18 -1
26 19 1
26 21 1
26 22 1
26 23 1
26 25 1
26 28 1
26 29 1
26 30 1
26 31 1
26 32 1
26 36 1
26 56 -1
26 61 1
27 7 1
27 13 1
27 17 1
27 18 1
27 19 1
27 20 1
27 22 -1
27 23 1
27 24 1
27 28 -1
27 29 -1
27 30 1
27 31 -1
27 32 1
27 41 1
27 51 1
28 17 -1
28 18 1
28 19 -1
28 20 -1
28 21 1
28 22 -1
28 24 1
28 25 1
28 26 1
28 27 -1
28 31 -1
28 32 1
28 40 1
28 43 1
28 44 1
28 61 1
29 17 1
29 18 1
29 19 1
29 20 1
29 21 1
29 22 1
29 23 -1
29 24 1
29 26 1
29 27 -1
29 30 1
29 31 1
29 49 1
29 59 1
29 63 1
30 18 -1
30 19 1
30 20 1
30 21 1
30 22 1
30 24 1
30 25 1
30 26 1
30 27 1
30 29 1
30 31 1
30 32 1
30 33 1
30 38 1
30 52 1
30 54 1
31 12 1
31 19 -1
31 20 1
31 21 1
31 22 1
31 23 1
31 25 1
31 26 1
31 27 -1
31 28 -1
31 29 1
31 30 1
31 32 1
31 41 1
31 50 -1
31 58 1
32 1 1
32 7 1
32 15 1
32 18 -1
32 20 1
32 21 1
32 22 1
32 23 -1
32 24 1
32 25 1
32 26 1
32 27 1
32 28 1
32 30 1
32 31 1
32 55 1
33 11 1
33 16 -1
33 30 1
33 35 1
33 36 -1
33 38 1
33 40 1
33 41 1
33 42 1
33 43 1
33 44 1
33 45 1
33 46 -1
33 47 1
33 48 1
33 64 1
34 11 -1
34 17 -1
34 24 1
34 35 -1
34 36 1
34 37 1
34 38 1
34 39 1
34 40 1
34 41 1
34 43 1
34 44 1
34 45 1
34 46 1
34 48 1
34 51 -1
35 12 1
35 33 1
35 34 -1
35 36 1
35 39 1
35 40 -1
35 41 1
35 42 1
35 43 1
35 44 1
35 45 1
35 46 1
35 47 1
35 60 1
35 61 1
35 63 1
36 18 1
36 24 1
36 26 1
36 33 -1
36 34 1
36 35 1
36 37 -1
36 39 1
36 40 1
36 41 1
36 42 -1
36 43 1
36 44 1
36 45 -1
36 47 1
37 5 1
37 16 1
37 19 1
37 34 1
37 36 -1
37 38 1
37 39 1
37 41 1
37 42 1
37 43 1
37 44 1
37 45 1
37 46 -1
37 47 1
37 48 1
37 57 1
38 21 1
38 30 1
38 33 1
38 34 1
38 37 1
38 39 1
38 40 1
38 41 1
38 43 1
38 44 -1
38 45 -1
38 46 1
38 47 1
38 48 -1
38 53 1
38 54 1
39 10 1
39 12 1
39 34 1
39 35 1
39 36 1
39 37 1
39 38 1
39 40 -1
39 41 1
39 42 1
39 45 1
39 46 1
39 47 1
39 48 1
39 52 -1
39 64 1
40 2 1
40 22 -1
40 28 1
40 33 1
40 34 1
40 35 -1
40 36 1
40 38 1
40 39 -1
40 41 1
40 42 1
40 43 1
40 46 1
40 47 1
40 48 1
40 63 1
41 16 1
41 19 1
41 27 1
41 31 1
41 33 1
41 34 1
41 35 1
41 36 1
41 37 1
41 38 1
41 39 1
41 40 1
41 42 1
41 44 -1
41 46 1
41 48 -1
42 22 1
42 23 1
42 33 1
42 35 1
42 36 -1
42 37 1
42 39 1
42 40 1
42 41 1
42 43 1
42 45 1
42 46 1
42 47 1
42 48 1
42 53 -1
42 57 -1
43 5 -1
43 15 1
43 28 1
43 33 1
43 34 1
43 35 1
43 36 1
43 37 1
43 38 1
43 40 1
43 42 1
43 44 1
43 45 1
43 47 1
43 48 1
43 53 1
44 8 1
44 18 1
44 28 1
44 33 1
44 34 1
44 35 1
44 36 1
44 37 1
44 38 -1
44 41 -1
44 43 1
44 45 1
44 46 1
44 47 1
44 48 1
44 51 1
45 10 -1
45 11 1
45 22 1
45 33 1
45 34 1
45 35 1
45 36 -1
45 37 1
45 38 -1
45 39 1
45 42 1
45 43 1
45 44 1
45 47 -1
45 48 1
46 4 1
46 6 -1
46 25 1
46 33 -1
46 34 1
46 35 1
46 37 -1
46 38 1
46 39 1
46 40 1
46 41 1
46 42 1
46 44 1
46 47 -1
46 48 1
46 57 1
47 3 1
47 6 1
47 15 -1
47 33 1
47 35 1
47 36 1
47 37 1
47 38 1
47 39 1
47 40 1
47 42 1
47 43 1
47 44 1
47 45 -1
47 46 -1
47 58 1
48 4 1
48 8 1
48 23 1
48 33 1
48 34 1
48 37 1
48 38 -1
48 39 1
48 40 1
48 41 -1
48 42 1
48 43 1
48 44 1
48 45 1
48 46 1
48 51 1
49 6 1
49 13 -1
49 18 1
49 29 1
49 50 1
49 51 1
49 52 1
49 53 1
49 54 -1
49 55 1
49 57 -1
49 58 1
49 59 1
49 61 1
49 63 1
49 64 1
50 1 1
50 8 -1
50 14 1
50 31 -1
50 49 1
50 51 1
50 52 1
50 53 1
50 54 1
50 57 1
50 58 -1
50 59 1
50 61 -1
50 62 1
50 63 1
50 64 1
51 27 1
51 34 -1
51 44 1
51 48 1
51 49 1
51 50 1
51 52 1
51 53 -1
51 55 1
51 56 -1
51 57 1
51 58 -1
51 60 1
51 62 1
51 63 -1
51 64 -1
52 3 1
52 4 -1
52 30 1
52 39 -1
52 49 1
52 50 1
52 51 1
52 55 1
52 56 1
52 57 1
52 58 1
52 59 1
52 60 -1
52 61 1
52 63 1
52 64 1
53 3 -1
53 38 1
53 42 -1
53 43 1
53 49 1
53 50 1
53 51 -1
53 54 1
53 55 1
53 56 1
53 57 1
53 59 1
53 60 1
53 61 1
53 62 1
53 63 1
54 9 -1
54 30 1
54 38 1
54 49 -1
54 50 1
54 53 1
54 55 1
54 56 1
54 57 1
54 58 1
54 60 -1
54 61 1
54 62 1
54 63 1
54 64 -1
55 2 1
55 5 1
55 12 1
55 32 1
55 49 1
55 51 1
55 52 1
55 53 1
55 54 1
55 56 -1
55 57 1
55 58 1
55 59 -1
55 60 1
55 61 1
55 62 1
56 9 1
56 22 1
56 25 1
56 26 -1
56 51 -1
56 52 1
56 53 1
56 54 1
56 55 -1
56 57 1
56 59 1
56 60 1
56 61 1
56 62 1
56 63 1
56 64 -1
57 19 1
57 37 1
57 42 -1
57 46 1
57 49 -1
57 50 1
57 51 1
57 52 1
57 53 1
57 54 1
57 55 1
57 56 1
57 60 1
57 61 1
57 63 1
57 64 1
58 3 1
58 17 -1
58 31 1
58 47 1
58 49 1
58 50 -1
58 51 -1
58 52 1
58 54 1
58 55 1
58 59 1
58 60 1
58 61 1
58 62 1
58 63 1
58 64 -1
59 6 1
59 14 1
59 19 -1
59 29 1
59 49 1
59 50 1
59 52 1
59 53 1
59 55 -1
59 56 1
59 58 1
59 60 1
59 61 1
59 62 1
59 63 1
59 64 -1
60 1 1
60 8 1
60 20 -1
60 35 1
60 51 1
60 52 -1
60 53 1
60 54 -1
60 55 1
60 56 1
60 57 1
60 58 1
60 59 1
60 61 -1
60 62 1
60 64 1
61 15 1
61 26 1
61 28 1
61 35 1
61 49 1
61 50 -1
61 52 1
61 53 1
61 54 1
61 55 1
61 56 1
61 57 1
61 58 1
61 59 1
61 60 -1
61 62 1
62 1 1
62 14 -1
62 17 1
62 21 1
62 50 1
62 51 1
62 53 1
62 54 1
62 55 1
62 56 1
62 58 1
62 59 1
62 60 1
62 61 1
62 63 1
62 64 1
63 29 1
63 35 1
63 40 1
63 49 1
63 50 1
63 51 -1
63 52 1
63 53 1
63 54 1
63 56 1
63 57 1
63 58 1
63 59 1
63 62 1
63 64 1
64 10 1
64 18 1
64 33 1
64 39 1
64 49 1
64 50 1
64 51 -1
64 52 1
64 54 -1
64 56 -1
64 57 1
64 58 -1
64 59 -1
64 60 1
64 62 1
64 63 1
