1 2 1
1 3 -1
1 4 1
1 7 1
1 8 1
1 9 -1
1 10 -1
1 11 -1
1 12 1
1 13 -1
1 15 -1
1 16 -1
1 33 -1
1 39 -1
1 45 -1
1 52 -1
2 1 1
2 3 -1
2 4 1
2 5 -1
2 6 1
2 9 1
2 10 1
2 11 -1
2 13 1
2 14 1
2 15 -1
2 16 1
2 17 1
2 44 1
2 59 1
3 1 -1
3 2 -1
3 5 1
3 6 -1
3 7 1
3 8 1
3 10 1
3 11 -1
3 12 -1
3 13 1
3 15 -1
3 16 -1
3 19 -1
3 34 1
3 62 1
3 63 -1
4 1 1
4 2 1
4 5 1
4 6 1
4 7 -1
4 8 -1
4 9 -1
4 10 1
4 12 1
4 14 1
4 15 1
4 16 1
4 18 1
4 27 -1
4 30 1
4 50 1
5 2 -1
5 3 1
5 4 1
5 6 1
5 8 1
5 9 1
5 10 1
5 11 -1
5 12 1
5 13 1
5 14 1
5 15 1
5 17 1
5 22 -1
5 45 -1
5 55 1
6 2 1
6 3 -1
6 4 1
6 5 1
6 7 -1
6 8 1
6 9 -1
6 10 -1
6 13 -1
6 14 1
6 15 -1
6 16 1
6 36 1
6 40 1
6 44 1
6 51 1
7 1 1
7 3 1
7 4 -1
7 6 -1
7 9 1
7 10 1
7 11 1
7 12 1
7 13 -1
7 14 1
7 15 -1
7 16 1
7 37 1
7 39 -1
7 57 1
7 61 1
8 1 1
8 3 1
8 4 -1
8 5 1
8 6 1
8 9 1
8 10 1
8 11 1
8 12 1
8 13 1
8 15 -1
8 16 -1
8 30 1
8 41 -1
8 52 1
8 53 -1
9 1 -1
9 2 1
9 4 -1
9 5 1
9 6 -1
9 7 1
9 8 1
9 10 1
9 13 1
9 14 -1
9 15 -1
9 16 -1
9 33 1
9 43 -1
9 47 1
9 55 1
10 1 -1
10 2 1
10 3 1
10 4 1
10 5 1
10 6 -1
10 7 1
10 8 1
10 9 1
10 11 1
10 12 -1
10 14 1
10 24 1
10 38 -1
10 52 1
10 56 -1
11 1 -1
11 2 -1
11 3 -1
11 5 -1
11 7 1
11 8 1
11 10 1
11 12 -1
11 13 -1
11 14 1
11 15 -1
11 16 -1
11 22 1
11 26 1
11 27 -1
11 30 1
12 1 1
12 3 -1
12 4 1
12 5 1
12 7 1
12 8 1
12 10 -1
12 11 -1
12 13 1
12 14 -1
12 15 1
12 16 1
12 20 1
12 35 1
12 43 1
12 61 1
13 1 -1
13 2 1
13 3 1
13 5 1
13 6 -1
13 7 -1
13 8 1
13 9 1
13 11 -1
13 12 1
13 14 -1
13 16 -1
13 26 1
13 49 1
13 62 1
13 63 -1
14 2 1
14 4 1
14 5 1
14 6 1
14 7 1
14 9 -1
14 10 1
14 11 1
14 12 -1
14 13 -1
14 15 -1
14 16 1
14 17 -1
14 23 1
14 28 -1
14 55 1
15 1 -1
15 2 -1
15 3 -1
15 4 1
15 5 1
15 6 -1
15 7 -1
15 8 -1
15 9 -1
15 11 -1
15 12 1
15 14 -1
15 27 -1
15 38 1
15 64 -1
16 1 -1
16 2 1
16 3 -1
16 4 1
16 6 1
16 7 1
16 8 -1
16 9 -1
16 11 -1
16 12 1
16 13 -1
16 14 1
16 28 -1
16 34 1
16 44 -1
16 50 1
17 2 1
17 5 1
17 14 -1
17 18 -1
17 19 -1
17 20 1
17 21 1
17 22 -1
17 24 1
17 25 1
17 26 1
17 28 -1
17 29 1
17 30 1
17 32 1
17 34 1
18 4 1
18 17 -1
18 19 -1
18 20 1
18 21 1
18 22 -1
18 23 -1
18 24 -1
18 25 1
18 29 1
18 30 -1
18 31 1
18 32 -1
18 46 -1
18 60 1
18 63 1
19 3 -1
19 17 -1
19 18 -1
19 21 1
19 22 -1
19 23 -1
19 25 1
19 26 -1
19 27 1
19 28 -1
19 29 1
19 30 1
19 31 1
19 35 1
19 46 1
19 64 1
20 12 1
20 17 1
20 18 1
20 22 -1
20 23 1
20 24 -1
20 25 -1
20 26 1
20 27 1
20 28 1
20 29 1
20 30 -1
20 31 1
20 42 -1
20 58 -1
20 59 1
21 17 1
21 18 1
21 19 1
21 22 1
21 23 1
21 24 -1
21 26 1
21 27 1
21 28 1
21 29 1
21 31 -1
21 32 -1
21 40 1
21 48 -1
21 62 -1
21 64 -1
22 5 -1
22 11 1
22 17 -1
22 18 -1
22 19 -1
22 20 -1
22 21 1
22 23 1
22 24 1
22 26 1
22 28 1
22 29 1
22 30 1
22 31 -1
22 35 1
22 53 1
23 14 1
23 18 -1
23 19 -1
23 20 1
23 21 1
23 22 1
23 24 1
23 25 1
23 26 -1
23 27 -1
23 28 1
23 30 1
23 32 -1
23 38 1
23 49 1
23 54 1
24 10 1
24 17 1
24 18 -1
24 20 -1
24 21 -1
24 22 1
24 23 1
24 25 1
24 26 1
24 27 1
24 29 -1
24 31 -1
24 32 1
24 43 1
24 56 1
24 58 -1
25 17 1
25 18 1
25 19 1
25 20 -1
25 23 1
25 24 1
25 26 1
25 27 -1
25 28 -1
25 29 1
25 31 -1
25 32 -1
25 43 1
25 45 -1
25 61 -1
25 63 -1
26 11 1
26 13 1
26 17 1
26 19 -1
26 20 1
26 21 1
26 22 1
26 23 -1
26 24 1
26 25 1
26 27 -1
26 30 1
26 31 -1
26 32 -1
26 35 1
26 39 1
27 4 -1
27 11 -1
27 15 -1
27 19 1
27 20 1
27 21 1
27 23 -1
27 24 1
27 25 -1
27 26 -1
27 28 1
27 29 1
27 30 1
27 31 -1
27 32 1
27 52 1
28 14 -1
28 16 -1
28 17 -1
28 19 -1
28 20 1
28 21 1
28 22 1
28 23 1
28 25 -1
28 27 1
28 29 -1
28 30 1
28 31 -1
28 32 1
28 36 1
28 55 -1
29 17 1
29 18 1
29 19 1
29 20 1
29 21 1
29 22 1
29 24 -1
29 25 1
29 27 1
29 28 -1
29 30 -1
29 32 1
29 37 -1
29 51 -1
29 53 1
29 57 1
30 4 1
30 8 1
30 11 1
30 17 1
30 18 -1
30 19 1
30 20 -1
30 22 1
30 23 1
30 26 1
30 27 1
30 28 1
30 29 -1
30 31 1
30 32 -1
30 47 1
31 18 1
31 19 1
31 20 1
31 21 -1
31 22 -1
31 24 -1
31 25 -1
31 26 -1
31 27 -1
31 28 -1
31 30 1
31 32 -1
31 33 -1
31 40 1
31 41 1
31 59 -1
32 17 1
32 18 -1
32 21 -1
32 23 -1
32 24 1
32 25 -1
32 26 -1
32 27 1
32 28 1
32 29 1
32 30 -1
32 31 -1
32 46 1
32 47 1
32 56 -1
33 1 -1
33 9 1
33 31 -1
33 34 1
33 35 -1
33 37 1
33 38 1
33 39 1
33 40 -1
33 41 1
33 43 -1
33 44 1
33 45 -1
33 46 1
33 47 1
33 53 1
34 3 1
34 16 1
34 17 1
34 33 1
34 35 1
34 36 -1
34 37 1
34 39 1
34 40 -1
34 41 -1
34 42 -1
34 43 -1
34 45 1
34 46 1
34 48 1
34 61 -1
35 12 1
35 19 1
35 22 1
35 26 1
35 33 -1
35 34 1
35 36 1
35 37 1
35 38 1
35 39 1
35 41 1
35 42 1
35 44 1
35 45 1
35 47 -1
35 48 -1
36 6 1
36 28 1
36 34 -1
36 35 1
36 38 1
36 39 1
36 40 1
36 41 1
36 43 -1
36 44 1
36 45 -1
36 46 1
36 47 1
36 48 1
36 49 1
36 60 -1
37 7 1
37 29 -1
37 33 1
37 34 1
37 35 1
37 38 1
37 39 -1
37 40 -1
37 41 1
37 42 1
37 43 -1
37 44 1
37 45 -1
37 48 -1
37 50 -1
38 10 -1
38 15 1
38 23 1
38 33 1
38 35 1
38 36 1
38 37 1
38 39 1
38 41 -1
38 42 1
38 43 1
38 44 1
38 45 -1
38 46 -1
38 48 1
39 1 -1
39 7 -1
39 26 1
39 33 1
39 34 1
39 35 1
39 36 1
39 37 -1
39 38 1
39 40 1
39 42 1
39 44 1
39 45 -1
39 46 1
39 47 1
39 62 1
40 6 1
40 21 1
40 31 1
40 33 -1
40 34 -1
40 36 1
40 37 -1
40 39 1
40 41 1
40 42 -1
40 43 1
40 44 1
40 46 1
40 47 -1
40 48 -1
40 51 1
41 8 -1
41 31 1
41 33 1
41 34 -1
41 35 1
41 36 1
41 37 1
41 38 -1
41 40 1
41 42 -1
41 43 1
41 44 1
41 47 1
41 48 1
41 54 1
41 64 -1
42 20 -1
42 34 -1
42 35 1
42 37 1
42 38 1
42 39 1
42 40 -1
42 41 -1
42 43 -1
42 45 -1
42 46 -1
42 47 -1
42 48 -1
42 54 1
42 58 1
42 60 -1
43 9 -1
43 12 1
43 24 1
43 25 1
43 33 -1
43 34 -1
43 36 -1
43 37 -1
43 38 1
43 40 1
43 41 1
43 42 -1
43 44 1
43 45 1
43 46 -1
43 47 1
44 2 1
44 6 1
44 16 -1
44 33 1
44 35 1
44 36 1
44 37 1
44 38 1
44 39 1
44 40 1
44 41 1
44 43 1
44 46 -1
44 47 -1
44 48 1
44 60 -1
45 1 -1
45 5 -1
45 25 -1
45 33 -1
45 34 1
45 35 1
45 36 -1
45 37 -1
45 38 -1
45 39 -1
45 42 -1
45 43 1
45 46 -1
45 47 1
45 48 1
45 57 1
46 18 -1
46 19 1
46 32 1
46 33 1
46 34 1
46 36 1
46 38 -1
46 39 1
46 40 1
46 42 -1
46 43 -1
46 44 -1
46 45 -1
46 47 1
46 48 1
46 58 -1
47 9 1
47 30 1
47 32 1
47 33 1
47 35 -1
47 36 1
47 39 1
47 40 -1
47 41 1
47 42 -1
47 43 1
47 44 -1
47 45 1
47 46 1
47 48 1
47 54 1
48 21 -1
48 34 1
48 35 -1
48 36 1
48 37 -1
48 38 1
48 40 -1
48 41 1
48 42 -1
48 44 1
48 45 1
48 46 1
48 47 1
48 49 -1
48 51 1
48 57 1
49 13 1
49 23 1
49 36 1
49 48 -1
49 52 1
49 53 -1
49 54 1
49 55 1
49 56 1
49 57 1
49 58 -1
49 59 -1
49 61 -1
49 62 -1
49 63 1
49 64 1
50 4 1
50 16 1
50 37 -1
50 51 -1
50 52 -1
50 53 -1
50 54 -1
50 55 -1
50 56 1
50 58 1
50 59 -1
50 60 1
50 62 -1
50 63 1
50 64 -1
51 6 1
51 29 -1
51 40 1
51 48 1
51 50 -1
51 52 1
51 53 1
51 56 -1
51 57 1
51 58 1
51 59 1
51 60 1
51 61 1
51 62 -1
51 63 -1
51 64 -1
52 1 -1
52 8 1
52 10 1
52 27 1
52 49 1
52 50 -1
52 51 1
52 54 1
52 55 -1
52 56 -1
52 57 -1
52 59 -1
52 60 1
52 61 1
52 62 -1
52 63 -1
53 8 -1
53 22 1
53 29 1
53 33 1
53 49 -1
53 50 -1
53 51 1
53 54 1
53 56 1
53 57 1
53 58 1
53 60 -1
53 61 1
53 62 -1
53 63 -1
53 64 1
54 23 1
54 41 1
54 42 1
54 47 1
54 49 1
54 50 -1
54 52 1
54 53 1
54 55 1
54 57 -1
54 58 1
54 59 1
54 60 1
54 61 1
54 63 1
54 64 -1
55 5 1
55 9 1
55 14 1
55 28 -1
55 49 1
55 50 -1
55 52 -1
55 54 1
55 56 1
55 57 1
55 59 1
55 60 -1
55 61 1
55 62 -1
55 63 1
55 64 -1
56 10 -1
56 24 1
56 32 -1
56 49 1
56 50 1
56 51 -1
56 52 -1
56 53 1
56 55 1
56 59 1
56 60 1
56 61 -1
56 62 1
56 63 -1
56 64 1
57 7 1
57 29 1
57 45 1
57 48 1
57 49 1
57 51 1
57 52 -1
57 53 1
57 54 -1
57 55 1
57 58 1
57 59 1
57 60 -1
57 61 -1
57 62 1
57 63 1
58 20 -1
58 24 -1
58 42 1
58 46 -1
58 49 -1
58 50 1
58 51 1
58 53 1
58 54 1
58 57 1
58 59 1
58 60 1
58 61 1
58 62 1
58 63 -1
58 64 1
59 2 1
59 20 1
59 31 -1
59 49 -1
59 50 -1
59 51 1
59 52 -1
59 54 1
59 55 1
59 56 1
59 57 1
59 58 1
59 60 1
59 63 1
59 64 -1
60 18 1
60 36 -1
60 42 -1
60 44 -1
60 50 1
60 51 1
60 52 1
60 53 -1
60 54 1
60 55 -1
60 56 1
60 57 -1
60 58 1
60 59 1
60 62 1
60 64 -1
61 7 1
61 12 1
61 25 -1
61 34 -1
61 49 -1
61 51 1
61 52 1
61 53 1
61 54 1
61 55 1
61 56 -1
61 57 -1
61 58 1
61 62 1
61 63 -1
61 64 1
62 3 1
62 13 1
62 21 -1
62 39 1
62 49 -1
62 50 -1
62 51 -1
62 52 -1
62 53 -1
62 55 -1
62 56 1
62 57 1
62 58 1
62 60 1
62 61 1
62 64 -1
63 3 -1
63 13 -1
63 18 1
63 25 -1
63 49 1
63 50 1
63 51 -1
63 52 -1
63 53 -1
63 54 1
63 55 1
63 56 -1
63 57 1
63 58 -1
63 59 1
63 61 -1
64 15 -1
64 19 1
64 21 -1
64 41 -1
64 49 1
64 50 -1
64 51 -1
64 53 1
64 54 -1
64 55 -1
64 56 1
64 58 1
64 59 -1
64 60 -1
64 61 1
64 62 -1
