1 3 1
1 4 -1
1 5 1
1 6 -1
1 7 1
1 10 -1
1 11 1
1 12 -1
1 13 1
1 14 1
1 15 -1
1 16 -1
1 42 1
1 52 1
1 57 -1
1 60 1
2 3 -1
2 4 1
2 5 -1
2 6 -1
2 7 -1
2 8 1
2 10 -1
2 11 1
2 13 -1
2 14 1
2 15 -1
2 16 1
2 30 1
2 32 1
2 42 -1
2 59 1
3 1 1
3 2 -1
3 4 -1
3 5 1
3 7 -1
3 8 1
3 9 1
3 10 1
3 11 -1
3 12 -1
3 14 -1
3 16 1
3 28 -1
3 32 -1
3 38 1
3 61 1
4 1 -1
4 2 1
4 3 -1
4 6 1
4 7 -1
4 8 -1
4 10 1
4 11 -1
4 12 1
4 13 1
4 15 -1
4 16 -1
4 29 1
4 33 -1
4 37 1
4 51 1
5 1 1
5 2 -1
5 3 1
5 6 1
5 7 -1
5 9 1
5 10 1
5 11 -1
5 12 -1
5 13 -1
5 14 1
5 16 -1
5 17 1
5 22 1
5 35 1
5 36 -1
6 1 -1
6 2 -1
6 4 1
6 5 1
6 7 1
6 8 1
6 9 1
6 10 -1
6 11 -1
6 12 -1
6 13 1
6 15 1
6 17 1
6 33 -1
6 35 -1
6 48 -1
7 1 1
7 2 -1
7 3 -1
7 4 -1
7 5 -1
7 6 1
7 9 1
7 12 1
7 13 -1
7 14 1
7 15 -1
7 16 1
7 39 -1
7 53 1
7 55 1
8 2 1
8 3 1
8 4 -1
8 6 1
8 9 1
8 10 1
8 11 1
8 12 -1
8 13 -1
8 14 -1
8 15 1
8 16 -1
8 27 -1
8 41 1
8 45 -1
8 53 1
9 3 1
9 5 1
9 6 1
9 7 1
9 8 1
9 10 -1
9 11 1
9 12 -1
9 13 -1
9 14 1
9 15 1
9 16 -1
9 21 1
9 29 -1
9 34 -1
9 60 -1
10 1 -1
10 2 -1
10 3 1
10 4 1
10 5 1
10 6 -1
10 8 1
10 9 -1
10 12 -1
10 13 -1
10 15 1
10 16 1
10 18 -1
10 22 -1
10 24 -1
10 44 1
11 1 1
11 2 1
11 3 -1
11 4 -1
11 5 -1
11 6 -1
11 8 1
11 9 1
11 12 1
11 13 -1
11 14 -1
11 15 -1
11 23 1
11 41 1
11 47 1
11 59 1
12 1 -1
12 3 -1
12 4 1
12 5 -1
12 6 -1
12 7 1
12 8 -1
12 9 -1
12 10 -1
12 11 1
12 14 -1
12 15 1
12 52 -1
12 61 1
12 63 -1
12 64 -1
13 1 1
13 2 -1
13 4 1
13 5 -1
13 6 1
13 7 -1
13 8 -1
13 9 -1
13 10 -1
13 11 -1
13 14 -1
13 16 1
13 24 1
13 27 -1
13 32 -1
13 58 1
14 1 1
14 2 1
14 3 -1
14 5 1
14 7 1
14 8 -1
14 9 1
14 11 -1
14 12 -1
14 13 -1
14 15 -1
14 16 1
14 30 1
14 40 -1
14 57 -1
14 64 1
15 1 -1
15 2 -1
15 4 -1
15 6 1
15 7 -1
15 8 1
15 9 1
15 10 1
15 11 -1
15 12 1
15 14 -1
15 16 1
15 27 -1
15 28 1
15 38 1
15 56 -1
16 1 -1
16 2 1
16 3 1
16 4 -1
16 5 -1
16 7 1
16 8 -1
16 9 -1
16 10 1
16 13 1
16 14 1
16 15 1
16 18 -1
16 36 -1
16 43 -1
16 64 1
17 5 1
17 6 1
17 18 -1
17 20 1
17 21 -1
17 22 1
17 23 1
17 24 1
17 25 -1
17 26 -1
17 27 -1
17 28 -1
17 29 1
17 31 -1
17 52 -1
18 10 -1
18 16 -1
18 17 -1
18 19 -1
18 20 1
18 21 1
18 22 1
18 24 1
18 26 1
18 27 -1
18 28 1
18 29 1
18 30 -1
18 31 1
18 49 -1
18 64 1
19 18 -1
19 20 -1
19 21 -1
19 22 1
19 24 -1
19 25 -1
19 27 1
19 28 -1
19 29 1
19 30 1
19 31 1
19 32 -1
19 34 -1
19 44 1
19 47 -1
19 49 1
20 17 1
20 18 1
20 19 -1
20 21 1
20 23 -1
20 24 1
20 25 1
20 26 -1
20 27 -1
20 28 -1
20 30 1
20 31 -1
20 35 1
20 45 1
20 59 -1
20 61 1
21 9 1
21 17 -1
21 18 1
21 19 -1
21 20 1
21 23 -1
21 24 -1
21 25 1
21 26 1
21 28 1
21 29 1
21 30 1
21 32 -1
21 42 -1
21 60 1
22 5 1
22 10 -1
22 17 1
22 18 1
22 19 1
22 23 1
22 25 1
22 26 -1
22 27 -1
22 28 1
22 29 1
22 30 1
22 31 1
22 32 1
22 61 -1
22 63 1
23 11 1
23 17 1
23 20 -1
23 21 -1
23 22 1
23 24 1
23 25 -1
23 26 1
23 27 -1
23 29 1
23 30 1
23 31 1
23 32 1
23 44 1
23 51 1
23 63 -1
24 10 -1
24 13 1
24 17 1
24 18 1
24 19 -1
24 20 1
24 21 -1
24 23 1
24 27 -1
24 28 1
24 29 1
24 30 -1
24 31 1
24 32 1
24 38 1
24 40 -1
25 17 -1
25 19 -1
25 20 1
25 21 1
25 22 1
25 23 -1
25 26 1
25 27 -1
25 28 -1
25 29 1
25 30 1
25 32 1
25 45 -1
25 56 -1
25 58 -1
25 63 -1
26 17 -1
26 18 1
26 20 -1
26 21 1
26 22 -1
26 23 1
26 25 1
26 27 -1
26 29 -1
26 30 1
26 31 -1
26 32 1
26 46 -1
26 49 -1
26 50 1
26 62 -1
27 8 -1
27 13 -1
27 15 -1
27 17 -1
27 18 -1
27 19 1
27 20 -1
27 22 -1
27 23 -1
27 24 -1
27 25 -1
27 26 -1
27 29 -1
27 31 -1
27 32 -1
27 36 1
28 3 -1
28 15 1
28 17 -1
28 18 1
28 19 -1
28 20 -1
28 21 1
28 22 1
28 24 1
28 25 -1
28 29 1
28 30 -1
28 31 -1
28 32 -1
28 43 -1
28 59 -1
29 4 1
29 9 -1
29 17 1
29 18 1
29 19 1
29 21 1
29 22 1
29 23 1
29 24 1
29 25 1
29 26 -1
29 27 -1
29 28 1
29 32 1
29 34 1
29 56 -1
30 2 1
30 14 1
30 18 -1
30 19 1
30 20 1
30 21 1
30 22 1
30 23 1
30 24 -1
30 25 1
30 26 1
30 28 -1
30 31 1
30 32 -1
30 37 1
30 53 1
31 17 -1
31 18 1
31 19 1
31 20 -1
31 22 1
31 23 1
31 24 1
31 26 -1
31 27 -1
31 28 -1
31 30 1
31 32 1
31 33 1
31 39 1
31 47 -1
32 2 1
32 3 -1
32 13 -1
32 19 -1
32 21 -1
32 22 1
32 23 1
32 24 1
32 25 1
32 26 1
32 27 -1
32 28 -1
32 29 1
32 30 -1
32 31 1
32 45 1
33 4 -1
33 6 -1
33 31 1
33 34 1
33 35 -1
33 36 1
33 38 -1
33 40 -1
33 41 -1
33 42 1
33 43 1
33 44 1
33 45 -1
33 46 1
33 48 1
33 58 1
34 9 -1
34 19 -1
34 29 1
34 33 1
34 37 1
34 38 1
34 39 1
34 40 1
34 41 -1
34 42 1
34 43 1
34 45 1
34 46 -1
34 47 1
34 48 1
34 57 1
35 5 1
35 6 -1
35 20 1
35 33 -1
35 36 -1
35 37 -1
35 38 -1
35 40 1
35 42 1
35 43 -1
35 44 -1
35 45 1
35 46 -1
35 47 -1
35 48 1
35 51 -1
36 5 -1
36 16 -1
36 27 1
36 33 1
36 35 -1
36 37 1
36 38 1
36 39 -1
36 40 -1
36 41 1
36 42 1
36 43 -1
36 44 1
36 46 -1
36 47 -1
36 55 -1
37 4 1
37 30 1
37 34 1
37 35 -1
37 36 1
37 38 1
37 39 1
37 40 -1
37 41 -1
37 42 1
37 43 -1
37 45 -1
37 47 -1
37 48 -1
37 57 -1
37 58 -1
38 3 1
38 15 1
38 24 1
38 33 -1
38 34 1
38 35 -1
38 36 1
38 37 1
38 39 -1
38 40 1
38 41 1
38 44 1
38 45 -1
38 46 1
38 48 -1
38 55 -1
39 7 -1
39 31 1
39 34 1
39 36 -1
39 37 1
39 38 -1
39 40 -1
39 41 1
39 42 -1
39 43 1
39 44 -1
39 45 -1
39 46 -1
39 47 1
39 49 -1
40 14 -1
40 24 -1
40 33 -1
40 34 1
40 35 1
40 36 -1
40 37 -1
40 38 1
40 39 -1
40 41 -1
40 42 1
40 44 1
40 45 1
40 48 -1
40 60 1
40 62 -1
41 8 1
41 11 1
41 33 -1
41 34 -1
41 36 1
41 37 -1
41 38 1
41 39 1
41 40 -1
41 42 -1
41 44 -1
41 46 -1
41 47 1
41 48 1
41 62 -1
42 1 1
42 2 -1
42 21 -1
42 33 1
42 34 1
42 35 1
42 36 1
42 37 1
42 39 -1
42 40 1
42 41 -1
42 43 1
42 44 -1
42 46 -1
42 47 -1
43 16 -1
43 28 -1
43 33 1
43 34 1
43 35 -1
43 36 -1
43 37 -1
43 39 1
43 42 1
43 44 -1
43 45 1
43 46 -1
43 47 1
43 48 1
43 51 1
43 53 1
44 10 1
44 19 1
44 23 1
44 33 1
44 35 -1
44 36 1
44 38 1
44 39 -1
44 40 1
44 41 -1
44 42 -1
44 43 -1
44 45 -1
44 47 -1
44 48 -1
44 54 -1
45 8 -1
45 20 1
45 25 -1
45 32 1
45 33 -1
45 34 1
45 35 1
45 37 -1
45 38 -1
45 39 -1
45 40 1
45 43 1
45 44 -1
45 46 -1
45 47 1
45 48 -1
46 26 -1
46 33 1
46 34 -1
46 35 -1
46 36 -1
46 38 1
46 39 -1
46 41 -1
46 42 -1
46 43 -1
46 45 -1
46 47 -1
46 48 -1
46 50 -1
46 54 -1
47 11 1
47 19 -1
47 31 -1
47 34 1
47 35 -1
47 36 -1
47 37 -1
47 39 1
47 41 1
47 42 -1
47 43 1
47 44 -1
47 45 1
47 46 -1
47 48 1
47 56 -1
48 6 -1
48 33 1
48 34 1
48 35 1
48 37 -1
48 38 -1
48 40 -1
48 41 1
48 43 1
48 44 -1
48 45 -1
48 46 -1
48 47 1
48 50 -1
48 54 -1
49 18 -1
49 19 1
49 26 -1
49 39 -1
49 50 -1
49 51 -1
49 53 -1
49 55 -1
49 56 1
49 57 -1
49 58 1
49 59 -1
49 60 1
49 61 1
49 62 -1
49 63 -1
50 26 1
50 46 -1
50 48 -1
50 49 -1
50 51 -1
50 53 1
50 54 -1
50 55 1
50 56 1
50 57 1
50 58 1
50 59 1
50 61 -1
50 63 -1
50 64 1
51 4 1
51 23 1
51 35 -1
51 43 1
51 49 -1
51 50 -1
51 52 -1
51 53 -1
51 54 -1
51 55 1
51 57 1
51 59 1
51 61 -1
51 62 -1
51 63 1
51 64 1
52 1 1
52 12 -1
52 17 -1
52 51 -1
52 53 -1
52 54 1
52 55 -1
52 57 -1
52 58 -1
52 59 1
52 60 1
52 61 -1
52 62 1
52 63 1
52 64 1
53 7 1
53 8 1
53 30 1
53 43 1
53 49 -1
53 50 1
53 51 -1
53 52 -1
53 54 -1
53 56 1
53 59 -1
53 60 1
53 61 -1
53 62 -1
53 63 -1
53 64 -1
54 44 -1
54 46 -1
54 48 -1
54 50 -1
54 51 -1
54 52 1
54 53 -1
54 55 -1
54 56 1
54 57 1
54 58 1
54 59 -1
54 60 -1
54 62 1
54 64 -1
55 7 1
55 36 -1
55 38 -1
55 49 -1
55 50 1
55 51 1
55 52 -1
55 54 -1
55 56 1
55 57 -1
55 60 1
55 61 1
55 62 1
55 63 -1
55 64 1
56 15 -1
56 25 -1
56 29 -1
56 47 -1
56 49 1
56 50 1
56 53 1
56 54 1
56 55 1
56 58 1
56 59 -1
56 60 1
56 61 1
56 62 -1
56 63 1
56 64 1
57 1 -1
57 14 -1
57 34 1
57 37 -1
57 49 -1
57 50 1
57 51 1
57 52 -1
57 54 1
57 55 -1
57 58 -1
57 59 1
57 60 -1
57 61 1
57 62 -1
57 63 -1
58 13 1
58 25 -1
58 33 1
58 37 -1
58 49 1
58 50 1
58 52 -1
58 54 1
58 56 1
58 57 -1
58 59 1
58 60 -1
58 61 1
58 62 1
58 63 1
58 64 1
59 2 1
59 11 1
59 20 -1
59 28 -1
59 49 -1
59 50 1
59 51 1
59 52 1
59 53 -1
59 54 -1
59 56 -1
59 57 1
59 58 1
59 60 1
59 62 -1
59 63 -1
60 1 1
60 9 -1
60 21 1
60 40 1
60 49 1
60 52 1
60 53 1
60 54 -1
60 55 1
60 56 1
60 57 -1
60 58 -1
60 59 1
60 61 -1
60 63 -1
60 64 -1
61 3 1
61 12 1
61 20 1
61 22 -1
61 49 1
61 50 -1
61 51 -1
61 52 -1
61 53 -1
61 55 1
61 56 1
61 57 1
61 58 1
61 60 -1
61 62 1
61 64 -1
62 26 -1
62 40 -1
62 41 -1
62 49 -1
62 51 -1
62 52 1
62 53 -1
62 54 1
62 55 1
62 56 -1
62 57 -1
62 58 1
62 59 -1
62 61 1
62 64 1
63 12 -1
63 22 1
63 23 -1
63 25 -1
63 49 -1
63 50 -1
63 51 1
63 52 1
63 53 -1
63 55 -1
63 56 1
63 57 -1
63 58 1
63 59 -1
63 60 -1
63 64 1
64 12 -1
64 14 1
64 16 1
64 18 1
64 50 1
64 51 1
64 52 1
64 53 -1
64 54 -1
64 55 1
64 56 1
64 58 1
64 60 -1
64 61 -1
64 62 1
64 63 1
