1 2 -1
1 3 -1
1 4 1
1 5 -1
1 6 -1
1 7 -1
1 8 -1
1 9 1
1 12 1
1 13 1
1 14 -1
1 15 -1
1 43 -1
1 51 1
1 63 -1
2 1 -1
2 5 -1
2 6 1
2 7 -1
2 9 1
2 10 -1
2 11 1
2 12 -1
2 13 -1
2 14 1
2 15 -1
2 16 1
2 34 1
2 52 -1
2 54 -1
2 64 -1
3 1 -1
3 4 1
3 6 1
3 7 -1
3 8 1
3 9 1
3 10 1
3 11 1
3 12 1
3 14 -1
3 15 1
3 16 -1
3 25 1
3 48 -1
3 52 -1
3 58 1
4 1 1
4 3 1
4 5 1
4 6 -1
4 7 -1
4 9 -1
4 10 1
4 11 1
4 13 -1
4 14 1
4 15 -1
4 16 -1
4 20 1
4 21 -1
4 40 -1
4 57 -1
5 1 -1
5 2 -1
5 4 1
5 8 -1
5 9 1
5 10 1
5 11 -1
5 12 1
5 13 1
5 14 1
5 15 -1
5 16 -1
5 29 -1
5 47 -1
5 48 -1
5 59 -1
6 1 -1
6 2 1
6 3 1
6 4 -1
6 7 1
6 8 1
6 9 1
6 10 -1
6 11 1
6 12 -1
6 14 -1
6 16 -1
6 21 1
6 23 1
6 34 1
6 50 1
7 1 -1
7 2 -1
7 3 -1
7 4 -1
7 6 1
7 8 -1
7 10 -1
7 11 -1
7 12 1
7 13 -1
7 15 -1
7 16 -1
7 26 -1
7 28 -1
7 38 -1
7 60 -1
8 1 -1
8 3 1
8 5 -1
8 6 1
8 7 -1
8 9 -1
8 11 1
8 12 -1
8 13 -1
8 14 1
8 15 -1
8 16 -1
8 25 1
8 34 1
8 49 -1
8 60 -1
9 1 1
9 2 1
9 3 1
9 4 -1
9 5 1
9 6 1
9 8 -1
9 10 1
9 12 1
9 13 -1
9 14 -1
9 15 1
9 19 1
9 30 -1
9 46 -1
9 62 -1
10 2 -1
10 3 1
10 4 1
10 5 1
10 6 -1
10 7 -1
10 9 1
10 11 -1
10 13 1
10 14 -1
10 15 -1
10 16 -1
10 33 1
10 39 1
10 53 -1
11 2 1
11 3 1
11 4 1
11 5 -1
11 6 1
11 7 -1
11 8 1
11 10 -1
11 12 1
11 13 -1
11 14 -1
11 16 -1
11 18 -1
11 38 1
11 50 1
11 56 1
12 1 1
12 2 -1
12 3 1
12 5 1
12 6 -1
12 7 1
12 8 -1
12 9 1
12 11 1
12 13 1
12 14 -1
12 15 -1
12 22 -1
12 30 -1
12 40 -1
12 56 -1
13 1 1
13 2 -1
13 4 -1
13 5 1
13 7 -1
13 8 -1
13 9 -1
13 10 1
13 11 -1
13 12 1
13 15 1
13 16 -1
13 33 -1
13 46 -1
13 49 -1
13 58 -1
14 1 -1
14 2 1
14 3 -1
14 4 1
14 5 1
14 6 -1
14 8 1
14 9 -1
14 10 -1
14 11 -1
14 12 -1
14 16 -1
14 39 -1
14 41 -1
14 55 -1
14 64 1
15 1 -1
15 2 -1
15 3 1
15 4 -1
15 5 -1
15 7 -1
15 8 -1
15 9 1
15 10 -1
15 12 -1
15 13 1
15 16 1
15 28 1
15 30 -1
15 58 1
15 60 -1
16 2 1
16 3 -1
16 4 -1
16 5 -1
16 6 -1
16 7 -1
16 8 -1
16 10 -1
16 11 -1
16 13 -1
16 14 -1
16 15 1
16 18 -1
16 24 1
16 29 -1
16 64 1
17 18 -1
17 19 -1
17 21 1
17 22 -1
17 23 -1
17 24 1
17 25 -1
17 26 1
17 29 -1
17 30 -1
17 31 -1
17 32 1
17 36 1
17 43 1
17 52 1
17 56 1
18 11 -1
18 16 -1
18 17 -1
18 19 -1
18 20 -1
18 21 -1
18 22 1
18 24 1
18 25 -1
18 26 -1
18 27 -1
18 28 1
18 30 1
18 32 1
18 50 -1
18 64 -1
19 9 1
19 17 -1
19 18 -1
19 20 -1
19 22 1
19 23 1
19 24 -1
19 25 -1
19 26 -1
19 27 1
19 28 -1
19 29 -1
19 31 1
19 37 -1
19 62 1
19 63 1
20 4 1
20 18 -1
20 19 -1
20 21 -1
20 22 1
20 23 1
20 25 -1
20 27 1
20 28 1
20 29 -1
20 30 1
20 31 1
20 32 -1
20 39 -1
20 52 1
20 54 1
21 4 -1
21 6 1
21 17 1
21 18 -1
21 20 -1
21 23 -1
21 24 1
21 25 -1
21 26 -1
21 27 -1
21 28 -1
21 29 -1
21 31 1
21 32 1
21 42 1
21 58 -1
22 12 -1
22 17 -1
22 18 1
22 19 1
22 20 1
22 24 1
22 26 -1
22 27 -1
22 28 -1
22 29 -1
22 30 1
22 31 -1
22 32 1
22 33 1
22 40 -1
22 54 -1
23 6 1
23 17 -1
23 19 1
23 20 1
23 21 -1
23 24 1
23 25 1
23 26 -1
23 27 -1
23 28 -1
23 29 1
23 30 -1
23 31 -1
23 34 -1
23 37 -1
23 44 -1
24 16 1
24 17 1
24 18 1
24 19 -1
24 21 1
24 22 1
24 23 1
24 25 -1
24 27 1
24 28 1
24 29 -1
24 30 -1
24 31 -1
24 40 -1
24 41 1
24 47 1
25 3 1
25 8 1
25 17 -1
25 18 -1
25 19 -1
25 20 -1
25 21 -1
25 23 1
25 24 -1
25 26 -1
25 28 1
25 30 -1
25 31 -1
25 32 -1
25 44 -1
25 55 1
26 7 -1
26 17 1
26 18 -1
26 19 -1
26 21 -1
26 22 -1
26 23 -1
26 25 -1
26 27 -1
26 28 -1
26 30 1
26 31 -1
26 32 1
26 45 -1
26 63 1
27 18 -1
27 19 1
27 20 1
27 21 -1
27 22 -1
27 23 -1
27 24 1
27 26 -1
27 28 1
27 29 1
27 30 -1
27 32 -1
27 36 -1
27 44 -1
27 50 -1
27 62 -1
28 7 -1
28 15 1
28 18 1
28 19 -1
28 20 1
28 21 -1
28 22 -1
28 23 -1
28 24 1
28 25 1
28 26 -1
28 27 1
28 29 -1
28 32 -1
28 33 1
28 39 -1
29 5 -1
29 16 -1
29 17 -1
29 19 -1
29 20 -1
29 21 -1
29 22 -1
29 23 1
29 24 -1
29 27 1
29 28 -1
29 30 1
29 31 1
29 32 -1
29 47 1
29 49 1
30 9 -1
30 12 -1
30 15 -1
30 17 -1
30 18 1
30 20 1
30 22 1
30 23 -1
30 24 -1
30 25 -1
30 26 1
30 27 -1
30 29 1
30 31 -1
30 32 1
30 35 -1
31 17 -1
31 19 1
31 20 1
31 21 1
31 22 -1
31 23 -1
31 24 -1
31 25 -1
31 26 -1
31 29 1
31 30 -1
31 32 -1
31 36 -1
31 46 1
31 60 -1
32 17 1
32 18 1
32 20 -1
32 21 1
32 22 1
32 25 -1
32 26 1
32 27 -1
32 28 -1
32 29 -1
32 30 1
32 31 -1
32 41 1
32 43 -1
32 55 -1
32 59 -1
33 10 1
33 13 -1
33 22 1
33 28 1
33 35 1
33 36 -1
33 37 -1
33 38 1
33 40 -1
33 41 -1
33 42 -1
33 43 1
33 45 1
33 46 -1
33 47 1
33 48 1
34 2 1
34 6 1
34 8 1
34 23 -1
34 35 1
34 36 -1
34 38 -1
34 39 1
34 40 1
34 41 -1
34 42 -1
34 43 1
34 45 1
34 46 -1
34 47 -1
34 48 1
35 30 -1
35 33 1
35 34 1
35 36 1
35 37 -1
35 39 -1
35 40 -1
35 41 1
35 43 -1
35 44 1
35 45 1
35 47 1
35 48 -1
35 56 1
35 61 -1
35 62 1
36 17 1
36 27 -1
36 31 -1
36 33 -1
36 34 -1
36 35 1
36 37 -1
36 39 -1
36 40 1
36 41 -1
36 42 1
36 43 1
36 44 -1
36 46 1
36 47 1
36 51 -1
37 19 -1
37 23 -1
37 33 -1
37 35 -1
37 36 -1
37 38 -1
37 39 -1
37 41 -1
37 42 -1
37 43 -1
37 44 -1
37 45 1
37 46 -1
37 48 1
37 55 1
37 61 -1
38 7 -1
38 11 1
38 33 1
38 34 -1
38 37 -1
38 39 -1
38 40 -1
38 42 -1
38 43 1
38 44 -1
38 45 -1
38 46 -1
38 47 -1
38 48 -1
38 49 1
38 53 1
39 10 1
39 14 -1
39 20 -1
39 28 -1
39 34 1
39 35 -1
39 36 -1
39 37 -1
39 38 -1
39 41 -1
39 42 -1
39 44 -1
39 45 1
39 46 -1
39 47 1
39 48 1
40 4 -1
40 12 -1
40 22 -1
40 24 -1
40 33 -1
40 34 1
40 35 -1
40 36 1
40 38 -1
40 41 1
40 42 -1
40 43 -1
40 44 -1
40 46 -1
40 47 -1
40 48 -1
41 14 -1
41 24 1
41 32 1
41 33 -1
41 34 -1
41 35 1
41 36 -1
41 37 -1
41 39 -1
41 40 1
41 43 -1
41 44 -1
41 45 1
41 46 -1
41 48 -1
41 54 -1
42 21 1
42 33 -1
42 34 -1
42 36 1
42 37 -1
42 38 -1
42 39 -1
42 40 -1
42 44 1
42 45 -1
42 46 1
42 47 1
42 48 -1
42 53 -1
42 57 1
42 59 1
43 1 -1
43 17 1
43 32 -1
43 33 1
43 34 1
43 35 -1
43 36 1
43 37 -1
43 38 1
43 40 -1
43 41 -1
43 45 -1
43 46 1
43 47 -1
43 48 -1
44 23 -1
44 25 -1
44 27 -1
44 35 1
44 36 -1
44 37 -1
44 38 -1
44 39 -1
44 40 -1
44 41 -1
44 42 1
44 45 1
44 46 1
44 47 -1
44 48 1
44 57 -1
45 26 -1
45 33 1
45 34 1
45 35 1
45 37 1
45 38 -1
45 39 1
45 41 1
45 42 -1
45 43 -1
45 44 1
45 46 1
45 47 -1
45 51 1
45 61 -1
46 9 -1
46 13 -1
46 31 1
46 33 -1
46 34 -1
46 36 1
46 37 -1
46 38 -1
46 39 -1
46 40 -1
46 41 -1
46 42 1
46 43 1
46 44 1
46 45 1
47 5 -1
47 24 1
47 29 1
47 33 1
47 34 -1
47 35 1
47 36 1
47 38 -1
47 39 1
47 40 -1
47 42 1
47 43 -1
47 44 -1
47 45 -1
47 48 1
47 57 -1
48 3 -1
48 5 -1
48 33 1
48 34 1
48 35 -1
48 37 1
48 38 -1
48 39 1
48 40 -1
48 41 -1
48 42 -1
48 43 -1
48 44 1
48 47 1
48 59 -1
48 61 -1
49 8 -1
49 13 -1
49 29 1
49 38 1
49 50 -1
49 51 1
49 52 1
49 53 -1
49 55 1
49 56 1
49 58 -1
49 59 -1
49 60 -1
49 61 -1
49 63 -1
49 64 -1
50 6 1
50 11 1
50 18 -1
50 27 -1
50 49 -1
50 51 -1
50 52 -1
50 53 1
50 54 1
50 56 -1
50 57 -1
50 58 -1
50 60 -1
50 62 1
50 63 -1
50 64 -1
51 1 1
51 36 -1
51 45 1
51 49 1
51 50 -1
51 52 -1
51 54 -1
51 55 1
51 56 -1
51 58 -1
51 59 1
51 60 -1
51 61 1
51 62 -1
51 64 1
52 2 -1
52 3 -1
52 17 1
52 20 1
52 49 1
52 50 -1
52 51 -1
52 53 -1
52 54 -1
52 55 -1
52 56 1
52 57 1
52 59 1
52 60 1
52 61 1
52 63 -1
53 10 -1
53 38 1
53 42 -1
53 49 -1
53 50 1
53 52 -1
53 54 1
53 55 -1
53 57 1
53 58 1
53 59 -1
53 60 -1
53 62 -1
53 63 1
53 64 -1
54 2 -1
54 20 1
54 22 -1
54 41 -1
54 50 1
54 51 -1
54 52 -1
54 53 1
54 55 1
54 56 -1
54 57 -1
54 58 -1
54 59 -1
54 60 -1
54 62 -1
54 63 1
55 14 -1
55 25 1
55 32 -1
55 37 1
55 49 1
55 51 1
55 52 -1
55 53 -1
55 54 1
55 56 -1
55 57 -1
55 60 1
55 61 -1
55 62 -1
55 63 -1
55 64 1
56 11 1
56 12 -1
56 17 1
56 35 1
56 49 1
56 50 -1
56 51 -1
56 52 1
56 54 -1
56 55 -1
56 57 1
56 59 -1
56 60 -1
56 61 -1
56 62 -1
56 63 -1
57 4 -1
57 42 1
57 44 -1
57 47 -1
57 50 -1
57 52 1
57 53 1
57 54 -1
57 55 -1
57 56 1
57 58 -1
57 59 -1
57 61 -1
57 62 -1
57 63 1
57 64 1
58 3 1
58 13 -1
58 15 1
58 21 -1
58 49 -1
58 50 -1
58 51 -1
58 53 1
58 54 -1
58 57 -1
58 59 1
58 60 -1
58 61 1
58 62 -1
58 63 1
58 64 1
59 5 -1
59 32 -1
59 42 1
59 48 -1
59 49 -1
59 51 1
59 52 1
59 53 -1
59 54 -1
59 56 -1
59 57 -1
59 58 1
59 61 -1
59 62 -1
59 63 1
59 64 -1
60 7 -1
60 8 -1
60 15 -1
60 31 -1
60 49 -1
60 50 -1
60 51 -1
60 52 1
60 53 -1
60 54 -1
60 55 1
60 56 -1
60 58 -1
60 61 -1
60 62 1
60 64 1
61 35 -1
61 37 -1
61 45 -1
61 48 -1
61 49 -1
61 51 1
61 52 1
61 55 -1
61 56 -1
61 57 -1
61 58 1
61 59 -1
61 60 -1
61 62 -1
61 63 1
61 64 -1
62 9 -1
62 19 1
62 27 -1
62 35 1
62 50 1
62 51 -1
62 53 -1
62 54 -1
62 55 -1
62 56 -1
62 57 -1
62 58 -1
62 59 -1
62 60 1
62 61 -1
62 64 -1
63 1 -1
63 19 1
63 26 1
63 49 -1
63 50 -1
63 52 -1
63 53 1
63 54 1
63 55 -1
63 56 -1
63 57 1
63 58 1
63 59 1
63 61 1
63 64 1
64 2 -1
64 14 1
64 16 1
64 18 -1
64 49 -1
64 50 -1
64 51 1
64 53 -1
64 55 1
64 57 1
64 58 1
64 59 -1
64 60 1
64 61 -1
64 62 -1
64 63 1
