1 2 -1
1 3 1
1 4 1
1 5 1
1 6 -1
1 8 1
1 9 -1
1 10 -1
1 11 1
1 12 1
1 13 1
1 15 1
1 20 1
1 26 1
1 29 -1
1 57 1
2 1 -1
2 4 -1
2 5 1
2 6 1
2 7 1
2 8 -1
2 10 1
2 12 1
2 13 1
2 14 -1
2 15 -1
2 16 1
2 49 -1
2 51 1
2 61 -1
3 1 1
3 4 1
3 6 1
3 7 1
3 8 -1
3 9 1
3 10 -1
3 11 1
3 13 -1
3 14 -1
3 15 -1
3 16 -1
3 33 1
3 37 1
3 53 -1
4 1 1
4 2 -1
4 3 1
4 5 -1
4 6 1
4 7 -1
4 9 1
4 12 1
4 13 1
4 14 1
4 15 1
4 16 1
4 30 1
4 32 1
4 35 1
4 42 -1
5 1 1
5 2 1
5 4 -1
5 6 -1
5 7 1
5 9 1
5 10 -1
5 11 1
5 12 -1
5 13 1
5 14 1
5 16 -1
5 18 -1
5 26 -1
5 29 -1
5 39 1
6 1 -1
6 2 1
6 3 1
6 4 1
6 5 -1
6 7 1
6 8 1
6 9 1
6 11 1
6 12 1
6 14 -1
6 16 -1
6 45 -1
6 47 1
6 51 1
6 59 1
7 2 1
7 3 1
7 4 -1
7 5 1
7 6 1
7 8 1
7 9 -1
7 10 -1
7 11 -1
7 13 1
7 14 1
7 15 1
7 23 1
7 31 -1
7 35 1
7 43 1
8 1 1
8 2 -1
8 3 -1
8 6 1
8 7 1
8 9 1
8 10 1
8 12 1
8 13 1
8 14 -1
8 15 1
8 16 -1
8 33 1
8 46 1
8 48 -1
9 1 -1
9 3 1
9 4 1
9 5 1
9 6 1
9 7 -1
9 8 1
9 10 1
9 11 1
9 12 -1
9 15 1
9 16 -1
9 17 1
9 19 -1
9 28 -1
9 31 1
10 1 -1
10 2 1
10 3 -1
10 5 -1
10 7 -1
10 8 1
10 9 1
10 11 -1
10 12 1
10 13 1
10 14 1
10 15 1
10 25 1
10 34 -1
10 58 1
10 60 1
11 1 1
11 3 1
11 5 1
11 6 1
11 7 -1
11 9 1
11 10 -1
11 12 1
11 13 1
11 14 1
11 15 1
11 16 -1
11 32 1
11 34 1
11 45 1
11 46 1
12 1 1
12 2 1
12 4 1
12 5 -1
12 6 1
12 8 1
12 9 -1
12 10 1
12 11 1
12 14 -1
12 15 1
12 16 -1
12 34 1
12 43 -1
12 48 1
12 54 1
13 1 1
13 2 1
13 3 -1
13 4 1
13 5 1
13 7 1
13 8 1
13 10 1
13 11 1
13 14 1
13 15 1
13 16 1
13 26 1
13 31 -1
13 43 1
13 52 -1
14 2 -1
14 3 -1
14 4 1
14 5 1
14 6 -1
14 7 1
14 8 -1
14 10 1
14 11 1
14 12 -1
14 13 1
14 16 1
14 50 1
14 52 1
14 58 1
14 62 1
15 1 1
15 2 -1
15 3 -1
15 4 1
15 7 1
15 8 1
15 9 1
15 10 1
15 11 1
15 12 1
15 13 1
15 16 1
15 25 -1
15 41 1
15 55 1
15 57 -1
16 2 1
16 3 -1
16 4 1
16 5 -1
16 6 -1
16 8 -1
16 9 -1
16 11 -1
16 12 -1
16 13 1
16 14 1
16 15 1
16 19 1
16 20 1
16 28 1
16 42 -1
17 9 1
17 18 1
17 19 1
17 20 1
17 21 1
17 23 1
17 24 1
17 26 1
17 27 1
17 29 1
17 30 1
17 31 1
17 32 1
17 44 1
17 48 1
17 64 1
18 5 -1
18 17 1
18 19 1
18 20 1
18 21 1
18 22 1
18 23 -1
18 25 1
18 26 -1
18 27 -1
18 28 1
18 31 -1
18 32 -1
18 44 -1
18 55 1
18 63 1
19 9 -1
19 16 1
19 17 1
19 18 1
19 20 1
19 21 -1
19 22 1
19 23 1
19 24 -1
19 28 1
19 29 1
19 30 1
19 31 -1
19 32 -1
19 52 -1
19 53 1
20 1 1
20 16 1
20 17 1
20 18 1
20 19 1
20 22 1
20 23 -1
20 24 1
20 25 1
20 27 1
20 29 1
20 30 1
20 31 1
20 32 1
20 50 1
20 63 1
21 17 1
21 18 1
21 19 -1
21 22 1
21 24 1
21 25 1
21 26 1
21 28 1
21 29 1
21 30 1
21 31 1
21 32 1
21 38 1
21 42 1
21 57 1
21 59 -1
22 18 1
22 19 1
22 20 1
22 21 1
22 24 -1
22 25 1
22 26 -1
22 27 -1
22 28 -1
22 29 -1
22 30 -1
22 31 1
22 46 1
22 58 1
22 62 1
22 64 1
23 7 1
23 17 1
23 18 -1
23 19 1
23 20 -1
23 24 1
23 26 -1
23 27 1
23 28 1
23 29 1
23 30 -1
23 31 -1
23 32 1
23 38 1
23 49 1
23 60 -1
24 17 1
24 19 -1
24 20 1
24 21 1
24 22 -1
24 23 1
24 25 1
24 26 -1
24 27 1
24 28 1
24 30 1
24 32 1
24 36 -1
24 45 1
24 47 -1
24 62 1
25 10 1
25 15 -1
25 18 1
25 20 1
25 21 1
25 22 1
25 24 1
25 26 1
25 27 -1
25 28 -1
25 29 1
25 30 1
25 31 1
25 32 1
25 35 1
25 39 1
26 1 1
26 5 -1
26 13 1
26 17 1
26 18 -1
26 21 1
26 22 -1
26 23 -1
26 24 -1
26 25 1
26 27 1
26 28 1
26 29 1
26 30 1
26 32 1
26 56 -1
27 17 1
27 18 -1
27 20 1
27 22 -1
27 23 1
27 24 1
27 25 -1
27 26 1
27 28 1
27 29 1
27 31 1
27 32 1
27 40 1
27 42 -1
27 57 1
27 62 1
28 9 -1
28 16 1
28 18 1
28 19 1
28 21 1
28 22 -1
28 23 1
28 24 1
28 25 -1
28 26 1
28 27 1
28 29 1
28 31 1
28 32 1
28 53 -1
28 56 1
29 1 -1
29 5 -1
29 17 1
29 19 1
29 20 1
29 21 1
29 22 -1
29 23 1
29 25 1
29 26 1
29 27 1
29 28 1
29 30 -1
29 31 -1
29 33 -1
29 61 1
30 4 1
30 17 1
30 19 1
30 20 1
30 21 1
30 22 -1
30 23 -1
30 24 1
30 25 1
30 26 1
30 29 -1
30 31 1
30 32 -1
30 38 1
30 54 -1
30 64 1
31 7 -1
31 9 1
31 13 -1
31 17 1
31 18 -1
31 19 -1
31 20 1
31 21 1
31 22 1
31 23 -1
31 25 1
31 27 1
31 28 1
31 29 -1
31 30 1
31 60 1
32 4 1
32 11 1
32 17 1
32 18 -1
32 19 -1
32 20 1
32 21 1
32 23 1
32 24 1
32 25 1
32 26 1
32 27 1
32 28 1
32 30 -1
32 35 1
32 47 -1
33 3 1
33 8 1
33 29 -1
33 34 -1
33 36 1
33 37 1
33 38 -1
33 39 -1
33 40 1
33 42 1
33 43 1
33 45 -1
33 46 1
33 47 1
33 48 1
34 10 -1
34 11 1
34 12 1
34 33 -1
34 35 1
34 37 1
34 38 1
34 39 1
34 40 1
34 41 -1
34 43 1
34 44 1
34 45 1
34 46 1
34 48 1
34 49 1
35 4 1
35 7 1
35 25 1
35 32 1
35 34 1
35 36 1
35 37 -1
35 40 1
35 41 1
35 42 -1
35 43 1
35 44 1
35 45 -1
35 46 1
35 47 1
35 48 -1
36 24 -1
36 33 1
36 35 1
36 38 1
36 39 -1
36 40 1
36 41 -1
36 42 1
36 43 1
36 44 1
36 45 1
36 47 1
36 48 1
36 52 1
36 54 -1
36 61 1
37 3 1
37 33 1
37 34 1
37 35 -1
37 38 1
37 40 -1
37 41 -1
37 43 -1
37 44 -1
37 45 1
37 46 1
37 47 1
37 48 1
37 51 1
37 55 -1
37 58 1
38 21 1
38 23 1
38 30 1
38 33 -1
38 34 1
38 36 1
38 37 1
38 39 1
38 40 1
38 42 1
38 43 -1
38 45 1
38 46 1
38 47 1
38 48 1
38 61 1
39 5 1
39 25 1
39 33 -1
39 34 1
39 36 -1
39 38 1
39 40 1
39 41 1
39 42 -1
39 44 1
39 45 1
39 46 1
39 47 -1
39 48 -1
39 50 -1
39 60 1
40 27 1
40 33 1
40 34 1
40 35 1
40 36 1
40 37 -1
40 38 1
40 39 1
40 41 1
40 43 1
40 44 1
40 45 1
40 47 1
40 55 1
40 56 1
40 63 -1
41 15 1
41 34 -1
41 35 1
41 36 -1
41 37 -1
41 39 1
41 40 1
41 42 1
41 43 -1
41 44 1
41 46 1
41 47 1
41 48 -1
41 50 -1
41 53 1
41 54 1
42 4 -1
42 16 -1
42 21 1
42 27 -1
42 33 1
42 35 -1
42 36 1
42 38 1
42 39 -1
42 41 1
42 43 1
42 44 1
42 45 1
42 46 1
42 47 -1
42 48 -1
43 7 1
43 12 -1
43 13 1
43 33 1
43 34 1
43 35 1
43 36 1
43 37 -1
43 38 -1
43 40 1
43 41 -1
43 42 1
43 44 1
43 46 -1
43 48 1
43 64 1
44 17 1
44 18 -1
44 34 1
44 35 1
44 36 1
44 37 -1
44 39 1
44 40 1
44 41 1
44 42 1
44 43 1
44 45 1
44 47 1
44 48 1
44 56 -1
44 63 1
45 6 -1
45 11 1
45 24 1
45 33 -1
45 34 1
45 35 -1
45 36 1
45 37 1
45 38 1
45 39 1
45 40 1
45 42 1
45 44 1
45 46 1
45 47 1
45 59 1
46 8 1
46 11 1
46 22 1
46 33 1
46 34 1
46 35 1
46 37 1
46 38 1
46 39 1
46 41 1
46 42 1
46 43 -1
46 45 1
46 47 1
46 48 1
46 59 1
47 6 1
47 24 -1
47 32 -1
47 33 1
47 35 1
47 36 1
47 37 1
47 38 1
47 39 -1
47 40 1
47 41 1
47 42 -1
47 44 1
47 45 1
47 46 1
47 51 1
48 8 -1
48 12 1
48 17 1
48 33 1
48 34 1
48 35 -1
48 36 1
48 37 1
48 38 1
48 39 -1
48 41 -1
48 42 -1
48 43 1
48 44 1
48 46 1
49 2 -1
49 23 1
49 34 1
49 50 1
49 51 1
49 52 1
49 53 1
49 54 -1
49 55 -1
49 56 1
49 57 1
49 58 1
49 61 1
49 63 1
49 64 1
50 14 1
50 20 1
50 39 -1
50 41 -1
50 49 1
50 52 1
50 53 -1
50 55 1
50 56 -1
50 57 -1
50 59 -1
50 60 1
50 61 1
50 62 -1
50 63 1
50 64 1
51 2 1
51 6 1
51 37 1
51 47 1
51 49 1
51 52 -1
51 53 1
51 54 1
51 55 1
51 56 1
51 58 1
51 60 1
51 61 1
51 62 -1
51 63 -1
51 64 1
52 13 -1
52 14 1
52 19 -1
52 36 1
52 49 1
52 50 1
52 51 -1
52 53 1
52 55 -1
52 56 1
52 58 -1
52 59 1
52 60 1
52 61 1
52 62 1
52 64 1
53 3 -1
53 19 1
53 28 -1
53 41 1
53 49 1
53 50 -1
53 51 1
53 52 1
53 54 -1
53 55 -1
53 56 -1
53 57 1
53 58 1
53 59 1
53 63 1
53 64 1
54 12 1
54 30 -1
54 36 -1
54 41 1
54 49 -1
54 51 1
54 53 -1
54 55 1
54 56 1
54 57 1
54 59 -1
54 60 -1
54 61 1
54 62 1
54 63 -1
54 64 1
55 15 1
55 18 1
55 37 -1
55 40 1
55 49 -1
55 50 1
55 51 1
55 52 -1
55 53 -1
55 54 1
55 57 1
55 58 -1
55 59 1
55 61 1
55 62 -1
55 63 -1
56 26 -1
56 28 1
56 40 1
56 44 -1
56 49 1
56 50 -1
56 51 1
56 52 1
56 53 -1
56 54 1
56 57 -1
56 59 1
56 60 -1
56 61 1
56 62 1
56 63 -1
57 1 1
57 15 -1
57 21 1
57 27 1
57 49 1
57 50 -1
57 53 1
57 54 1
57 55 1
57 56 -1
57 58 1
57 59 -1
57 60 1
57 62 1
57 63 1
57 64 -1
58 10 1
58 14 1
58 22 1
58 37 1
58 49 1
58 51 1
58 52 -1
58 53 1
58 55 -1
58 57 1
58 59 1
58 60 1
58 61 -1
58 62 -1
58 63 -1
58 64 1
59 6 1
59 21 -1
59 45 1
59 46 1
59 50 -1
59 52 1
59 53 1
59 54 -1
59 55 1
59 56 1
59 57 -1
59 58 1
59 60 -1
59 61 1
59 62 1
59 63 1
60 10 1
60 23 -1
60 31 1
60 39 1
60 50 1
60 51 1
60 52 1
60 54 -1
60 56 -1
60 57 1
60 58 1
60 59 -1
60 61 1
60 62 1
60 63 1
60 64 1
61 2 -1
61 29 1
61 36 1
61 38 1
61 49 1
61 50 1
61 51 1
61 52 1
61 54 1
61 55 1
61 56 1
61 58 -1
61 59 1
61 60 1
61 62 1
61 64 1
62 14 1
62 22 1
62 24 1
62 27 1
62 50 -1
62 51 -1
62 52 1
62 54 1
62 55 -1
62 56 1
62 57 1
62 58 -1
62 59 1
62 60 1
62 61 1
62 64 -1
63 18 1
63 20 1
63 40 -1
63 44 1
63 49 1
63 50 1
63 51 -1
63 53 1
63 54 -1
63 55 -1
63 56 -1
63 57 1
63 58 -1
63 59 1
63 60 1
63 64 -1
64 17 1
64 22 1
64 30 1
64 43 1
64 49 1
64 50 1
64 51 1
64 52 1
64 53 1
64 54 1
64 57 -1
64 58 1
64 60 1
64 61 1
64 62 -1
64 63 -1
