1 2 -1
1 4 -1
1 5 -1
1 6 -1
1 7 -1
1 8 -1
1 10 -1
1 11 -1
1 12 -1
1 14 -1
1 15 -1
1 16 -1
1 34 -1
1 42 -1
1 46 -1
1 50 -1
2 1 -1
2 3 -1
2 4 -1
2 6 -1
2 7 -1
2 8 -1
2 9 -1
2 10 -1
2 11 -1
2 12 1
2 15 -1
2 16 -1
2 20 -1
2 24 -1
2 44 -1
2 48 -1
3 2 -1
3 4 -1
3 5 1
3 6 -1
3 7 -1
3 8 -1
3 11 -1
3 12 1
3 13 -1
3 14 -1
3 15 -1
3 16 -1
3 33 1
3 37 -1
3 39 -1
3 53 -1
4 1 -1
4 2 -1
4 3 -1
4 5 -1
4 6 -1
4 7 -1
4 9 -1
4 10 -1
4 11 -1
4 13 -1
4 14 -1
4 16 -1
4 41 -1
4 59 -1
4 60 -1
4 63 1
5 1 -1
5 3 1
5 4 -1
5 6 -1
5 7 -1
5 8 -1
5 9 -1
5 10 1
5 11 -1
5 13 -1
5 14 -1
5 15 -1
5 20 -1
5 56 1
5 57 -1
6 1 -1
6 2 -1
6 3 -1
6 4 -1
6 5 -1
6 8 -1
6 9 -1
6 10 1
6 11 -1
6 12 -1
6 15 -1
6 16 -1
6 26 -1
6 27 -1
6 30 1
6 40 -1
7 1 -1
7 2 -1
7 3 -1
7 4 -1
7 5 -1
7 9 -1
7 10 -1
7 12 -1
7 13 -1
7 14 1
7 15 -1
7 16 -1
7 21 -1
7 31 -1
7 43 -1
7 55 -1
8 1 -1
8 2 -1
8 3 -1
8 5 -1
8 6 -1
8 9 -1
8 10 -1
8 11 -1
8 12 1
8 13 -1
8 14 -1
8 15 -1
8 22 -1
8 28 -1
8 39 -1
8 46 -1
9 2 -1
9 4 -1
9 5 -1
9 6 -1
9 7 -1
9 8 -1
9 10 -1
9 12 -1
9 13 -1
9 14 -1
9 15 1
9 16 -1
9 19 -1
9 27 -1
9 45 1
9 58 -1
10 1 -1
10 2 -1
10 4 -1
10 5 1
10 6 1
10 7 -1
10 8 -1
10 9 -1
10 11 1
10 12 -1
10 13 -1
10 14 -1
10 30 -1
10 33 -1
10 53 -1
10 57 1
11 1 -1
11 2 -1
11 3 -1
11 4 -1
11 5 -1
11 6 -1
11 8 -1
11 10 1
11 12 -1
11 13 -1
11 15 -1
11 16 -1
11 29 -1
11 49 -1
11 54 -1
11 63 -1
12 1 -1
12 2 1
12 3 1
12 6 -1
12 7 -1
12 8 1
12 9 -1
12 10 -1
12 11 -1
12 13 -1
12 14 -1
12 16 -1
12 45 -1
12 51 -1
12 55 -1
12 63 -1
13 3 -1
13 4 -1
13 5 -1
13 7 -1
13 8 -1
13 9 -1
13 10 -1
13 11 -1
13 12 -1
13 14 -1
13 15 1
13 16 -1
13 22 1
13 35 -1
13 40 -1
13 61 -1
14 1 -1
14 3 -1
14 4 -1
14 5 -1
14 7 1
14 8 -1
14 9 -1
14 10 -1
14 12 -1
14 13 -1
14 15 -1
14 16 -1
14 21 -1
14 50 -1
14 53 -1
14 64 -1
15 1 -1
15 2 -1
15 3 -1
15 5 -1
15 6 -1
15 7 -1
15 8 -1
15 9 1
15 11 -1
15 13 1
15 14 -1
15 16 -1
15 20 -1
15 43 -1
15 54 -1
15 61 -1
16 1 -1
16 2 -1
16 3 -1
16 4 -1
16 6 -1
16 7 -1
16 9 -1
16 11 -1
16 12 -1
16 13 -1
16 14 -1
16 15 -1
16 34 -1
16 36 -1
16 51 -1
17 18 -1
17 19 -1
17 21 -1
17 22 -1
17 23 -1
17 25 -1
17 26 -1
17 27 -1
17 28 -1
17 29 -1
17 30 1
17 32 -1
17 36 -1
17 59 -1
17 60 -1
17 62 -1
18 17 -1
18 19 -1
18 20 -1
18 21 -1
18 22 -1
18 23 -1
18 24 -1
18 25 -1
18 28 -1
18 29 -1
18 31 1
18 32 -1
18 37 -1
18 48 -1
18 50 -1
18 52 -1
19 9 -1
19 17 -1
19 18 -1
19 20 -1
19 21 -1
19 23 -1
19 24 1
19 26 1
19 27 -1
19 28 -1
19 29 -1
19 30 -1
19 31 -1
19 38 1
19 50 -1
19 51 -1
20 2 -1
20 5 -1
20 15 -1
20 18 -1
20 19 -1
20 21 -1
20 22 -1
20 23 -1
20 24 -1
20 25 -1
20 27 -1
20 28 -1
20 30 -1
20 31 -1
20 32 1
20 57 -1
21 7 -1
21 14 -1
21 17 -1
21 18 -1
21 19 -1
21 20 -1
21 22 -1
21 24 -1
21 26 -1
21 27 -1
21 29 -1
21 30 -1
21 31 1
21 32 -1
21 38 -1
21 60 -1
22 8 -1
22 13 1
22 17 -1
22 18 -1
22 20 -1
22 21 -1
22 23 -1
22 26 -1
22 27 -1
22 28 -1
22 29 -1
22 30 -1
22 31 -1
22 32 -1
22 43 -1
22 48 -1
23 17 -1
23 18 -1
23 19 -1
23 20 -1
23 22 -1
23 24 -1
23 25 1
23 28 -1
23 29 -1
23 30 -1
23 31 -1
23 32 -1
23 43 -1
23 45 -1
23 51 -1
23 57 1
24 2 -1
24 18 -1
24 19 1
24 20 -1
24 21 -1
24 23 -1
24 25 -1
24 26 -1
24 27 -1
24 28 1
24 29 -1
24 30 -1
24 31 -1
24 40 -1
24 47 -1
24 60 -1
25 17 -1
25 18 -1
25 20 -1
25 23 1
25 24 -1
25 26 1
25 27 -1
25 28 -1
25 29 -1
25 30 -1
25 31 -1
25 32 -1
25 38 1
25 52 -1
25 54 -1
25 59 -1
26 6 -1
26 17 -1
26 19 1
26 21 -1
26 22 -1
26 24 -1
26 25 1
26 27 -1
26 28 -1
26 29 -1
26 30 -1
26 31 -1
26 32 -1
26 40 -1
26 47 -1
26 58 -1
27 6 -1
27 9 -1
27 17 -1
27 19 -1
27 20 -1
27 21 -1
27 22 -1
27 24 -1
27 25 -1
27 26 -1
27 29 -1
27 30 -1
27 31 -1
27 32 -1
27 42 1
27 59 -1
28 8 -1
28 17 -1
28 18 -1
28 19 -1
28 20 -1
28 22 -1
28 23 -1
28 24 1
28 25 -1
28 26 -1
28 29 -1
28 30 -1
28 31 -1
28 42 -1
28 44 -1
28 56 -1
29 11 -1
29 17 -1
29 18 -1
29 19 -1
29 21 -1
29 22 -1
29 23 -1
29 24 -1
29 25 -1
29 26 -1
29 27 -1
29 28 -1
29 32 -1
29 39 -1
29 44 -1
29 64 -1
30 6 1
30 10 -1
30 17 1
30 19 -1
30 20 -1
30 21 -1
30 22 -1
30 23 -1
30 24 -1
30 25 -1
30 26 -1
30 27 -1
30 28 -1
30 32 -1
30 48 -1
30 54 1
31 7 -1
31 18 1
31 19 -1
31 20 -1
31 21 1
31 22 -1
31 23 -1
31 24 -1
31 25 -1
31 26 -1
31 27 -1
31 28 -1
31 32 -1
31 33 -1
31 45 -1
31 53 -1
32 17 -1
32 18 -1
32 20 1
32 21 -1
32 22 -1
32 23 -1
32 25 -1
32 26 -1
32 27 -1
32 29 -1
32 30 -1
32 31 -1
32 35 -1
32 39 -1
32 41 -1
32 49 -1
33 3 1
33 10 -1
33 31 -1
33 34 -1
33 35 -1
33 37 -1
33 38 -1
33 39 -1
33 40 -1
33 41 -1
33 42 -1
33 43 -1
33 44 -1
33 45 -1
33 47 1
33 62 -1
34 1 -1
34 16 -1
34 33 -1
34 35 -1
34 36 -1
34 38 -1
34 39 -1
34 40 -1
34 41 -1
34 42 -1
34 45 -1
34 46 -1
34 47 1
34 48 -1
34 61 -1
35 13 -1
35 32 -1
35 33 -1
35 34 -1
35 36 -1
35 37 -1
35 38 -1
35 40 -1
35 41 -1
35 42 -1
35 43 -1
35 44 -1
35 46 -1
35 48 -1
35 49 -1
35 58 -1
36 16 -1
36 17 -1
36 34 -1
36 35 -1
36 37 -1
36 38 1
36 39 -1
36 42 -1
36 43 -1
36 44 -1
36 45 -1
36 46 1
36 47 -1
36 48 -1
36 63 -1
36 64 -1
37 3 -1
37 18 -1
37 33 -1
37 35 -1
37 36 -1
37 38 -1
37 39 -1
37 40 -1
37 41 -1
37 42 -1
37 43 -1
37 44 -1
37 45 -1
37 47 -1
37 52 -1
38 19 1
38 21 -1
38 25 1
38 33 -1
38 34 -1
38 35 -1
38 36 1
38 37 -1
38 39 -1
38 41 -1
38 43 -1
38 45 -1
38 46 -1
38 47 -1
38 48 1
38 49 -1
39 3 -1
39 8 -1
39 29 -1
39 32 -1
39 33 -1
39 34 -1
39 36 -1
39 37 -1
39 38 -1
39 40 -1
39 42 -1
39 44 -1
39 45 -1
39 46 -1
39 47 -1
39 48 -1
40 6 -1
40 13 -1
40 24 -1
40 26 -1
40 33 -1
40 34 -1
40 35 -1
40 37 -1
40 39 -1
40 41 -1
40 43 -1
40 44 -1
40 45 -1
40 46 -1
40 47 -1
40 48 1
41 4 -1
41 32 -1
41 33 -1
41 34 -1
41 35 -1
41 37 -1
41 38 -1
41 40 -1
41 42 -1
41 43 -1
41 44 -1
41 45 -1
41 46 -1
41 48 -1
41 62 -1
42 1 -1
42 27 1
42 28 -1
42 33 -1
42 34 -1
42 35 -1
42 36 -1
42 37 -1
42 39 -1
42 41 -1
42 43 -1
42 44 -1
42 45 1
42 46 1
42 48 -1
42 55 -1
43 7 -1
43 15 -1
43 22 -1
43 23 -1
43 33 -1
43 35 -1
43 36 -1
43 37 -1
43 38 -1
43 40 -1
43 41 -1
43 42 -1
43 44 -1
43 46 1
43 47 -1
43 48 -1
44 2 -1
44 28 -1
44 29 -1
44 33 -1
44 35 -1
44 36 -1
44 37 -1
44 39 -1
44 40 -1
44 41 -1
44 42 -1
44 43 -1
44 45 -1
44 47 -1
44 48 -1
44 55 -1
45 9 1
45 12 -1
45 23 -1
45 31 -1
45 33 -1
45 34 -1
45 36 -1
45 37 -1
45 38 -1
45 39 -1
45 40 -1
45 41 -1
45 42 1
45 44 -1
45 46 -1
45 47 -1
46 1 -1
46 8 -1
46 34 -1
46 35 -1
46 36 1
46 38 -1
46 39 -1
46 40 -1
46 41 -1
46 42 1
46 43 1
46 45 -1
46 47 -1
46 48 -1
46 56 1
46 64 -1
47 24 -1
47 26 -1
47 33 1
47 34 1
47 36 -1
47 37 -1
47 38 -1
47 39 -1
47 40 -1
47 43 -1
47 44 -1
47 45 -1
47 46 -1
47 48 -1
47 58 -1
47 61 -1
48 2 -1
48 18 -1
48 22 -1
48 30 -1
48 34 -1
48 35 -1
48 36 -1
48 38 1
48 39 -1
48 40 1
48 41 -1
48 42 -1
48 43 -1
48 44 -1
48 46 -1
48 47 -1
49 11 -1
49 32 -1
49 35 -1
49 38 -1
49 50 -1
49 53 -1
49 55 -1
49 56 -1
49 57 -1
49 58 -1
49 59 -1
49 60 -1
49 61 -1
49 62 -1
49 63 -1
49 64 -1
50 1 -1
50 14 -1
50 18 -1
50 19 -1
50 49 -1
50 51 -1
50 52 -1
50 53 -1
50 54 -1
50 55 1
50 56 -1
50 59 -1
50 60 -1
50 61 1
50 62 -1
50 64 -1
51 12 -1
51 16 -1
51 19 -1
51 23 -1
51 50 -1
51 52 -1
51 53 -1
51 55 1
51 56 -1
51 57 -1
51 58 -1
51 59 -1
51 61 -1
51 62 -1
51 63 -1
51 64 -1
52 18 -1
52 25 -1
52 37 -1
52 50 -1
52 51 -1
52 53 -1
52 54 -1
52 55 -1
52 56 -1
52 57 -1
52 58 -1
52 59 -1
52 61 -1
52 62 1
52 64 -1
53 3 -1
53 10 -1
53 14 -1
53 31 -1
53 49 -1
53 50 -1
53 51 -1
53 52 -1
53 54 1
53 57 -1
53 58 -1
53 59 -1
53 60 -1
53 61 -1
53 62 1
53 64 -1
54 11 -1
54 15 -1
54 25 -1
54 30 1
54 50 -1
54 52 -1
54 53 1
54 55 -1
54 56 -1
54 57 -1
54 59 -1
54 60 -1
54 61 -1
54 62 -1
54 63 -1
54 64 -1
55 7 -1
55 12 -1
55 42 -1
55 44 -1
55 49 -1
55 50 1
55 51 1
55 52 -1
55 54 -1
55 56 -1
55 57 -1
55 58 -1
55 59 -1
55 60 -1
55 61 -1
55 63 -1
56 5 1
56 28 -1
56 46 1
56 49 -1
56 50 -1
56 51 -1
56 52 -1
56 54 -1
56 55 -1
56 57 -1
56 58 1
56 60 -1
56 62 -1
56 63 -1
56 64 1
57 5 -1
57 10 1
57 20 -1
57 23 1
57 49 -1
57 51 -1
57 52 -1
57 53 -1
57 54 -1
57 55 -1
57 56 -1
57 58 -1
57 59 -1
57 60 -1
57 63 -1
57 64 -1
58 9 -1
58 26 -1
58 35 -1
58 47 -1
58 49 -1
58 51 -1
58 52 -1
58 53 -1
58 55 -1
58 56 1
58 57 -1
58 59 1
58 61 -1
58 62 -1
58 63 -1
58 64 1
59 4 -1
59 17 -1
59 25 -1
59 27 -1
59 49 -1
59 50 -1
59 51 -1
59 52 -1
59 53 -1
59 54 -1
59 55 -1
59 57 -1
59 58 1
59 60 -1
59 61 -1
59 63 -1
60 4 -1
60 17 -1
60 21 -1
60 24 -1
60 49 -1
60 50 -1
60 53 -1
60 54 -1
60 55 -1
60 56 -1
60 57 -1
60 59 -1
60 61 -1
60 62 -1
60 63 -1
60 64 -1
61 13 -1
61 15 -1
61 34 -1
61 47 -1
61 49 -1
61 50 1
61 51 -1
61 52 -1
61 53 -1
61 54 -1
61 55 -1
61 58 -1
61 59 -1
61 60 -1
61 62 -1
61 63 -1
62 17 -1
62 33 -1
62 41 -1
62 49 -1
62 50 -1
62 51 -1
62 52 1
62 53 1
62 54 -1
62 56 -1
62 58 -1
62 60 -1
62 61 -1
62 63 -1
62 64 -1
63 4 1
63 11 -1
63 12 -1
63 36 -1
63 49 -1
63 51 -1
63 54 -1
63 55 -1
63 56 -1
63 57 -1
63 58 -1
63 59 -1
63 60 -1
63 61 -1
63 62 -1
63 64 -1
64 14 -1
64 29 -1
64 36 -1
64 46 -1
64 49 -1
64 50 -1
64 51 -1
64 52 -1
64 53 -1
64 54 -1
64 56 1
64 57 -1
64 58 1
64 60 -1
64 62 -1
64 63 -1
