1 3 1
1 4 1
1 5 1
1 6 -1
1 7 1
1 8 -1
1 9 1
1 10 -1
1 11 1
1 13 1
1 15 -1
1 16 1
1 18 1
1 36 -1
1 39 -1
1 52 -1
2 4 1
2 5 -1
2 7 1
2 8 1
2 9 1
2 10 -1
2 11 1
2 12 1
2 13 1
2 14 -1
2 15 1
2 16 -1
2 20 1
2 31 1
2 41 1
2 47 1
3 1 1
3 4 1
3 5 1
3 6 1
3 7 -1
3 8 1
3 9 -1
3 10 1
3 11 -1
3 12 -1
3 14 1
3 16 1
3 21 1
3 40 1
3 55 1
3 58 1
4 1 1
4 2 1
4 3 1
4 5 1
4 6 1
4 8 1
4 9 1
4 10 1
4 12 1
4 14 1
4 15 1
4 16 -1
4 24 1
4 41 1
4 60 1
4 62 1
5 1 1
5 2 -1
5 3 1
5 4 1
5 6 1
5 7 -1
5 8 1
5 9 1
5 11 1
5 13 1
5 14 -1
5 16 1
5 30 1
5 33 1
5 56 -1
5 61 -1
6 1 -1
6 3 1
6 4 1
6 5 1
6 7 1
6 8 1
6 9 1
6 10 1
6 11 1
6 12 1
6 14 1
6 15 1
6 17 -1
6 42 1
6 46 -1
6 62 1
7 1 1
7 2 1
7 3 -1
7 5 -1
7 6 1
7 8 -1
7 9 1
7 10 1
7 11 -1
7 12 -1
7 13 1
7 14 1
7 19 -1
7 23 1
7 25 -1
7 57 1
8 1 -1
8 2 1
8 3 1
8 4 1
8 5 1
8 6 1
8 7 -1
8 10 1
8 12 1
8 13 -1
8 15 1
8 16 1
8 18 1
8 34 -1
8 38 -1
8 49 -1
9 1 1
9 2 1
9 3 -1
9 4 1
9 5 1
9 6 1
9 7 1
9 10 1
9 12 -1
9 13 -1
9 14 1
9 15 1
9 23 1
9 27 -1
9 49 1
9 61 -1
10 1 -1
10 2 -1
10 3 1
10 4 1
10 6 1
10 7 1
10 8 1
10 9 1
10 11 -1
10 13 1
10 15 1
10 16 1
10 24 1
10 29 -1
10 45 -1
10 63 1
11 1 1
11 2 1
11 3 -1
11 5 1
11 6 1
11 7 -1
11 10 -1
11 12 1
11 13 -1
11 14 1
11 15 1
11 16 -1
11 32 -1
11 39 1
11 40 1
11 49 1
12 2 1
12 3 -1
12 4 1
12 6 1
12 7 -1
12 8 1
12 9 -1
12 11 1
12 13 -1
12 14 1
12 15 1
12 16 -1
12 22 -1
12 29 -1
12 55 -1
12 57 1
13 1 1
13 2 1
13 5 1
13 7 1
13 8 -1
13 9 -1
13 10 1
13 11 -1
13 12 -1
13 14 1
13 15 -1
13 16 1
13 18 1
13 36 -1
13 38 -1
13 40 1
14 2 -1
14 3 1
14 4 1
14 5 -1
14 6 1
14 7 1
14 9 1
14 11 1
14 12 1
14 13 1
14 15 1
14 16 1
14 23 1
14 48 1
14 56 1
14 60 1
15 1 -1
15 2 1
15 4 1
15 6 1
15 8 1
15 9 1
15 10 1
15 11 1
15 12 1
15 13 -1
15 14 1
15 16 1
15 20 -1
15 38 1
15 40 1
15 62 -1
16 1 1
16 2 -1
16 3 1
16 4 -1
16 5 1
16 8 1
16 10 1
16 11 -1
16 12 -1
16 13 1
16 14 1
16 15 1
16 28 1
16 32 -1
16 60 1
17 6 -1
17 18 1
17 19 1
17 21 1
17 22 -1
17 23 1
17 24 1
17 25 1
17 27 -1
17 28 1
17 29 1
17 30 1
17 32 1
17 42 1
17 53 1
17 60 -1
18 1 1
18 8 1
18 13 1
18 17 1
18 19 1
18 20 -1
18 22 -1
18 23 1
18 24 1
18 26 1
18 27 1
18 29 1
18 30 1
18 31 1
18 32 1
18 37 1
19 7 -1
19 17 1
19 18 1
19 20 1
19 21 1
19 22 1
19 23 1
19 25 -1
19 26 1
19 27 -1
19 28 -1
19 31 1
19 32 1
19 37 1
19 41 1
19 58 1
20 2 1
20 15 -1
20 18 -1
20 19 1
20 21 1
20 23 1
20 24 -1
20 25 1
20 26 1
20 27 1
20 28 -1
20 29 -1
20 30 1
20 31 -1
20 51 1
20 55 1
21 3 1
21 17 1
21 19 1
21 20 1
21 22 1
21 23 1
21 24 -1
21 25 -1
21 26 -1
21 28 -1
21 30 1
21 31 1
21 32 1
21 43 1
21 53 1
21 61 1
22 12 -1
22 17 -1
22 18 -1
22 19 1
22 21 1
22 23 -1
22 24 1
22 26 1
22 27 1
22 28 1
22 29 1
22 31 1
22 32 1
22 43 1
22 51 1
23 7 1
23 9 1
23 14 1
23 17 1
23 18 1
23 19 1
23 20 1
23 21 1
23 22 -1
23 24 1
23 25 -1
23 27 -1
23 29 1
23 30 1
23 32 1
23 52 1
24 4 1
24 10 1
24 17 1
24 18 1
24 20 -1
24 21 -1
24 22 1
24 23 1
24 26 1
24 27 -1
24 29 1
24 30 1
24 31 1
24 32 1
24 35 1
24 59 1
25 7 -1
25 17 1
25 19 -1
25 20 1
25 21 -1
25 23 -1
25 26 -1
25 27 1
25 28 1
25 29 -1
25 30 1
25 31 1
25 32 1
25 41 1
25 49 1
25 50 -1
26 18 1
26 19 1
26 20 1
26 21 -1
26 22 1
26 24 1
26 25 -1
26 27 1
26 28 1
26 29 1
26 31 1
26 32 1
26 34 1
26 62 1
26 64 1
27 9 -1
27 17 -1
27 18 1
27 19 -1
27 20 1
27 22 1
27 23 -1
27 24 -1
27 25 1
27 26 1
27 28 1
27 29 -1
27 30 1
27 39 1
27 52 1
27 61 -1
28 16 1
28 17 1
28 19 -1
28 20 -1
28 21 -1
28 22 1
28 25 1
28 26 1
28 27 1
28 29 1
28 30 -1
28 31 1
28 32 -1
28 38 1
28 64 -1
29 10 -1
29 12 -1
29 17 1
29 18 1
29 20 -1
29 22 1
29 23 1
29 24 1
29 25 -1
29 26 1
29 27 -1
29 28 1
29 30 -1
29 31 1
29 39 1
29 53 -1
30 5 1
30 17 1
30 18 1
30 20 1
30 21 1
30 23 1
30 24 1
30 25 1
30 27 1
30 28 -1
30 29 -1
30 31 -1
30 32 -1
30 35 1
30 37 1
30 58 1
31 2 1
31 18 1
31 19 1
31 20 -1
31 21 1
31 22 1
31 24 1
31 25 1
31 26 1
31 28 1
31 29 1
31 30 -1
31 32 1
31 34 1
31 42 -1
31 44 1
32 11 -1
32 16 -1
32 17 1
32 18 1
32 19 1
32 21 1
32 22 1
32 23 1
32 24 1
32 25 1
32 26 1
32 28 -1
32 30 -1
32 31 1
32 45 -1
32 55 1
33 5 1
33 34 -1
33 35 -1
33 37 1
33 38 1
33 39 -1
33 41 1
33 42 1
33 43 1
33 44 -1
33 45 -1
33 46 1
33 47 -1
33 54 -1
33 57 -1
33 59 1
34 8 -1
34 26 1
34 31 1
34 33 -1
34 35 -1
34 36 -1
34 37 1
34 38 1
34 39 1
34 40 1
34 44 -1
34 45 1
34 46 -1
34 47 1
34 48 1
35 24 1
35 30 1
35 33 -1
35 34 -1
35 36 1
35 37 1
35 38 1
35 40 1
35 41 1
35 42 1
35 43 -1
35 44 1
35 47 1
35 48 -1
35 51 1
35 63 -1
36 1 -1
36 13 -1
36 34 -1
36 35 1
36 37 1
36 38 1
36 39 -1
36 40 1
36 41 -1
36 42 1
36 43 1
36 46 -1
36 47 -1
36 48 1
36 63 1
37 18 1
37 19 1
37 30 1
37 33 1
37 34 1
37 35 1
37 36 1
37 38 1
37 39 1
37 42 1
37 43 -1
37 44 1
37 45 1
37 46 1
37 48 -1
37 53 1
38 8 -1
38 13 -1
38 15 1
38 28 1
38 33 1
38 34 1
38 35 1
38 36 1
38 37 1
38 41 1
38 42 -1
38 43 1
38 45 1
38 46 1
38 47 -1
38 48 -1
39 1 -1
39 11 1
39 27 1
39 29 1
39 33 -1
39 34 1
39 36 -1
39 37 1
39 40 1
39 41 1
39 42 1
39 44 -1
39 45 1
39 46 1
39 47 1
39 48 1
40 3 1
40 11 1
40 13 1
40 15 1
40 34 1
40 35 1
40 36 1
40 39 1
40 41 1
40 42 1
40 43 -1
40 44 1
40 45 1
40 46 1
40 47 1
40 48 -1
41 2 1
41 4 1
41 19 1
41 25 1
41 33 1
41 35 1
41 36 -1
41 38 1
41 39 1
41 40 1
41 42 1
41 43 1
41 44 1
41 45 1
41 46 1
41 47 1
42 6 1
42 17 1
42 31 -1
42 33 1
42 35 1
42 36 1
42 37 1
42 38 -1
42 39 1
42 40 1
42 41 1
42 43 1
42 44 -1
42 46 1
42 47 1
42 59 1
43 21 1
43 22 1
43 33 1
43 35 -1
43 36 1
43 37 -1
43 38 1
43 40 -1
43 41 1
43 42 1
43 44 1
43 45 -1
43 47 1
43 48 1
43 56 -1
44 31 1
44 33 -1
44 34 -1
44 35 1
44 37 1
44 39 -1
44 40 1
44 41 1
44 42 -1
44 43 1
44 45 -1
44 46 -1
44 48 1
44 50 1
44 52 -1
44 57 -1
45 10 -1
45 32 -1
45 33 -1
45 34 1
45 37 1
45 38 1
45 39 1
45 40 1
45 41 1
45 43 -1
45 44 -1
45 46 -1
45 47 -1
45 48 1
45 51 1
45 54 1
46 6 -1
46 33 1
46 34 -1
46 36 -1
46 37 1
46 38 1
46 39 1
46 40 1
46 41 1
46 42 1
46 44 -1
46 45 -1
46 48 1
46 50 -1
46 58 -1
46 64 1
47 2 1
47 33 -1
47 34 1
47 35 1
47 36 -1
47 38 -1
47 39 1
47 40 1
47 41 1
47 42 1
47 43 1
47 45 -1
47 48 1
47 54 1
47 59 1
48 14 1
48 34 1
48 35 -1
48 36 1
48 37 -1
48 38 -1
48 39 1
48 40 -1
48 43 1
48 44 1
48 45 1
48 46 1
48 47 1
48 50 1
48 56 1
48 64 1
49 8 -1
49 9 1
49 11 1
49 25 1
49 50 1
49 51 1
49 52 -1
49 53 1
49 54 -1
49 55 1
49 56 1
49 59 1
49 60 1
49 61 -1
49 62 1
49 64 1
50 25 -1
50 44 1
50 46 -1
50 48 1
50 49 1
50 52 -1
50 53 1
50 56 1
50 57 1
50 58 1
50 59 1
50 60 1
50 61 -1
50 62 -1
50 63 1
50 64 1
51 20 1
51 22 1
51 35 1
51 45 1
51 49 1
51 52 1
51 53 1
51 54 -1
51 55 -1
51 56 1
51 57 1
51 59 1
51 60 -1
51 61 -1
51 63 1
51 64 -1
52 1 -1
52 23 1
52 27 1
52 44 -1
52 49 -1
52 50 -1
52 51 1
52 53 1
52 54 1
52 55 1
52 56 -1
52 57 1
52 58 1
52 60 1
52 61 -1
52 62 -1
53 17 1
53 21 1
53 29 -1
53 37 1
53 49 1
53 50 1
53 51 1
53 52 1
53 54 1
53 55 -1
53 57 1
53 58 1
53 59 1
53 62 -1
53 63 1
53 64 1
54 33 -1
54 45 1
54 47 1
54 49 -1
54 51 -1
54 52 1
54 53 1
54 55 1
54 56 -1
54 57 1
54 59 1
54 60 -1
54 62 1
54 63 1
54 64 1
55 3 1
55 12 -1
55 20 1
55 32 1
55 49 1
55 51 -1
55 52 1
55 53 -1
55 54 1
55 57 1
55 58 1
55 59 1
55 60 1
55 61 -1
55 63 1
55 64 1
56 5 -1
56 14 1
56 43 -1
56 48 1
56 49 1
56 50 1
56 51 1
56 52 -1
56 54 -1
56 57 1
56 58 -1
56 59 1
56 60 1
56 61 -1
56 62 -1
56 63 1
57 7 1
57 12 1
57 33 -1
57 44 -1
57 50 1
57 51 1
57 52 1
57 53 1
57 54 1
57 55 1
57 56 1
57 58 1
57 59 -1
57 60 1
57 61 -1
57 64 1
58 3 1
58 19 1
58 30 1
58 46 -1
58 50 1
58 52 1
58 53 1
58 55 1
58 56 -1
58 57 1
58 59 1
58 60 1
58 61 1
58 62 -1
58 63 1
58 64 1
59 24 1
59 33 1
59 42 1
59 47 1
59 49 1
59 50 1
59 51 1
59 53 1
59 54 1
59 55 1
59 56 1
59 57 -1
59 58 1
59 62 1
59 63 -1
59 64 1
60 4 1
60 14 1
60 16 1
60 17 -1
60 49 1
60 50 1
60 51 -1
60 52 1
60 54 -1
60 55 1
60 56 1
60 57 1
60 58 1
60 61 1
60 62 1
60 63 1
61 5 -1
61 9 -1
61 21 1
61 27 -1
61 49 -1
61 50 -1
61 51 -1
61 52 -1
61 55 -1
61 56 -1
61 57 -1
61 58 1
61 60 1
61 62 1
61 63 1
61 64 1
62 4 1
62 6 1
62 15 -1
62 26 1
62 49 1
62 50 -1
62 52 -1
62 53 -1
62 54 1
62 56 -1
62 58 -1
62 59 1
62 60 1
62 61 1
62 63 -1
62 64 -1
63 10 1
63 35 -1
63 36 1
63 50 1
63 51 1
63 53 1
63 54 1
63 55 1
63 56 1
63 58 1
63 59 -1
63 60 1
63 61 1
63 62 -1
63 64 1
64 26 1
64 28 -1
64 46 1
64 48 1
64 49 1
64 50 1
64 51 -1
64 53 1
64 54 1
64 55 1
64 57 1
64 58 1
64 59 1
64 61 1
64 62 -1
64 63 1
