1 2 -1
1 4 1
1 5 1
1 6 1
1 7 1
1 8 1
1 9 -1
1 10 1
1 11 1
1 12 -1
1 14 1
1 15 1
1 21 1
1 51 -1
1 55 1
1 59 -1
2 1 -1
2 3 1
2 4 1
2 6 1
2 7 1
2 9 1
2 10 1
2 11 1
2 12 1
2 13 1
2 14 1
2 15 1
2 28 1
2 44 1
2 50 1
2 52 -1
3 2 1
3 4 1
3 5 1
3 8 1
3 9 1
3 10 1
3 11 -1
3 12 1
3 13 1
3 14 1
3 15 1
3 16 -1
3 21 1
3 51 1
3 54 -1
3 62 -1
4 1 1
4 2 1
4 3 1
4 5 -1
4 7 1
4 8 1
4 9 1
4 11 1
4 12 1
4 14 1
4 15 1
4 16 1
4 20 -1
4 32 -1
4 40 1
4 41 1
5 1 1
5 3 1
5 4 -1
5 6 1
5 7 1
5 8 1
5 9 1
5 11 1
5 12 -1
5 13 1
5 14 -1
5 15 1
5 32 1
5 34 -1
5 42 1
5 44 1
6 1 1
6 2 1
6 5 1
6 7 1
6 8 1
6 9 1
6 10 -1
6 11 1
6 12 1
6 13 -1
6 15 1
6 16 -1
6 17 -1
6 56 1
6 62 1
7 1 1
7 2 1
7 4 1
7 5 1
7 6 1
7 8 1
7 9 -1
7 10 -1
7 11 1
7 12 -1
7 13 1
7 16 -1
7 24 1
7 26 1
7 27 1
7 38 -1
8 1 1
8 3 1
8 4 1
8 5 1
8 6 1
8 7 1
8 9 -1
8 10 1
8 12 1
8 13 -1
8 14 1
8 16 1
8 22 -1
8 42 1
8 64 1
9 1 -1
9 2 1
9 3 1
9 4 1
9 5 1
9 6 1
9 7 -1
9 8 -1
9 12 1
9 13 1
9 14 -1
9 16 1
9 17 1
9 24 1
9 56 -1
10 1 1
10 2 1
10 3 1
10 6 -1
10 7 -1
10 8 1
10 11 1
10 12 -1
10 13 -1
10 14 -1
10 15 1
10 16 -1
10 33 1
10 35 -1
10 39 1
10 52 1
11 1 1
11 2 1
11 3 -1
11 4 1
11 5 1
11 6 1
11 7 1
11 10 1
11 13 1
11 14 1
11 15 -1
11 16 -1
11 24 -1
11 42 -1
11 58 1
11 60 -1
12 1 -1
12 2 1
12 3 1
12 4 1
12 5 -1
12 6 1
12 7 -1
12 8 1
12 9 1
12 10 -1
12 15 1
12 16 1
12 30 -1
12 36 1
12 38 1
12 62 1
13 2 1
13 3 1
13 5 1
13 6 -1
13 7 1
13 8 -1
13 9 1
13 10 -1
13 11 1
13 14 1
13 15 -1
13 16 1
13 29 1
13 37 1
13 60 -1
13 63 1
14 1 1
14 2 1
14 3 1
14 4 1
14 5 -1
14 8 1
14 9 -1
14 10 -1
14 11 1
14 13 1
14 15 1
14 16 1
14 23 1
14 28 1
14 47 -1
14 64 1
15 1 1
15 2 1
15 3 1
15 4 1
15 5 1
15 6 1
15 10 1
15 11 -1
15 12 1
15 13 -1
15 14 1
15 16 1
15 25 1
15 30 1
15 48 -1
15 58 1
16 3 -1
16 4 1
16 6 -1
16 7 -1
16 8 1
16 9 1
16 10 -1
16 11 -1
16 12 1
16 13 1
16 14 1
16 15 1
16 43 -1
16 48 1
16 49 -1
16 60 -1
17 6 -1
17 9 1
17 18 1
17 19 -1
17 20 1
17 21 1
17 22 -1
17 23 -1
17 24 1
17 26 1
17 29 1
17 30 1
17 31 -1
17 32 -1
17 44 -1
17 55 1
18 17 1
18 19 -1
18 20 1
18 21 1
18 22 1
18 24 -1
18 25 1
18 27 -1
18 28 1
18 29 1
18 31 -1
18 32 1
18 38 -1
18 43 1
18 49 1
18 52 1
19 17 -1
19 18 -1
19 20 1
19 21 -1
19 22 -1
19 23 1
19 25 -1
19 26 -1
19 27 -1
19 28 1
19 30 -1
19 32 1
19 39 1
19 42 1
19 48 1
19 50 1
20 4 -1
20 17 1
20 18 1
20 19 1
20 21 -1
20 24 1
20 25 -1
20 27 1
20 28 1
20 29 1
20 30 1
20 31 1
20 32 1
20 53 1
20 63 1
20 64 1
21 1 1
21 3 1
21 17 1
21 18 1
21 19 -1
21 20 -1
21 22 -1
21 23 1
21 25 1
21 26 1
21 27 -1
21 29 1
21 30 1
21 32 1
21 40 1
21 54 -1
22 8 -1
22 17 -1
22 18 1
22 19 -1
22 21 -1
22 23 1
22 24 -1
22 25 1
22 27 1
22 28 -1
22 29 -1
22 30 1
22 32 -1
22 49 1
22 59 1
23 14 1
23 17 -1
23 19 1
23 21 1
23 22 1
23 24 1
23 25 1
23 26 1
23 27 1
23 28 -1
23 30 1
23 31 1
23 32 1
23 35 1
23 40 -1
23 60 1
24 7 1
24 9 1
24 11 -1
24 17 1
24 18 -1
24 20 1
24 22 -1
24 23 1
24 25 1
24 26 1
24 27 -1
24 28 1
24 29 -1
24 31 1
24 32 1
25 15 1
25 18 1
25 19 -1
25 20 -1
25 21 1
25 22 1
25 23 1
25 24 1
25 26 -1
25 28 -1
25 29 1
25 30 -1
25 31 -1
25 36 1
25 41 1
25 53 1
26 7 1
26 17 1
26 19 -1
26 21 1
26 23 1
26 24 1
26 25 -1
26 27 -1
26 28 1
26 29 1
26 30 1
26 31 -1
26 32 1
26 38 -1
26 58 1
26 64 1
27 7 1
27 18 -1
27 19 -1
27 20 1
27 21 -1
27 22 1
27 23 1
27 24 -1
27 26 -1
27 28 1
27 29 1
27 31 -1
27 32 1
27 36 1
27 46 -1
28 2 1
28 14 1
28 18 1
28 19 1
28 20 1
28 22 -1
28 23 -1
28 24 1
28 25 -1
28 26 1
28 27 1
28 29 -1
28 30 1
28 31 -1
28 53 -1
28 61 1
29 13 1
29 17 1
29 18 1
29 20 1
29 21 1
29 22 -1
29 24 -1
29 25 1
29 26 1
29 27 1
29 28 -1
29 30 1
29 31 1
29 35 1
29 45 1
30 12 -1
30 15 1
30 17 1
30 19 -1
30 20 1
30 21 1
30 22 1
30 23 1
30 25 -1
30 26 1
30 28 1
30 29 1
30 31 -1
30 32 -1
30 34 1
30 52 1
31 17 -1
31 18 -1
31 20 1
31 23 1
31 24 1
31 25 -1
31 26 -1
31 27 -1
31 28 -1
31 29 1
31 30 -1
31 32 -1
31 41 1
31 48 -1
31 56 1
31 57 1
32 4 -1
32 5 1
32 17 -1
32 18 1
32 19 1
32 20 1
32 21 1
32 22 -1
32 23 1
32 24 1
32 26 1
32 27 1
32 30 -1
32 31 -1
32 39 -1
32 43 1
33 10 1
33 35 1
33 36 1
33 37 1
33 39 -1
33 40 -1
33 41 1
33 42 -1
33 43 1
33 44 -1
33 45 1
33 46 -1
33 47 1
33 50 1
33 59 1
33 61 1
34 5 -1
34 30 1
34 36 -1
34 37 -1
34 38 -1
34 39 1
34 40 1
34 41 1
34 42 1
34 43 1
34 44 -1
34 45 1
34 47 1
34 48 1
34 54 1
34 63 1
35 10 -1
35 23 1
35 29 1
35 33 1
35 36 1
35 37 1
35 38 -1
35 41 1
35 42 1
35 43 -1
35 44 1
35 45 1
35 46 1
35 47 1
35 48 -1
35 50 -1
36 12 1
36 25 1
36 27 1
36 33 1
36 34 -1
36 35 1
36 38 1
36 39 1
36 40 -1
36 41 1
36 43 1
36 44 1
36 46 1
36 47 -1
36 48 1
36 55 1
37 13 1
37 33 1
37 34 -1
37 35 1
37 39 1
37 40 -1
37 41 1
37 42 1
37 43 1
37 44 1
37 45 1
37 46 -1
37 47 -1
37 54 -1
37 57 1
37 62 -1
38 7 -1
38 12 1
38 18 -1
38 26 -1
38 34 -1
38 35 -1
38 36 1
38 39 1
38 40 1
38 41 -1
38 42 -1
38 43 1
38 44 1
38 45 1
38 47 1
38 48 1
39 10 1
39 19 1
39 32 -1
39 33 -1
39 34 1
39 36 1
39 37 1
39 38 1
39 40 1
39 42 1
39 44 1
39 45 -1
39 46 1
39 47 1
39 48 1
39 61 1
40 4 1
40 21 1
40 23 -1
40 33 -1
40 34 1
40 36 -1
40 37 -1
40 38 1
40 39 1
40 41 1
40 42 1
40 43 -1
40 45 -1
40 46 1
40 48 1
40 51 -1
41 4 1
41 25 1
41 31 1
41 33 1
41 34 1
41 35 1
41 36 1
41 37 1
41 38 -1
41 40 1
41 42 1
41 44 1
41 45 1
41 46 -1
41 48 1
41 58 1
42 5 1
42 8 1
42 11 -1
42 19 1
42 33 -1
42 34 1
42 35 1
42 37 1
42 38 -1
42 39 1
42 40 1
42 41 1
42 43 1
42 46 1
42 47 1
42 48 1
43 16 -1
43 18 1
43 32 1
43 33 1
43 34 1
43 35 -1
43 36 1
43 37 1
43 38 1
43 40 -1
43 42 1
43 45 1
43 46 -1
43 47 -1
43 48 -1
43 55 -1
44 2 1
44 5 1
44 17 -1
44 33 -1
44 34 -1
44 35 1
44 36 1
44 37 1
44 38 1
44 39 1
44 41 1
44 45 1
44 46 1
44 47 1
44 48 -1
44 57 1
45 29 1
45 33 1
45 34 1
45 35 1
45 37 1
45 38 1
45 39 -1
45 40 -1
45 41 1
45 43 1
45 44 1
45 46 1
45 47 1
45 49 1
45 63 1
46 27 -1
46 33 -1
46 35 1
46 36 1
46 37 -1
46 39 1
46 40 1
46 41 -1
46 42 1
46 43 -1
46 44 1
46 45 1
46 48 1
46 51 -1
46 57 1
47 14 -1
47 33 1
47 34 1
47 35 1
47 36 -1
47 37 -1
47 38 1
47 39 1
47 42 1
47 43 -1
47 44 1
47 45 1
47 48 1
47 53 1
47 59 1
47 61 1
48 15 -1
48 16 1
48 19 1
48 31 -1
48 34 1
48 35 -1
48 36 1
48 38 1
48 39 1
48 40 1
48 41 1
48 42 1
48 43 -1
48 44 -1
48 46 1
48 47 1
49 16 -1
49 18 1
49 22 1
49 45 1
49 51 1
49 52 1
49 53 1
49 54 1
49 55 -1
49 56 1
49 57 1
49 60 1
49 61 1
49 62 1
49 63 1
49 64 -1
50 2 1
50 19 1
50 33 1
50 35 -1
50 51 -1
50 52 -1
50 54 -1
50 55 1
50 56 1
50 57 1
50 58 1
50 59 1
50 60 1
50 62 1
50 63 1
50 64 1
51 1 -1
51 3 1
51 40 -1
51 46 -1
51 49 1
51 50 -1
51 52 1
51 53 1
51 54 1
51 55 1
51 56 -1
51 58 1
51 60 1
51 62 1
51 63 1
51 64 1
52 2 -1
52 10 1
52 18 1
52 30 1
52 49 1
52 50 -1
52 51 1
52 53 -1
52 54 1
52 55 -1
52 56 1
52 57 -1
52 58 -1
52 59 1
52 62 1
52 63 1
53 20 1
53 25 1
53 28 -1
53 47 1
53 49 1
53 51 1
53 52 -1
53 56 1
53 57 1
53 58 -1
53 59 1
53 60 1
53 61 1
53 62 1
53 63 1
53 64 1
54 3 -1
54 21 -1
54 34 1
54 37 -1
54 49 1
54 50 -1
54 51 1
54 52 1
54 55 1
54 57 1
54 58 -1
54 59 1
54 60 -1
54 61 1
54 63 1
54 64 1
55 1 1
55 17 1
55 36 1
55 43 -1
55 49 -1
55 50 1
55 51 1
55 52 -1
55 54 1
55 56 -1
55 58 1
55 60 1
55 61 -1
55 62 -1
55 63 1
55 64 -1
56 6 1
56 9 -1
56 31 1
56 49 1
56 50 1
56 51 -1
56 52 1
56 53 1
56 55 -1
56 57 1
56 58 -1
56 59 -1
56 60 1
56 61 1
56 64 1
57 31 1
57 37 1
57 44 1
57 46 1
57 49 1
57 50 1
57 52 -1
57 53 1
57 54 1
57 56 1
57 59 1
57 60 -1
57 61 1
57 62 1
57 63 -1
57 64 1
58 11 1
58 15 1
58 26 1
58 41 1
58 50 1
58 51 1
58 52 -1
58 53 -1
58 54 -1
58 55 1
58 56 -1
58 59 -1
58 60 1
58 61 1
58 63 1
58 64 1
59 1 -1
59 22 1
59 33 1
59 47 1
59 50 1
59 52 1
59 53 1
59 54 1
59 56 -1
59 57 1
59 58 -1
59 60 1
59 61 -1
59 62 -1
59 63 1
59 64 1
60 11 -1
60 13 -1
60 16 -1
60 23 1
60 49 1
60 50 1
60 51 1
60 53 1
60 54 -1
60 55 1
60 56 1
60 57 -1
60 58 1
60 59 1
60 61 1
60 62 1
61 28 1
61 33 1
61 39 1
61 47 1
61 49 1
61 53 1
61 54 1
61 55 -1
61 56 1
61 57 1
61 58 1
61 59 -1
61 60 1
61 62 1
61 63 1
61 64 1
62 3 -1
62 6 1
62 12 1
62 37 -1
62 49 1
62 50 1
62 51 1
62 52 1
62 53 1
62 55 -1
62 57 1
62 59 -1
62 60 1
62 61 1
62 63 1
62 64 1
63 13 1
63 20 1
63 34 1
63 45 1
63 49 1
63 50 1
63 51 1
63 52 1
63 53 1
63 54 1
63 55 1
63 57 -1
63 58 1
63 59 1
63 61 1
63 62 1
64 8 1
64 14 1
64 20 1
64 26 1
64 49 -1
64 50 1
64 51 1
64 53 1
64 54 1
64 55 -1
64 56 1
64 57 1
64 58 1
64 59 1
64 61 1
64 62 1
