1 2 -1
1 3 1
1 4 1
1 5 1
1 6 -1
1 7 1
1 9 1
1 10 1
1 12 1
1 13 -1
1 14 1
1 16 -1
1 18 -1
1 22 -1
1 55 1
1 59 1
2 1 -1
2 3 -1
2 5 -1
2 6 -1
2 7 -1
2 9 -1
2 10 -1
2 11 1
2 12 -1
2 14 1
2 15 -1
2 16 -1
2 17 -1
2 45 1
2 55 -1
2 59 -1
3 1 1
3 2 -1
3 4 1
3 5 1
3 8 -1
3 9 1
3 10 -1
3 11 1
3 13 1
3 14 -1
3 15 -1
3 16 -1
3 34 1
3 36 -1
3 63 1
3 64 -1
4 1 1
4 3 1
4 6 1
4 7 1
4 8 -1
4 9 -1
4 10 -1
4 11 -1
4 12 -1
4 13 -1
4 14 1
4 16 -1
4 21 1
4 30 1
4 54 1
4 62 -1
5 1 1
5 2 -1
5 3 1
5 6 1
5 7 -1
5 8 -1
5 9 1
5 10 1
5 12 1
5 13 -1
5 14 -1
5 15 1
5 17 -1
5 20 -1
5 43 1
5 54 -1
6 1 -1
6 2 -1
6 4 1
6 5 1
6 7 -1
6 8 -1
6 9 1
6 10 1
6 11 1
6 12 -1
6 14 1
6 15 -1
6 28 -1
6 40 1
6 41 1
6 59 -1
7 1 1
7 2 -1
7 4 1
7 5 -1
7 6 -1
7 8 1
7 9 -1
7 11 1
7 12 1
7 13 -1
7 15 -1
7 16 1
7 17 -1
7 26 -1
7 39 1
7 58 1
8 3 -1
8 4 -1
8 5 -1
8 6 -1
8 7 1
8 10 -1
8 11 1
8 12 -1
8 13 1
8 14 -1
8 15 1
8 16 -1
8 26 -1
8 38 -1
8 46 -1
8 60 -1
9 1 1
9 2 -1
9 3 1
9 4 -1
9 5 1
9 6 1
9 7 -1
9 10 1
9 11 -1
9 13 1
9 15 -1
9 16 1
9 20 -1
9 26 -1
9 40 1
9 58 1
10 1 1
10 2 -1
10 3 -1
10 4 -1
10 5 1
10 6 1
10 8 -1
10 9 1
10 12 -1
10 13 1
10 15 -1
10 16 -1
10 37 1
10 47 1
10 51 1
10 61 1
11 2 1
11 3 1
11 4 -1
11 6 1
11 7 1
11 8 1
11 9 -1
11 12 1
11 13 -1
11 14 -1
11 15 -1
11 16 -1
11 22 -1
11 33 -1
11 44 1
11 52 1
12 1 1
12 2 -1
12 4 -1
12 5 1
12 6 -1
12 7 1
12 8 -1
12 10 -1
12 11 1
12 13 -1
12 14 -1
12 15 1
12 19 -1
12 41 -1
12 53 -1
12 63 -1
13 1 -1
13 3 1
13 4 -1
13 5 -1
13 7 -1
13 8 1
13 9 1
13 10 1
13 11 -1
13 12 -1
13 14 -1
13 16 1
13 22 -1
13 36 -1
13 44 -1
13 47 1
14 1 1
14 2 1
14 3 -1
14 4 1
14 5 -1
14 6 1
14 8 -1
14 11 -1
14 12 -1
14 13 -1
14 15 1
14 16 -1
14 23 -1
14 33 -1
14 39 -1
15 2 -1
15 3 -1
15 5 1
15 6 -1
15 7 -1
15 8 1
15 9 -1
15 10 -1
15 11 -1
15 12 1
15 14 1
15 16 1
15 25 -1
15 29 -1
15 40 -1
15 41 -1
16 1 -1
16 2 -1
16 3 -1
16 4 -1
16 7 1
16 8 -1
16 9 1
16 10 -1
16 11 -1
16 13 1
16 14 -1
16 15 1
16 23 1
16 37 1
16 43 1
16 54 -1
17 2 -1
17 5 -1
17 7 -1
17 18 -1
17 19 1
17 22 -1
17 23 1
17 24 -1
17 25 1
17 26 -1
17 27 -1
17 28 -1
17 29 1
17 30 1
17 31 -1
17 63 1
18 1 -1
18 17 -1
18 20 -1
18 21 1
18 23 -1
18 24 -1
18 25 -1
18 26 -1
18 27 -1
18 28 1
18 29 -1
18 31 1
18 32 1
18 33 -1
18 38 -1
18 45 1
19 12 -1
19 17 1
19 20 -1
19 21 -1
19 22 -1
19 23 -1
19 24 -1
19 27 1
19 28 -1
19 29 1
19 30 1
19 31 1
19 32 -1
19 36 -1
19 38 -1
19 62 -1
20 5 -1
20 9 -1
20 18 -1
20 19 -1
20 21 -1
20 22 1
20 25 1
20 26 -1
20 27 1
20 28 -1
20 29 1
20 30 -1
20 31 -1
20 32 -1
20 35 1
20 56 -1
21 4 1
21 18 1
21 19 -1
21 20 -1
21 22 -1
21 23 -1
21 24 -1
21 25 1
21 26 1
21 27 1
21 29 1
21 31 -1
21 32 -1
21 40 1
21 62 -1
21 63 1
22 1 -1
22 11 -1
22 13 -1
22 17 -1
22 19 -1
22 20 1
22 21 -1
22 23 -1
22 24 -1
22 26 -1
22 27 -1
22 28 -1
22 29 -1
22 30 -1
22 31 1
22 54 -1
23 14 -1
23 16 1
23 17 1
23 18 -1
23 19 -1
23 21 -1
23 22 -1
23 24 -1
23 25 -1
23 26 1
23 27 1
23 29 -1
23 30 -1
23 32 1
23 48 -1
24 17 -1
24 18 -1
24 19 -1
24 21 -1
24 22 -1
24 23 -1
24 25 1
24 26 -1
24 28 -1
24 30 -1
24 31 -1
24 32 -1
24 46 -1
24 60 -1
24 61 -1
25 15 -1
25 17 1
25 18 -1
25 20 1
25 21 1
25 23 -1
25 24 1
25 26 1
25 27 -1
25 28 -1
25 29 1
25 30 -1
25 31 -1
25 43 -1
25 50 1
25 55 -1
26 7 -1
26 8 -1
26 9 -1
26 17 -1
26 18 -1
26 20 -1
26 21 1
26 22 -1
26 23 1
26 24 -1
26 25 1
26 28 -1
26 29 -1
26 30 1
26 32 -1
26 37 -1
27 17 -1
27 18 -1
27 19 1
27 20 1
27 21 1
27 22 -1
27 23 1
27 25 -1
27 28 1
27 30 -1
27 31 1
27 32 -1
27 44 -1
27 48 1
27 52 1
27 53 1
28 6 -1
28 17 -1
28 18 1
28 19 -1
28 20 -1
28 22 -1
28 24 -1
28 25 -1
28 26 -1
28 27 1
28 29 -1
28 31 1
28 32 -1
28 33 -1
28 51 -1
28 57 -1
29 15 -1
29 17 1
29 18 -1
29 19 1
29 20 1
29 21 1
29 22 -1
29 23 -1
29 25 1
29 26 -1
29 28 -1
29 30 -1
29 32 1
29 34 -1
29 36 -1
29 57 1
30 4 1
30 17 1
30 19 1
30 20 -1
30 22 -1
30 23 -1
30 24 -1
30 25 -1
30 26 1
30 27 -1
30 29 -1
30 31 -1
30 32 1
30 46 -1
30 56 1
30 60 1
31 17 -1
31 18 1
31 19 1
31 20 -1
31 21 -1
31 22 1
31 24 -1
31 25 -1
31 27 1
31 28 1
31 30 -1
31 32 -1
31 50 1
31 64 1
32 18 1
32 19 -1
32 20 -1
32 21 -1
32 23 1
32 24 -1
32 26 -1
32 27 -1
32 28 -1
32 29 1
32 30 1
32 31 -1
32 35 -1
32 39 1
32 51 -1
32 57 1
33 11 -1
33 14 -1
33 18 -1
33 28 -1
33 34 -1
33 36 1
33 37 -1
33 38 -1
33 39 1
33 40 -1
33 41 1
33 42 1
33 43 1
33 46 -1
33 47 -1
33 48 1
34 3 1
34 29 -1
34 33 -1
34 35 1
34 37 -1
34 38 -1
34 39 -1
34 40 1
34 42 1
34 43 -1
34 44 -1
34 45 -1
34 47 -1
34 48 -1
34 53 -1
34 55 -1
35 20 1
35 32 -1
35 34 1
35 36 -1
35 37 -1
35 39 1
35 40 1
35 41 -1
35 42 -1
35 44 -1
35 45 1
35 46 -1
35 47 1
35 48 1
35 50 -1
35 62 -1
36 3 -1
36 13 -1
36 19 -1
36 29 -1
36 33 1
36 35 -1
36 37 -1
36 38 1
36 39 -1
36 41 -1
36 42 -1
36 43 -1
36 44 1
36 45 1
36 46 -1
36 48 -1
37 10 1
37 16 1
37 26 -1
37 33 -1
37 34 -1
37 35 -1
37 36 -1
37 38 -1
37 40 1
37 41 -1
37 42 1
37 43 -1
37 44 -1
37 46 -1
37 48 1
37 50 -1
38 8 -1
38 18 -1
38 19 -1
38 33 -1
38 34 -1
38 36 1
38 37 -1
38 39 -1
38 40 -1
38 42 -1
38 44 -1
38 45 1
38 46 1
38 47 1
38 48 1
38 56 -1
39 7 1
39 14 -1
39 32 1
39 33 1
39 34 -1
39 35 1
39 36 -1
39 38 -1
39 40 1
39 41 -1
39 42 1
39 43 1
39 44 1
39 45 -1
39 47 -1
39 59 -1
40 6 1
40 9 1
40 15 -1
40 21 1
40 33 -1
40 34 1
40 35 1
40 37 1
40 38 -1
40 39 1
40 43 -1
40 44 1
40 45 -1
40 46 1
40 47 -1
40 48 -1
41 6 1
41 12 -1
41 15 -1
41 33 1
41 35 -1
41 36 -1
41 37 -1
41 39 -1
41 42 1
41 43 1
41 44 -1
41 45 1
41 46 -1
41 47 -1
41 48 -1
41 52 1
42 33 1
42 34 1
42 35 -1
42 36 -1
42 37 1
42 38 -1
42 39 1
42 41 1
42 43 1
42 45 1
42 47 -1
42 48 1
42 49 -1
42 56 -1
42 58 -1
42 60 -1
43 5 1
43 16 1
43 25 -1
43 33 1
43 34 -1
43 36 -1
43 37 -1
43 39 1
43 40 -1
43 41 1
43 42 1
43 44 -1
43 45 1
43 46 1
43 47 -1
43 52 -1
44 11 1
44 13 -1
44 27 -1
44 34 -1
44 35 -1
44 36 1
44 37 -1
44 38 -1
44 39 1
44 40 1
44 41 -1
44 43 -1
44 45 -1
44 46 1
44 48 -1
44 61 1
45 2 1
45 18 1
45 34 -1
45 35 1
45 36 1
45 38 1
45 39 -1
45 40 -1
45 41 1
45 42 1
45 43 1
45 44 -1
45 46 1
45 47 1
45 51 -1
45 57 1
46 8 -1
46 24 -1
46 30 -1
46 33 -1
46 35 -1
46 36 -1
46 37 -1
46 38 1
46 40 1
46 41 -1
46 43 1
46 44 1
46 45 1
46 47 1
46 48 1
46 58 1
47 10 1
47 13 1
47 33 -1
47 34 -1
47 35 1
47 38 1
47 39 -1
47 40 -1
47 41 -1
47 42 -1
47 43 -1
47 45 1
47 46 1
47 48 1
47 49 -1
47 53 -1
48 23 -1
48 27 1
48 33 1
48 34 -1
48 35 1
48 36 -1
48 37 1
48 38 1
48 40 -1
48 41 -1
48 42 1
48 44 -1
48 46 1
48 47 1
48 49 1
49 42 -1
49 47 -1
49 48 1
49 51 1
49 53 1
49 54 1
49 56 -1
49 57 -1
49 58 -1
49 59 1
49 60 -1
49 61 1
49 62 1
49 63 -1
49 64 -1
50 25 1
50 31 1
50 35 -1
50 37 -1
50 51 -1
50 52 1
50 53 1
50 54 -1
50 55 -1
50 56 1
50 57 -1
50 58 1
50 59 1
50 62 -1
50 63 1
50 64 1
51 10 1
51 28 -1
51 32 -1
51 45 -1
51 49 1
51 50 -1
51 52 -1
51 53 -1
51 54 1
51 55 -1
51 56 -1
51 57 -1
51 58 -1
51 59 1
51 61 -1
51 64 -1
52 11 1
52 27 1
52 41 1
52 43 -1
52 50 1
52 51 -1
52 53 -1
52 54 -1
52 56 -1
52 57 -1
52 58 1
52 60 -1
52 61 -1
52 62 -1
52 63 1
52 64 -1
53 12 -1
53 27 1
53 34 -1
53 47 -1
53 49 1
53 50 1
53 51 -1
53 52 -1
53 54 -1
53 55 -1
53 58 -1
53 59 -1
53 60 1
53 61 1
53 62 -1
53 63 -1
54 4 1
54 5 -1
54 16 -1
54 22 -1
54 49 1
54 50 -1
54 51 1
54 52 -1
54 53 -1
54 56 1
54 57 1
54 59 -1
54 60 -1
54 61 -1
54 63 -1
54 64 -1
55 1 1
55 2 -1
55 25 -1
55 34 -1
55 50 -1
55 51 -1
55 53 -1
55 56 1
55 57 -1
55 58 1
55 59 -1
55 60 -1
55 61 -1
55 62 -1
55 63 1
55 64 -1
56 20 -1
56 30 1
56 38 -1
56 42 -1
56 49 -1
56 50 1
56 51 -1
56 52 -1
56 54 1
56 55 1
56 58 1
56 59 -1
56 60 1
56 62 -1
56 63 1
56 64 1
57 28 -1
57 29 1
57 32 1
57 45 1
57 49 -1
57 50 -1
57 51 -1
57 52 -1
57 54 1
57 55 -1
57 58 -1
57 59 -1
57 60 -1
57 61 -1
57 62 1
57 63 -1
58 7 1
58 9 1
58 42 -1
58 46 1
58 49 -1
58 50 1
58 51 -1
58 52 1
58 53 -1
58 55 1
58 56 1
58 57 -1
58 60 1
58 61 -1
58 62 1
58 64 -1
59 1 1
59 2 -1
59 6 -1
59 39 -1
59 49 1
59 50 1
59 51 1
59 53 -1
59 54 -1
59 55 -1
59 56 -1
59 57 -1
59 60 1
59 61 -1
59 62 -1
59 64 1
60 8 -1
60 24 -1
60 30 1
60 42 -1
60 49 -1
60 52 -1
60 53 1
60 54 -1
60 55 -1
60 56 1
60 57 -1
60 58 1
60 59 1
60 62 -1
60 63 1
60 64 -1
61 10 1
61 24 -1
61 44 1
61 49 1
61 51 -1
61 52 -1
61 53 1
61 54 -1
61 55 -1
61 57 -1
61 58 -1
61 59 -1
61 62 -1
61 63 1
61 64 -1
62 4 -1
62 19 -1
62 21 -1
62 35 -1
62 49 1
62 50 -1
62 52 -1
62 53 -1
62 55 -1
62 56 -1
62 57 1
62 58 1
62 59 -1
62 60 -1
62 61 -1
62 63 -1
63 3 1
63 12 -1
63 17 1
63 21 1
63 49 -1
63 50 1
63 52 1
63 53 -1
63 54 -1
63 55 1
63 56 1
63 57 -1
63 60 1
63 61 1
63 62 -1
63 64 1
64 3 -1
64 31 1
64 49 -1
64 50 1
64 51 -1
64 52 -1
64 54 -1
64 55 -1
64 56 1
64 58 -1
64 59 1
64 60 -1
64 61 -1
64 63 1
