1 2 1
1 3 1
1 4 -1
1 6 1
1 7 1
1 9 1
1 11 -1
1 12 1
1 13 1
1 14 1
1 15 1
1 16 1
1 22 1
1 36 1
1 41 1
1 58 1
2 1 1
2 3 1
2 4 1
2 5 1
2 9 1
2 10 -1
2 11 1
2 12 -1
2 13 1
2 14 1
2 15 1
2 16 1
2 38 1
2 42 -1
2 52 1
2 60 1
3 1 1
3 2 1
3 4 1
3 5 1
3 6 1
3 7 1
3 8 1
3 9 1
3 12 -1
3 13 -1
3 15 1
3 16 -1
3 39 1
3 47 1
3 53 -1
3 57 1
4 1 -1
4 2 1
4 3 1
4 5 1
4 6 1
4 7 -1
4 9 -1
4 10 1
4 12 1
4 13 1
4 14 -1
4 15 1
4 20 1
4 24 -1
4 30 1
4 54 -1
5 2 1
5 3 1
5 4 1
5 7 -1
5 8 1
5 9 1
5 10 -1
5 11 1
5 12 -1
5 14 1
5 15 1
5 16 1
5 24 -1
5 50 1
5 61 1
5 62 -1
6 1 1
6 3 1
6 4 1
6 7 1
6 8 1
6 9 1
6 10 1
6 11 -1
6 12 -1
6 13 1
6 14 1
6 16 1
6 33 1
6 38 1
6 51 1
6 56 -1
7 1 1
7 3 1
7 4 -1
7 5 -1
7 6 1
7 8 -1
7 10 1
7 11 1
7 13 -1
7 14 1
7 15 1
7 16 1
7 43 1
7 44 1
7 48 1
7 61 1
8 3 1
8 5 1
8 6 1
8 7 -1
8 9 1
8 10 -1
8 11 1
8 12 1
8 13 1
8 14 1
8 15 1
8 16 1
8 34 1
8 37 -1
8 44 1
8 50 1
9 1 1
9 2 1
9 3 1
9 4 -1
9 5 1
9 6 1
9 8 1
9 10 1
9 11 -1
9 12 1
9 13 -1
9 15 1
9 42 1
9 44 1
9 48 1
9 64 1
10 2 -1
10 4 1
10 5 -1
10 6 1
10 7 1
10 8 -1
10 9 1
10 11 1
10 13 1
10 14 1
10 15 1
10 16 -1
10 22 -1
10 48 1
10 62 1
11 1 -1
11 2 1
11 5 1
11 6 -1
11 7 1
11 8 1
11 9 -1
11 10 1
11 12 1
11 13 1
11 14 1
11 16 -1
11 20 1
11 36 1
11 47 1
11 54 1
12 1 1
12 2 -1
12 3 -1
12 4 1
12 5 -1
12 6 -1
12 8 1
12 9 1
12 11 1
12 13 1
12 14 1
12 15 1
12 42 1
12 45 1
12 59 -1
12 62 1
13 1 1
13 2 1
13 3 -1
13 4 1
13 6 1
13 7 -1
13 8 1
13 9 -1
13 10 1
13 11 1
13 12 1
13 16 1
13 45 1
13 46 -1
13 49 -1
13 61 1
14 1 1
14 2 1
14 4 -1
14 5 1
14 6 1
14 7 1
14 8 1
14 10 1
14 11 1
14 12 1
14 15 1
14 16 1
14 24 1
14 30 1
14 60 1
14 62 1
15 1 1
15 2 1
15 3 1
15 4 1
15 5 1
15 7 1
15 8 1
15 9 1
15 10 1
15 12 1
15 14 1
15 16 1
15 17 1
15 48 1
15 57 1
15 64 1
16 1 1
16 2 1
16 3 -1
16 5 1
16 6 1
16 7 1
16 8 1
16 10 -1
16 11 -1
16 13 1
16 14 1
16 15 1
16 20 1
16 29 1
16 43 1
16 58 1
17 15 1
17 18 1
17 19 -1
17 20 1
17 22 1
17 23 1
17 25 1
17 26 1
17 27 -1
17 28 1
17 29 1
17 31 1
17 32 -1
17 34 1
17 47 1
17 54 1
18 17 1
18 20 1
18 21 -1
18 22 1
18 23 -1
18 25 1
18 27 1
18 28 -1
18 29 -1
18 30 1
18 31 1
18 32 1
18 40 1
18 51 1
18 58 -1
18 60 1
19 17 -1
19 20 -1
19 23 1
19 24 1
19 25 1
19 26 1
19 27 1
19 28 1
19 29 1
19 30 1
19 31 1
19 32 1
19 33 1
19 49 1
19 52 1
19 53 -1
20 4 1
20 11 1
20 16 1
20 17 1
20 18 1
20 19 -1
20 21 1
20 22 1
20 24 1
20 25 1
20 26 1
20 27 1
20 28 1
20 29 -1
20 30 1
20 47 1
21 18 -1
21 20 1
21 22 1
21 23 1
21 24 1
21 25 1
21 27 1
21 28 1
21 29 1
21 30 1
21 31 -1
21 32 1
21 46 1
21 54 1
21 56 1
22 1 1
22 10 -1
22 17 1
22 18 1
22 20 1
22 21 1
22 23 -1
22 24 1
22 25 -1
22 26 1
22 28 1
22 29 1
22 30 1
22 31 -1
22 37 1
23 17 1
23 18 -1
23 19 1
23 21 1
23 22 -1
23 24 1
23 26 1
23 27 1
23 28 1
23 29 -1
23 30 -1
23 32 1
23 43 1
23 45 1
23 50 1
23 60 1
24 4 -1
24 5 -1
24 14 1
24 19 1
24 20 1
24 21 1
24 22 1
24 23 1
24 25 1
24 26 1
24 27 1
24 28 -1
24 29 1
24 30 1
24 32 1
24 57 1
25 17 1
25 18 1
25 19 1
25 20 1
25 21 1
25 22 -1
25 24 1
25 26 1
25 27 1
25 28 1
25 29 1
25 31 1
25 43 1
25 53 -1
25 55 1
25 59 1
26 17 1
26 19 1
26 20 1
26 22 1
26 23 1
26 24 1
26 25 1
26 27 -1
26 29 1
26 30 -1
26 31 -1
26 32 -1
26 35 1
26 49 1
26 55 -1
26 57 1
27 17 -1
27 18 1
27 19 1
27 20 1
27 21 1
27 23 1
27 24 1
27 25 1
27 26 -1
27 30 1
27 31 -1
27 32 1
27 40 1
27 45 -1
27 51 1
27 59 1
28 17 1
28 18 -1
28 19 1
28 20 1
28 21 1
28 22 1
28 23 1
28 24 -1
28 25 1
28 30 -1
28 31 1
28 32 1
28 33 -1
28 35 1
28 49 -1
28 55 1
29 16 1
29 17 1
29 18 -1
29 19 1
29 20 -1
29 21 1
29 22 1
29 23 -1
29 24 1
29 25 1
29 26 1
29 31 -1
29 32 1
29 36 1
29 42 1
29 52 -1
30 4 1
30 14 1
30 18 1
30 19 1
30 20 1
30 21 1
30 22 1
30 23 -1
30 24 1
30 26 -1
30 27 1
30 28 -1
30 31 -1
30 32 1
30 40 -1
30 46 1
31 17 1
31 18 1
31 19 1
31 21 -1
31 22 -1
31 25 1
31 26 -1
31 27 -1
31 28 1
31 29 -1
31 30 -1
31 32 1
31 37 1
31 41 1
31 63 1
32 17 -1
32 18 1
32 19 1
32 21 1
32 23 1
32 24 1
32 26 -1
32 27 1
32 28 1
32 29 1
32 30 1
32 31 1
32 39 1
32 40 1
32 41 -1
32 56 1
33 6 1
33 19 1
33 28 -1
33 34 1
33 35 1
33 36 1
33 37 1
33 38 1
33 39 1
33 40 1
33 41 1
33 43 -1
33 44 1
33 46 1
33 48 1
33 64 1
34 8 1
34 17 1
34 33 1
34 35 -1
34 36 1
34 37 1
34 38 1
34 40 1
34 42 1
34 44 1
34 45 -1
34 46 1
34 47 1
34 48 1
34 63 1
34 64 1
35 26 1
35 28 1
35 33 1
35 34 -1
35 38 -1
35 39 1
35 40 1
35 41 1
35 42 1
35 43 -1
35 45 1
35 46 1
35 47 1
35 48 1
35 52 1
35 61 -1
36 1 1
36 11 1
36 29 1
36 33 1
36 34 1
36 38 1
36 39 1
36 40 1
36 41 1
36 42 1
36 43 1
36 44 1
36 45 1
36 47 1
36 48 1
36 55 1
37 8 -1
37 22 1
37 31 1
37 33 1
37 34 1
37 38 1
37 39 -1
37 40 1
37 41 1
37 42 -1
37 43 1
37 44 1
37 45 1
37 46 1
37 47 1
38 2 1
38 6 1
38 33 1
38 34 1
38 35 -1
38 36 1
38 37 1
38 39 1
38 43 -1
38 44 1
38 45 1
38 46 -1
38 47 1
38 48 -1
38 51 1
38 59 1
39 3 1
39 32 1
39 33 1
39 35 1
39 36 1
39 37 -1
39 38 1
39 40 1
39 42 1
39 43 -1
39 44 1
39 45 1
39 46 1
39 48 1
39 53 1
39 63 1
40 18 1
40 27 1
40 30 -1
40 32 1
40 33 1
40 34 1
40 35 1
40 36 1
40 37 1
40 39 1
40 41 1
40 42 1
40 43 1
40 44 -1
40 45 1
40 48 1
41 1 1
41 31 1
41 32 -1
41 33 1
41 35 1
41 36 1
41 37 1
41 40 1
41 42 1
41 43 1
41 44 1
41 45 1
41 46 1
41 47 1
41 48 1
41 50 1
42 2 -1
42 9 1
42 12 1
42 29 1
42 34 1
42 35 1
42 36 1
42 37 -1
42 39 1
42 40 1
42 41 1
42 43 1
42 45 -1
42 46 1
42 47 1
42 48 1
43 7 1
43 16 1
43 23 1
43 25 1
43 33 -1
43 35 -1
43 36 1
43 37 1
43 38 -1
43 39 -1
43 40 1
43 41 1
43 42 1
43 44 1
43 46 1
43 47 1
44 7 1
44 8 1
44 9 1
44 33 1
44 34 1
44 36 1
44 37 1
44 38 1
44 39 1
44 40 -1
44 41 1
44 43 1
44 46 1
44 47 1
44 48 1
44 63 1
45 12 1
45 13 1
45 23 1
45 27 -1
45 34 -1
45 35 1
45 36 1
45 37 1
45 38 1
45 39 1
45 40 1
45 41 1
45 42 -1
45 46 1
45 47 1
45 48 -1
46 13 -1
46 21 1
46 30 1
46 33 1
46 34 1
46 35 1
46 37 1
46 38 -1
46 39 1
46 41 1
46 42 1
46 43 1
46 44 1
46 45 1
46 47 1
46 58 1
47 3 1
47 11 1
47 17 1
47 20 1
47 34 1
47 35 1
47 36 1
47 37 1
47 38 1
47 41 1
47 42 1
47 43 1
47 44 1
47 45 1
47 46 1
47 48 1
48 7 1
48 9 1
48 10 1
48 15 1
48 33 1
48 34 1
48 35 1
48 36 1
48 38 -1
48 39 1
48 40 1
48 41 1
48 42 1
48 44 1
48 45 -1
48 47 1
49 13 -1
49 19 1
49 26 1
49 28 -1
49 51 1
49 52 1
49 53 1
49 54 1
49 55 -1
49 56 1
49 57 1
49 58 1
49 59 -1
49 60 1
49 61 1
49 64 -1
50 5 1
50 8 1
50 23 1
50 41 1
50 51 -1
50 52 1
50 53 1
50 54 1
50 56 1
50 58 1
50 59 1
50 60 1
50 61 1
50 62 1
50 63 1
50 64 1
51 6 1
51 18 1
51 27 1
51 38 1
51 49 1
51 50 -1
51 52 1
51 53 1
51 55 1
51 57 1
51 58 1
51 59 1
51 60 1
51 61 1
51 62 -1
51 63 -1
52 2 1
52 19 1
52 29 -1
52 35 1
52 49 1
52 50 1
52 51 1
52 54 1
52 55 1
52 56 1
52 57 1
52 58 1
52 59 -1
52 61 1
52 62 1
52 63 1
53 3 -1
53 19 -1
53 25 -1
53 39 1
53 49 1
53 50 1
53 51 1
53 54 1
53 55 1
53 56 1
53 57 1
53 58 1
53 60 1
53 61 -1
53 63 -1
53 64 1
54 4 -1
54 11 1
54 17 1
54 21 1
54 49 1
54 50 1
54 52 1
54 53 1
54 55 1
54 56 -1
54 57 -1
54 58 1
54 60 1
54 62 1
54 63 1
54 64 1
55 25 1
55 26 -1
55 28 1
55 36 1
55 49 -1
55 51 1
55 52 1
55 53 1
55 54 1
55 57 1
55 58 1
55 59 1
55 60 -1
55 61 1
55 63 1
55 64 -1
56 6 -1
56 21 1
56 32 1
56 49 1
56 50 1
56 52 1
56 53 1
56 54 -1
56 57 1
56 58 1
56 59 1
56 61 1
56 62 1
56 63 -1
56 64 1
57 3 1
57 15 1
57 24 1
57 26 1
57 49 1
57 51 1
57 52 1
57 53 1
57 54 -1
57 55 1
57 56 1
57 59 1
57 60 -1
57 61 1
57 62 1
57 64 1
58 1 1
58 16 1
58 18 -1
58 46 1
58 49 1
58 50 1
58 51 1
58 52 1
58 53 1
58 54 1
58 55 1
58 56 1
58 59 1
58 62 -1
58 63 1
58 64 -1
59 12 -1
59 25 1
59 27 1
59 38 1
59 49 -1
59 50 1
59 51 1
59 52 -1
59 55 1
59 56 1
59 57 1
59 58 1
59 60 1
59 61 -1
59 62 1
59 64 1
60 2 1
60 14 1
60 18 1
60 23 1
60 49 1
60 50 1
60 51 1
60 53 1
60 54 1
60 55 -1
60 57 -1
60 59 1
60 61 1
60 62 1
60 63 1
60 64 1
61 5 1
61 7 1
61 13 1
61 35 -1
61 49 1
61 50 1
61 51 1
61 52 1
61 53 -1
61 55 1
61 56 1
61 57 1
61 59 -1
61 60 1
61 62 1
61 63 1
62 5 -1
62 10 1
62 12 1
62 14 1
62 50 1
62 51 -1
62 52 1
62 54 1
62 56 1
62 57 1
62 58 -1
62 59 1
62 60 1
62 61 1
62 63 1
62 64 1
63 31 1
63 34 1
63 39 1
63 44 1
63 50 1
63 51 -1
63 52 1
63 53 -1
63 54 1
63 55 1
63 56 -1
63 58 1
63 60 1
63 61 1
63 62 1
63 64 1
64 9 1
64 15 1
64 33 1
64 34 1
64 49 -1
64 50 1
64 53 1
64 54 1
64 55 -1
64 56 1
64 57 1
64 58 -1
64 59 1
64 60 1
64 62 1
64 63 1
