1 2 1
1 3 1
1 4 1
1 5 1
1 6 -1
1 8 -1
1 11 1
1 12 1
1 13 -1
1 14 -1
1 15 -1
1 16 -1
1 24 1
1 32 1
1 35 1
1 48 1
2 1 1
2 3 1
2 4 -1
2 5 1
2 6 -1
2 7 1
2 8 -1
2 9 1
2 11 -1
2 12 1
2 14 1
2 15 1
2 26 -1
2 37 1
2 39 -1
2 51 1
3 1 1
3 2 1
3 5 1
3 6 1
3 7 -1
3 8 1
3 9 1
3 10 -1
3 11 1
3 12 1
3 15 -1
3 16 1
3 24 -1
3 33 1
3 43 -1
3 46 1
4 1 1
4 2 -1
4 5 1
4 6 -1
4 7 1
4 8 1
4 9 -1
4 10 1
4 11 -1
4 12 -1
4 14 1
4 15 -1
4 28 -1
4 41 -1
4 45 1
4 56 1
5 1 1
5 2 1
5 3 1
5 4 1
5 6 1
5 7 -1
5 9 1
5 10 1
5 11 -1
5 12 -1
5 13 -1
5 16 -1
5 22 -1
5 47 -1
5 58 -1
5 61 1
6 1 -1
6 2 -1
6 3 1
6 4 -1
6 5 1
6 7 -1
6 10 -1
6 11 1
6 13 -1
6 14 -1
6 15 1
6 16 1
6 27 1
6 32 -1
6 37 1
6 56 -1
7 2 1
7 3 -1
7 4 1
7 5 -1
7 6 -1
7 8 -1
7 9 -1
7 12 1
7 13 -1
7 14 1
7 15 -1
7 16 1
7 34 -1
7 36 -1
7 40 1
7 43 -1
8 1 -1
8 2 -1
8 3 1
8 4 1
8 7 -1
8 10 -1
8 11 1
8 12 -1
8 13 1
8 14 1
8 15 -1
8 16 1
8 29 1
8 30 1
8 36 1
8 39 1
9 2 1
9 3 1
9 4 -1
9 5 1
9 7 -1
9 10 1
9 11 -1
9 12 1
9 13 1
9 14 -1
9 15 -1
9 16 -1
9 19 1
9 45 -1
9 46 -1
9 60 -1
10 3 -1
10 4 1
10 5 1
10 6 -1
10 8 -1
10 9 1
10 11 1
10 12 -1
10 13 -1
10 14 -1
10 15 1
10 16 1
10 25 1
10 26 1
10 30 1
10 52 1
11 1 1
11 2 -1
11 3 1
11 4 -1
11 5 -1
11 6 1
11 8 1
11 9 -1
11 10 1
11 12 -1
11 13 -1
11 16 1
11 18 1
11 27 1
11 52 -1
12 1 1
12 2 1
12 3 1
12 4 -1
12 5 -1
12 7 1
12 8 -1
12 9 1
12 10 -1
12 11 -1
12 13 1
12 14 -1
12 22 1
12 35 1
12 36 1
12 57 -1
13 1 -1
13 5 -1
13 6 -1
13 7 -1
13 8 1
13 9 1
13 10 -1
13 11 -1
13 12 1
13 14 1
13 15 1
13 16 1
13 20 -1
13 34 1
13 50 -1
13 54 1
14 1 -1
14 2 1
14 4 1
14 6 -1
14 7 1
14 8 1
14 9 -1
14 10 -1
14 12 -1
14 13 1
14 15 -1
14 16 1
14 31 -1
14 32 -1
14 47 1
15 1 -1
15 2 1
15 3 -1
15 4 -1
15 6 1
15 7 -1
15 8 -1
15 9 -1
15 10 1
15 13 1
15 14 -1
15 16 -1
15 52 -1
15 59 1
15 62 1
16 1 -1
16 3 1
16 5 -1
16 6 1
16 7 1
16 8 1
16 9 -1
16 10 1
16 11 1
16 13 1
16 14 1
16 15 -1
16 18 -1
16 21 1
16 26 -1
16 63 1
17 18 1
17 19 -1
17 20 -1
17 21 -1
17 22 -1
17 24 -1
17 27 -1
17 28 -1
17 29 1
17 30 1
17 31 -1
17 32 1
17 40 -1
17 53 -1
17 55 -1
17 60 1
18 11 1
18 16 -1
18 17 1
18 19 1
18 20 -1
18 21 1
18 22 -1
18 23 -1
18 25 1
18 26 1
18 27 1
18 29 -1
18 30 1
18 32 1
18 45 1
18 49 1
19 9 1
19 17 -1
19 18 1
19 20 -1
19 21 1
19 22 -1
19 23 -1
19 24 1
19 25 -1
19 28 1
19 29 1
19 30 1
19 32 -1
19 39 1
19 42 -1
19 61 1
20 13 -1
20 17 -1
20 18 -1
20 19 -1
20 23 -1
20 24 1
20 25 -1
20 26 -1
20 27 1
20 28 1
20 30 -1
20 31 -1
20 32 1
20 37 1
20 57 -1
20 63 1
21 16 1
21 17 -1
21 18 1
21 19 1
21 22 -1
21 24 -1
21 25 -1
21 26 1
21 27 -1
21 28 -1
21 29 1
21 31 1
21 32 1
21 33 -1
21 57 1
21 64 -1
22 5 -1
22 12 1
22 17 -1
22 18 -1
22 19 -1
22 21 -1
22 23 -1
22 24 1
22 26 -1
22 27 1
22 28 -1
22 29 1
22 30 -1
22 31 1
22 61 1
22 63 -1
23 18 -1
23 19 -1
23 20 -1
23 22 -1
23 24 1
23 25 1
23 27 1
23 28 1
23 29 -1
23 30 1
23 31 1
23 32 -1
23 35 -1
23 41 -1
23 49 -1
23 54 -1
24 1 1
24 3 -1
24 17 -1
24 19 1
24 20 1
24 21 -1
24 22 1
24 23 1
24 25 1
24 26 -1
24 27 1
24 29 -1
24 30 1
24 31 -1
24 39 1
24 41 1
25 10 1
25 18 1
25 19 -1
25 20 -1
25 21 -1
25 23 1
25 24 1
25 26 -1
25 27 1
25 28 -1
25 29 -1
25 31 -1
25 32 1
25 49 -1
25 53 -1
25 63 -1
26 2 -1
26 10 1
26 16 -1
26 18 1
26 20 -1
26 21 1
26 22 -1
26 24 -1
26 25 -1
26 27 -1
26 28 1
26 29 1
26 30 1
26 31 1
26 32 1
26 55 1
27 6 1
27 11 1
27 17 -1
27 18 1
27 20 1
27 21 -1
27 22 1
27 23 1
27 24 1
27 25 1
27 26 -1
27 28 1
27 30 -1
27 32 -1
27 42 -1
27 50 -1
28 4 -1
28 17 -1
28 19 1
28 20 1
28 21 -1
28 22 -1
28 23 1
28 25 -1
28 26 1
28 27 1
28 30 -1
28 31 -1
28 32 1
28 44 -1
28 55 -1
28 64 -1
29 8 1
29 17 1
29 18 -1
29 19 1
29 21 1
29 22 1
29 23 -1
29 24 -1
29 25 -1
29 26 1
29 30 -1
29 31 -1
29 32 -1
29 40 -1
29 42 1
29 54 1
30 8 1
30 10 1
30 17 1
30 18 1
30 19 1
30 20 -1
30 22 -1
30 23 1
30 24 1
30 26 1
30 27 -1
30 28 -1
30 29 -1
30 31 1
30 33 -1
30 55 -1
31 14 -1
31 17 -1
31 20 -1
31 21 1
31 22 1
31 23 1
31 24 -1
31 25 -1
31 26 1
31 28 -1
31 29 -1
31 30 1
31 32 1
31 38 -1
31 46 -1
32 1 1
32 6 -1
32 14 -1
32 17 1
32 18 1
32 19 -1
32 20 1
32 21 1
32 23 -1
32 25 1
32 26 1
32 27 -1
32 28 1
32 29 -1
32 31 1
32 59 1
33 3 1
33 21 -1
33 30 -1
33 34 1
33 35 -1
33 36 -1
33 37 -1
33 38 1
33 39 -1
33 40 1
33 42 -1
33 44 1
33 45 -1
33 46 1
33 48 -1
33 64 1
34 7 -1
34 13 1
34 33 1
34 35 1
34 37 1
34 38 -1
34 41 -1
34 42 1
34 43 -1
34 44 1
34 45 1
34 46 1
34 47 -1
34 48 -1
34 58 -1
34 64 1
35 1 1
35 12 1
35 23 -1
35 33 -1
35 34 1
35 36 -1
35 37 1
35 38 -1
35 39 -1
35 40 1
35 41 -1
35 42 1
35 43 1
35 44 1
35 47 1
35 58 -1
36 7 -1
36 8 1
36 12 1
36 33 -1
36 35 -1
36 38 -1
36 39 1
36 40 -1
36 42 -1
36 43 -1
36 44 1
36 45 -1
36 46 1
36 47 1
36 48 -1
36 59 -1
37 2 1
37 6 1
37 20 1
37 33 -1
37 34 1
37 35 1
37 38 1
37 39 1
37 40 -1
37 41 1
37 42 1
37 43 1
37 45 -1
37 46 1
37 48 1
37 56 1
38 31 -1
38 33 1
38 34 -1
38 35 -1
38 36 -1
38 37 1
38 42 1
38 43 1
38 44 1
38 45 -1
38 46 1
38 47 -1
38 48 -1
38 49 1
38 54 -1
38 58 1
39 2 -1
39 8 1
39 19 1
39 24 1
39 33 -1
39 35 -1
39 36 1
39 37 1
39 40 -1
39 41 1
39 42 -1
39 44 -1
39 45 -1
39 46 -1
39 47 1
39 48 -1
40 7 1
40 17 -1
40 29 -1
40 33 1
40 35 1
40 36 -1
40 37 -1
40 39 -1
40 41 -1
40 42 -1
40 43 1
40 44 -1
40 45 -1
40 46 1
40 48 -1
40 62 -1
41 4 -1
41 23 -1
41 24 1
41 34 -1
41 35 -1
41 37 1
41 39 1
41 40 -1
41 42 1
41 43 1
41 44 1
41 45 1
41 46 1
41 47 -1
41 48 -1
41 51 1
42 19 -1
42 27 -1
42 29 1
42 33 -1
42 34 1
42 35 1
42 36 -1
42 37 1
42 38 1
42 39 -1
42 40 -1
42 41 1
42 43 -1
42 45 -1
42 47 1
42 53 -1
43 3 -1
43 7 -1
43 34 -1
43 35 1
43 36 -1
43 37 1
43 38 1
43 40 1
43 41 1
43 42 -1
43 44 -1
43 46 -1
43 47 -1
43 48 1
43 53 1
43 56 1
44 28 -1
44 33 1
44 34 1
44 35 1
44 36 1
44 38 1
44 39 -1
44 40 -1
44 41 1
44 43 -1
44 46 -1
44 47 1
44 48 1
44 50 -1
44 62 -1
45 4 1
45 9 -1
45 18 1
45 33 -1
45 34 1
45 36 -1
45 37 -1
45 38 -1
45 39 -1
45 40 -1
45 41 1
45 42 -1
45 46 -1
45 47 1
45 48 -1
45 57 -1
46 3 1
46 9 -1
46 31 -1
46 33 1
46 34 1
46 36 1
46 37 1
46 38 1
46 39 -1
46 40 1
46 41 1
46 43 -1
46 44 -1
46 45 -1
46 47 -1
46 51 -1
47 5 -1
47 14 1
47 34 -1
47 35 1
47 36 1
47 38 -1
47 39 1
47 41 -1
47 42 1
47 43 -1
47 44 1
47 45 1
47 46 -1
47 48 -1
47 60 1
47 61 -1
48 1 1
48 33 -1
48 34 -1
48 36 -1
48 37 1
48 38 -1
48 39 -1
48 40 -1
48 41 -1
48 43 1
48 44 1
48 45 -1
48 47 -1
48 51 1
48 60 -1
48 62 1
49 18 1
49 23 -1
49 25 -1
49 38 1
49 50 1
49 51 1
49 54 1
49 55 -1
49 56 -1
49 58 -1
49 59 1
49 60 -1
49 61 -1
49 62 -1
49 63 -1
49 64 1
50 13 -1
50 27 -1
50 44 -1
50 49 1
50 51 1
50 52 1
50 53 1
50 56 1
50 57 1
50 58 1
50 59 -1
50 60 -1
50 61 1
50 63 -1
50 64 1
51 2 1
51 41 1
51 46 -1
51 48 1
51 49 1
51 50 1
51 52 1
51 53 -1
51 54 -1
51 55 -1
51 56 1
51 57 -1
51 60 -1
51 61 -1
51 63 1
51 64 1
52 10 1
52 11 -1
52 15 -1
52 50 1
52 51 1
52 53 -1
52 54 1
52 55 -1
52 57 1
52 58 -1
52 59 1
52 60 -1
52 61 1
52 62 1
52 64 -1
53 17 -1
53 25 -1
53 42 -1
53 43 1
53 50 1
53 51 -1
53 52 -1
53 54 -1
53 55 1
53 56 1
53 57 1
53 58 1
53 59 -1
53 60 1
53 62 -1
53 63 -1
54 13 1
54 23 -1
54 29 1
54 38 -1
54 49 1
54 51 -1
54 52 1
54 53 -1
54 55 1
54 56 -1
54 57 1
54 59 -1
54 60 -1
54 61 1
54 63 -1
54 64 -1
55 17 -1
55 26 1
55 28 -1
55 30 -1
55 49 -1
55 51 -1
55 52 -1
55 53 1
55 54 1
55 56 -1
55 57 -1
55 58 -1
55 59 1
55 61 -1
55 62 -1
55 64 1
56 4 1
56 6 -1
56 37 1
56 43 1
56 49 -1
56 50 1
56 51 1
56 53 1
56 54 -1
56 55 -1
56 57 -1
56 59 -1
56 60 1
56 62 1
56 63 -1
56 64 1
57 12 -1
57 20 -1
57 21 1
57 45 -1
57 50 1
57 51 -1
57 52 1
57 53 1
57 54 1
57 55 -1
57 56 -1
57 58 1
57 59 1
57 61 -1
57 62 1
57 63 -1
58 5 -1
58 34 -1
58 35 -1
58 38 1
58 49 -1
58 50 1
58 52 -1
58 53 1
58 55 -1
58 57 1
58 59 1
58 60 1
58 61 -1
58 62 -1
58 63 1
58 64 -1
59 15 1
59 32 1
59 36 -1
59 49 1
59 50 -1
59 52 1
59 53 -1
59 54 -1
59 55 1
59 56 -1
59 57 1
59 58 1
59 61 1
59 62 -1
59 64 -1
60 9 -1
60 17 1
60 47 1
60 48 -1
60 49 -1
60 50 -1
60 51 -1
60 52 -1
60 53 1
60 54 -1
60 56 1
60 58 1
60 61 1
60 62 1
60 63 1
60 64 1
61 5 1
61 19 1
61 22 1
61 47 -1
61 49 -1
61 50 1
61 51 -1
61 52 1
61 54 1
61 55 -1
61 57 -1
61 58 -1
61 59 1
61 60 1
61 62 -1
61 63 -1
62 15 1
62 40 -1
62 44 -1
62 48 1
62 49 -1
62 52 1
62 53 -1
62 55 -1
62 56 1
62 57 1
62 58 -1
62 59 -1
62 60 1
62 61 -1
62 63 1
62 64 1
63 16 1
63 20 1
63 22 -1
63 25 -1
63 49 -1
63 50 -1
63 51 1
63 53 -1
63 54 -1
63 56 -1
63 57 -1
63 58 1
63 60 1
63 61 -1
63 62 1
63 64 1
64 21 -1
64 28 -1
64 33 1
64 34 1
64 49 1
64 50 1
64 51 1
64 52 -1
64 54 -1
64 55 1
64 56 1
64 58 -1
64 59 -1
64 60 1
64 62 1
64 63 1
