1 2 1
1 4 1
1 5 1
1 7 1
1 8 1
1 9 -1
1 10 1
1 11 1
1 12 1
1 14 -1
1 15 1
1 16 1
1 47 1
1 50 1
1 56 1
1 62 1
2 1 1
2 3 1
2 4 1
2 5 1
2 6 1
2 7 1
2 10 1
2 11 1
2 12 1
2 13 1
2 14 1
2 16 1
2 19 1
2 38 1
2 57 1
2 60 1
3 2 1
3 4 1
3 5 -1
3 6 1
3 7 1
3 8 1
3 10 1
3 12 1
3 13 1
3 14 1
3 15 -1
3 16 1
3 43 -1
3 47 1
3 53 1
3 59 1
4 1 1
4 2 1
4 3 1
4 5 1
4 6 1
4 8 1
4 9 1
4 11 1
4 12 1
4 13 1
4 14 1
4 15 1
4 22 -1
4 30 1
4 33 1
4 61 1
5 1 1
5 2 1
5 3 -1
5 4 1
5 7 1
5 9 1
5 11 1
5 12 1
5 13 1
5 14 1
5 15 1
5 16 1
5 32 1
5 46 1
5 52 1
5 53 1
6 2 1
6 3 1
6 4 1
6 7 1
6 8 1
6 9 1
6 10 1
6 11 1
6 12 -1
6 14 1
6 15 -1
6 16 1
6 23 1
6 27 1
6 37 1
6 63 1
7 1 1
7 2 1
7 3 1
7 5 1
7 6 1
7 9 1
7 10 1
7 11 1
7 12 1
7 13 1
7 14 1
7 15 1
7 38 1
7 51 1
7 52 1
7 64 1
8 1 1
8 3 1
8 4 1
8 6 1
8 9 1
8 10 1
8 11 1
8 12 1
8 13 -1
8 14 -1
8 15 1
8 16 -1
8 20 1
8 24 1
8 27 1
8 30 1
9 1 -1
9 4 1
9 5 1
9 6 1
9 7 1
9 8 1
9 10 1
9 11 1
9 13 1
9 14 1
9 15 1
9 16 1
9 17 1
9 38 1
9 56 1
9 60 1
10 1 1
10 2 1
10 3 1
10 6 1
10 7 1
10 8 1
10 9 1
10 11 1
10 12 -1
10 13 1
10 14 1
10 15 1
10 26 1
10 42 1
10 45 1
10 48 1
11 1 1
11 2 1
11 4 1
11 5 1
11 6 1
11 7 1
11 8 1
11 9 1
11 10 1
11 12 1
11 13 1
11 16 1
11 26 1
11 39 1
11 62 1
12 1 1
12 2 1
12 3 1
12 4 1
12 5 1
12 6 -1
12 7 1
12 8 1
12 10 -1
12 11 1
12 15 1
12 16 1
12 17 1
12 35 1
12 53 1
12 56 1
13 2 1
13 3 1
13 4 1
13 5 1
13 7 1
13 8 -1
13 9 1
13 10 1
13 11 1
13 14 1
13 15 1
13 16 1
13 32 -1
13 38 1
13 44 1
13 62 1
14 1 -1
14 2 1
14 3 1
14 4 1
14 5 1
14 6 1
14 7 1
14 8 -1
14 9 1
14 10 1
14 13 1
14 16 1
14 35 1
14 44 -1
14 46 1
14 48 1
15 1 1
15 3 -1
15 4 1
15 5 1
15 6 -1
15 7 1
15 8 1
15 9 1
15 10 1
15 12 1
15 13 1
15 16 1
15 17 1
15 24 1
15 34 1
15 48 1
16 1 1
16 2 1
16 3 1
16 5 1
16 6 1
16 8 -1
16 9 1
16 11 1
16 12 1
16 13 1
16 14 1
16 15 1
16 21 1
16 27 1
16 33 1
16 55 1
17 9 1
17 12 1
17 15 1
17 18 1
17 19 1
17 20 1
17 22 1
17 23 -1
17 24 1
17 26 1
17 27 1
17 28 1
17 29 1
17 30 1
17 31 1
17 60 1
18 17 1
18 19 1
18 21 1
18 22 1
18 23 1
18 24 1
18 25 1
18 26 1
18 27 -1
18 29 1
18 31 -1
18 32 1
18 42 1
18 47 1
18 64 -1
19 2 1
19 17 1
19 18 1
19 21 1
19 22 1
19 23 1
19 25 1
19 26 1
19 28 1
19 29 1
19 30 -1
19 31 1
19 32 1
19 59 1
19 63 1
20 8 1
20 17 1
20 22 1
20 23 1
20 24 1
20 25 1
20 26 1
20 27 -1
20 28 -1
20 29 -1
20 30 1
20 31 -1
20 32 -1
20 39 1
20 41 1
20 42 1
21 16 1
21 18 1
21 19 1
21 22 1
21 23 1
21 24 1
21 25 1
21 26 1
21 27 1
21 28 -1
21 30 1
21 31 1
21 32 1
21 37 1
21 45 1
21 51 1
22 4 -1
22 17 1
22 18 1
22 19 1
22 20 1
22 21 1
22 24 1
22 26 1
22 27 1
22 28 1
22 29 1
22 30 1
22 31 1
22 44 1
22 53 1
22 54 1
23 6 1
23 17 -1
23 18 1
23 19 1
23 20 1
23 21 1
23 24 1
23 27 1
23 28 1
23 29 1
23 30 1
23 31 1
23 32 1
23 40 1
23 50 1
23 52 1
24 8 1
24 15 1
24 17 1
24 18 1
24 20 1
24 21 1
24 22 1
24 23 1
24 25 1
24 27 1
24 28 1
24 29 1
24 30 1
24 32 1
24 35 1
24 49 1
25 18 1
25 19 1
25 20 1
25 21 1
25 24 1
25 26 1
25 27 1
25 28 1
25 29 1
25 30 1
25 31 1
25 32 -1
25 34 1
25 36 1
25 40 1
26 10 1
26 11 1
26 17 1
26 18 1
26 19 1
26 20 1
26 21 1
26 22 1
26 25 1
26 27 1
26 29 1
26 30 1
26 31 1
26 32 1
26 51 1
27 6 1
27 8 1
27 16 1
27 17 1
27 18 -1
27 20 -1
27 21 1
27 22 1
27 23 1
27 24 1
27 25 1
27 26 1
27 28 1
27 31 1
27 32 1
27 35 1
28 17 1
28 19 1
28 20 -1
28 21 -1
28 22 1
28 23 1
28 24 1
28 25 1
28 27 1
28 29 1
28 30 1
28 32 1
28 41 1
28 43 1
28 45 1
28 55 1
29 17 1
29 18 1
29 19 1
29 20 -1
29 22 1
29 23 1
29 24 1
29 25 1
29 26 1
29 28 1
29 30 1
29 32 1
29 41 1
29 58 1
29 63 1
29 64 1
30 4 1
30 8 1
30 17 1
30 19 -1
30 20 1
30 21 1
30 22 1
30 23 1
30 24 1
30 25 1
30 26 1
30 28 1
30 29 1
30 31 1
30 50 1
30 55 1
31 17 1
31 18 -1
31 19 1
31 20 -1
31 21 1
31 22 1
31 23 1
31 25 1
31 26 1
31 27 1
31 30 1
31 32 1
31 37 1
31 52 1
31 61 1
31 63 1
32 5 1
32 13 -1
32 18 1
32 19 1
32 20 -1
32 21 1
32 23 1
32 24 1
32 25 -1
32 26 1
32 27 1
32 28 1
32 29 1
32 31 1
32 42 1
32 54 1
33 4 1
33 16 1
33 34 1
33 35 1
33 37 1
33 38 1
33 39 1
33 41 1
33 42 1
33 43 1
33 44 1
33 45 1
33 47 -1
33 48 -1
33 61 1
33 62 1
34 15 1
34 25 1
34 33 1
34 36 1
34 37 1
34 38 1
34 40 1
34 42 1
34 43 1
34 44 -1
34 45 1
34 46 1
34 47 1
34 48 1
34 51 1
34 57 1
35 12 1
35 14 1
35 24 1
35 27 1
35 33 1
35 36 1
35 37 1
35 38 1
35 39 1
35 40 1
35 41 1
35 42 1
35 45 1
35 46 1
35 47 1
35 48 -1
36 25 1
36 34 1
36 35 1
36 37 1
36 38 1
36 39 1
36 40 1
36 41 1
36 42 1
36 43 1
36 44 1
36 45 1
36 47 1
36 49 1
37 6 1
37 21 1
37 31 1
37 33 1
37 34 1
37 35 1
37 36 1
37 38 1
37 40 1
37 41 1
37 43 1
37 45 1
37 46 1
37 47 1
37 48 1
37 56 -1
38 2 1
38 7 1
38 9 1
38 13 1
38 33 1
38 34 1
38 35 1
38 36 1
38 37 1
38 40 1
38 42 1
38 43 1
38 44 1
38 46 1
38 47 1
38 48 1
39 11 1
39 20 1
39 33 1
39 35 1
39 36 1
39 40 1
39 41 -1
39 42 1
39 43 1
39 44 1
39 45 1
39 46 1
39 47 1
39 48 1
39 58 1
40 23 1
40 25 1
40 34 1
40 35 1
40 36 1
40 37 1
40 38 1
40 39 1
40 41 1
40 44 1
40 45 1
40 46 -1
40 47 1
40 48 1
40 54 1
40 61 -1
41 20 1
41 28 1
41 29 1
41 33 1
41 35 1
41 36 1
41 37 1
41 39 -1
41 40 1
41 42 1
41 43 1
41 44 1
41 46 1
41 47 1
41 48 1
41 50 1
42 10 1
42 18 1
42 20 1
42 32 1
42 33 1
42 34 1
42 35 1
42 36 1
42 38 1
42 39 1
42 41 1
42 43 1
42 45 1
42 46 1
42 47 1
42 48 1
43 3 -1
43 28 1
43 33 1
43 34 1
43 36 1
43 37 1
43 38 1
43 39 1
43 41 1
43 42 1
43 44 -1
43 45 1
43 46 1
43 48 1
43 57 1
43 60 1
44 13 1
44 14 -1
44 22 1
44 33 1
44 34 -1
44 36 1
44 38 1
44 39 1
44 40 1
44 41 1
44 43 -1
44 45 1
44 46 1
44 47 1
44 48 -1
44 59 1
45 10 1
45 21 1
45 28 1
45 33 1
45 34 1
45 35 1
45 36 1
45 37 1
45 39 1
45 40 1
45 42 1
45 43 1
45 44 1
45 46 1
45 48 -1
45 55 1
46 5 1
46 14 1
46 34 1
46 35 1
46 37 1
46 38 1
46 39 1
46 40 -1
46 41 1
46 42 1
46 43 1
46 44 1
46 45 1
46 47 1
46 54 1
46 57 1
47 1 1
47 3 1
47 18 1
47 33 -1
47 34 1
47 35 1
47 36 1
47 37 1
47 38 1
47 39 1
47 40 1
47 41 1
47 42 1
47 44 1
47 46 1
47 58 1
48 10 1
48 14 1
48 15 1
48 33 -1
48 34 1
48 35 -1
48 37 1
48 38 1
48 39 1
48 40 1
48 41 1
48 42 1
48 43 1
48 44 -1
48 45 -1
48 49 1
49 24 1
49 36 1
49 48 1
49 50 1
49 51 1
49 52 1
49 53 1
49 54 -1
49 57 1
49 59 1
49 60 1
49 61 1
49 62 1
49 63 1
49 64 1
50 1 1
50 23 1
50 30 1
50 41 1
50 49 1
50 51 1
50 52 -1
50 53 -1
50 54 1
50 55 1
50 58 1
50 60 1
50 61 -1
50 62 1
50 63 -1
50 64 -1
51 7 1
51 21 1
51 26 1
51 34 1
51 49 1
51 50 1
51 54 1
51 55 -1
51 56 1
51 57 1
51 58 1
51 59 1
51 60 1
51 61 1
51 62 1
51 63 1
52 5 1
52 7 1
52 23 1
52 31 1
52 49 1
52 50 -1
52 53 1
52 55 1
52 56 1
52 57 1
52 58 1
52 59 1
52 61 1
52 62 1
52 63 1
52 64 1
53 3 1
53 5 1
53 12 1
53 22 1
53 49 1
53 50 -1
53 52 1
53 54 1
53 55 -1
53 56 1
53 57 1
53 58 1
53 59 1
53 60 1
53 63 1
53 64 1
54 22 1
54 32 1
54 40 1
54 46 1
54 49 -1
54 50 1
54 51 1
54 53 1
54 56 -1
54 57 1
54 58 1
54 59 1
54 61 1
54 62 1
54 63 1
54 64 1
55 16 1
55 28 1
55 30 1
55 45 1
55 50 1
55 51 -1
55 52 1
55 53 -1
55 56 1
55 57 1
55 59 1
55 60 1
55 61 1
55 62 -1
55 63 1
55 64 1
56 1 1
56 9 1
56 12 1
56 37 -1
56 51 1
56 52 1
56 53 1
56 54 -1
56 55 1
56 57 -1
56 58 1
56 59 1
56 60 1
56 61 1
56 62 1
56 63 1
57 2 1
57 34 1
57 43 1
57 46 1
57 49 1
57 51 1
57 52 1
57 53 1
57 54 1
57 55 1
57 56 -1
57 58 1
57 59 -1
57 60 1
57 62 1
57 64 1
58 29 1
58 39 1
58 47 1
58 50 1
58 51 1
58 52 1
58 53 1
58 54 1
58 56 1
58 57 1
58 60 1
58 61 1
58 62 1
58 63 1
58 64 1
59 3 1
59 19 1
59 44 1
59 49 1
59 51 1
59 52 1
59 53 1
59 54 1
59 55 1
59 56 1
59 57 -1
59 60 1
59 61 1
59 62 1
59 64 1
60 2 1
60 9 1
60 17 1
60 43 1
60 49 1
60 50 1
60 51 1
60 53 1
60 55 1
60 56 1
60 57 1
60 58 1
60 59 1
60 61 1
60 63 1
60 64 1
61 4 1
61 31 1
61 33 1
61 40 -1
61 49 1
61 50 -1
61 51 1
61 52 1
61 54 1
61 55 1
61 56 1
61 58 1
61 59 1
61 60 1
61 63 1
61 64 1
62 1 1
62 11 1
62 13 1
62 33 1
62 49 1
62 50 1
62 51 1
62 52 1
62 54 1
62 55 -1
62 56 1
62 57 1
62 58 1
62 59 1
62 63 1
62 64 -1
63 6 1
63 19 1
63 29 1
63 31 1
63 49 1
63 50 -1
63 51 1
63 52 1
63 53 1
63 54 1
63 55 1
63 56 1
63 58 1
63 60 1
63 61 1
63 62 1
64 7 1
64 18 -1
64 29 1
64 49 1
64 50 -1
64 52 1
64 53 1
64 54 1
64 55 1
64 57 1
64 58 1
64 59 1
64 60 1
64 61 1
64 62 -1
