1 2 -1
1 4 -1
1 6 -1
1 8 -1
1 9 -1
1 10 -1
1 11 -1
1 12 -1
1 13 1
1 14 -1
1 15 -1
1 16 -1
1 34 -1
1 49 -1
1 57 -1
1 64 -1
2 1 -1
2 3 -1
2 4 -1
2 5 -1
2 6 -1
2 7 -1
2 9 1
2 11 1
2 12 -1
2 13 -1
2 15 -1
2 16 -1
2 45 1
2 47 -1
2 55 -1
2 59 -1
3 2 -1
3 4 -1
3 5 -1
3 6 1
3 8 -1
3 9 1
3 10 1
3 11 1
3 12 -1
3 14 -1
3 15 1
3 16 -1
3 20 -1
3 22 -1
3 38 -1
3 51 -1
4 1 -1
4 2 -1
4 3 -1
4 5 1
4 6 1
4 7 -1
4 8 -1
4 9 1
4 10 -1
4 11 -1
4 14 -1
4 16 1
4 24 1
4 27 -1
4 42 -1
4 49 -1
5 2 -1
5 3 -1
5 4 1
5 7 1
5 9 -1
5 10 -1
5 11 1
5 12 1
5 13 -1
5 14 -1
5 15 -1
5 16 -1
5 23 -1
5 54 -1
5 62 -1
6 1 -1
6 2 -1
6 3 1
6 4 1
6 7 -1
6 8 -1
6 10 -1
6 12 -1
6 13 -1
6 14 1
6 15 -1
6 16 -1
6 18 -1
6 20 -1
6 32 -1
6 54 -1
7 2 -1
7 4 -1
7 5 1
7 6 -1
7 8 -1
7 9 -1
7 10 -1
7 11 -1
7 12 -1
7 13 -1
7 15 -1
7 16 -1
7 32 -1
7 37 -1
7 43 -1
7 62 -1
8 1 -1
8 3 -1
8 4 -1
8 6 -1
8 7 -1
8 9 1
8 11 1
8 12 1
8 13 -1
8 14 -1
8 15 -1
8 16 -1
8 21 -1
8 31 -1
8 43 -1
8 44 -1
9 1 -1
9 2 1
9 3 1
9 4 1
9 5 -1
9 7 -1
9 8 1
9 11 1
9 12 1
9 13 -1
9 14 -1
9 15 -1
9 33 -1
9 47 1
9 53 -1
9 55 -1
10 1 -1
10 3 1
10 4 -1
10 5 -1
10 6 -1
10 7 -1
10 11 -1
10 12 -1
10 13 -1
10 14 -1
10 15 -1
10 16 1
10 19 1
10 24 -1
10 49 -1
10 53 -1
11 1 -1
11 2 1
11 3 1
11 4 -1
11 5 1
11 7 -1
11 8 1
11 9 1
11 10 -1
11 12 -1
11 14 -1
11 16 1
11 29 -1
11 44 -1
11 49 -1
11 52 -1
12 1 -1
12 2 -1
12 3 -1
12 5 1
12 6 -1
12 7 -1
12 8 1
12 9 1
12 10 -1
12 11 -1
12 13 -1
12 15 -1
12 25 -1
12 26 -1
12 42 -1
12 52 1
13 1 1
13 2 -1
13 5 -1
13 6 -1
13 7 -1
13 8 -1
13 9 -1
13 10 -1
13 12 -1
13 14 1
13 15 1
13 16 -1
13 35 1
13 43 -1
13 45 -1
13 54 -1
14 1 -1
14 3 -1
14 4 -1
14 5 -1
14 6 1
14 8 -1
14 9 -1
14 10 -1
14 11 -1
14 13 1
14 15 -1
14 16 -1
14 21 -1
14 26 -1
14 31 1
14 39 -1
15 1 -1
15 2 -1
15 3 1
15 5 -1
15 6 -1
15 7 -1
15 8 -1
15 9 -1
15 10 -1
15 12 -1
15 13 1
15 14 -1
15 22 -1
15 40 -1
15 63 -1
15 64 -1
16 1 -1
16 2 -1
16 3 -1
16 4 1
16 5 -1
16 6 -1
16 7 -1
16 8 -1
16 10 1
16 11 1
16 13 -1
16 14 -1
16 23 1
16 27 -1
16 32 1
16 36 -1
17 18 -1
17 19 -1
17 20 -1
17 22 -1
17 24 -1
17 25 1
17 26 -1
17 27 -1
17 29 -1
17 30 -1
17 31 1
17 32 -1
17 46 -1
17 47 -1
17 53 -1
17 64 1
18 6 -1
18 17 -1
18 20 -1
18 21 -1
18 22 -1
18 23 -1
18 24 -1
18 25 1
18 26 -1
18 27 -1
18 28 -1
18 30 -1
18 32 1
18 37 1
18 52 -1
18 56 -1
19 10 1
19 17 -1
19 20 -1
19 22 -1
19 23 -1
19 24 -1
19 25 -1
19 26 -1
19 27 -1
19 28 -1
19 30 1
19 31 1
19 32 -1
19 45 -1
19 54 1
19 58 -1
20 3 -1
20 6 -1
20 17 -1
20 18 -1
20 19 -1
20 21 -1
20 23 -1
20 25 1
20 26 -1
20 27 1
20 29 -1
20 30 -1
20 31 -1
20 32 -1
20 35 -1
20 61 -1
21 8 -1
21 14 -1
21 18 -1
21 20 -1
21 22 -1
21 24 -1
21 25 -1
21 26 -1
21 27 -1
21 28 -1
21 29 -1
21 30 -1
21 31 -1
21 32 -1
21 43 1
21 50 1
22 3 -1
22 15 -1
22 17 -1
22 18 -1
22 19 -1
22 21 -1
22 24 -1
22 25 -1
22 26 -1
22 27 -1
22 28 -1
22 29 -1
22 30 -1
22 31 -1
22 61 -1
23 5 -1
23 16 1
23 18 -1
23 19 -1
23 20 -1
23 24 -1
23 25 -1
23 26 -1
23 27 -1
23 28 -1
23 29 -1
23 30 1
23 31 -1
23 32 1
23 44 -1
24 4 1
24 10 -1
24 17 -1
24 18 -1
24 19 -1
24 21 -1
24 22 -1
24 23 -1
24 26 -1
24 27 -1
24 29 -1
24 30 1
24 31 -1
24 32 -1
24 48 -1
24 60 1
25 12 -1
25 17 1
25 18 1
25 19 -1
25 20 1
25 21 -1
25 22 -1
25 23 -1
25 26 1
25 28 -1
25 29 -1
25 30 1
25 32 -1
25 46 -1
25 47 -1
25 62 -1
26 12 -1
26 14 -1
26 17 -1
26 18 -1
26 19 -1
26 20 -1
26 21 -1
26 22 -1
26 23 -1
26 24 -1
26 25 1
26 28 -1
26 31 -1
26 32 -1
26 48 -1
26 56 1
27 4 -1
27 16 -1
27 17 -1
27 18 -1
27 19 -1
27 20 1
27 21 -1
27 22 -1
27 23 -1
27 24 -1
27 28 -1
27 29 -1
27 31 -1
27 32 -1
27 40 1
27 56 -1
28 18 -1
28 19 -1
28 21 -1
28 22 -1
28 23 -1
28 25 -1
28 26 -1
28 27 -1
28 29 1
28 30 -1
28 31 -1
28 32 -1
28 36 -1
28 48 1
28 52 -1
28 58 -1
29 11 -1
29 17 -1
29 20 -1
29 21 -1
29 22 -1
29 23 -1
29 24 -1
29 25 -1
29 27 -1
29 28 1
29 30 -1
29 31 1
29 32 -1
29 34 -1
29 42 -1
30 17 -1
30 18 -1
30 19 1
30 20 -1
30 21 -1
30 22 -1
30 23 1
30 24 1
30 25 1
30 28 -1
30 29 -1
30 31 -1
30 38 -1
30 41 1
30 48 -1
30 60 -1
31 8 -1
31 14 1
31 17 1
31 19 1
31 20 -1
31 21 -1
31 22 -1
31 23 -1
31 24 -1
31 26 -1
31 27 -1
31 28 -1
31 29 1
31 30 -1
31 44 1
31 60 1
32 6 -1
32 7 -1
32 16 1
32 17 -1
32 18 1
32 19 -1
32 20 -1
32 21 -1
32 23 1
32 24 -1
32 25 -1
32 26 -1
32 27 -1
32 28 -1
32 29 -1
32 61 -1
33 9 -1
33 34 1
33 36 -1
33 38 -1
33 39 -1
33 40 -1
33 41 1
33 42 1
33 44 -1
33 45 -1
33 46 -1
33 47 -1
33 48 -1
33 51 -1
33 57 -1
33 63 -1
34 1 -1
34 29 -1
34 33 1
34 36 -1
34 37 1
34 38 1
34 39 1
34 41 1
34 42 -1
34 43 -1
34 44 -1
34 45 -1
34 46 -1
34 47 -1
34 53 -1
34 55 -1
35 13 1
35 20 -1
35 36 1
35 37 -1
35 38 -1
35 39 -1
35 40 -1
35 41 1
35 42 1
35 43 -1
35 44 -1
35 46 -1
35 47 -1
35 48 1
35 50 -1
36 16 -1
36 28 -1
36 33 -1
36 34 -1
36 35 1
36 37 -1
36 38 -1
36 39 -1
36 42 -1
36 43 1
36 44 -1
36 46 -1
36 47 -1
36 48 -1
36 56 -1
36 58 -1
37 7 -1
37 18 1
37 34 1
37 35 -1
37 36 -1
37 38 -1
37 39 -1
37 40 -1
37 41 1
37 43 1
37 44 -1
37 45 -1
37 46 -1
37 48 1
37 59 -1
37 63 -1
38 3 -1
38 30 -1
38 33 -1
38 34 1
38 35 -1
38 36 -1
38 37 -1
38 40 -1
38 42 -1
38 43 -1
38 44 -1
38 45 -1
38 46 -1
38 48 -1
38 58 -1
38 60 -1
39 14 -1
39 33 -1
39 34 1
39 35 -1
39 36 -1
39 37 -1
39 40 1
39 41 -1
39 43 -1
39 45 1
39 46 -1
39 47 1
39 48 -1
39 50 -1
39 59 -1
39 62 -1
40 15 -1
40 27 1
40 33 -1
40 35 -1
40 37 -1
40 38 -1
40 39 1
40 41 -1
40 42 -1
40 43 1
40 44 -1
40 45 -1
40 46 1
40 47 -1
40 57 -1
41 30 1
41 33 1
41 34 1
41 35 1
41 37 1
41 39 -1
41 40 -1
41 42 -1
41 43 -1
41 45 1
41 46 -1
41 47 -1
41 48 1
41 59 -1
41 63 -1
41 64 -1
42 4 -1
42 12 -1
42 29 -1
42 33 1
42 34 -1
42 35 1
42 36 -1
42 38 -1
42 40 -1
42 41 -1
42 43 1
42 44 -1
42 45 1
42 47 -1
42 48 -1
43 7 -1
43 8 -1
43 13 -1
43 21 1
43 34 -1
43 35 -1
43 36 1
43 37 1
43 38 -1
43 39 -1
43 40 1
43 41 -1
43 42 1
43 44 -1
43 46 1
43 48 1
44 8 -1
44 11 -1
44 23 -1
44 31 1
44 33 -1
44 34 -1
44 35 -1
44 36 -1
44 37 -1
44 38 -1
44 40 -1
44 42 -1
44 43 -1
44 45 -1
44 47 -1
44 48 -1
45 2 1
45 13 -1
45 19 -1
45 33 -1
45 34 -1
45 37 -1
45 38 -1
45 39 1
45 40 -1
45 41 1
45 42 1
45 44 -1
45 46 -1
45 47 -1
45 48 1
45 55 -1
46 17 -1
46 25 -1
46 33 -1
46 34 -1
46 35 -1
46 36 -1
46 37 -1
46 38 -1
46 39 -1
46 40 1
46 41 -1
46 43 1
46 45 -1
46 47 -1
46 51 1
47 2 -1
47 9 1
47 17 -1
47 25 -1
47 33 -1
47 34 -1
47 35 -1
47 36 -1
47 39 1
47 40 -1
47 41 -1
47 42 -1
47 44 -1
47 45 -1
47 46 -1
47 48 -1
48 24 -1
48 26 -1
48 28 1
48 30 -1
48 33 -1
48 35 1
48 36 -1
48 37 1
48 38 -1
48 39 -1
48 41 1
48 42 -1
48 43 1
48 44 -1
48 45 1
48 47 -1
49 1 -1
49 4 -1
49 10 -1
49 11 -1
49 51 1
49 52 -1
49 53 -1
49 54 -1
49 55 -1
49 57 1
49 58 -1
49 59 -1
49 61 -1
49 62 -1
49 63 -1
49 64 1
50 21 1
50 35 -1
50 39 -1
50 51 1
50 52 -1
50 53 1
50 54 -1
50 56 -1
50 57 -1
50 58 1
50 59 -1
50 60 -1
50 61 -1
50 63 -1
50 64 -1
51 3 -1
51 33 -1
51 46 1
51 49 1
51 50 1
51 53 -1
51 55 -1
51 56 -1
51 57 -1
51 58 -1
51 59 1
51 60 -1
51 61 -1
51 62 -1
51 64 -1
52 11 -1
52 12 1
52 18 -1
52 28 -1
52 49 -1
52 50 -1
52 53 -1
52 54 -1
52 56 -1
52 58 -1
52 59 -1
52 60 -1
52 61 -1
52 62 -1
52 63 -1
52 64 -1
53 9 -1
53 10 -1
53 17 -1
53 34 -1
53 49 -1
53 50 1
53 51 -1
53 52 -1
53 55 -1
53 56 -1
53 57 -1
53 58 1
53 59 -1
53 61 -1
53 63 -1
53 64 -1
54 5 -1
54 6 -1
54 13 -1
54 19 1
54 49 -1
54 50 -1
54 52 -1
54 55 -1
54 56 -1
54 57 -1
54 58 -1
54 59 -1
54 60 -1
54 61 -1
54 62 -1
54 64 1
55 2 -1
55 9 -1
55 34 -1
55 45 -1
55 49 -1
55 51 -1
55 53 -1
55 54 -1
55 56 -1
55 57 1
55 58 -1
55 59 -1
55 60 -1
55 62 -1
55 63 -1
55 64 -1
56 18 -1
56 26 1
56 27 -1
56 36 -1
56 50 -1
56 51 -1
56 52 -1
56 53 -1
56 54 -1
56 55 -1
56 57 1
56 59 -1
56 60 -1
56 62 -1
56 63 1
56 64 -1
57 1 -1
57 33 -1
57 40 -1
57 49 1
57 50 -1
57 51 -1
57 53 -1
57 54 -1
57 55 1
57 56 1
57 58 -1
57 59 -1
57 60 -1
57 62 -1
57 63 -1
58 19 -1
58 28 -1
58 36 -1
58 38 -1
58 49 -1
58 50 1
58 51 -1
58 52 -1
58 53 1
58 54 -1
58 55 -1
58 57 -1
58 59 -1
58 61 -1
58 62 -1
58 63 1
59 2 -1
59 37 -1
59 39 -1
59 41 -1
59 49 -1
59 50 -1
59 51 1
59 52 -1
59 53 -1
59 54 -1
59 55 -1
59 56 -1
59 57 -1
59 58 -1
59 60 -1
59 61 -1
60 24 1
60 30 -1
60 31 1
60 38 -1
60 50 -1
60 51 -1
60 52 -1
60 54 -1
60 55 -1
60 56 -1
60 57 -1
60 59 -1
60 61 -1
60 62 -1
60 63 -1
60 64 -1
61 20 -1
61 22 -1
61 32 -1
61 49 -1
61 50 -1
61 51 -1
61 52 -1
61 53 -1
61 54 -1
61 58 -1
61 59 -1
61 60 -1
61 62 -1
61 63 -1
61 64 -1
62 5 -1
62 7 -1
62 25 -1
62 39 -1
62 49 -1
62 51 -1
62 52 -1
62 54 -1
62 55 -1
62 56 -1
62 57 -1
62 58 -1
62 60 -1
62 61 -1
62 63 -1
62 64 -1
63 15 -1
63 33 -1
63 37 -1
63 41 -1
63 49 -1
63 50 -1
63 52 -1
63 53 -1
63 55 -1
63 56 1
63 57 -1
63 58 1
63 60 -1
63 61 -1
63 62 -1
63 64 -1
64 1 -1
64 15 -1
64 17 1
64 41 -1
64 49 1
64 50 -1
64 51 -1
64 52 -1
64 53 -1
64 54 1
64 55 -1
64 56 -1
64 60 -1
64 61 -1
64 62 -1
64 63 -1
