1 2 -1
1 5 -1
1 6 -1
1 7 -1
1 8 1
1 9 -1
1 10 1
1 11 -1
1 12 -1
1 13 -1
1 14 -1
1 16 -1
1 28 1
1 33 -1
1 52 1
1 57 -1
2 1 -1
2 3 1
2 4 -1
2 5 -1
2 6 1
2 7 -1
2 9 -1
2 10 1
2 13 1
2 14 -1
2 15 1
2 16 -1
2 18 1
2 39 -1
2 42 1
2 61 1
3 2 1
3 4 1
3 5 -1
3 6 1
3 7 -1
3 8 1
3 9 1
3 11 -1
3 12 -1
3 14 -1
3 15 -1
3 16 -1
3 18 1
3 32 1
3 52 1
3 60 1
4 2 -1
4 3 1
4 5 1
4 6 -1
4 7 -1
4 8 1
4 10 1
4 11 -1
4 12 1
4 13 -1
4 14 1
4 15 -1
4 22 -1
4 47 -1
4 55 -1
4 56 -1
5 1 -1
5 2 -1
5 3 -1
5 4 1
5 6 1
5 8 1
5 9 -1
5 10 -1
5 12 1
5 14 1
5 15 -1
5 16 -1
5 34 1
5 35 -1
5 48 -1
5 61 1
6 1 -1
6 2 1
6 3 1
6 4 -1
6 5 1
6 7 -1
6 8 -1
6 9 1
6 10 -1
6 11 1
6 13 -1
6 16 1
6 21 -1
6 34 -1
6 51 -1
6 53 -1
7 1 -1
7 2 -1
7 3 -1
7 4 -1
7 6 -1
7 8 -1
7 10 1
7 11 -1
7 12 1
7 13 1
7 14 1
7 15 1
7 27 1
7 33 -1
7 36 -1
7 51 -1
8 1 1
8 3 1
8 4 1
8 5 1
8 6 -1
8 7 -1
8 9 -1
8 11 -1
8 12 1
8 13 -1
8 15 -1
8 16 1
8 32 -1
8 38 1
8 43 1
8 53 -1
9 1 -1
9 2 -1
9 3 1
9 5 -1
9 6 1
9 8 -1
9 11 -1
9 12 -1
9 13 1
9 14 -1
9 15 -1
9 16 1
9 24 -1
9 26 -1
9 53 1
9 63 1
10 1 1
10 2 1
10 4 1
10 5 -1
10 6 -1
10 7 1
10 11 -1
10 12 -1
10 13 1
10 14 -1
10 15 -1
10 16 -1
10 37 -1
10 45 -1
10 63 -1
11 1 -1
11 3 -1
11 4 -1
11 6 1
11 7 -1
11 8 -1
11 9 -1
11 10 -1
11 12 1
11 14 1
11 15 1
11 16 -1
11 24 1
11 40 1
11 56 1
11 64 1
12 1 -1
12 3 -1
12 4 1
12 5 1
12 7 1
12 8 1
12 9 -1
12 10 -1
12 11 1
12 13 1
12 15 1
12 16 1
12 26 1
12 36 -1
12 38 -1
12 44 1
13 1 -1
13 2 1
13 4 -1
13 6 -1
13 7 1
13 8 -1
13 9 1
13 10 1
13 12 1
13 14 1
13 15 1
13 16 1
13 21 1
13 40 1
13 63 1
13 64 1
14 1 -1
14 2 -1
14 3 -1
14 4 1
14 5 1
14 7 1
14 9 -1
14 10 -1
14 11 1
14 13 1
14 15 1
14 16 1
14 29 1
14 31 1
14 32 1
14 49 -1
15 2 1
15 3 -1
15 4 -1
15 5 -1
15 7 1
15 8 -1
15 9 -1
15 10 -1
15 11 1
15 12 1
15 13 1
15 14 1
15 17 -1
15 19 -1
15 43 1
15 61 1
16 1 -1
16 2 -1
16 3 -1
16 5 -1
16 6 1
16 8 1
16 9 1
16 10 -1
16 11 -1
16 12 1
16 13 1
16 14 1
16 25 1
16 28 -1
16 39 1
16 64 -1
17 15 -1
17 18 -1
17 19 -1
17 21 -1
17 23 -1
17 24 -1
17 25 1
17 26 -1
17 27 1
17 29 1
17 30 1
17 31 -1
17 32 1
17 36 1
17 47 1
17 56 -1
18 2 1
18 3 1
18 17 -1
18 19 -1
18 20 -1
18 21 1
18 23 -1
18 24 -1
18 26 1
18 27 1
18 28 1
18 29 -1
18 31 1
18 32 -1
18 33 1
18 57 1
19 15 -1
19 17 -1
19 18 -1
19 22 1
19 24 -1
19 25 -1
19 26 1
19 27 -1
19 28 -1
19 29 1
19 30 -1
19 31 1
19 32 -1
19 34 -1
19 42 1
20 18 -1
20 21 1
20 23 -1
20 24 -1
20 25 1
20 26 -1
20 27 -1
20 28 -1
20 29 -1
20 30 1
20 31 -1
20 32 -1
20 42 1
20 44 1
20 56 -1
20 58 -1
21 6 -1
21 13 1
21 17 -1
21 18 1
21 20 1
21 22 1
21 25 1
21 26 1
21 27 1
21 28 -1
21 29 -1
21 30 -1
21 31 -1
21 32 1
21 55 1
21 59 -1
22 4 -1
22 19 1
22 21 1
22 23 1
22 24 1
22 25 -1
22 26 -1
22 27 1
22 28 1
22 29 1
22 30 -1
22 31 1
22 32 -1
22 41 1
22 57 -1
22 64 -1
23 17 -1
23 18 -1
23 20 -1
23 22 1
23 24 1
23 25 -1
23 26 1
23 27 -1
23 28 1
23 30 -1
23 31 -1
23 32 1
23 37 1
23 44 -1
23 52 1
23 62 -1
24 9 -1
24 11 1
24 17 -1
24 18 -1
24 19 -1
24 20 -1
24 22 1
24 23 1
24 25 -1
24 26 1
24 28 -1
24 29 1
24 30 -1
24 32 1
24 39 -1
24 47 1
25 16 1
25 17 1
25 19 -1
25 20 1
25 21 1
25 22 -1
25 23 -1
25 24 -1
25 27 1
25 29 1
25 30 -1
25 31 -1
25 32 -1
25 50 1
25 52 -1
25 57 1
26 9 -1
26 12 1
26 17 -1
26 18 1
26 19 1
26 20 -1
26 21 1
26 22 -1
26 23 1
26 24 1
26 28 1
26 29 -1
26 30 -1
26 31 1
26 35 -1
26 51 1
27 7 1
27 17 1
27 18 1
27 19 -1
27 20 -1
27 21 1
27 22 1
27 23 -1
27 25 1
27 28 1
27 29 -1
27 31 -1
27 32 -1
27 40 1
27 44 1
27 62 -1
28 1 1
28 16 -1
28 18 1
28 19 -1
28 20 -1
28 21 -1
28 22 1
28 23 1
28 24 -1
28 26 1
28 27 1
28 29 -1
28 30 -1
28 32 1
28 58 -1
29 14 1
29 17 1
29 18 -1
29 19 1
29 20 -1
29 21 -1
29 22 1
29 24 1
29 25 1
29 26 -1
29 27 -1
29 28 -1
29 31 1
29 42 1
29 49 -1
29 62 -1
30 17 1
30 19 -1
30 20 1
30 21 -1
30 22 -1
30 23 -1
30 24 -1
30 25 -1
30 26 -1
30 28 -1
30 31 -1
30 32 -1
30 36 -1
30 38 -1
30 46 1
31 14 1
31 17 -1
31 18 1
31 19 1
31 20 -1
31 21 -1
31 22 1
31 23 -1
31 25 -1
31 26 1
31 27 -1
31 29 1
31 30 -1
31 48 1
31 50 1
31 62 -1
32 3 1
32 8 -1
32 14 1
32 17 1
32 18 -1
32 19 -1
32 20 -1
32 21 1
32 22 -1
32 23 1
32 24 1
32 25 -1
32 27 -1
32 28 1
32 30 -1
32 46 -1
33 1 -1
33 7 -1
33 18 1
33 34 1
33 35 1
33 36 1
33 37 -1
33 38 -1
33 39 -1
33 40 1
33 41 1
33 42 1
33 44 1
33 46 1
33 47 -1
33 55 1
34 5 1
34 6 -1
34 19 -1
34 33 1
34 36 1
34 37 1
34 40 -1
34 41 -1
34 42 1
34 43 1
34 44 1
34 45 -1
34 46 -1
34 47 -1
34 48 1
35 5 -1
35 26 -1
35 33 1
35 36 1
35 37 1
35 38 -1
35 39 1
35 40 -1
35 41 1
35 43 1
35 44 1
35 45 -1
35 46 1
35 47 1
35 50 1
35 55 1
36 7 -1
36 12 -1
36 17 1
36 30 -1
36 33 1
36 34 1
36 35 1
36 37 1
36 38 -1
36 39 1
36 42 1
36 43 1
36 44 -1
36 45 -1
36 47 1
36 48 1
37 10 -1
37 23 1
37 33 -1
37 34 1
37 35 1
37 36 1
37 38 1
37 39 -1
37 40 -1
37 42 -1
37 43 1
37 44 1
37 46 1
37 48 -1
37 51 -1
37 53 -1
38 8 1
38 12 -1
38 30 -1
38 33 -1
38 35 -1
38 36 -1
38 37 1
38 39 -1
38 41 -1
38 42 -1
38 43 -1
38 44 -1
38 45 -1
38 46 -1
38 48 -1
38 54 -1
39 2 -1
39 16 1
39 24 -1
39 33 -1
39 35 1
39 36 1
39 37 -1
39 38 -1
39 41 1
39 42 1
39 43 1
39 45 1
39 46 -1
39 47 1
39 48 1
39 60 1
40 11 1
40 13 1
40 27 1
40 33 1
40 34 -1
40 35 -1
40 37 -1
40 41 1
40 42 -1
40 43 -1
40 44 -1
40 45 -1
40 46 1
40 47 -1
40 48 -1
40 49 -1
41 22 1
41 33 1
41 34 -1
41 35 1
41 38 -1
41 39 1
41 40 1
41 43 1
41 44 1
41 45 1
41 46 1
41 47 -1
41 48 -1
41 49 1
41 59 -1
42 2 1
42 19 1
42 20 1
42 29 1
42 33 1
42 34 1
42 36 1
42 37 -1
42 38 -1
42 39 1
42 40 -1
42 43 1
42 44 -1
42 45 -1
42 46 1
42 48 1
43 8 1
43 15 1
43 34 1
43 35 1
43 36 1
43 37 1
43 38 -1
43 39 1
43 40 -1
43 41 1
43 42 1
43 46 1
43 47 -1
43 48 1
43 54 1
43 58 -1
44 12 1
44 20 1
44 23 -1
44 27 1
44 33 1
44 34 1
44 35 1
44 36 -1
44 37 1
44 38 -1
44 40 -1
44 41 1
44 42 -1
44 45 -1
44 47 -1
44 48 1
45 10 -1
45 34 -1
45 35 -1
45 36 -1
45 38 -1
45 39 1
45 40 -1
45 41 1
45 42 -1
45 44 -1
45 46 1
45 47 1
45 48 -1
45 50 1
45 60 1
45 61 -1
46 30 1
46 32 -1
46 33 1
46 34 -1
46 35 1
46 37 1
46 38 -1
46 39 -1
46 40 1
46 41 1
46 42 1
46 43 1
46 45 1
46 47 1
46 54 -1
47 4 -1
47 17 1
47 24 1
47 33 -1
47 34 -1
47 35 1
47 36 1
47 39 1
47 40 -1
47 41 -1
47 43 -1
47 44 -1
47 45 1
47 46 1
47 48 1
47 60 -1
48 5 -1
48 31 1
48 34 1
48 36 1
48 37 -1
48 38 -1
48 39 1
48 40 -1
48 41 -1
48 42 1
48 43 1
48 44 1
48 45 -1
48 47 1
48 54 1
48 59 1
49 14 -1
49 29 -1
49 40 -1
49 41 1
49 51 -1
49 52 -1
49 53 -1
49 55 1
49 56 1
49 57 1
49 58 1
49 59 -1
49 61 -1
49 62 1
49 63 1
49 64 -1
50 25 1
50 31 1
50 35 1
50 45 1
50 51 -1
50 52 1
50 53 -1
50 54 1
50 56 -1
50 57 -1
50 58 -1
50 59 1
50 60 -1
50 62 1
50 63 -1
50 64 1
51 6 -1
51 7 -1
51 26 1
51 37 -1
51 49 -1
51 50 -1
51 52 1
51 53 -1
51 54 -1
51 55 -1
51 57 -1
51 59 -1
51 60 -1
51 61 1
51 63 1
51 64 -1
52 1 1
52 3 1
52 23 1
52 25 -1
52 49 -1
52 50 1
52 51 1
52 53 1
52 54 1
52 55 1
52 56 1
52 59 1
52 61 1
52 62 1
52 63 1
52 64 1
53 6 -1
53 8 -1
53 9 1
53 37 -1
53 49 -1
53 50 -1
53 51 -1
53 52 1
53 54 -1
53 55 1
53 56 1
53 58 -1
53 59 1
53 60 -1
53 62 -1
53 63 -1
54 38 -1
54 43 1
54 46 -1
54 48 1
54 50 1
54 51 -1
54 52 1
54 53 -1
54 55 -1
54 56 1
54 58 -1
54 60 1
54 61 -1
54 62 1
54 63 -1
54 64 1
55 4 -1
55 21 1
55 33 1
55 35 1
55 49 1
55 51 -1
55 52 1
55 53 1
55 54 -1
55 57 -1
55 58 -1
55 59 1
55 60 1
55 61 1
55 62 -1
55 64 1
56 4 -1
56 11 1
56 17 -1
56 20 -1
56 49 1
56 50 -1
56 52 1
56 53 1
56 54 1
56 57 -1
56 58 -1
56 59 1
56 60 -1
56 61 1
56 63 1
56 64 1
57 1 -1
57 18 1
57 22 -1
57 25 1
57 49 1
57 50 -1
57 51 -1
57 55 -1
57 56 -1
57 58 -1
57 59 1
57 60 -1
57 61 1
57 62 1
57 63 -1
57 64 1
58 20 -1
58 28 -1
58 43 -1
58 49 1
58 50 -1
58 53 -1
58 54 -1
58 55 -1
58 56 -1
58 57 -1
58 59 -1
58 60 1
58 61 -1
58 62 -1
58 63 1
59 21 -1
59 41 -1
59 48 1
59 49 -1
59 50 1
59 51 -1
59 52 1
59 53 1
59 55 1
59 56 1
59 57 1
59 58 -1
59 60 -1
59 61 -1
59 63 1
60 3 1
60 39 1
60 45 1
60 47 -1
60 50 -1
60 51 -1
60 53 -1
60 54 1
60 55 1
60 56 -1
60 57 -1
60 58 1
60 59 -1
60 61 1
60 62 1
60 64 -1
61 2 1
61 5 1
61 15 1
61 45 -1
61 49 -1
61 51 1
61 52 1
61 54 -1
61 55 1
61 56 1
61 57 1
61 58 -1
61 59 -1
61 60 1
61 62 1
61 64 1
62 23 -1
62 27 -1
62 29 -1
62 31 -1
62 49 1
62 50 1
62 52 1
62 53 -1
62 54 1
62 55 -1
62 57 1
62 58 -1
62 60 1
62 61 1
62 63 -1
62 64 1
63 9 1
63 10 -1
63 13 1
63 49 1
63 50 -1
63 51 1
63 52 1
63 53 -1
63 54 -1
63 56 1
63 57 -1
63 58 1
63 59 1
63 62 -1
63 64 -1
64 11 1
64 13 1
64 16 -1
64 22 -1
64 49 -1
64 50 1
64 51 -1
64 52 1
64 54 1
64 55 1
64 56 1
64 57 1
64 60 -1
64 61 1
64 62 1
64 63 -1
