1 2 -1
1 4 1
1 7 1
1 9 1
1 10 1
1 11 1
1 13 1
1 16 1
1 22 1
1 30 1
1 32 1
1 42 1
1 44 1
1 49 1
1 57 1
1 64 1
2 1 -1
2 5 1
2 7 1
2 9 1
2 10 1
2 11 1
2 12 1
2 15 -1
2 18 1
2 22 1
2 23 1
2 24 1
2 31 1
2 36 1
2 44 -1
2 48 1
3 7 1
3 8 1
3 9 1
3 10 1
3 13 1
3 14 -1
3 15 1
3 16 1
3 20 1
3 30 -1
3 37 1
3 38 -1
3 54 1
3 59 1
3 61 1
3 64 1
4 1 1
4 6 1
4 9 1
4 10 1
4 11 1
4 12 1
4 14 1
4 16 1
4 32 1
4 39 1
4 40 1
4 49 1
4 51 1
4 54 1
4 55 1
4 62 1
5 2 1
5 6 1
5 7 1
5 9 1
5 11 1
5 12 1
5 13 1
5 14 1
5 24 1
5 28 1
5 29 1
5 33 1
5 38 1
5 40 1
5 48 1
5 54 1
6 4 1
6 5 1
6 9 1
6 10 1
6 13 1
6 14 1
6 15 1
6 16 -1
6 19 1
6 26 1
6 41 -1
6 42 1
6 48 1
6 54 1
6 59 -1
7 1 1
7 2 1
7 3 1
7 5 1
7 8 1
7 11 1
7 14 1
7 15 1
7 23 1
7 27 1
7 30 1
7 38 -1
7 39 1
7 40 1
7 46 1
7 51 1
8 3 1
8 7 1
8 10 1
8 11 1
8 12 1
8 13 1
8 15 -1
8 16 1
8 20 1
8 25 1
8 26 -1
8 32 1
8 58 1
8 60 -1
8 64 1
9 1 1
9 2 1
9 3 1
9 4 1
9 5 1
9 6 1
9 12 1
9 13 1
9 28 1
9 34 1
9 35 1
9 44 1
9 46 1
9 50 1
9 51 1
9 54 1
10 1 1
10 2 1
10 3 1
10 4 1
10 6 1
10 8 1
10 12 1
10 15 1
10 20 1
10 22 1
10 37 1
10 47 1
10 55 1
10 56 1
10 61 1
11 1 1
11 2 1
11 4 1
11 5 1
11 7 1
11 8 1
11 14 1
11 15 1
11 18 -1
11 26 1
11 35 1
11 37 1
11 58 1
11 61 -1
12 2 1
12 4 1
12 5 1
12 8 1
12 9 1
12 10 1
12 14 -1
12 16 1
12 22 1
12 25 1
12 31 1
12 34 1
12 39 1
12 53 -1
12 54 1
12 60 1
13 1 1
13 3 1
13 5 1
13 6 1
13 8 1
13 9 1
13 14 1
13 16 1
13 20 -1
13 23 1
13 27 1
13 31 1
13 38 1
13 49 -1
13 50 1
13 63 1
14 3 -1
14 4 1
14 5 1
14 6 1
14 7 1
14 11 1
14 12 -1
14 13 1
14 22 1
14 25 1
14 28 1
14 43 1
14 45 1
14 49 1
14 64 1
15 2 -1
15 3 1
15 6 1
15 7 1
15 8 -1
15 10 1
15 11 1
15 16 1
15 18 1
15 19 1
15 23 1
15 27 1
15 32 1
15 37 1
15 41 1
15 50 1
16 1 1
16 3 1
16 4 1
16 6 -1
16 8 1
16 12 1
16 13 1
16 15 1
16 21 1
16 25 -1
16 35 1
16 43 1
16 44 1
16 45 1
16 61 1
17 18 1
17 21 1
17 23 1
17 25 1
17 28 1
17 29 1
17 30 1
17 32 1
17 33 1
17 39 1
17 41 1
17 50 -1
17 55 1
17 57 1
17 58 1
17 59 1
18 2 1
18 11 -1
18 15 1
18 17 1
18 19 1
18 20 1
18 21 -1
18 22 1
18 23 1
18 25 1
18 31 1
18 42 -1
18 51 1
18 58 1
18 62 1
19 6 1
19 15 1
19 18 1
19 21 1
19 22 1
19 23 1
19 24 1
19 26 1
19 29 1
19 30 1
19 33 1
19 38 1
19 46 1
19 53 1
19 60 1
20 3 1
20 8 1
20 10 1
20 13 -1
20 18 1
20 22 1
20 23 1
20 24 1
20 25 1
20 26 -1
20 27 1
20 31 1
20 38 1
20 57 1
20 58 1
20 63 1
21 16 1
21 17 1
21 18 -1
21 19 1
21 24 1
21 25 1
21 29 1
21 31 1
21 32 1
21 41 1
21 46 1
21 48 1
21 60 1
21 61 1
22 1 1
22 2 1
22 10 1
22 12 1
22 14 1
22 18 1
22 19 1
22 20 1
22 24 1
22 26 1
22 27 1
22 28 -1
22 29 1
22 42 1
22 55 1
23 2 1
23 7 1
23 13 1
23 15 1
23 17 1
23 18 1
23 19 1
23 20 1
23 27 1
23 29 -1
23 30 1
23 31 1
23 39 -1
23 43 1
23 55 1
23 63 1
24 2 1
24 5 1
24 19 1
24 20 1
24 21 1
24 22 1
24 25 1
24 26 1
24 28 1
24 32 1
24 34 1
24 40 -1
24 53 1
24 63 1
25 8 1
25 12 1
25 14 1
25 16 -1
25 17 1
25 18 1
25 20 1
25 21 1
25 24 1
25 26 1
25 27 1
25 30 1
25 34 1
25 40 1
25 62 1
26 6 1
26 8 -1
26 11 1
26 19 1
26 20 -1
26 22 1
26 24 1
26 25 1
26 27 1
26 28 1
26 32 1
26 47 1
26 51 1
26 57 1
27 7 1
27 13 1
27 15 1
27 20 1
27 22 1
27 23 1
27 25 1
27 26 1
27 28 1
27 30 1
27 31 1
27 33 1
27 35 -1
27 43 1
27 50 1
27 55 -1
28 5 1
28 9 1
28 14 1
28 17 1
28 22 -1
28 24 1
28 26 1
28 27 1
28 30 1
28 31 1
28 32 1
28 45 1
28 52 1
28 56 1
28 57 1
29 5 1
29 17 1
29 19 1
29 21 1
29 22 1
29 23 -1
29 30 1
29 31 1
29 32 1
29 33 1
29 36 1
29 37 1
29 46 1
29 55 1
29 59 1
29 63 1
30 1 1
30 3 -1
30 7 1
30 17 1
30 19 1
30 23 1
30 25 1
30 27 1
30 28 1
30 29 1
30 32 1
30 36 1
30 56 1
30 62 1
31 2 1
31 12 1
31 13 1
31 18 1
31 20 1
31 21 1
31 23 1
31 27 1
31 28 1
31 29 1
31 32 1
31 43 1
31 45 1
31 53 1
31 59 1
31 62 1
32 1 1
32 4 1
32 8 1
32 15 1
32 17 1
32 21 1
32 24 1
32 26 1
32 28 1
32 29 1
32 30 1
32 31 1
32 37 1
32 49 1
32 57 1
33 5 1
33 17 1
33 19 1
33 27 1
33 29 1
33 35 1
33 37 1
33 38 1
33 39 1
33 40 -1
33 44 1
33 45 1
33 48 1
33 54 -1
33 58 1
33 60 1
34 9 1
34 12 1
34 24 1
34 25 1
34 35 1
34 39 -1
34 42 1
34 43 1
34 44 1
34 45 1
34 46 1
34 48 1
34 56 1
34 58 1
34 62 -1
35 9 1
35 11 1
35 16 1
35 27 -1
35 33 1
35 34 1
35 36 1
35 37 1
35 42 1
35 44 1
35 45 1
35 47 1
35 50 1
35 51 1
35 64 -1
36 2 1
36 29 1
36 30 1
36 35 1
36 37 1
36 38 1
36 40 1
36 43 1
36 44 1
36 45 1
36 46 1
36 52 1
36 59 1
37 3 1
37 10 1
37 11 1
37 15 1
37 29 1
37 32 1
37 33 1
37 35 1
37 36 1
37 38 1
37 40 1
37 41 1
37 47 1
37 48 1
37 64 1
38 3 -1
38 5 1
38 7 -1
38 13 1
38 19 1
38 20 1
38 33 1
38 36 1
38 37 1
38 40 1
38 41 1
38 44 1
38 47 1
38 48 1
38 53 1
38 55 1
39 4 1
39 7 1
39 12 1
39 17 1
39 23 -1
39 33 1
39 34 -1
39 40 1
39 41 1
39 42 1
39 43 1
39 45 1
39 46 1
39 49 1
39 60 1
39 63 1
40 4 1
40 5 1
40 7 1
40 24 -1
40 25 1
40 33 -1
40 36 1
40 37 1
40 38 1
40 39 1
40 41 -1
40 45 1
40 46 1
40 52 1
40 61 1
41 6 -1
41 15 1
41 17 1
41 21 1
41 37 1
41 38 1
41 39 1
41 40 -1
41 42 -1
41 43 -1
41 45 1
41 48 -1
41 58 1
41 62 1
42 1 1
42 6 1
42 18 -1
42 22 1
42 34 1
42 35 1
42 39 1
42 41 -1
42 43 1
42 45 1
42 46 1
42 47 1
42 52 1
42 57 1
43 14 1
43 16 1
43 23 1
43 27 1
43 31 1
43 34 1
43 36 1
43 39 1
43 41 -1
43 42 1
43 46 1
43 47 1
43 48 -1
43 61 1
43 63 1
43 64 1
44 1 1
44 2 -1
44 9 1
44 16 1
44 33 1
44 34 1
44 35 1
44 36 1
44 38 1
44 46 1
44 47 1
44 48 1
44 49 -1
44 52 1
44 53 -1
45 14 1
45 16 1
45 28 1
45 31 1
45 33 1
45 34 1
45 35 1
45 36 1
45 39 1
45 40 1
45 41 1
45 42 1
45 51 1
45 54 1
45 56 1
45 64 1
46 7 1
46 9 1
46 19 1
46 21 1
46 29 1
46 34 1
46 36 1
46 39 1
46 40 1
46 42 1
46 43 1
46 44 1
46 47 1
46 53 1
46 59 1
47 10 1
47 26 1
47 35 1
47 37 1
47 38 1
47 42 1
47 43 1
47 44 1
47 46 1
47 48 1
47 49 1
47 50 1
47 51 1
47 56 1
47 60 1
48 2 1
48 5 1
48 6 1
48 21 1
48 33 1
48 34 1
48 37 1
48 38 1
48 41 -1
48 43 -1
48 44 1
48 47 1
48 57 1
48 59 1
48 63 1
49 1 1
49 4 1
49 13 -1
49 14 1
49 32 1
49 39 1
49 44 -1
49 47 1
49 50 1
49 52 1
49 57 1
49 58 1
49 61 -1
49 62 1
49 63 1
49 64 1
50 9 1
50 13 1
50 15 1
50 17 -1
50 27 1
50 35 1
50 47 1
50 49 1
50 51 1
50 52 1
50 54 1
50 58 1
50 61 1
50 63 1
50 64 1
51 4 1
51 7 1
51 9 1
51 18 1
51 26 1
51 35 1
51 45 1
51 47 1
51 50 1
51 52 1
51 53 1
51 57 1
51 59 1
51 60 1
51 61 1
51 64 1
52 28 1
52 36 1
52 40 1
52 42 1
52 44 1
52 49 1
52 50 1
52 51 1
52 54 1
52 56 1
52 59 1
52 60 -1
52 63 -1
53 12 -1
53 19 1
53 24 1
53 31 1
53 38 1
53 44 -1
53 46 1
53 51 1
53 55 1
53 56 1
53 57 -1
53 58 -1
53 59 1
53 62 1
53 63 1
54 3 1
54 4 1
54 5 1
54 6 1
54 9 1
54 12 1
54 33 -1
54 45 1
54 50 1
54 52 1
54 55 1
54 56 1
54 57 1
54 60 1
54 61 1
54 64 -1
55 4 1
55 10 1
55 17 1
55 22 1
55 23 1
55 27 -1
55 29 1
55 38 1
55 53 1
55 54 1
55 56 1
55 58 1
55 60 1
55 61 1
55 62 1
55 63 1
56 10 1
56 28 1
56 30 1
56 34 1
56 45 1
56 47 1
56 52 1
56 53 1
56 54 1
56 55 1
56 59 1
56 62 1
56 63 1
56 64 1
57 1 1
57 17 1
57 20 1
57 26 1
57 28 1
57 32 1
57 42 1
57 48 1
57 49 1
57 51 1
57 53 -1
57 54 1
57 58 1
57 59 1
57 62 1
57 64 1
58 8 1
58 11 1
58 17 1
58 18 1
58 20 1
58 33 1
58 34 1
58 41 1
58 49 1
58 50 1
58 53 -1
58 55 1
58 57 1
58 59 1
58 60 1
58 61 1
59 3 1
59 6 -1
59 17 1
59 29 1
59 31 1
59 36 1
59 46 1
59 48 1
59 51 1
59 52 1
59 53 1
59 56 1
59 57 1
59 58 1
59 60 1
59 64 1
60 8 -1
60 12 1
60 19 1
60 21 1
60 33 1
60 39 1
60 47 1
60 51 1
60 52 -1
60 54 1
60 55 1
60 58 1
60 59 1
60 61 1
60 62 1
61 3 1
61 10 1
61 11 -1
61 16 1
61 21 1
61 40 1
61 43 1
61 49 -1
61 50 1
61 51 1
61 54 1
61 55 1
61 58 1
61 60 1
61 63 1
62 4 1
62 18 1
62 25 1
62 30 1
62 31 1
62 34 -1
62 41 1
62 49 1
62 53 1
62 55 1
62 56 1
62 57 1
62 60 1
62 63 1
62 64 1
63 13 1
63 20 1
63 23 1
63 24 1
63 29 1
63 39 1
63 43 1
63 48 1
63 49 1
63 50 1
63 52 -1
63 53 1
63 55 1
63 56 1
63 61 1
63 62 1
64 1 1
64 3 1
64 8 1
64 14 1
64 35 -1
64 37 1
64 43 1
64 45 1
64 49 1
64 50 1
64 51 1
64 54 -1
64 56 1
64 57 1
64 59 1
64 62 1
