1 2 1
1 4 1
1 7 1
1 8 1
1 9 1
1 10 1
1 14 1
1 16 1
1 20 1
1 26 1
1 32 1
1 42 1
1 46 1
2 1 1
2 5 1
2 6 1
2 7 1
2 8 1
2 9 1
2 13 1
2 15 1
2 21 1
2 24 1
2 45 1
2 46 1
2 51 1
2 54 1
2 61 1
2 62 1
3 4 -1
3 6 -1
3 8 1
3 10 1
3 11 1
3 12 1
3 13 1
3 15 1
3 17 1
3 20 1
3 30 1
3 34 1
3 39 -1
3 43 1
3 53 -1
3 59 1
4 1 1
4 3 -1
4 9 1
4 11 1
4 12 1
4 13 1
4 14 1
4 16 1
4 29 -1
4 33 1
4 35 1
4 39 1
4 44 1
4 50 1
4 55 1
4 61 1
5 2 1
5 7 1
5 8 -1
5 10 1
5 11 1
5 12 1
5 13 1
5 14 1
5 25 1
5 27 1
5 30 1
5 32 1
5 42 1
5 56 1
5 59 1
5 62 1
6 2 1
6 3 -1
6 7 -1
6 10 1
6 12 1
6 13 1
6 15 1
6 16 1
6 18 1
6 21 -1
6 29 1
6 32 -1
6 41 1
6 44 1
6 48 1
6 58 1
7 1 1
7 2 1
7 5 1
7 6 -1
7 8 1
7 10 1
7 15 1
7 16 1
7 25 1
7 35 -1
7 39 -1
7 43 1
7 49 1
7 51 1
7 63 1
8 1 1
8 2 1
8 3 1
8 5 -1
8 7 1
8 11 1
8 13 1
8 14 1
8 22 1
8 25 1
8 38 1
8 43 1
8 45 1
8 51 1
8 53 1
8 60 1
9 1 1
9 2 1
9 4 1
9 10 1
9 11 1
9 12 1
9 15 1
9 16 1
9 18 -1
9 28 1
9 30 1
9 35 1
9 44 -1
9 45 1
9 49 1
9 58 -1
10 1 1
10 3 1
10 5 1
10 6 1
10 7 1
10 9 1
10 11 1
10 16 1
10 20 1
10 33 1
10 34 -1
10 48 -1
10 53 1
11 3 1
11 4 1
11 5 1
11 8 1
11 9 1
11 10 1
11 14 1
11 16 1
11 24 1
11 27 1
11 32 1
11 37 1
11 49 -1
11 50 1
11 59 1
11 63 -1
12 3 1
12 4 1
12 5 1
12 6 1
12 9 1
12 13 1
12 14 1
12 15 1
12 30 1
12 31 -1
12 32 1
12 41 1
12 49 1
12 53 1
12 57 1
13 2 1
13 3 1
13 4 1
13 5 1
13 6 1
13 8 1
13 12 1
13 15 1
13 34 1
13 37 1
13 40 1
13 42 -1
13 44 1
13 54 1
13 64 -1
14 1 1
14 4 1
14 5 1
14 8 1
14 11 1
14 12 1
14 15 1
14 16 1
14 23 1
14 27 1
14 30 1
14 37 1
14 38 1
14 39 1
14 47 1
14 48 1
15 2 1
15 3 1
15 6 1
15 7 1
15 9 1
15 12 1
15 13 1
15 14 1
15 19 1
15 27 1
15 35 1
15 41 1
15 51 1
15 57 1
15 59 1
15 61 1
16 1 1
16 4 1
16 6 1
16 7 1
16 9 1
16 10 1
16 11 1
16 14 1
16 18 -1
16 28 1
16 40 1
16 55 1
16 58 1
16 59 -1
17 3 1
17 21 1
17 22 -1
17 23 1
17 25 1
17 26 1
17 27 -1
17 29 1
17 32 1
17 50 1
17 54 1
17 55 1
17 57 1
17 61 1
18 6 1
18 9 -1
18 16 -1
18 19 1
18 20 1
18 22 1
18 23 1
18 26 1
18 30 1
18 31 1
18 32 1
18 38 1
18 48 1
18 50 1
18 61 1
18 64 1
19 15 1
19 18 1
19 23 1
19 25 1
19 26 1
19 27 1
19 30 1
19 31 1
19 32 1
19 40 1
19 46 1
19 47 1
19 52 -1
19 54 -1
19 59 1
20 1 1
20 3 1
20 10 1
20 18 1
20 21 -1
20 24 1
20 26 1
20 27 1
20 28 1
20 29 1
20 32 1
20 35 1
20 52 1
20 61 1
20 63 1
21 2 1
21 6 -1
21 17 1
21 20 -1
21 22 -1
21 24 1
21 28 1
21 29 1
21 31 1
21 32 1
21 42 1
21 45 -1
21 51 1
21 58 1
21 64 1
22 8 1
22 17 -1
22 18 1
22 21 -1
22 24 1
22 27 1
22 28 1
22 29 1
22 32 1
22 38 1
22 40 1
22 44 1
22 45 1
22 64 1
23 14 1
23 17 1
23 18 1
23 19 1
23 24 1
23 25 -1
23 28 1
23 30 1
23 32 1
23 37 1
23 38 1
23 43 1
23 45 1
23 58 1
23 59 1
24 2 1
24 11 1
24 20 1
24 21 1
24 22 1
24 23 1
24 25 1
24 26 -1
24 28 1
24 30 1
24 34 1
24 36 1
24 48 1
24 62 1
25 5 1
25 7 1
25 8 1
25 17 1
25 19 1
25 23 -1
25 24 1
25 26 1
25 27 -1
25 30 1
25 31 1
25 50 1
25 52 1
25 54 -1
25 55 1
26 1 1
26 17 1
26 18 1
26 19 1
26 20 1
26 24 -1
26 25 1
26 29 1
26 31 1
26 34 1
26 39 1
26 47 -1
26 48 -1
27 5 1
27 11 1
27 14 1
27 15 1
27 17 -1
27 19 1
27 20 1
27 22 1
27 25 -1
27 28 -1
27 29 1
27 31 1
27 33 1
27 39 1
27 51 1
27 62 1
28 9 1
28 16 1
28 20 1
28 21 1
28 22 1
28 23 1
28 24 1
28 27 -1
28 29 1
28 31 -1
28 36 1
28 46 1
28 53 -1
28 61 1
28 64 1
29 4 -1
29 6 1
29 17 1
29 20 1
29 21 1
29 22 1
29 26 1
29 27 1
29 28 1
29 30 1
29 44 1
29 49 1
29 52 1
29 56 1
29 60 1
29 62 1
30 3 1
30 5 1
30 9 1
30 12 1
30 14 1
30 18 1
30 19 1
30 23 1
30 24 1
30 25 1
30 29 1
30 31 1
30 32 1
30 47 1
30 58 1
31 12 -1
31 18 1
31 19 1
31 21 1
31 25 1
31 26 1
31 27 1
31 28 -1
31 30 1
31 38 1
31 42 1
31 45 1
31 53 1
31 55 1
31 56 1
31 63 1
32 1 1
32 5 1
32 6 -1
32 11 1
32 12 1
32 17 1
32 18 1
32 19 1
32 20 1
32 21 1
32 22 1
32 23 1
32 30 1
32 57 1
33 4 1
33 10 1
33 27 1
33 34 -1
33 36 1
33 39 1
33 41 1
33 42 1
33 43 1
33 44 1
33 47 1
33 57 1
33 60 1
33 62 1
34 3 1
34 10 -1
34 13 1
34 24 1
34 26 1
34 33 -1
34 38 1
34 40 -1
34 41 1
34 42 1
34 44 1
34 45 1
34 46 1
34 53 1
35 4 1
35 7 -1
35 9 1
35 15 1
35 20 1
35 36 1
35 38 1
35 41 1
35 43 1
35 45 1
35 46 1
35 47 1
35 48 1
35 49 1
35 52 1
36 24 1
36 28 1
36 33 1
36 35 1
36 37 1
36 38 1
36 39 1
36 40 -1
36 43 1
36 47 1
36 49 1
36 56 1
36 62 1
36 64 1
37 11 1
37 13 1
37 14 1
37 23 1
37 36 1
37 39 1
37 40 1
37 41 1
37 44 1
37 45 1
37 47 1
37 48 1
37 50 1
37 55 -1
37 56 1
37 63 1
38 8 1
38 14 1
38 18 1
38 22 1
38 23 1
38 31 1
38 34 1
38 35 1
38 36 1
38 40 1
38 41 1
38 45 1
38 46 1
38 48 1
38 60 1
39 3 -1
39 4 1
39 7 -1
39 14 1
39 26 1
39 27 1
39 33 1
39 36 1
39 37 1
39 42 1
39 43 1
39 44 1
39 46 1
39 48 1
39 51 1
39 56 1
40 13 1
40 16 1
40 19 1
40 22 1
40 34 -1
40 36 -1
40 37 1
40 38 1
40 43 -1
40 44 -1
40 45 1
40 47 1
40 56 1
40 60 1
40 61 1
41 6 1
41 12 1
41 15 1
41 33 1
41 34 1
41 35 1
41 37 1
41 38 1
41 42 1
41 46 1
41 47 1
41 49 1
41 54 1
41 55 1
41 59 1
42 1 1
42 5 1
42 13 -1
42 21 1
42 31 1
42 33 1
42 34 1
42 39 1
42 41 1
42 43 1
42 44 1
42 45 1
42 48 1
42 58 1
43 3 1
43 7 1
43 8 1
43 23 1
43 33 1
43 35 1
43 36 1
43 39 1
43 40 -1
43 42 1
43 45 1
43 48 1
43 50 1
43 52 1
43 60 1
44 4 1
44 6 1
44 9 -1
44 13 1
44 22 1
44 29 1
44 33 1
44 34 1
44 37 1
44 39 1
44 40 -1
44 42 1
44 46 1
44 48 1
44 63 -1
45 2 1
45 8 1
45 9 1
45 21 -1
45 22 1
45 23 1
45 31 1
45 34 1
45 35 1
45 37 1
45 38 1
45 40 1
45 42 1
45 43 1
45 46 1
45 52 1
46 1 1
46 2 1
46 19 1
46 28 1
46 34 1
46 35 1
46 38 1
46 39 1
46 41 1
46 44 1
46 45 1
46 47 1
46 56 1
46 60 1
46 63 1
46 64 1
47 14 1
47 19 1
47 26 -1
47 30 1
47 33 1
47 35 1
47 36 1
47 37 1
47 40 1
47 41 1
47 46 1
47 48 1
47 50 1
47 55 1
48 6 1
48 10 -1
48 14 1
48 18 1
48 24 1
48 26 -1
48 35 1
48 37 1
48 38 1
48 39 1
48 42 1
48 43 1
48 44 1
48 47 1
48 58 -1
48 60 1
49 7 1
49 9 1
49 11 -1
49 12 1
49 29 1
49 35 1
49 36 1
49 41 1
49 51 1
49 53 1
49 54 1
49 56 1
49 58 1
49 59 1
49 61 1
49 64 1
50 4 1
50 11 1
50 17 1
50 18 1
50 25 1
50 37 1
50 43 1
50 47 1
50 51 1
50 52 1
50 54 1
50 55 1
50 56 1
50 57 1
50 58 1
50 60 1
51 2 1
51 7 1
51 8 1
51 15 1
51 21 1
51 27 1
51 39 1
51 49 1
51 50 1
51 53 1
51 54 1
51 57 1
51 58 1
51 61 1
51 62 1
52 19 -1
52 20 1
52 25 1
52 29 1
52 35 1
52 43 1
52 45 1
52 50 1
52 53 1
52 55 1
52 57 1
52 58 1
52 61 1
52 63 1
52 64 1
53 3 -1
53 8 1
53 10 1
53 12 1
53 28 -1
53 31 1
53 34 1
53 49 1
53 51 1
53 52 1
53 55 1
53 57 1
53 60 1
53 61 1
53 62 1
54 2 1
54 13 1
54 17 1
54 19 -1
54 25 -1
54 41 1
54 49 1
54 50 1
54 51 1
54 55 1
54 59 1
54 60 1
54 63 1
54 64 1
55 4 1
55 16 1
55 17 1
55 25 1
55 31 1
55 37 -1
55 41 1
55 47 1
55 50 1
55 52 1
55 53 1
55 54 1
55 60 1
55 62 1
55 63 1
55 64 1
56 5 1
56 29 1
56 31 1
56 36 1
56 37 1
56 39 1
56 40 1
56 46 1
56 49 1
56 50 1
56 57 1
56 58 1
56 59 -1
56 61 1
56 62 1
56 64 1
57 12 1
57 15 1
57 17 1
57 32 1
57 33 1
57 50 1
57 51 1
57 52 1
57 53 1
57 56 1
57 59 1
57 62 1
57 63 1
58 6 1
58 9 -1
58 16 1
58 21 1
58 23 1
58 30 1
58 42 1
58 48 -1
58 49 1
58 50 1
58 51 1
58 52 1
58 56 1
58 60 1
58 62 1
58 63 1
59 3 1
59 5 1
59 11 1
59 15 1
59 16 -1
59 19 1
59 23 1
59 41 1
59 49 1
59 54 1
59 56 -1
59 57 1
59 60 1
59 61 1
59 63 1
59 64 1
60 8 1
60 29 1
60 33 1
60 38 1
60 40 1
60 43 1
60 46 1
60 48 1
60 50 1
60 53 1
60 54 1
60 55 1
60 58 1
60 59 1
60 63 1
60 64 1
61 2 1
61 4 1
61 15 1
61 17 1
61 18 1
61 20 1
61 28 1
61 40 1
61 49 1
61 51 1
61 52 1
61 53 1
61 56 1
61 59 1
61 62 1
61 63 1
62 2 1
62 5 1
62 24 1
62 27 1
62 29 1
62 33 1
62 36 1
62 51 1
62 53 1
62 55 1
62 56 1
62 57 1
62 58 1
62 61 1
62 64 1
63 7 1
63 11 -1
63 20 1
63 31 1
63 37 1
63 44 -1
63 46 1
63 52 1
63 54 1
63 55 1
63 57 1
63 58 1
63 59 1
63 60 1
63 61 1
64 13 -1
64 18 1
64 21 1
64 22 1
64 28 1
64 36 1
64 46 1
64 49 1
64 52 1
64 54 1
64 55 1
64 56 1
64 59 1
64 60 1
64 62 1
