1 2 1
1 6 1
1 7 -1
1 8 1
1 10 1
1 11 1
1 14 -1
1 16 -1
1 20 1
1 23 1
1 24 1
1 27 1
1 44 1
1 46 1
1 51 1
1 53 1
2 1 1
2 4 1
2 6 1
2 7 1
2 8 1
2 9 1
2 11 1
2 16 1
2 23 1
2 30 1
2 32 1
2 42 -1
2 54 1
2 64 1
3 4 1
3 5 -1
3 6 1
3 9 1
3 10 1
3 12 1
3 13 1
3 15 1
3 20 -1
3 36 1
3 37 1
3 38 1
3 42 1
3 45 1
3 50 1
3 57 -1
4 2 1
4 3 1
4 5 1
4 9 1
4 10 -1
4 13 1
4 14 -1
4 15 1
4 19 -1
4 22 1
4 23 1
4 24 1
4 35 -1
4 36 1
4 47 1
4 57 1
5 3 -1
5 4 1
5 6 1
5 10 1
5 12 -1
5 13 1
5 15 -1
5 16 1
5 17 1
5 19 1
5 31 1
5 43 -1
5 50 1
5 59 -1
5 61 1
6 1 1
6 2 1
6 3 1
6 5 1
6 9 1
6 12 -1
6 13 1
6 14 1
6 17 1
6 25 1
6 33 1
6 41 1
6 43 1
6 45 -1
6 60 1
6 64 -1
7 1 -1
7 2 1
7 8 -1
7 9 1
7 10 1
7 11 1
7 12 1
7 14 1
7 27 1
7 30 1
7 34 1
7 46 1
7 50 1
7 56 1
7 57 1
8 1 1
8 2 1
8 7 -1
8 9 1
8 13 1
8 14 1
8 15 1
8 16 -1
8 24 -1
8 26 1
8 28 -1
8 40 -1
8 61 1
8 63 1
8 64 1
9 2 1
9 3 1
9 4 1
9 6 1
9 7 1
9 8 1
9 11 1
9 12 1
9 20 1
9 42 -1
9 43 1
9 47 1
9 49 1
9 59 1
9 61 1
10 1 1
10 3 1
10 4 -1
10 5 1
10 7 1
10 14 1
10 15 1
10 16 1
10 25 -1
10 29 1
10 50 -1
10 54 1
10 55 1
10 63 1
10 64 1
11 1 1
11 2 1
11 7 1
11 9 1
11 12 1
11 13 1
11 15 -1
11 16 1
11 22 1
11 23 1
11 25 1
11 44 -1
11 51 1
11 52 1
11 58 1
11 59 -1
12 3 1
12 5 -1
12 6 -1
12 7 1
12 9 1
12 11 1
12 14 -1
12 15 1
12 36 1
12 39 1
12 40 1
12 44 1
12 46 1
12 49 1
12 56 -1
13 3 1
13 4 1
13 5 1
13 6 1
13 8 1
13 11 1
13 15 1
13 16 1
13 19 1
13 20 -1
13 27 1
13 32 1
13 35 1
13 45 1
13 51 -1
14 1 -1
14 4 -1
14 6 1
14 7 1
14 8 1
14 10 1
14 12 -1
14 16 1
14 21 1
14 23 1
14 33 1
14 35 1
14 36 1
14 43 1
14 52 -1
14 56 1
15 3 1
15 4 1
15 5 -1
15 8 1
15 10 1
15 11 -1
15 12 1
15 13 1
15 22 1
15 27 1
15 30 -1
15 34 1
15 40 1
15 48 1
15 50 -1
15 52 1
16 1 -1
16 2 1
16 5 1
16 8 -1
16 10 1
16 11 1
16 13 1
16 14 1
16 21 1
16 26 -1
16 36 -1
16 44 1
16 50 1
16 59 1
16 62 1
17 5 1
17 6 1
17 18 -1
17 22 1
17 23 -1
17 25 1
17 26 1
17 30 1
17 31 1
17 32 1
17 40 -1
17 42 1
17 48 1
17 53 1
17 55 1
18 17 -1
18 22 1
18 23 1
18 26 1
18 27 1
18 28 1
18 29 -1
18 31 1
18 38 1
18 39 1
18 40 1
18 47 -1
18 52 -1
18 53 1
18 54 1
18 60 1
19 4 -1
19 5 1
19 13 1
19 21 1
19 23 1
19 24 1
19 25 1
19 26 1
19 28 1
19 29 1
19 30 1
19 40 1
19 49 1
19 62 1
20 1 1
20 3 -1
20 9 1
20 13 -1
20 22 1
20 24 -1
20 26 -1
20 28 1
20 29 1
20 30 -1
20 31 -1
20 32 1
20 35 1
20 45 -1
20 47 -1
20 59 1
21 14 1
21 16 1
21 19 1
21 22 1
21 23 1
21 24 1
21 25 1
21 26 -1
21 28 1
21 32 1
21 40 1
21 43 -1
21 46 1
21 58 1
21 61 1
21 62 1
22 4 1
22 11 1
22 15 1
22 17 1
22 18 1
22 20 1
22 21 1
22 24 1
22 25 1
22 27 1
22 30 1
22 45 1
22 47 1
22 57 1
22 62 1
23 1 1
23 2 1
23 4 1
23 11 1
23 14 1
23 17 -1
23 18 1
23 19 1
23 21 1
23 27 1
23 28 1
23 29 1
23 31 1
23 38 1
23 47 1
23 53 1
24 1 1
24 4 1
24 8 -1
24 19 1
24 20 -1
24 21 1
24 22 1
24 25 -1
24 26 1
24 27 1
24 28 1
24 37 1
24 44 -1
24 45 1
24 46 1
24 54 1
25 6 1
25 10 -1
25 11 1
25 17 1
25 19 1
25 21 1
25 22 1
25 24 -1
25 29 -1
25 30 1
25 32 1
25 39 1
25 46 1
25 52 -1
25 57 1
25 62 -1
26 8 1
26 16 -1
26 17 1
26 18 1
26 19 1
26 20 -1
26 21 -1
26 24 1
26 27 1
26 28 1
26 34 -1
26 36 1
26 38 1
26 41 1
26 58 1
26 63 1
27 1 1
27 7 1
27 13 1
27 15 1
27 18 1
27 22 1
27 23 1
27 24 1
27 26 1
27 29 1
27 30 1
27 31 1
27 44 -1
27 56 1
27 62 1
28 8 -1
28 18 1
28 19 1
28 20 1
28 21 1
28 23 1
28 24 1
28 26 1
28 32 -1
28 34 1
28 39 -1
28 58 1
28 60 1
28 62 1
29 10 1
29 18 -1
29 19 1
29 20 1
29 23 1
29 25 -1
29 27 1
29 31 1
29 32 1
29 43 1
29 46 1
29 47 1
29 55 1
29 56 1
29 60 1
29 61 1
30 2 1
30 7 1
30 15 -1
30 17 1
30 19 1
30 20 -1
30 22 1
30 25 1
30 27 1
30 31 1
30 32 1
30 35 1
30 41 1
30 56 1
31 5 1
31 17 1
31 18 1
31 20 -1
31 23 1
31 27 1
31 29 1
31 30 1
31 32 1
31 34 1
31 38 1
31 39 1
31 40 1
31 44 1
31 45 -1
31 57 1
32 2 1
32 13 1
32 17 1
32 20 1
32 21 1
32 25 1
32 28 -1
32 29 1
32 30 1
32 31 1
32 48 -1
32 54 1
32 55 1
32 58 1
33 6 1
33 14 1
33 34 1
33 38 1
33 40 1
33 41 1
33 44 1
33 45 1
33 47 1
33 48 1
33 51 1
33 53 1
33 57 1
33 60 1
33 61 -1
33 63 1
34 7 1
34 15 1
34 26 -1
34 28 1
34 31 1
34 33 1
34 35 1
34 38 1
34 41 -1
34 42 1
34 43 -1
34 45 1
34 48 -1
34 51 -1
34 53 1
35 4 -1
35 13 1
35 14 1
35 20 1
35 30 1
35 34 1
35 36 -1
35 38 -1
35 40 -1
35 41 1
35 42 1
35 45 1
35 46 -1
35 52 1
35 63 1
35 64 1
36 3 1
36 4 1
36 12 1
36 14 1
36 16 -1
36 26 1
36 35 -1
36 37 1
36 41 1
36 43 1
36 45 1
36 46 1
36 47 1
36 48 1
36 61 -1
36 63 -1
37 3 1
37 24 1
37 36 1
37 38 1
37 39 1
37 40 1
37 41 -1
37 42 1
37 43 1
37 47 1
37 52 1
37 53 1
37 55 -1
37 56 1
37 58 1
37 63 1
38 3 1
38 18 1
38 23 1
38 26 1
38 31 1
38 33 1
38 34 1
38 35 -1
38 37 1
38 40 1
38 41 1
38 44 -1
38 47 1
38 49 -1
38 51 1
38 59 1
39 12 1
39 18 1
39 25 1
39 28 -1
39 31 1
39 37 1
39 40 -1
39 42 1
39 43 -1
39 45 1
39 46 1
39 47 1
39 48 -1
39 52 1
39 63 1
39 64 1
40 8 -1
40 12 1
40 15 1
40 17 -1
40 18 1
40 19 1
40 21 1
40 31 1
40 33 1
40 35 -1
40 37 1
40 38 1
40 39 -1
40 44 1
40 47 -1
40 48 1
41 6 1
41 26 1
41 30 1
41 33 1
41 34 -1
41 35 1
41 36 1
41 37 -1
41 38 1
41 43 1
41 46 1
41 49 1
41 51 1
41 54 1
41 56 1
41 60 1
42 2 -1
42 3 1
42 9 -1
42 17 1
42 34 1
42 35 1
42 37 1
42 39 1
42 43 1
42 44 1
42 46 1
42 47 1
42 49 -1
42 57 1
43 5 -1
43 6 1
43 9 1
43 14 1
43 21 -1
43 29 1
43 34 -1
43 36 1
43 37 1
43 39 -1
43 41 1
43 42 1
43 45 1
43 46 -1
43 59 1
43 61 1
44 1 1
44 11 -1
44 12 1
44 16 1
44 24 -1
44 27 -1
44 31 1
44 33 1
44 38 -1
44 40 1
44 42 1
44 45 -1
44 46 1
44 47 1
44 48 1
44 55 1
45 3 1
45 6 -1
45 13 1
45 20 -1
45 22 1
45 24 1
45 31 -1
45 33 1
45 34 1
45 35 1
45 36 1
45 39 1
45 43 1
45 44 -1
45 48 1
46 1 1
46 7 1
46 12 1
46 21 1
46 24 1
46 25 1
46 29 1
46 35 -1
46 36 1
46 39 1
46 41 1
46 42 1
46 43 -1
46 44 1
46 48 1
46 53 -1
47 4 1
47 9 1
47 18 -1
47 20 -1
47 22 1
47 23 1
47 29 1
47 33 1
47 36 1
47 37 1
47 38 1
47 39 1
47 40 -1
47 42 1
47 44 1
47 64 1
48 15 1
48 17 1
48 32 -1
48 33 1
48 34 -1
48 36 1
48 39 -1
48 40 1
48 44 1
48 45 1
48 46 1
48 50 -1
48 51 1
48 58 1
48 60 1
49 9 1
49 12 1
49 19 1
49 38 -1
49 41 1
49 42 -1
49 51 1
49 52 1
49 53 1
49 54 1
49 57 1
49 58 -1
49 59 1
49 62 1
50 3 1
50 5 1
50 7 1
50 10 -1
50 15 -1
50 16 1
50 48 -1
50 51 -1
50 52 1
50 55 1
50 56 -1
50 58 1
50 59 1
50 62 -1
50 63 -1
51 1 1
51 11 1
51 13 -1
51 33 1
51 34 -1
51 38 1
51 41 1
51 48 1
51 49 1
51 50 -1
51 52 1
51 53 1
51 54 -1
51 57 1
51 60 -1
51 62 1
52 11 1
52 14 -1
52 15 1
52 18 -1
52 25 -1
52 35 1
52 37 1
52 39 1
52 49 1
52 50 1
52 51 1
52 53 1
52 57 1
52 58 1
52 61 1
52 63 1
53 1 1
53 17 1
53 18 1
53 23 1
53 33 1
53 34 1
53 37 1
53 46 -1
53 49 1
53 51 1
53 52 1
53 56 1
53 57 1
53 59 1
53 60 1
53 64 1
54 2 1
54 10 1
54 18 1
54 24 1
54 32 1
54 41 1
54 49 1
54 51 -1
54 55 1
54 57 1
54 59 1
54 60 1
54 61 1
54 63 1
55 10 1
55 17 1
55 29 1
55 32 1
55 37 -1
55 44 1
55 50 1
55 54 1
55 56 -1
55 57 1
55 60 1
55 61 1
55 62 1
55 64 1
56 7 1
56 12 -1
56 14 1
56 27 1
56 29 1
56 30 1
56 37 1
56 41 1
56 50 -1
56 53 1
56 55 -1
56 58 -1
56 59 1
56 61 1
56 63 1
56 64 1
57 3 -1
57 4 1
57 7 1
57 22 1
57 25 1
57 31 1
57 33 1
57 42 1
57 49 1
57 51 1
57 52 1
57 53 1
57 54 1
57 55 1
57 58 1
57 64 1
58 11 1
58 21 1
58 26 1
58 28 1
58 32 1
58 37 1
58 48 1
58 49 -1
58 50 1
58 52 1
58 56 -1
58 57 1
58 61 1
58 62 1
58 63 1
59 5 -1
59 9 1
59 11 -1
59 16 1
59 20 1
59 38 1
59 43 1
59 49 1
59 50 1
59 53 1
59 54 1
59 56 1
59 60 1
59 62 1
59 63 -1
60 6 1
60 18 1
60 28 1
60 29 1
60 33 1
60 41 1
60 48 1
60 51 -1
60 53 1
60 54 1
60 55 1
60 59 1
60 61 1
60 63 1
60 64 1
61 5 1
61 8 1
61 9 1
61 21 1
61 29 1
61 33 -1
61 36 -1
61 43 1
61 52 1
61 54 1
61 55 1
61 56 1
61 58 1
61 60 1
61 62 1
61 64 -1
62 16 1
62 19 1
62 21 1
62 22 1
62 25 -1
62 27 1
62 28 1
62 49 1
62 50 -1
62 51 1
62 55 1
62 58 1
62 59 1
62 61 1
62 64 1
63 8 1
63 10 1
63 26 1
63 33 1
63 35 1
63 36 -1
63 37 1
63 39 1
63 50 -1
63 52 1
63 54 1
63 56 1
63 58 1
63 59 -1
63 60 1
63 64 1
64 2 1
64 6 -1
64 8 1
64 10 1
64 35 1
64 39 1
64 47 1
64 53 1
64 55 1
64 56 1
64 57 1
64 60 1
64 61 -1
64 62 1
64 63 1
