1 2 -1
1 3 -1
1 4 -1
1 8 -1
1 10 -1
1 11 -1
1 12 -1
1 16 -1
1 18 -1
1 25 -1
1 32 -1
1 36 -1
1 40 -1
1 46 -1
1 51 -1
1 52 1
2 1 -1
2 4 -1
2 5 1
2 7 1
2 8 -1
2 9 -1
2 13 -1
2 14 -1
2 17 -1
2 20 -1
2 28 -1
2 30 -1
2 41 -1
2 49 -1
2 51 -1
2 53 -1
3 1 -1
3 4 -1
3 6 -1
3 7 -1
3 8 -1
3 10 -1
3 14 1
3 16 -1
3 19 -1
3 23 -1
3 33 -1
3 37 -1
3 38 -1
3 44 -1
3 50 -1
3 57 -1
4 1 -1
4 2 -1
4 3 -1
4 7 1
4 8 -1
4 12 -1
4 13 -1
4 16 -1
4 26 -1
4 27 -1
4 47 -1
4 55 -1
4 58 -1
4 61 -1
5 2 1
5 6 -1
5 9 -1
5 10 -1
5 12 -1
5 13 -1
5 14 -1
5 15 -1
5 17 -1
5 27 -1
5 31 -1
5 32 -1
5 43 1
5 45 -1
5 54 -1
5 64 -1
6 3 -1
6 5 -1
6 8 -1
6 9 -1
6 11 -1
6 12 -1
6 14 -1
6 16 -1
6 17 -1
6 20 -1
6 23 -1
6 35 -1
6 54 -1
6 56 -1
6 62 -1
7 2 1
7 3 -1
7 4 1
7 11 1
7 13 -1
7 14 -1
7 15 -1
7 16 -1
7 26 -1
7 28 -1
7 30 -1
7 40 -1
7 42 -1
7 54 -1
7 58 1
8 1 -1
8 2 -1
8 3 -1
8 4 -1
8 6 -1
8 11 1
8 12 -1
8 15 -1
8 24 -1
8 50 -1
8 52 -1
8 58 -1
8 59 -1
8 61 -1
8 64 -1
9 2 -1
9 5 -1
9 6 -1
9 10 -1
9 11 -1
9 13 1
9 14 1
9 15 -1
9 30 1
9 35 -1
9 44 -1
9 51 1
9 58 -1
9 61 -1
9 62 -1
9 63 1
10 1 -1
10 3 -1
10 5 -1
10 9 -1
10 11 -1
10 12 -1
10 13 -1
10 16 -1
10 17 -1
10 35 -1
10 37 -1
10 41 -1
10 47 -1
10 50 -1
10 57 -1
10 63 -1
11 1 -1
11 6 -1
11 7 1
11 8 1
11 9 -1
11 10 -1
11 15 -1
11 16 -1
11 31 -1
11 36 -1
11 39 -1
11 46 -1
11 51 -1
11 54 -1
11 55 -1
12 1 -1
12 4 -1
12 5 -1
12 6 -1
12 8 -1
12 10 -1
12 13 1
12 14 -1
12 22 -1
12 24 -1
12 26 -1
12 28 1
12 34 -1
12 41 -1
12 42 -1
12 43 -1
13 2 -1
13 4 -1
13 5 -1
13 7 -1
13 9 1
13 10 -1
13 12 1
13 15 -1
13 27 -1
13 30 -1
13 32 1
13 40 -1
13 45 -1
13 55 -1
13 60 1
14 2 -1
14 3 1
14 5 -1
14 6 -1
14 7 -1
14 9 1
14 12 -1
14 15 -1
14 22 -1
14 25 -1
14 38 -1
14 45 -1
14 48 1
14 56 -1
14 64 -1
15 5 -1
15 7 -1
15 8 -1
15 9 -1
15 11 -1
15 13 -1
15 14 -1
15 16 -1
15 22 -1
15 27 -1
15 31 -1
15 33 -1
15 38 -1
15 39 -1
15 46 -1
15 59 -1
16 1 -1
16 3 -1
16 4 -1
16 6 -1
16 7 -1
16 10 -1
16 11 -1
16 15 -1
16 24 -1
16 27 -1
16 44 -1
16 46 -1
16 50 -1
16 60 -1
16 64 -1
17 2 -1
17 5 -1
17 6 -1
17 10 -1
17 18 -1
17 22 -1
17 24 -1
17 26 -1
17 27 -1
17 29 1
17 31 -1
17 32 -1
17 38 -1
17 41 -1
17 45 1
17 60 -1
18 1 -1
18 17 -1
18 19 1
18 23 -1
18 25 1
18 26 -1
18 29 1
18 30 -1
18 32 -1
18 35 -1
18 41 -1
18 44 -1
18 48 -1
18 50 -1
18 55 1
19 3 -1
19 18 1
19 20 -1
19 21 -1
19 25 -1
19 26 -1
19 28 -1
19 30 -1
19 31 -1
19 33 -1
19 38 -1
19 39 1
19 42 -1
19 51 -1
19 57 -1
19 58 -1
20 2 -1
20 6 -1
20 19 -1
20 21 -1
20 23 -1
20 24 1
20 25 -1
20 28 -1
20 29 1
20 32 -1
20 33 -1
20 34 -1
20 47 -1
20 57 -1
20 60 -1
21 19 -1
21 20 -1
21 22 -1
21 23 -1
21 24 -1
21 25 -1
21 27 -1
21 28 -1
21 38 -1
21 47 -1
21 49 -1
21 58 -1
21 61 -1
21 62 -1
21 63 1
21 64 -1
22 12 -1
22 14 -1
22 15 -1
22 17 -1
22 21 -1
22 23 -1
22 24 -1
22 28 -1
22 29 -1
22 31 -1
22 32 1
22 35 -1
22 39 -1
22 43 -1
22 57 -1
22 59 -1
23 3 -1
23 6 -1
23 18 -1
23 20 -1
23 21 -1
23 22 -1
23 26 -1
23 27 -1
23 29 -1
23 31 -1
23 43 -1
23 55 -1
23 59 -1
23 60 -1
23 61 -1
24 8 -1
24 12 -1
24 16 -1
24 17 -1
24 20 1
24 21 -1
24 22 -1
24 27 -1
24 28 -1
24 30 -1
24 31 -1
24 37 -1
24 42 -1
24 46 -1
24 53 -1
24 57 -1
25 1 -1
25 14 -1
25 18 1
25 19 -1
25 20 -1
25 21 -1
25 28 -1
25 29 1
25 30 -1
25 31 -1
25 35 -1
25 36 -1
25 41 -1
25 45 -1
25 46 -1
25 47 -1
26 4 -1
26 7 -1
26 12 -1
26 17 -1
26 18 -1
26 19 -1
26 23 -1
26 27 -1
26 29 -1
26 31 -1
26 32 -1
26 34 -1
26 49 -1
26 52 -1
26 60 -1
26 64 -1
27 4 -1
27 5 -1
27 13 -1
27 15 -1
27 16 -1
27 17 -1
27 21 -1
27 23 -1
27 24 -1
27 26 -1
27 30 -1
27 31 -1
27 32 -1
27 40 -1
27 46 -1
27 56 -1
28 2 -1
28 7 -1
28 12 1
28 19 -1
28 20 -1
28 21 -1
28 22 -1
28 24 -1
28 25 -1
28 30 -1
28 32 -1
28 34 -1
28 41 -1
28 42 -1
28 48 -1
28 53 -1
29 17 1
29 18 1
29 20 1
29 22 -1
29 23 -1
29 25 1
29 26 -1
29 30 -1
29 33 1
29 35 -1
29 36 -1
29 42 -1
29 48 -1
29 53 -1
29 55 -1
30 2 -1
30 7 -1
30 9 1
30 13 -1
30 18 -1
30 19 -1
30 24 -1
30 25 -1
30 27 -1
30 28 -1
30 29 -1
30 32 1
30 39 -1
30 53 -1
30 54 -1
30 56 -1
31 5 -1
31 11 -1
31 15 -1
31 17 -1
31 19 -1
31 22 -1
31 23 -1
31 24 -1
31 25 -1
31 26 -1
31 27 -1
31 51 1
31 52 -1
31 59 -1
31 61 -1
31 62 -1
32 1 -1
32 5 -1
32 13 1
32 17 -1
32 18 -1
32 20 -1
32 22 1
32 26 -1
32 27 -1
32 28 -1
32 30 1
32 33 -1
32 39 -1
32 45 -1
32 59 -1
32 63 -1
33 3 -1
33 15 -1
33 19 -1
33 20 -1
33 29 1
33 32 -1
33 35 -1
33 38 -1
33 41 -1
33 43 -1
33 44 -1
33 45 -1
33 46 1
33 47 -1
33 58 -1
33 62 -1
34 12 -1
34 20 -1
34 26 -1
34 28 -1
34 35 -1
34 36 -1
34 37 -1
34 39 -1
34 40 -1
34 41 -1
34 44 -1
34 47 -1
34 49 -1
34 50 -1
34 52 -1
35 6 -1
35 9 -1
35 10 -1
35 18 -1
35 22 -1
35 25 -1
35 29 -1
35 33 -1
35 34 -1
35 37 1
35 42 1
35 43 -1
35 45 -1
35 46 -1
35 48 -1
35 62 -1
36 1 -1
36 11 -1
36 25 -1
36 29 -1
36 34 -1
36 37 -1
36 38 1
36 40 -1
36 44 -1
36 46 -1
36 47 -1
36 48 1
36 49 -1
36 51 -1
36 63 -1
37 3 -1
37 10 -1
37 24 -1
37 34 -1
37 35 1
37 36 -1
37 38 -1
37 39 -1
37 40 -1
37 42 1
37 48 -1
37 52 -1
37 54 -1
37 56 -1
37 62 -1
37 64 -1
38 3 -1
38 14 -1
38 15 -1
38 17 -1
38 19 -1
38 21 -1
38 33 -1
38 36 1
38 37 -1
38 40 -1
38 43 -1
38 44 -1
38 45 -1
38 47 -1
38 53 -1
39 11 -1
39 15 -1
39 19 1
39 22 -1
39 30 -1
39 32 -1
39 34 -1
39 37 -1
39 40 -1
39 41 1
39 42 -1
39 43 -1
39 45 -1
39 46 -1
39 62 -1
39 64 -1
40 1 -1
40 7 -1
40 13 -1
40 27 -1
40 34 -1
40 36 -1
40 37 -1
40 38 -1
40 39 -1
40 45 -1
40 47 -1
40 48 -1
40 52 1
40 56 -1
41 2 -1
41 10 -1
41 12 -1
41 17 -1
41 18 -1
41 25 -1
41 28 -1
41 33 -1
41 34 -1
41 39 1
41 42 -1
41 43 -1
41 45 -1
41 46 -1
41 48 1
41 49 -1
42 7 -1
42 12 -1
42 19 -1
42 24 -1
42 28 -1
42 29 -1
42 35 1
42 37 1
42 39 -1
42 41 -1
42 43 -1
42 44 -1
42 46 -1
42 48 -1
42 51 -1
42 55 -1
43 5 1
43 12 -1
43 22 -1
43 23 -1
43 33 -1
43 35 -1
43 38 -1
43 39 -1
43 41 -1
43 42 -1
43 44 -1
43 48 -1
43 50 -1
43 53 -1
43 60 -1
43 63 -1
44 3 -1
44 9 -1
44 16 -1
44 18 -1
44 33 -1
44 34 -1
44 36 -1
44 38 -1
44 42 -1
44 43 -1
44 45 -1
44 47 -1
44 49 -1
44 53 1
44 63 -1
45 5 -1
45 13 -1
45 14 -1
45 17 1
45 25 -1
45 32 -1
45 33 -1
45 35 -1
45 38 -1
45 39 -1
45 40 -1
45 41 -1
45 44 -1
45 47 -1
45 56 -1
46 1 -1
46 11 -1
46 15 -1
46 16 -1
46 24 -1
46 25 -1
46 27 -1
46 33 1
46 35 -1
46 36 -1
46 39 -1
46 41 -1
46 42 -1
46 47 -1
46 48 -1
46 57 -1
47 4 -1
47 10 -1
47 20 -1
47 21 -1
47 25 -1
47 33 -1
47 34 -1
47 36 -1
47 38 -1
47 40 -1
47 44 -1
47 45 -1
47 46 -1
47 49 -1
47 50 -1
47 61 1
48 14 1
48 18 -1
48 28 -1
48 29 -1
48 35 -1
48 36 1
48 37 -1
48 40 -1
48 41 1
48 42 -1
48 43 -1
48 46 -1
48 59 -1
48 60 -1
48 63 -1
49 2 -1
49 21 -1
49 26 -1
49 34 -1
49 36 -1
49 41 -1
49 44 -1
49 47 -1
49 51 -1
49 53 -1
49 56 -1
49 57 -1
49 59 -1
49 62 -1
49 63 -1
49 64 -1
50 3 -1
50 8 -1
50 10 -1
50 16 -1
50 18 -1
50 34 -1
50 43 -1
50 47 -1
50 51 -1
50 53 -1
50 54 -1
50 55 -1
50 56 -1
50 57 1
50 62 -1
50 63 -1
51 1 -1
51 2 -1
51 9 1
51 11 -1
51 19 -1
51 31 1
51 36 -1
51 42 -1
51 49 -1
51 50 -1
51 52 1
51 53 -1
51 58 -1
51 61 -1
51 63 1
51 64 -1
52 1 1
52 8 -1
52 26 -1
52 31 -1
52 34 -1
52 37 -1
52 40 1
52 51 1
52 53 -1
52 54 -1
52 56 -1
52 58 -1
52 59 -1
52 61 -1
52 62 -1
53 2 -1
53 24 -1
53 28 -1
53 29 -1
53 30 -1
53 38 -1
53 43 -1
53 44 1
53 49 -1
53 50 -1
53 51 -1
53 52 -1
53 55 -1
53 61 -1
53 63 -1
53 64 -1
54 5 -1
54 6 -1
54 7 -1
54 11 -1
54 30 -1
54 37 -1
54 50 -1
54 52 -1
54 55 -1
54 59 -1
54 60 -1
54 61 -1
54 62 -1
54 63 -1
55 4 -1
55 11 -1
55 13 -1
55 18 1
55 23 -1
55 29 -1
55 42 -1
55 50 -1
55 53 -1
55 54 -1
55 56 -1
55 57 -1
55 59 -1
55 60 -1
55 63 -1
56 6 -1
56 14 -1
56 27 -1
56 30 -1
56 37 -1
56 40 -1
56 45 -1
56 49 -1
56 50 -1
56 52 -1
56 55 -1
56 57 -1
56 59 -1
56 60 1
56 64 -1
57 3 -1
57 10 -1
57 19 -1
57 20 -1
57 22 -1
57 24 -1
57 46 -1
57 49 -1
57 50 1
57 55 -1
57 56 -1
57 58 -1
57 61 -1
57 63 -1
57 64 -1
58 4 -1
58 7 1
58 8 -1
58 9 -1
58 19 -1
58 21 -1
58 33 -1
58 51 -1
58 52 -1
58 57 -1
58 59 -1
58 60 1
58 61 -1
58 63 -1
58 64 -1
59 8 -1
59 15 -1
59 22 -1
59 23 -1
59 31 -1
59 32 -1
59 48 -1
59 49 -1
59 52 -1
59 54 -1
59 55 -1
59 56 -1
59 58 -1
59 60 -1
59 62 -1
60 13 1
60 16 -1
60 17 -1
60 20 -1
60 23 -1
60 26 -1
60 43 -1
60 48 -1
60 54 -1
60 55 -1
60 56 1
60 58 1
60 59 -1
60 61 -1
60 62 -1
60 64 -1
61 4 -1
61 8 -1
61 9 -1
61 21 -1
61 23 -1
61 31 -1
61 47 1
61 51 -1
61 52 -1
61 53 -1
61 54 -1
61 57 -1
61 58 -1
61 60 -1
61 62 -1
62 6 -1
62 9 -1
62 21 -1
62 31 -1
62 33 -1
62 35 -1
62 37 -1
62 39 -1
62 49 -1
62 50 -1
62 52 -1
62 54 -1
62 59 -1
62 60 -1
62 61 -1
62 64 -1
63 9 1
63 10 -1
63 21 1
63 32 -1
63 36 -1
63 43 -1
63 44 -1
63 48 -1
63 49 -1
63 50 -1
63 51 1
63 53 -1
63 54 -1
63 55 -1
63 57 -1
63 58 -1
64 5 -1
64 8 -1
64 14 -1
64 16 -1
64 21 -1
64 26 -1
64 37 -1
64 39 -1
64 49 -1
64 51 -1
64 53 -1
64 56 -1
64 57 -1
64 58 -1
64 60 -1
64 62 -1
