1 2 1
1 3 -1
1 4 -1
1 8 -1
1 10 -1
1 13 -1
1 15 1
1 16 1
1 23 1
1 24 1
1 29 1
1 40 1
1 49 1
1 53 1
1 55 -1
1 59 1
2 1 1
2 4 1
2 6 -1
2 7 -1
2 11 1
2 12 1
2 13 1
2 16 -1
2 21 1
2 28 1
2 35 1
2 39 1
2 41 1
2 51 -1
3 1 -1
3 4 1
3 5 1
3 7 1
3 11 -1
3 12 1
3 14 1
3 16 -1
3 40 1
3 42 1
3 44 1
3 51 1
3 53 1
3 60 1
3 62 1
3 63 1
4 1 -1
4 2 1
4 3 1
4 5 1
4 8 1
4 9 1
4 13 1
4 15 1
4 19 1
4 25 1
4 36 1
4 38 1
4 46 1
4 59 1
4 61 1
4 62 1
5 3 1
5 4 1
5 7 1
5 9 -1
5 10 1
5 11 1
5 12 -1
5 16 -1
5 21 1
5 27 -1
5 35 1
5 39 -1
5 44 1
5 55 1
5 61 1
6 2 -1
6 7 1
6 8 1
6 9 1
6 10 -1
6 11 -1
6 12 1
6 16 -1
6 20 -1
6 25 1
6 27 1
6 28 -1
6 33 -1
6 54 -1
6 63 1
7 2 -1
7 3 1
7 5 1
7 6 1
7 9 -1
7 13 -1
7 14 1
7 15 1
7 17 -1
7 18 1
7 28 1
7 32 -1
7 47 1
7 54 1
7 57 -1
8 1 -1
8 4 1
8 6 1
8 9 -1
8 10 1
8 12 1
8 14 1
8 15 -1
8 17 -1
8 28 -1
8 36 1
8 38 1
8 45 1
8 53 1
8 57 1
9 4 1
9 5 -1
9 6 1
9 7 -1
9 8 -1
9 12 -1
9 14 -1
9 15 -1
9 18 1
9 22 1
9 36 -1
9 40 -1
9 46 1
9 48 1
9 58 -1
10 1 -1
10 5 1
10 6 -1
10 8 1
10 13 -1
10 14 -1
10 15 -1
10 16 -1
10 26 -1
10 27 1
10 30 -1
10 31 -1
10 39 1
10 49 1
11 2 1
11 3 -1
11 5 1
11 6 -1
11 12 -1
11 13 1
11 14 -1
11 16 -1
11 17 -1
11 22 1
11 41 1
11 42 -1
11 51 -1
11 55 1
11 57 -1
11 59 -1
12 2 1
12 3 1
12 5 -1
12 6 1
12 8 1
12 9 -1
12 11 -1
12 14 -1
12 22 -1
12 23 -1
12 29 -1
12 43 -1
12 45 1
12 53 -1
12 54 1
12 61 -1
13 1 -1
13 2 1
13 4 1
13 7 -1
13 10 -1
13 11 1
13 15 -1
13 16 1
13 19 1
13 22 -1
13 24 1
13 36 -1
13 47 -1
13 50 1
13 54 1
14 3 1
14 7 1
14 8 1
14 9 -1
14 10 -1
14 11 -1
14 12 -1
14 15 -1
14 26 1
14 38 -1
14 43 -1
14 44 -1
14 49 1
14 57 1
14 64 1
15 1 1
15 4 1
15 7 1
15 8 -1
15 9 -1
15 10 -1
15 13 -1
15 14 -1
15 18 -1
15 21 -1
15 26 1
15 32 -1
15 40 -1
15 42 1
15 55 1
15 60 1
16 1 1
16 2 -1
16 3 -1
16 5 -1
16 6 -1
16 10 -1
16 11 -1
16 13 1
16 20 1
16 26 1
16 28 -1
16 33 -1
16 47 1
16 50 1
16 62 1
17 7 -1
17 8 -1
17 11 -1
17 19 1
17 20 -1
17 21 -1
17 23 -1
17 25 1
17 26 -1
17 27 1
17 29 1
17 41 -1
17 46 1
17 58 1
17 64 -1
18 7 1
18 9 1
18 15 -1
18 20 1
18 21 1
18 23 1
18 24 -1
18 25 -1
18 27 -1
18 29 -1
18 32 1
18 33 1
18 39 -1
18 41 1
18 53 -1
18 63 -1
19 4 1
19 13 1
19 17 1
19 20 1
19 22 -1
19 23 -1
19 26 1
19 28 -1
19 30 1
19 31 -1
19 33 -1
19 47 1
19 50 -1
19 52 -1
19 56 1
19 63 -1
20 6 -1
20 16 1
20 17 -1
20 18 1
20 19 1
20 22 1
20 24 1
20 25 1
20 27 -1
20 30 1
20 35 -1
20 48 -1
20 52 -1
20 56 1
20 60 1
20 63 -1
21 2 1
21 5 1
21 15 -1
21 17 -1
21 18 1
21 22 -1
21 23 -1
21 24 -1
21 28 1
21 29 1
21 31 1
21 40 1
21 48 1
21 64 -1
22 9 1
22 11 1
22 12 -1
22 13 -1
22 19 -1
22 20 1
22 21 -1
22 24 1
22 26 1
22 27 -1
22 28 1
22 30 1
22 37 1
22 45 -1
22 49 1
22 64 1
23 1 1
23 12 -1
23 17 -1
23 18 1
23 19 -1
23 21 -1
23 25 1
23 27 -1
23 28 -1
23 32 1
23 35 1
23 43 -1
23 45 1
23 47 -1
23 58 -1
23 59 -1
24 1 1
24 13 1
24 18 -1
24 20 1
24 21 -1
24 22 1
24 27 1
24 28 -1
24 29 1
24 31 1
24 36 1
24 37 1
24 56 -1
24 60 1
24 63 1
25 4 1
25 6 1
25 17 1
25 18 -1
25 20 1
25 23 1
25 26 -1
25 27 1
25 30 1
25 32 1
25 33 1
25 43 -1
25 44 -1
25 48 -1
25 50 1
26 10 -1
26 14 1
26 15 1
26 16 1
26 17 -1
26 19 1
26 22 1
26 25 -1
26 29 -1
26 30 -1
26 31 1
26 32 -1
26 43 1
26 45 1
26 51 -1
27 5 -1
27 6 1
27 10 1
27 17 1
27 18 -1
27 20 -1
27 22 -1
27 23 -1
27 24 1
27 25 1
27 31 1
27 34 1
27 40 -1
27 47 1
27 50 -1
27 52 1
28 2 1
28 6 -1
28 7 1
28 8 -1
28 16 -1
28 19 -1
28 21 1
28 22 1
28 23 -1
28 24 -1
28 29 -1
28 30 -1
28 32 1
28 44 1
28 48 1
28 52 1
29 1 1
29 12 -1
29 17 1
29 18 -1
29 21 1
29 24 1
29 26 -1
29 28 -1
29 31 1
29 32 -1
29 34 -1
29 37 1
29 60 1
29 61 1
29 63 1
30 10 -1
30 19 1
30 20 1
30 22 1
30 25 1
30 26 -1
30 28 -1
30 31 1
30 32 -1
30 35 1
30 39 -1
30 41 1
30 48 1
30 52 -1
30 56 1
30 64 1
31 10 -1
31 19 -1
31 21 1
31 24 1
31 26 1
31 27 1
31 29 1
31 30 1
31 32 1
31 40 -1
31 49 -1
31 52 1
31 55 -1
31 57 1
31 59 1
32 7 -1
32 15 -1
32 18 1
32 23 1
32 25 1
32 26 -1
32 28 1
32 29 -1
32 30 -1
32 31 1
32 34 1
32 46 1
32 47 1
32 50 1
32 53 -1
32 59 1
33 6 -1
33 16 -1
33 18 1
33 19 -1
33 25 1
33 34 1
33 36 1
33 37 1
33 38 1
33 39 1
33 40 -1
33 41 -1
33 43 1
33 49 1
33 62 -1
34 27 1
34 29 -1
34 32 1
34 33 1
34 35 1
34 37 -1
34 38 -1
34 42 -1
34 44 -1
34 47 -1
34 48 -1
34 52 1
34 56 1
34 58 -1
34 61 1
35 2 1
35 5 1
35 20 -1
35 23 1
35 30 1
35 34 1
35 39 1
35 42 -1
35 43 1
35 44 1
35 45 -1
35 47 1
35 48 1
35 57 1
35 60 1
35 63 -1
36 4 1
36 8 1
36 9 -1
36 13 -1
36 24 1
36 33 1
36 37 1
36 38 -1
36 39 1
36 40 1
36 42 -1
36 43 1
36 46 1
36 59 1
36 61 -1
37 22 1
37 24 1
37 29 1
37 33 1
37 34 -1
37 36 1
37 41 -1
37 42 -1
37 45 -1
37 46 -1
37 47 1
37 51 1
37 60 1
38 4 1
38 8 1
38 14 -1
38 33 1
38 34 -1
38 36 -1
38 42 1
38 43 1
38 44 1
38 45 1
38 46 1
38 51 1
38 55 1
38 57 -1
39 2 1
39 5 -1
39 10 1
39 18 -1
39 30 -1
39 33 1
39 35 1
39 36 1
39 40 1
39 41 1
39 45 1
39 46 1
39 47 -1
39 53 1
39 57 1
40 1 1
40 3 1
40 9 -1
40 15 -1
40 21 1
40 27 -1
40 31 -1
40 33 -1
40 36 1
40 39 1
40 41 1
40 43 1
40 44 -1
40 45 -1
40 48 1
41 2 1
41 11 1
41 17 -1
41 18 1
41 30 1
41 33 -1
41 37 -1
41 39 1
41 40 1
41 44 1
41 45 1
41 46 -1
41 47 1
41 51 1
41 58 -1
42 3 1
42 11 -1
42 15 1
42 34 -1
42 35 -1
42 36 -1
42 37 -1
42 38 1
42 43 -1
42 47 -1
42 48 1
42 54 1
42 58 1
42 59 -1
42 62 1
43 12 -1
43 14 -1
43 23 -1
43 25 -1
43 26 1
43 33 1
43 35 1
43 36 1
43 38 1
43 40 1
43 42 -1
43 46 -1
43 48 1
43 53 -1
43 55 1
43 61 1
44 3 1
44 5 1
44 14 -1
44 25 -1
44 28 1
44 34 -1
44 35 1
44 38 1
44 40 -1
44 41 1
44 45 -1
44 46 -1
44 47 1
44 61 1
44 64 1
45 8 1
45 12 1
45 22 -1
45 23 1
45 26 1
45 35 -1
45 37 -1
45 38 1
45 39 1
45 40 -1
45 41 1
45 44 -1
45 48 1
45 49 -1
45 56 -1
46 4 1
46 9 1
46 17 1
46 32 1
46 36 1
46 37 -1
46 38 1
46 39 1
46 41 -1
46 43 -1
46 44 -1
46 48 1
46 49 1
46 55 -1
46 58 1
46 64 -1
47 7 1
47 13 -1
47 16 1
47 19 1
47 23 -1
47 27 1
47 32 1
47 34 -1
47 35 1
47 37 1
47 39 -1
47 41 1
47 42 -1
47 44 1
47 48 1
47 54 1
48 9 1
48 20 -1
48 21 1
48 25 -1
48 28 1
48 30 1
48 34 -1
48 35 1
48 40 1
48 42 1
48 43 1
48 45 1
48 46 1
48 47 1
48 62 1
48 64 1
49 1 1
49 10 1
49 14 1
49 22 1
49 31 -1
49 33 1
49 45 -1
49 46 1
49 50 1
49 52 1
49 53 1
49 54 1
49 55 -1
49 60 1
49 62 1
49 63 -1
50 13 1
50 16 1
50 19 -1
50 25 1
50 27 -1
50 32 1
50 49 1
50 51 1
50 54 1
50 56 1
50 57 -1
50 60 1
50 62 1
50 64 -1
51 2 -1
51 3 1
51 11 -1
51 26 -1
51 37 1
51 38 1
51 41 1
51 50 1
51 52 1
51 53 -1
51 54 -1
51 56 -1
51 61 -1
51 63 1
51 64 -1
52 19 -1
52 20 -1
52 27 1
52 28 1
52 30 -1
52 31 1
52 34 1
52 49 1
52 51 1
52 54 1
52 55 -1
52 60 1
52 61 -1
52 62 1
52 64 1
53 1 1
53 3 1
53 8 1
53 12 -1
53 18 -1
53 32 -1
53 39 1
53 43 -1
53 49 1
53 51 -1
53 55 1
53 58 1
53 59 1
53 60 -1
53 61 1
53 64 1
54 6 -1
54 7 1
54 12 1
54 13 1
54 42 1
54 47 1
54 49 1
54 50 1
54 51 -1
54 52 1
54 58 -1
54 59 1
54 61 -1
54 63 1
55 1 -1
55 5 1
55 11 1
55 15 1
55 31 -1
55 38 1
55 43 1
55 46 -1
55 49 -1
55 52 -1
55 53 1
55 57 1
55 58 1
55 59 -1
55 62 1
55 64 1
56 19 1
56 20 1
56 24 -1
56 30 1
56 34 1
56 45 -1
56 50 1
56 51 -1
56 57 1
56 58 1
56 59 1
56 60 1
56 62 -1
56 63 1
57 7 -1
57 8 1
57 11 -1
57 14 1
57 31 1
57 35 1
57 38 -1
57 39 1
57 50 -1
57 55 1
57 56 1
57 58 -1
57 60 1
57 62 1
57 63 -1
57 64 -1
58 9 -1
58 17 1
58 23 -1
58 34 -1
58 41 -1
58 42 1
58 46 1
58 53 1
58 54 -1
58 55 1
58 56 1
58 57 -1
58 59 1
58 62 1
58 63 1
59 1 1
59 4 1
59 11 -1
59 23 -1
59 31 1
59 32 1
59 36 1
59 42 -1
59 53 1
59 54 1
59 55 -1
59 56 1
59 58 1
59 60 -1
59 61 1
59 62 -1
60 3 1
60 15 1
60 20 1
60 24 1
60 29 1
60 35 1
60 37 1
60 49 1
60 50 1
60 52 1
60 53 -1
60 56 1
60 57 1
60 59 -1
60 61 1
61 4 1
61 5 1
61 12 -1
61 29 1
61 34 1
61 36 -1
61 43 1
61 44 1
61 51 -1
61 52 -1
61 53 1
61 54 -1
61 59 1
61 60 1
61 63 1
61 64 1
62 3 1
62 4 1
62 16 1
62 33 -1
62 42 1
62 48 1
62 49 1
62 50 1
62 52 1
62 55 1
62 56 -1
62 57 1
62 58 1
62 59 -1
63 3 1
63 6 1
63 18 -1
63 19 -1
63 20 -1
63 24 1
63 29 1
63 35 -1
63 49 -1
63 51 1
63 54 1
63 56 1
63 57 -1
63 58 1
63 61 1
63 64 -1
64 14 1
64 17 -1
64 21 -1
64 22 1
64 30 1
64 44 1
64 46 -1
64 48 1
64 50 -1
64 51 -1
64 52 1
64 53 1
64 55 1
64 57 -1
64 61 1
64 63 -1
