1 2 1
1 3 -1
1 4 1
1 5 -1
1 8 -1
1 9 -1
1 11 1
1 15 1
1 22 1
1 25 1
1 27 1
1 28 -1
1 31 1
1 41 1
1 49 -1
2 1 1
2 3 1
2 4 -1
2 8 -1
2 9 -1
2 11 -1
2 13 1
2 16 1
2 23 1
2 29 -1
2 35 1
2 37 1
2 51 -1
2 57 1
2 63 -1
3 1 -1
3 2 1
3 5 1
3 10 -1
3 11 1
3 12 -1
3 13 1
3 16 -1
3 22 -1
3 25 -1
3 29 -1
3 47 1
3 48 1
3 52 -1
3 53 1
3 54 -1
4 1 1
4 2 -1
4 7 1
4 8 1
4 13 1
4 14 -1
4 15 -1
4 16 1
4 18 -1
4 22 1
4 27 -1
4 34 1
4 41 -1
4 47 -1
4 50 1
4 51 1
5 1 -1
5 3 1
5 6 1
5 7 -1
5 9 -1
5 10 -1
5 12 1
5 14 1
5 17 1
5 21 -1
5 35 -1
5 36 -1
5 37 1
5 42 -1
5 52 -1
6 5 1
6 9 -1
6 10 1
6 11 -1
6 13 -1
6 14 1
6 15 1
6 16 -1
6 31 -1
6 33 1
6 35 -1
6 37 -1
6 39 -1
6 53 -1
6 59 1
6 63 -1
7 4 1
7 5 -1
7 8 -1
7 9 1
7 10 -1
7 11 1
7 13 -1
7 14 -1
7 17 -1
7 28 -1
7 33 -1
7 38 -1
7 45 1
7 49 -1
7 59 -1
8 1 -1
8 2 -1
8 4 1
8 7 -1
8 12 -1
8 14 -1
8 15 -1
8 16 1
8 19 -1
8 29 1
8 38 1
8 45 -1
8 48 1
8 63 1
9 1 -1
9 2 -1
9 5 -1
9 6 -1
9 7 1
9 14 -1
9 15 -1
9 16 1
9 17 -1
9 19 -1
9 22 -1
9 30 -1
9 50 -1
9 60 1
9 62 1
10 3 -1
10 5 -1
10 6 1
10 7 -1
10 11 -1
10 12 -1
10 14 -1
10 16 -1
10 21 1
10 22 -1
10 26 1
10 39 -1
10 43 -1
10 45 1
10 47 -1
11 1 1
11 2 -1
11 3 1
11 6 -1
11 7 1
11 10 -1
11 12 1
11 15 -1
11 23 -1
11 29 -1
11 34 1
11 36 -1
11 50 -1
11 58 -1
11 60 -1
12 3 -1
12 5 1
12 8 -1
12 10 -1
12 11 1
12 13 -1
12 15 -1
12 16 1
12 22 1
12 28 -1
12 32 -1
12 33 -1
12 35 1
12 51 -1
12 55 -1
12 60 -1
13 2 1
13 3 1
13 4 1
13 6 -1
13 7 -1
13 12 -1
13 14 1
13 15 -1
13 19 1
13 20 -1
13 45 1
13 46 -1
13 51 -1
13 54 1
13 59 1
14 4 -1
14 5 1
14 6 1
14 7 -1
14 8 -1
14 9 -1
14 10 -1
14 13 1
14 18 1
14 21 -1
14 32 -1
14 40 1
14 47 1
14 51 1
14 56 -1
14 64 -1
15 1 1
15 4 -1
15 6 1
15 8 -1
15 9 -1
15 11 -1
15 12 -1
15 13 -1
15 19 -1
15 25 1
15 39 1
15 47 -1
15 55 -1
15 57 1
16 2 1
16 3 -1
16 4 1
16 6 -1
16 8 1
16 9 1
16 10 -1
16 12 1
16 21 1
16 31 -1
16 32 -1
16 36 -1
16 43 -1
16 51 1
16 53 -1
16 60 -1
17 5 1
17 7 -1
17 9 -1
17 20 1
17 21 -1
17 24 -1
17 26 -1
17 27 -1
17 29 -1
17 31 -1
17 32 1
17 38 -1
17 50 -1
17 55 1
17 64 -1
18 4 -1
18 14 1
18 19 -1
18 20 -1
18 22 1
18 24 1
18 26 1
18 27 -1
18 28 1
18 30 1
18 34 1
18 43 1
18 46 -1
18 58 -1
18 61 1
18 62 -1
19 8 -1
19 9 -1
19 13 1
19 15 -1
19 18 -1
19 20 -1
19 21 1
19 22 -1
19 23 1
19 26 1
19 29 -1
19 32 -1
19 37 -1
19 40 -1
19 50 -1
20 13 -1
20 17 1
20 18 -1
20 19 -1
20 21 -1
20 25 -1
20 27 1
20 28 -1
20 32 -1
20 34 1
20 44 1
20 50 -1
20 56 -1
20 57 -1
20 64 -1
21 5 -1
21 10 1
21 14 -1
21 16 1
21 17 -1
21 19 1
21 20 -1
21 22 -1
21 25 -1
21 29 1
21 30 1
21 31 -1
21 34 -1
21 39 1
21 62 1
21 64 1
22 1 1
22 3 -1
22 4 1
22 9 -1
22 10 -1
22 12 1
22 18 1
22 19 -1
22 21 -1
22 23 -1
22 24 1
22 25 -1
22 28 1
22 31 1
22 57 -1
22 58 -1
23 2 1
23 11 -1
23 19 1
23 22 -1
23 26 -1
23 27 1
23 28 -1
23 29 1
23 30 1
23 31 1
23 36 1
23 40 -1
23 58 -1
23 62 -1
23 64 1
24 17 -1
24 18 1
24 22 1
24 25 1
24 27 -1
24 28 1
24 30 -1
24 32 -1
24 33 -1
24 42 -1
24 44 1
24 56 1
24 58 -1
24 61 -1
24 62 -1
24 64 -1
25 1 1
25 3 -1
25 15 1
25 20 -1
25 21 -1
25 22 -1
25 24 1
25 26 1
25 29 1
25 30 -1
25 32 1
25 38 -1
25 43 1
25 44 -1
25 46 -1
26 10 1
26 17 -1
26 18 1
26 19 1
26 23 -1
26 25 1
26 29 -1
26 31 1
26 32 -1
26 37 -1
26 38 1
26 43 -1
26 52 -1
26 54 1
27 1 1
27 4 -1
27 17 -1
27 18 -1
27 20 1
27 23 1
27 24 -1
27 28 -1
27 31 1
27 32 -1
27 40 -1
27 49 1
27 53 -1
27 56 1
27 60 -1
27 63 -1
28 1 -1
28 7 -1
28 12 -1
28 18 1
28 20 -1
28 22 1
28 23 -1
28 24 1
28 27 -1
28 29 -1
28 30 -1
28 40 1
28 44 -1
28 62 1
28 63 -1
29 2 -1
29 3 -1
29 8 1
29 11 -1
29 17 -1
29 19 -1
29 21 1
29 23 1
29 25 1
29 26 -1
29 28 -1
29 31 -1
29 45 1
29 46 -1
29 49 1
29 55 -1
30 9 -1
30 18 1
30 21 1
30 23 1
30 24 -1
30 25 -1
30 28 -1
30 31 -1
30 32 1
30 34 -1
30 44 -1
30 46 -1
30 48 -1
30 56 -1
30 61 -1
31 1 1
31 6 -1
31 16 -1
31 17 -1
31 21 -1
31 22 1
31 23 1
31 26 1
31 27 1
31 29 -1
31 30 -1
31 33 -1
31 37 -1
31 41 1
31 57 -1
32 12 -1
32 14 -1
32 16 -1
32 17 1
32 19 -1
32 20 -1
32 24 -1
32 25 1
32 26 -1
32 27 -1
32 30 1
32 42 1
32 43 -1
32 48 1
32 54 -1
32 59 1
33 6 1
33 7 -1
33 12 -1
33 24 -1
33 31 -1
33 35 -1
33 39 1
33 40 1
33 42 1
33 43 -1
33 44 -1
33 46 -1
33 47 1
33 53 -1
33 58 -1
33 59 -1
34 4 1
34 11 1
34 18 1
34 20 1
34 21 -1
34 30 -1
34 35 -1
34 37 -1
34 38 -1
34 41 1
34 43 1
34 44 -1
34 45 1
34 48 -1
34 57 -1
35 2 1
35 5 -1
35 6 -1
35 12 1
35 33 -1
35 34 -1
35 36 -1
35 37 1
35 38 1
35 41 1
35 42 1
35 43 1
35 51 -1
35 55 -1
35 56 -1
35 61 1
36 5 -1
36 11 -1
36 16 -1
36 23 1
36 35 -1
36 37 1
36 38 -1
36 39 1
36 40 1
36 43 1
36 44 1
36 46 1
36 53 -1
36 55 1
36 63 -1
37 2 1
37 5 1
37 6 -1
37 19 -1
37 26 -1
37 31 -1
37 34 -1
37 35 1
37 36 1
37 40 -1
37 41 1
37 45 -1
37 46 -1
37 47 1
37 55 -1
37 64 -1
38 7 -1
38 8 1
38 17 -1
38 25 -1
38 26 1
38 34 -1
38 35 1
38 36 -1
38 40 -1
38 41 1
38 44 -1
38 45 -1
38 48 -1
38 49 1
38 57 1
38 59 1
39 6 -1
39 10 -1
39 15 1
39 21 1
39 33 1
39 36 1
39 42 1
39 44 1
39 45 1
39 46 1
39 47 -1
39 48 1
39 50 -1
39 53 -1
39 56 1
39 62 -1
40 14 1
40 19 -1
40 23 -1
40 27 -1
40 28 1
40 33 1
40 36 1
40 37 -1
40 38 -1
40 41 -1
40 42 -1
40 46 1
40 47 -1
40 49 1
40 63 1
41 1 1
41 4 -1
41 31 1
41 34 1
41 35 1
41 37 1
41 38 1
41 40 -1
41 43 1
41 45 1
41 48 -1
41 52 1
41 58 -1
41 59 1
41 61 1
41 64 -1
42 5 -1
42 24 -1
42 32 1
42 33 1
42 35 1
42 39 1
42 40 -1
42 43 1
42 44 1
42 46 1
42 48 -1
42 54 1
42 58 -1
42 60 -1
42 61 -1
43 10 -1
43 16 -1
43 18 1
43 25 1
43 26 -1
43 32 -1
43 33 -1
43 34 1
43 35 1
43 36 1
43 41 1
43 42 1
43 44 1
43 45 -1
43 57 -1
43 60 -1
44 20 1
44 24 1
44 25 -1
44 28 -1
44 30 -1
44 33 -1
44 34 -1
44 36 1
44 38 -1
44 39 1
44 42 1
44 43 1
44 47 1
44 52 1
45 7 1
45 8 -1
45 10 1
45 13 1
45 29 1
45 34 1
45 37 -1
45 38 -1
45 39 1
45 41 1
45 43 -1
45 47 -1
45 48 -1
45 49 -1
45 56 -1
45 59 1
46 13 -1
46 18 -1
46 25 -1
46 29 -1
46 30 -1
46 33 -1
46 36 1
46 37 -1
46 39 1
46 40 1
46 42 1
46 47 -1
46 48 1
46 51 1
46 52 -1
46 61 -1
47 3 1
47 4 -1
47 10 -1
47 14 1
47 15 -1
47 33 1
47 37 1
47 39 -1
47 40 -1
47 44 1
47 45 -1
47 46 -1
47 48 1
47 52 -1
47 55 1
48 3 1
48 8 1
48 30 -1
48 32 1
48 34 -1
48 38 -1
48 39 1
48 41 -1
48 42 -1
48 45 -1
48 46 1
48 47 1
48 49 -1
48 53 -1
48 61 -1
49 1 -1
49 7 -1
49 27 1
49 29 1
49 38 1
49 40 1
49 45 -1
49 48 -1
49 50 -1
49 54 -1
49 57 1
49 58 1
49 59 -1
49 60 1
49 63 -1
49 64 -1
50 4 1
50 9 -1
50 11 -1
50 17 -1
50 19 -1
50 20 -1
50 39 -1
50 49 -1
50 51 1
50 52 -1
50 54 1
50 55 -1
50 56 -1
50 60 -1
50 63 1
51 2 -1
51 4 1
51 12 -1
51 13 -1
51 14 1
51 16 1
51 35 -1
51 46 1
51 50 1
51 52 -1
51 54 -1
51 55 1
51 57 1
51 61 1
51 62 -1
51 63 -1
52 3 -1
52 5 -1
52 26 -1
52 41 1
52 44 1
52 46 -1
52 47 -1
52 50 -1
52 51 -1
52 57 1
52 58 -1
52 59 -1
52 60 -1
52 61 1
52 62 -1
53 3 1
53 6 -1
53 16 -1
53 27 -1
53 33 -1
53 36 -1
53 39 -1
53 48 -1
53 55 1
53 56 -1
53 59 -1
53 60 -1
53 61 -1
53 62 1
53 63 -1
53 64 -1
54 3 -1
54 13 1
54 26 1
54 32 -1
54 42 1
54 49 -1
54 50 1
54 51 -1
54 56 -1
54 58 -1
54 61 -1
54 62 -1
54 64 1
55 12 -1
55 15 -1
55 17 1
55 29 -1
55 35 -1
55 36 1
55 37 -1
55 47 1
55 50 -1
55 51 1
55 53 1
55 57 -1
55 58 -1
55 60 -1
55 63 -1
55 64 -1
56 14 -1
56 20 -1
56 24 1
56 27 1
56 30 -1
56 35 -1
56 39 1
56 45 -1
56 50 -1
56 53 -1
56 54 -1
56 57 -1
56 58 -1
56 60 -1
56 62 -1
56 63 -1
57 2 1
57 15 1
57 20 -1
57 22 -1
57 31 -1
57 34 -1
57 38 1
57 43 -1
57 49 1
57 51 1
57 52 1
57 55 -1
57 56 -1
57 59 -1
57 60 -1
57 61 1
58 11 -1
58 18 -1
58 22 -1
58 23 -1
58 24 -1
58 33 -1
58 41 -1
58 42 -1
58 49 1
58 52 -1
58 54 -1
58 55 -1
58 56 -1
58 59 -1
58 62 -1
58 64 -1
59 6 1
59 7 -1
59 13 1
59 32 1
59 33 -1
59 38 1
59 41 1
59 45 1
59 49 -1
59 52 -1
59 53 -1
59 57 -1
59 58 -1
59 61 -1
59 63 -1
59 64 1
60 9 1
60 11 -1
60 12 -1
60 16 -1
60 27 -1
60 42 -1
60 43 -1
60 49 1
60 50 -1
60 52 -1
60 53 -1
60 55 -1
60 56 -1
60 57 -1
60 63 1
61 18 1
61 24 -1
61 30 -1
61 35 1
61 41 1
61 42 -1
61 46 -1
61 48 -1
61 51 1
61 52 1
61 53 -1
61 54 -1
61 57 1
61 59 -1
61 62 1
61 64 -1
62 9 1
62 18 -1
62 21 1
62 23 -1
62 24 -1
62 28 1
62 39 -1
62 51 -1
62 52 -1
62 53 1
62 54 -1
62 56 -1
62 58 -1
62 61 1
62 64 1
63 2 -1
63 6 -1
63 8 1
63 27 -1
63 28 -1
63 36 -1
63 40 1
63 49 -1
63 50 1
63 51 -1
63 53 -1
63 55 -1
63 56 -1
63 59 -1
63 60 1
64 14 -1
64 17 -1
64 20 -1
64 21 1
64 23 1
64 24 -1
64 37 -1
64 41 -1
64 49 -1
64 53 -1
64 54 1
64 55 -1
64 58 -1
64 59 1
64 61 -1
64 62 1
