1 2 1
1 3 1
1 4 1
1 7 1
1 10 1
1 11 1
1 12 1
1 15 1
1 20 -1
1 28 1
1 32 1
1 40 1
1 47 1
1 50 1
1 52 1
1 63 1
2 1 1
2 5 1
2 6 1
2 7 1
2 8 1
2 9 -1
2 13 1
2 15 1
2 23 1
2 27 1
2 29 1
2 39 1
2 41 1
2 43 1
2 53 1
2 57 1
3 1 1
3 4 1
3 5 1
3 6 1
3 7 1
3 9 1
3 12 1
3 14 1
3 28 1
3 34 1
3 43 1
3 44 1
3 60 1
3 62 1
4 1 1
4 3 1
4 5 1
4 9 1
4 12 -1
4 14 1
4 15 1
4 16 1
4 22 -1
4 31 1
4 36 1
4 41 1
4 44 -1
4 52 1
4 56 -1
5 2 1
5 3 1
5 4 1
5 6 -1
5 7 1
5 10 1
5 15 1
5 16 1
5 21 1
5 29 1
5 30 1
5 34 1
5 39 1
5 51 1
5 53 1
5 63 -1
6 2 1
6 3 1
6 5 -1
6 7 1
6 8 1
6 9 1
6 13 1
6 16 1
6 17 1
6 20 -1
6 22 1
6 24 1
6 44 1
6 52 1
6 56 1
6 62 1
7 1 1
7 2 1
7 3 1
7 5 1
7 6 1
7 11 1
7 15 1
7 16 1
7 18 1
7 22 1
7 24 1
7 35 -1
7 39 1
7 54 1
7 57 1
7 63 1
8 2 1
8 6 1
8 10 1
8 11 1
8 12 1
8 13 1
8 14 1
8 16 1
8 22 1
8 31 1
8 32 -1
8 38 1
8 45 1
8 54 1
8 60 -1
8 62 1
9 2 -1
9 3 1
9 4 1
9 6 1
9 10 1
9 12 1
9 14 1
9 15 1
9 21 1
9 31 -1
9 33 1
9 42 -1
9 51 1
9 57 1
9 59 1
10 1 1
10 5 1
10 8 1
10 9 1
10 11 1
10 12 1
10 13 1
10 16 1
10 19 1
10 23 1
10 32 1
10 33 1
10 46 1
10 54 1
10 61 1
10 62 1
11 1 1
11 7 1
11 8 1
11 10 1
11 12 1
11 13 1
11 14 1
11 15 1
11 17 1
11 18 1
11 24 -1
11 37 1
11 38 1
11 52 1
11 54 1
12 1 1
12 3 1
12 4 -1
12 8 1
12 9 1
12 10 1
12 11 1
12 14 1
12 25 1
12 26 1
12 38 1
12 43 1
12 53 1
12 64 1
13 2 1
13 6 1
13 8 1
13 10 1
13 11 1
13 14 1
13 15 1
13 16 1
13 27 1
13 30 1
13 32 1
13 34 1
13 42 1
13 46 1
13 52 1
13 53 1
14 3 1
14 4 1
14 8 1
14 9 1
14 11 1
14 12 1
14 13 1
14 16 1
14 17 1
14 21 1
14 24 1
14 26 1
14 47 1
14 49 -1
14 51 1
14 56 1
15 1 1
15 2 1
15 4 1
15 5 1
15 7 1
15 9 1
15 11 1
15 13 1
15 23 1
15 24 1
15 28 1
15 29 1
15 33 1
15 36 -1
15 42 1
15 60 -1
16 4 1
16 5 1
16 6 1
16 7 1
16 8 1
16 10 1
16 13 1
16 14 1
16 18 1
16 25 -1
16 26 1
16 31 1
16 43 -1
16 47 1
16 60 -1
17 6 1
17 11 1
17 14 1
17 18 1
17 19 1
17 20 1
17 24 1
17 26 1
17 27 1
17 28 -1
17 32 1
17 34 1
17 37 1
17 49 1
17 55 1
18 7 1
18 11 1
18 16 1
18 17 1
18 21 1
18 24 1
18 26 1
18 28 1
18 29 1
18 30 1
18 31 1
18 39 1
18 45 1
18 53 1
18 63 1
19 10 1
19 17 1
19 21 1
19 22 1
19 23 1
19 26 1
19 27 -1
19 29 1
19 31 1
19 33 1
19 45 1
19 47 1
19 49 1
19 58 1
19 59 1
20 1 -1
20 6 -1
20 17 1
20 21 1
20 23 1
20 25 1
20 26 1
20 29 1
20 30 1
20 31 1
20 33 1
20 41 -1
20 42 1
20 46 1
20 55 1
21 5 1
21 9 1
21 14 1
21 18 1
21 19 1
21 20 1
21 24 -1
21 25 1
21 26 1
21 31 1
21 32 1
21 37 1
21 47 1
21 50 1
21 63 1
22 4 -1
22 6 1
22 7 1
22 8 1
22 19 1
22 23 -1
22 24 1
22 27 -1
22 28 1
22 29 1
22 30 1
22 32 1
22 40 1
22 48 1
22 49 1
22 55 1
23 2 1
23 10 1
23 15 1
23 19 1
23 20 1
23 22 -1
23 25 1
23 29 -1
23 30 1
23 31 1
23 32 1
23 38 1
23 44 1
23 45 1
23 52 1
23 59 1
24 6 1
24 7 1
24 11 -1
24 14 1
24 15 1
24 17 1
24 18 1
24 21 -1
24 22 1
24 25 1
24 26 1
24 27 1
24 28 1
24 35 1
24 40 1
24 64 1
25 12 1
25 16 -1
25 20 1
25 21 1
25 23 1
25 24 1
25 26 1
25 29 1
25 30 1
25 32 1
25 48 1
25 49 -1
25 54 1
26 12 1
26 14 1
26 16 1
26 17 1
26 18 1
26 19 1
26 20 1
26 21 1
26 24 1
26 25 1
26 28 1
26 35 1
26 36 -1
26 41 1
26 47 1
27 2 1
27 13 1
27 17 1
27 19 -1
27 22 -1
27 24 1
27 28 1
27 30 1
27 31 1
27 32 1
27 38 1
27 45 1
27 46 1
27 52 1
27 59 1
27 63 1
28 1 1
28 3 1
28 15 1
28 17 -1
28 18 1
28 22 1
28 24 1
28 26 1
28 27 1
28 31 -1
28 32 1
28 37 -1
28 51 1
28 55 1
28 60 1
29 2 1
29 5 1
29 15 1
29 18 1
29 19 1
29 20 1
29 22 1
29 23 -1
29 25 1
29 30 1
29 31 1
29 44 1
29 46 1
29 48 1
29 52 1
30 5 1
30 13 1
30 18 1
30 20 1
30 22 1
30 23 1
30 25 1
30 27 1
30 29 1
30 32 1
30 41 1
30 49 -1
30 50 1
30 53 1
30 58 1
30 64 1
31 4 1
31 8 1
31 9 -1
31 16 1
31 18 1
31 19 1
31 20 1
31 21 1
31 23 1
31 27 1
31 28 -1
31 29 1
31 40 -1
31 54 1
31 58 1
31 59 1
32 1 1
32 8 -1
32 10 1
32 13 1
32 17 1
32 21 1
32 22 1
32 23 1
32 25 1
32 27 1
32 28 1
32 30 1
32 50 1
32 55 1
32 56 1
32 64 1
33 9 1
33 10 1
33 15 1
33 19 1
33 20 1
33 34 1
33 39 1
33 40 1
33 42 1
33 43 1
33 44 1
33 46 1
33 47 1
33 55 1
33 61 -1
34 3 1
34 5 1
34 13 1
34 17 1
34 33 1
34 35 1
34 39 1
34 40 1
34 41 1
34 43 -1
34 44 1
34 46 1
34 53 1
34 55 1
34 63 1
35 7 -1
35 24 1
35 26 1
35 34 1
35 37 1
35 39 1
35 41 1
35 43 1
35 44 1
35 45 1
35 47 1
35 51 1
35 57 1
35 61 -1
36 4 1
36 15 -1
36 26 -1
36 37 1
36 38 -1
36 40 1
36 41 1
36 42 1
36 43 -1
36 44 1
36 48 1
36 50 1
36 56 1
36 58 -1
36 62 1
36 64 1
37 11 1
37 17 1
37 21 1
37 28 -1
37 35 1
37 36 1
37 38 1
37 41 1
37 42 1
37 45 1
37 46 1
37 48 1
37 50 1
37 54 1
37 58 1
37 59 1
38 8 1
38 11 1
38 12 1
38 23 1
38 27 1
38 36 -1
38 37 1
38 39 1
38 43 1
38 44 1
38 45 1
38 47 1
38 48 1
38 56 1
38 57 1
38 61 1
39 2 1
39 5 1
39 7 1
39 18 1
39 33 1
39 34 1
39 35 1
39 38 1
39 40 -1
39 41 1
39 42 1
39 45 1
39 51 1
39 58 1
39 61 1
40 1 1
40 22 1
40 24 1
40 31 -1
40 33 1
40 34 1
40 36 1
40 39 -1
40 43 1
40 44 1
40 46 1
40 48 1
40 57 1
40 60 1
40 61 1
40 62 1
41 2 1
41 4 1
41 20 -1
41 26 1
41 30 1
41 34 1
41 35 1
41 36 1
41 37 1
41 39 1
41 46 1
41 47 1
41 48 1
41 54 1
41 56 -1
41 62 1
42 9 -1
42 13 1
42 15 1
42 20 1
42 33 1
42 36 1
42 37 1
42 39 1
42 43 1
42 45 1
42 46 1
42 48 1
42 50 1
42 56 1
42 60 1
42 64 1
43 2 1
43 3 1
43 12 1
43 16 -1
43 33 1
43 34 -1
43 35 1
43 36 -1
43 38 1
43 40 1
43 42 1
43 47 1
43 49 1
43 51 1
43 58 1
44 3 1
44 4 -1
44 6 1
44 23 1
44 29 1
44 33 1
44 34 1
44 35 1
44 36 1
44 38 1
44 40 1
44 45 1
44 47 1
44 53 1
44 62 1
45 8 1
45 18 1
45 19 1
45 23 1
45 27 1
45 35 1
45 37 1
45 38 1
45 39 1
45 42 1
45 44 1
45 46 1
45 48 -1
45 60 1
45 61 1
45 63 1
46 10 1
46 13 1
46 20 1
46 27 1
46 29 1
46 33 1
46 34 1
46 37 1
46 40 1
46 41 1
46 42 1
46 45 1
46 47 1
46 49 1
46 57 1
47 1 1
47 14 1
47 16 1
47 19 1
47 21 1
47 26 1
47 33 1
47 35 1
47 38 1
47 41 1
47 43 1
47 44 1
47 46 1
47 48 1
47 50 1
48 22 1
48 25 1
48 29 1
48 36 1
48 37 1
48 38 1
48 40 1
48 41 1
48 42 1
48 45 -1
48 47 1
48 59 1
48 64 1
49 14 -1
49 17 1
49 19 1
49 22 1
49 25 -1
49 30 -1
49 43 1
49 46 1
49 50 -1
49 51 1
49 54 1
49 55 1
49 57 1
49 59 1
49 61 1
49 63 1
50 1 1
50 21 1
50 30 1
50 32 1
50 36 1
50 37 1
50 42 1
50 47 1
50 49 -1
50 51 1
50 53 1
50 59 1
50 60 1
50 61 1
50 63 1
50 64 1
51 5 1
51 9 1
51 14 1
51 28 1
51 35 1
51 39 1
51 43 1
51 49 1
51 50 1
51 52 1
51 55 1
51 61 1
51 62 1
51 63 1
51 64 1
52 1 1
52 4 1
52 6 1
52 11 1
52 13 1
52 23 1
52 27 1
52 29 1
52 51 1
52 53 1
52 55 1
52 56 1
52 57 1
52 58 1
52 59 -1
52 60 -1
53 2 1
53 5 1
53 12 1
53 13 1
53 18 1
53 30 1
53 34 1
53 44 1
53 50 1
53 52 1
53 54 1
53 55 1
53 56 1
53 60 -1
53 61 1
53 64 1
54 7 1
54 8 1
54 10 1
54 11 1
54 25 1
54 31 1
54 37 1
54 41 1
54 49 1
54 53 1
54 56 1
54 58 1
54 59 1
54 61 1
54 63 1
54 64 1
55 17 1
55 20 1
55 22 1
55 28 1
55 32 1
55 33 1
55 34 1
55 49 1
55 51 1
55 52 1
55 53 1
55 57 1
55 58 1
55 62 -1
55 63 1
56 4 -1
56 6 1
56 14 1
56 32 1
56 36 1
56 38 1
56 41 -1
56 42 1
56 52 1
56 53 1
56 54 1
56 57 1
56 58 1
56 59 1
56 62 1
56 63 1
57 2 1
57 7 1
57 9 1
57 35 1
57 38 1
57 40 1
57 46 1
57 49 1
57 52 1
57 55 1
57 56 1
57 59 1
57 60 1
57 62 1
57 64 1
58 19 1
58 30 1
58 31 1
58 36 -1
58 37 1
58 39 1
58 43 1
58 52 1
58 54 1
58 55 1
58 56 1
58 60 1
58 61 1
58 62 1
58 63 -1
59 9 1
59 19 1
59 23 1
59 27 1
59 31 1
59 37 1
59 48 1
59 49 1
59 50 1
59 52 -1
59 54 1
59 56 1
59 57 1
59 61 1
59 62 1
60 3 1
60 8 -1
60 15 -1
60 16 -1
60 28 1
60 40 1
60 42 1
60 45 1
60 50 1
60 52 -1
60 53 -1
60 57 1
60 58 1
60 62 1
60 63 1
60 64 1
61 10 1
61 33 -1
61 35 -1
61 38 1
61 39 1
61 40 1
61 45 1
61 49 1
61 50 1
61 51 1
61 53 1
61 54 1
61 58 1
61 59 1
61 64 1
62 3 1
62 6 1
62 8 1
62 10 1
62 36 1
62 40 1
62 41 1
62 44 1
62 51 1
62 55 -1
62 56 1
62 57 1
62 58 1
62 59 1
62 60 1
62 64 1
63 1 1
63 5 -1
63 7 1
63 18 1
63 21 1
63 27 1
63 34 1
63 45 1
63 49 1
63 50 1
63 51 1
63 54 1
63 55 1
63 56 1
63 58 -1
63 60 1
64 12 1
64 24 1
64 30 1
64 32 1
64 36 1
64 42 1
64 48 1
64 50 1
64 51 1
64 53 1
64 54 1
64 57 1
64 60 1
64 61 1
64 62 1
