1 4 -1
1 6 1
1 7 1
1 11 -1
1 12 -1
1 13 -1
1 14 -1
1 15 -1
1 18 -1
1 21 -1
1 33 1
1 38 -1
1 44 -1
1 48 1
1 50 -1
2 5 -1
2 7 -1
2 8 1
2 9 1
2 10 -1
2 11 1
2 13 -1
2 14 -1
2 28 -1
2 34 -1
2 43 -1
2 54 -1
2 57 1
2 64 -1
3 4 -1
3 5 -1
3 6 -1
3 7 -1
3 8 -1
3 10 -1
3 11 -1
3 12 1
3 23 -1
3 30 -1
3 40 -1
3 47 1
3 50 -1
3 51 -1
3 61 -1
4 1 -1
4 3 -1
4 7 1
4 8 -1
4 10 -1
4 13 -1
4 14 -1
4 15 -1
4 17 -1
4 19 -1
4 33 1
4 34 -1
4 49 -1
4 54 -1
4 58 1
4 61 -1
5 2 -1
5 3 -1
5 8 -1
5 9 -1
5 10 1
5 14 -1
5 15 -1
5 16 -1
5 29 -1
5 34 -1
5 35 -1
5 37 -1
5 45 -1
5 59 -1
6 1 1
6 3 -1
6 7 1
6 9 1
6 10 1
6 13 -1
6 14 -1
6 16 -1
6 19 1
6 20 -1
6 39 -1
6 40 1
6 43 1
6 44 -1
6 58 -1
7 1 1
7 2 -1
7 3 -1
7 4 1
7 6 1
7 12 1
7 15 1
7 16 -1
7 22 1
7 32 -1
7 40 -1
7 44 -1
7 49 1
7 50 -1
7 56 1
7 59 -1
8 2 1
8 3 -1
8 4 -1
8 5 -1
8 9 -1
8 12 -1
8 13 -1
8 15 1
8 23 -1
8 27 -1
8 46 -1
8 50 -1
8 53 -1
8 62 -1
8 64 -1
9 2 1
9 5 -1
9 6 1
9 8 -1
9 11 -1
9 13 -1
9 15 -1
9 16 1
9 21 -1
9 23 -1
9 29 -1
9 33 -1
9 49 1
9 52 -1
9 56 -1
9 61 -1
10 2 -1
10 3 -1
10 4 -1
10 5 1
10 6 1
10 11 1
10 12 1
10 16 -1
10 19 1
10 22 1
10 23 -1
10 52 -1
10 59 1
10 60 -1
11 1 -1
11 2 1
11 3 -1
11 9 -1
11 10 1
11 12 -1
11 13 -1
11 14 1
11 19 1
11 23 -1
11 24 -1
11 25 -1
11 37 1
11 48 -1
11 59 -1
11 64 1
12 1 -1
12 3 1
12 7 1
12 8 -1
12 10 1
12 11 -1
12 15 -1
12 16 -1
12 36 -1
12 38 -1
12 44 -1
12 46 1
12 49 -1
12 51 -1
12 60 -1
12 62 1
13 1 -1
13 2 -1
13 4 -1
13 6 -1
13 8 -1
13 9 -1
13 11 -1
13 16 -1
13 22 1
13 25 1
13 37 -1
13 47 -1
13 48 1
13 51 1
13 62 1
14 1 -1
14 2 -1
14 4 -1
14 5 -1
14 6 -1
14 11 1
14 15 -1
14 16 1
14 47 1
14 53 1
14 54 -1
14 55 1
14 57 1
14 58 -1
14 64 -1
15 1 -1
15 4 -1
15 5 -1
15 7 1
15 8 1
15 9 -1
15 12 -1
15 14 -1
15 31 -1
15 34 -1
15 36 1
15 38 -1
15 43 -1
15 45 -1
15 48 -1
15 56 -1
16 5 -1
16 6 -1
16 7 -1
16 9 1
16 10 -1
16 12 -1
16 13 -1
16 14 1
16 20 -1
16 24 -1
16 31 -1
16 34 1
16 37 -1
16 40 -1
16 52 -1
16 63 1
17 4 -1
17 20 -1
17 21 -1
17 24 -1
17 25 -1
17 26 1
17 27 -1
17 28 1
17 32 -1
17 40 -1
17 43 -1
17 46 -1
17 55 -1
17 56 1
17 58 -1
17 63 -1
18 1 -1
18 19 1
18 22 -1
18 23 -1
18 25 1
18 26 -1
18 27 -1
18 28 -1
18 31 -1
18 33 1
18 38 1
18 40 -1
18 42 -1
18 44 -1
18 46 1
18 60 1
19 4 -1
19 6 1
19 10 1
19 11 1
19 18 1
19 20 -1
19 21 -1
19 25 -1
19 26 -1
19 27 -1
19 28 -1
19 29 1
19 37 1
19 38 -1
19 46 -1
19 50 1
20 6 -1
20 16 -1
20 17 -1
20 19 -1
20 21 -1
20 22 -1
20 24 -1
20 25 -1
20 30 -1
20 31 -1
20 36 1
20 42 1
20 46 -1
20 52 -1
20 58 -1
21 1 -1
21 9 -1
21 17 -1
21 19 -1
21 20 -1
21 23 -1
21 25 -1
21 28 1
21 30 -1
21 31 -1
21 33 -1
21 41 -1
21 51 -1
21 53 1
21 54 1
21 59 -1
22 7 1
22 10 1
22 13 1
22 18 -1
22 20 -1
22 23 1
22 24 1
22 29 -1
22 30 -1
22 31 -1
22 32 1
22 35 1
22 53 -1
22 55 -1
22 63 -1
23 3 -1
23 8 -1
23 9 -1
23 10 -1
23 11 -1
23 18 -1
23 21 -1
23 22 1
23 24 -1
23 27 -1
23 30 -1
23 31 1
23 32 -1
23 53 1
23 61 1
24 11 -1
24 16 -1
24 17 -1
24 20 -1
24 22 1
24 23 -1
24 29 1
24 30 -1
24 31 -1
24 32 1
24 39 1
24 45 -1
24 56 -1
24 57 -1
24 59 1
24 60 -1
25 11 -1
25 13 1
25 17 -1
25 18 1
25 19 -1
25 20 -1
25 21 -1
25 26 1
25 27 1
25 30 -1
25 33 -1
25 36 -1
25 42 -1
25 55 -1
25 64 -1
26 17 1
26 18 -1
26 19 -1
26 25 1
26 27 -1
26 28 -1
26 30 -1
26 32 -1
26 35 -1
26 39 -1
26 47 -1
26 50 -1
26 51 1
26 56 -1
26 57 1
26 60 1
27 8 -1
27 17 -1
27 18 -1
27 19 -1
27 23 -1
27 25 1
27 26 -1
27 28 -1
27 29 1
27 34 1
27 35 -1
27 38 -1
27 41 -1
27 49 -1
27 52 -1
27 62 -1
28 2 -1
28 17 1
28 18 -1
28 19 -1
28 21 1
28 26 -1
28 27 -1
28 29 -1
28 32 -1
28 37 -1
28 41 1
28 49 1
28 55 1
29 5 -1
29 9 -1
29 19 1
29 22 -1
29 24 1
29 27 1
29 28 -1
29 30 1
29 31 -1
29 32 1
29 42 1
29 45 1
29 54 -1
29 59 -1
30 3 -1
30 20 -1
30 21 -1
30 22 -1
30 23 -1
30 24 -1
30 25 -1
30 26 -1
30 29 1
30 39 -1
30 45 1
30 47 1
30 53 1
30 55 -1
30 57 -1
31 15 -1
31 16 -1
31 18 -1
31 20 -1
31 21 -1
31 22 -1
31 23 1
31 24 -1
31 29 -1
31 32 -1
31 34 -1
31 38 -1
31 44 -1
31 48 -1
31 52 -1
31 62 1
32 7 -1
32 17 -1
32 22 1
32 23 -1
32 24 1
32 26 -1
32 28 -1
32 29 1
32 31 -1
32 36 1
32 39 -1
32 41 -1
32 51 -1
32 59 -1
32 63 -1
33 1 1
33 4 1
33 9 -1
33 18 1
33 21 -1
33 25 -1
33 34 1
33 35 1
33 36 1
33 38 -1
33 40 -1
33 43 -1
33 46 -1
33 48 -1
33 50 -1
33 64 1
34 2 -1
34 4 -1
34 5 -1
34 15 -1
34 16 1
34 27 1
34 31 -1
34 33 1
34 37 -1
34 38 1
34 39 -1
34 43 -1
34 44 -1
34 46 1
34 47 1
35 5 -1
35 22 1
35 26 -1
35 27 -1
35 33 1
35 36 1
35 37 1
35 38 1
35 39 1
35 45 -1
35 46 -1
35 47 -1
35 52 -1
35 54 -1
35 62 -1
35 63 1
36 12 -1
36 15 1
36 20 1
36 25 -1
36 32 1
36 33 1
36 35 1
36 37 -1
36 38 -1
36 39 -1
36 40 -1
36 41 -1
36 43 -1
36 58 -1
36 60 -1
37 5 -1
37 11 1
37 13 -1
37 16 -1
37 19 1
37 28 -1
37 34 -1
37 35 1
37 36 -1
37 40 -1
37 41 -1
37 42 -1
37 46 -1
37 48 -1
37 53 1
37 61 -1
38 1 -1
38 12 -1
38 15 -1
38 18 1
38 19 -1
38 27 -1
38 31 -1
38 33 -1
38 34 1
38 35 1
38 36 -1
38 41 -1
38 43 1
38 47 -1
38 48 -1
38 49 -1
39 6 -1
39 24 1
39 26 -1
39 30 -1
39 32 -1
39 34 -1
39 35 1
39 36 -1
39 40 -1
39 42 1
39 45 -1
39 46 1
39 47 -1
39 53 1
39 54 -1
39 56 -1
40 3 -1
40 6 1
40 7 -1
40 16 -1
40 17 -1
40 18 -1
40 33 -1
40 36 -1
40 37 -1
40 39 -1
40 41 -1
40 42 -1
40 44 1
40 45 1
40 51 -1
40 61 -1
41 21 -1
41 27 -1
41 28 1
41 32 -1
41 36 -1
41 37 -1
41 38 -1
41 40 -1
41 42 -1
41 43 -1
41 44 -1
41 46 -1
41 49 1
42 18 -1
42 20 1
42 25 -1
42 29 1
42 37 -1
42 39 1
42 40 -1
42 41 -1
42 43 -1
42 44 1
42 45 1
42 47 -1
42 57 1
42 58 -1
42 60 -1
43 2 -1
43 6 1
43 15 -1
43 17 -1
43 33 -1
43 34 -1
43 36 -1
43 38 1
43 41 -1
43 42 -1
43 45 -1
43 48 -1
43 50 1
43 51 -1
43 52 -1
43 56 -1
44 1 -1
44 6 -1
44 7 -1
44 12 -1
44 18 -1
44 31 -1
44 34 -1
44 40 1
44 41 -1
44 42 1
44 45 1
44 46 1
44 47 -1
44 48 1
44 57 -1
45 5 -1
45 15 -1
45 24 -1
45 29 1
45 30 1
45 35 -1
45 39 -1
45 40 1
45 42 1
45 43 -1
45 44 1
45 47 -1
45 48 -1
45 55 -1
45 61 -1
45 62 1
46 8 -1
46 12 1
46 17 -1
46 18 1
46 19 -1
46 20 -1
46 33 -1
46 34 1
46 35 -1
46 37 -1
46 39 1
46 41 -1
46 44 1
46 48 -1
46 63 -1
47 3 1
47 13 -1
47 14 1
47 26 -1
47 30 1
47 34 1
47 35 -1
47 38 -1
47 39 -1
47 42 -1
47 44 -1
47 45 -1
47 48 -1
47 58 1
47 61 -1
48 1 1
48 11 -1
48 13 1
48 15 -1
48 31 -1
48 33 -1
48 37 -1
48 38 -1
48 43 -1
48 44 1
48 45 -1
48 46 -1
48 47 -1
48 55 1
49 4 -1
49 7 1
49 9 1
49 12 -1
49 27 -1
49 28 1
49 38 -1
49 41 1
49 50 -1
49 51 1
49 54 -1
49 56 -1
49 57 1
49 58 -1
49 60 -1
49 63 -1
50 1 -1
50 3 -1
50 7 -1
50 8 -1
50 19 1
50 26 -1
50 33 -1
50 43 1
50 49 -1
50 53 -1
50 54 -1
50 58 1
50 60 -1
50 61 1
50 62 -1
50 63 -1
51 3 -1
51 12 -1
51 13 1
51 21 -1
51 26 1
51 32 -1
51 40 -1
51 43 -1
51 49 1
51 52 -1
51 54 -1
51 55 -1
51 57 -1
51 62 -1
51 63 -1
51 64 -1
52 9 -1
52 10 -1
52 16 -1
52 20 -1
52 27 -1
52 31 -1
52 35 -1
52 43 -1
52 51 -1
52 55 1
52 57 -1
52 59 -1
52 60 1
52 61 -1
52 62 1
52 63 1
53 8 -1
53 14 1
53 21 1
53 22 -1
53 23 1
53 30 1
53 37 1
53 39 1
53 50 -1
53 54 -1
53 55 1
53 56 -1
53 60 1
53 62 1
53 63 -1
53 64 -1
54 2 -1
54 4 -1
54 14 -1
54 21 1
54 29 -1
54 35 -1
54 39 -1
54 49 -1
54 50 -1
54 51 -1
54 53 -1
54 56 -1
54 58 -1
54 59 1
54 64 -1
55 14 1
55 17 -1
55 22 -1
55 25 -1
55 28 1
55 30 -1
55 45 -1
55 48 1
55 51 -1
55 52 1
55 53 1
55 57 -1
55 58 -1
55 59 -1
55 61 1
55 62 -1
56 7 1
56 9 -1
56 15 -1
56 17 1
56 24 -1
56 26 -1
56 39 -1
56 43 -1
56 49 -1
56 53 -1
56 54 -1
56 57 1
56 60 -1
56 61 1
56 62 -1
56 64 -1
57 2 1
57 14 1
57 24 -1
57 26 1
57 30 -1
57 42 1
57 44 -1
57 49 1
57 51 -1
57 52 -1
57 55 -1
57 56 1
57 58 1
57 60 -1
57 61 1
58 4 1
58 6 -1
58 14 -1
58 17 -1
58 20 -1
58 36 -1
58 42 -1
58 47 1
58 49 -1
58 50 1
58 54 -1
58 55 -1
58 57 1
58 59 -1
58 61 -1
58 63 1
59 5 -1
59 7 -1
59 10 1
59 11 -1
59 21 -1
59 24 1
59 29 -1
59 32 -1
59 52 -1
59 54 1
59 55 -1
59 58 -1
59 60 -1
59 62 -1
59 63 -1
59 64 -1
60 10 -1
60 12 -1
60 18 1
60 24 -1
60 26 1
60 36 -1
60 42 -1
60 49 -1
60 50 -1
60 52 1
60 53 1
60 56 -1
60 57 -1
60 59 -1
60 61 -1
61 3 -1
61 4 -1
61 9 -1
61 23 1
61 37 -1
61 40 -1
61 45 -1
61 47 -1
61 50 1
61 52 -1
61 55 1
61 56 1
61 57 1
61 58 -1
61 60 -1
61 64 -1
62 8 -1
62 12 1
62 13 1
62 27 -1
62 31 1
62 35 -1
62 45 1
62 50 -1
62 51 -1
62 52 1
62 53 1
62 55 -1
62 56 -1
62 59 -1
62 64 1
63 16 1
63 17 -1
63 22 -1
63 32 -1
63 35 1
63 46 -1
63 49 -1
63 50 -1
63 51 -1
63 52 1
63 53 -1
63 58 1
63 59 -1
63 64 -1
64 2 -1
64 8 -1
64 11 1
64 14 -1
64 25 -1
64 33 1
64 51 -1
64 53 -1
64 54 -1
64 56 -1
64 59 -1
64 61 -1
64 62 1
64 63 -1
