1 3 -1
1 7 1
1 9 -1
1 10 1
1 11 -1
1 12 -1
1 14 1
1 16 -1
1 19 1
1 22 1
1 25 1
1 29 1
1 35 1
1 38 -1
1 43 1
1 63 1
2 5 1
2 6 1
2 7 1
2 8 -1
2 12 -1
2 13 -1
2 14 1
2 16 -1
2 22 1
2 34 1
2 35 1
2 40 -1
2 45 1
2 48 1
2 62 1
3 1 -1
3 6 1
3 7 1
3 8 1
3 10 1
3 11 1
3 14 1
3 15 1
3 20 1
3 27 1
3 34 1
3 48 1
3 52 1
3 54 1
3 58 1
3 60 1
4 5 1
4 6 -1
4 7 1
4 9 1
4 10 1
4 11 1
4 12 1
4 15 1
4 26 -1
4 28 1
4 29 -1
4 32 1
4 37 1
4 38 1
4 58 -1
5 2 1
5 4 1
5 6 1
5 7 1
5 8 1
5 13 1
5 15 1
5 16 -1
5 17 1
5 18 1
5 32 1
5 33 1
5 44 1
5 56 -1
5 62 1
6 2 1
6 3 1
6 4 -1
6 5 1
6 8 1
6 9 1
6 14 1
6 15 1
6 20 1
6 28 1
6 32 -1
6 35 1
6 38 1
6 50 1
6 58 1
6 61 1
7 1 1
7 2 1
7 3 1
7 4 1
7 5 1
7 10 1
7 15 1
7 16 1
7 31 1
7 32 1
7 38 1
7 39 1
7 42 1
7 49 1
7 57 1
8 2 -1
8 3 1
8 5 1
8 6 1
8 9 1
8 11 1
8 13 -1
8 15 1
8 24 1
8 34 1
8 35 1
8 44 1
8 45 -1
8 58 1
8 62 -1
8 63 1
9 1 -1
9 4 1
9 6 1
9 8 1
9 10 -1
9 11 1
9 12 1
9 13 1
9 22 1
9 23 1
9 28 -1
9 38 -1
9 49 1
9 53 -1
9 58 1
9 61 1
10 1 1
10 3 1
10 4 1
10 7 1
10 9 -1
10 11 1
10 12 -1
10 13 -1
10 19 1
10 26 1
10 28 -1
10 29 1
10 33 1
10 46 -1
10 48 -1
10 53 1
11 1 -1
11 3 1
11 4 1
11 8 1
11 9 1
11 10 1
11 12 -1
11 13 1
11 19 -1
11 21 1
11 22 1
11 31 1
11 42 1
11 48 1
11 60 1
11 63 1
12 1 -1
12 2 -1
12 4 1
12 9 1
12 10 -1
12 11 -1
12 14 -1
12 16 1
12 17 1
12 26 1
12 34 1
12 35 1
12 50 1
12 57 1
12 60 1
13 2 -1
13 5 1
13 8 -1
13 9 1
13 10 -1
13 11 1
13 14 1
13 16 1
13 22 1
13 23 1
13 25 1
13 41 -1
13 43 1
13 52 1
13 57 1
14 1 1
14 2 1
14 3 1
14 6 1
14 12 -1
14 13 1
14 15 1
14 16 -1
14 40 1
14 47 1
14 50 1
14 51 -1
14 52 1
14 55 1
14 60 1
14 61 1
15 3 1
15 4 1
15 5 1
15 6 1
15 7 1
15 8 1
15 14 1
15 16 1
15 20 -1
15 25 1
15 29 1
15 34 -1
15 39 1
15 48 1
15 49 -1
15 55 1
16 1 -1
16 2 -1
16 5 -1
16 7 1
16 12 1
16 13 1
16 14 -1
16 15 1
16 26 1
16 28 -1
16 32 1
16 40 1
16 44 -1
16 52 1
17 5 1
17 12 1
17 18 1
17 20 1
17 21 1
17 24 1
17 25 1
17 27 1
17 28 -1
17 32 1
17 38 -1
17 44 -1
17 49 1
17 53 1
17 57 1
18 5 1
18 17 1
18 22 1
18 27 1
18 28 1
18 29 1
18 30 1
18 31 1
18 32 1
18 33 1
18 39 1
18 43 1
18 47 1
18 51 1
18 61 1
19 1 1
19 10 1
19 11 -1
19 20 1
19 22 1
19 23 1
19 25 1
19 26 1
19 29 1
19 30 1
19 31 -1
19 51 1
19 59 1
19 60 -1
19 62 1
20 3 1
20 6 1
20 15 -1
20 17 1
20 19 1
20 22 -1
20 24 1
20 25 -1
20 27 1
20 28 1
20 29 -1
20 46 1
20 52 1
20 55 1
20 59 1
20 61 1
21 11 1
21 17 1
21 22 1
21 23 1
21 24 1
21 26 1
21 27 1
21 28 1
21 32 1
21 36 1
21 44 1
21 47 1
21 50 1
21 54 1
21 63 1
21 64 1
22 1 1
22 2 1
22 9 1
22 11 1
22 13 1
22 18 1
22 19 1
22 20 -1
22 21 1
22 23 1
22 24 -1
22 28 1
22 32 1
22 41 1
22 47 1
22 53 1
23 9 1
23 13 1
23 19 1
23 21 1
23 22 1
23 24 1
23 25 -1
23 26 1
23 30 1
23 31 1
23 37 1
23 45 1
23 47 1
23 64 1
24 8 1
24 17 1
24 20 1
24 21 1
24 22 -1
24 23 1
24 29 -1
24 31 1
24 32 1
24 36 -1
24 42 1
24 48 1
24 50 1
24 56 1
24 58 1
25 1 1
25 13 1
25 15 1
25 17 1
25 19 1
25 20 -1
25 23 -1
25 26 1
25 30 1
25 31 1
25 32 -1
25 44 1
25 47 1
25 51 1
25 55 1
25 64 1
26 4 -1
26 10 1
26 12 1
26 16 1
26 19 1
26 21 1
26 23 1
26 25 1
26 27 1
26 29 1
26 30 1
26 31 1
26 42 1
26 43 -1
26 53 1
27 3 1
27 17 1
27 18 1
27 20 1
27 21 1
27 26 1
27 28 1
27 30 1
27 32 1
27 39 1
27 51 1
27 55 1
27 59 1
27 62 1
27 63 1
28 4 1
28 6 1
28 9 -1
28 10 -1
28 16 -1
28 17 -1
28 18 1
28 20 1
28 21 1
28 22 1
28 27 1
28 29 1
28 32 1
28 37 1
28 42 1
28 48 -1
29 1 1
29 4 -1
29 10 1
29 15 1
29 18 1
29 19 1
29 20 -1
29 24 -1
29 26 1
29 28 1
29 30 1
29 31 1
29 38 1
29 50 1
29 51 1
29 53 -1
30 18 1
30 19 1
30 23 1
30 25 1
30 26 1
30 27 1
30 29 1
30 31 1
30 33 -1
30 35 1
30 36 1
30 39 1
30 43 1
30 50 1
30 53 1
30 61 1
31 7 1
31 11 1
31 18 1
31 19 -1
31 23 1
31 24 1
31 25 1
31 26 1
31 29 1
31 30 1
31 33 1
31 39 -1
31 49 1
31 60 1
32 4 1
32 5 1
32 6 -1
32 7 1
32 16 1
32 17 1
32 18 1
32 21 1
32 22 1
32 24 1
32 25 -1
32 27 1
32 28 1
32 49 -1
32 53 -1
33 5 1
33 10 1
33 18 1
33 30 -1
33 31 1
33 34 -1
33 36 1
33 38 1
33 40 1
33 42 1
33 43 1
33 44 1
33 48 1
33 54 -1
33 56 1
33 57 1
34 2 1
34 3 1
34 8 1
34 12 1
34 15 -1
34 33 -1
34 37 1
34 38 1
34 39 -1
34 41 1
34 43 1
34 44 1
34 48 1
34 55 1
34 59 1
35 1 1
35 2 1
35 6 1
35 8 1
35 12 1
35 30 1
35 37 1
35 38 1
35 39 1
35 40 1
35 42 -1
35 46 1
35 47 -1
35 48 1
35 58 1
35 64 1
36 21 1
36 24 -1
36 30 1
36 33 1
36 39 1
36 41 1
36 43 1
36 44 1
36 45 1
36 46 -1
36 47 1
36 54 1
36 56 1
36 57 1
36 62 1
36 63 1
37 4 1
37 23 1
37 28 1
37 34 1
37 35 1
37 38 -1
37 41 1
37 42 1
37 46 -1
37 47 -1
37 48 1
37 57 1
37 60 1
37 64 -1
38 1 -1
38 4 1
38 6 1
38 7 1
38 9 -1
38 17 -1
38 29 1
38 33 1
38 34 1
38 35 1
38 37 -1
38 39 1
38 42 -1
38 43 1
38 47 1
38 55 1
39 7 1
39 15 1
39 18 1
39 27 1
39 30 1
39 31 -1
39 34 -1
39 35 1
39 36 1
39 38 1
39 40 -1
39 41 1
39 45 1
39 46 1
39 59 1
40 2 -1
40 14 1
40 16 1
40 33 1
40 35 1
40 39 -1
40 44 1
40 45 1
40 46 1
40 47 -1
40 48 1
40 51 1
40 56 1
40 59 1
40 61 1
41 13 -1
41 22 1
41 34 1
41 36 1
41 37 1
41 39 1
41 42 -1
41 43 1
41 45 -1
41 46 -1
41 55 -1
41 56 -1
41 59 -1
41 60 1
41 62 1
41 63 1
42 7 1
42 11 1
42 24 1
42 26 1
42 28 1
42 33 1
42 35 -1
42 37 1
42 38 -1
42 41 -1
42 44 -1
42 46 1
42 48 -1
42 56 1
43 1 1
43 13 1
43 18 1
43 26 -1
43 30 1
43 33 1
43 34 1
43 36 1
43 38 1
43 41 1
43 44 1
43 45 1
43 47 1
43 49 -1
43 50 1
43 64 -1
44 5 1
44 8 1
44 16 -1
44 17 -1
44 21 1
44 25 1
44 33 1
44 34 1
44 36 1
44 40 1
44 42 -1
44 43 1
44 47 1
44 48 -1
44 61 1
45 2 1
45 8 -1
45 23 1
45 36 1
45 39 1
45 40 1
45 41 -1
45 43 1
45 46 -1
45 47 -1
45 48 1
45 51 1
45 52 1
45 64 1
46 10 -1
46 20 1
46 35 1
46 36 -1
46 37 -1
46 39 1
46 40 1
46 41 -1
46 42 1
46 45 -1
46 54 1
46 56 1
46 59 1
47 14 1
47 18 1
47 21 1
47 22 1
47 23 1
47 25 1
47 35 -1
47 36 1
47 37 -1
47 38 1
47 40 -1
47 43 1
47 44 1
47 45 -1
47 64 1
48 2 1
48 3 1
48 10 -1
48 11 1
48 15 1
48 24 1
48 28 -1
48 33 1
48 34 1
48 35 1
48 37 1
48 40 1
48 42 -1
48 44 -1
48 45 1
48 57 1
49 7 1
49 9 1
49 15 -1
49 17 1
49 31 1
49 32 -1
49 43 -1
49 50 1
49 52 1
49 53 1
49 57 -1
49 60 1
49 62 -1
49 63 -1
49 64 1
50 6 1
50 12 1
50 14 1
50 21 1
50 24 1
50 29 1
50 30 1
50 43 1
50 49 1
50 51 1
50 54 1
50 57 1
50 60 1
50 62 -1
50 63 1
50 64 1
51 14 -1
51 18 1
51 19 1
51 25 1
51 27 1
51 29 1
51 40 1
51 45 1
51 50 1
51 52 1
51 53 -1
51 55 1
51 58 1
51 59 1
51 62 1
51 64 -1
52 3 1
52 13 1
52 14 1
52 16 1
52 20 1
52 45 1
52 49 1
52 51 1
52 53 1
52 55 1
52 56 -1
52 57 1
52 60 1
52 63 1
53 9 -1
53 10 1
53 17 1
53 22 1
53 26 1
53 29 -1
53 30 1
53 32 -1
53 49 1
53 51 -1
53 52 1
53 54 1
53 55 1
53 56 1
53 61 1
53 62 1
54 3 1
54 21 1
54 33 -1
54 36 1
54 46 1
54 50 1
54 53 1
54 57 -1
54 58 1
54 60 1
54 61 1
54 63 1
54 64 1
55 14 1
55 15 1
55 20 1
55 25 1
55 27 1
55 34 1
55 38 1
55 41 -1
55 51 1
55 52 1
55 53 1
55 56 1
55 58 1
55 59 1
55 60 1
55 64 1
56 5 -1
56 24 1
56 33 1
56 36 1
56 40 1
56 41 -1
56 42 1
56 46 1
56 52 -1
56 53 1
56 55 1
56 57 1
56 58 1
56 59 -1
56 61 1
56 62 1
57 7 1
57 12 1
57 13 1
57 17 1
57 33 1
57 36 1
57 37 1
57 48 1
57 49 -1
57 50 1
57 52 1
57 54 -1
57 56 1
57 58 1
57 59 1
57 62 1
58 3 1
58 4 -1
58 6 1
58 8 1
58 9 1
58 24 1
58 35 1
58 51 1
58 54 1
58 55 1
58 56 1
58 57 1
58 60 1
58 61 1
58 63 1
59 19 1
59 20 1
59 27 1
59 34 1
59 39 1
59 40 1
59 41 -1
59 46 1
59 51 1
59 55 1
59 56 -1
59 57 1
59 60 1
59 61 1
59 62 1
59 63 1
60 3 1
60 11 1
60 12 1
60 14 1
60 19 -1
60 31 1
60 37 1
60 41 1
60 49 1
60 50 1
60 52 1
60 54 1
60 55 1
60 58 1
60 59 1
60 64 -1
61 6 1
61 9 1
61 14 1
61 18 1
61 20 1
61 30 1
61 40 1
61 44 1
61 53 1
61 54 1
61 56 1
61 58 1
61 59 1
61 62 1
61 63 1
61 64 1
62 2 1
62 5 1
62 8 -1
62 19 1
62 27 1
62 36 1
62 41 1
62 49 -1
62 50 -1
62 51 1
62 53 1
62 56 1
62 57 1
62 59 1
62 61 1
63 1 1
63 8 1
63 11 1
63 21 1
63 27 1
63 36 1
63 41 1
63 49 -1
63 50 1
63 52 1
63 54 1
63 58 1
63 59 1
63 61 1
63 64 -1
64 21 1
64 23 1
64 25 1
64 35 1
64 37 -1
64 43 -1
64 45 1
64 47 1
64 49 1
64 50 1
64 51 -1
64 54 1
64 55 1
64 60 -1
64 61 1
64 63 -1
