1 2 1
1 4 1
1 6 -1
1 7 1
1 8 1
1 10 -1
1 11 1
1 12 1
1 26 1
1 28 1
1 38 1
1 41 1
1 46 1
1 48 1
1 54 1
2 1 1
2 4 1
2 5 1
2 6 1
2 8 1
2 11 -1
2 14 1
2 16 -1
2 29 1
2 30 1
2 31 1
2 35 1
2 36 1
2 52 -1
2 57 1
2 58 -1
3 7 1
3 8 -1
3 9 1
3 12 1
3 13 1
3 14 1
3 15 1
3 16 1
3 28 1
3 36 -1
3 48 1
3 49 1
3 53 -1
3 62 1
4 1 1
4 2 1
4 5 1
4 6 1
4 8 1
4 9 1
4 14 1
4 15 1
4 20 1
4 22 1
4 34 1
4 39 1
4 48 1
4 60 1
4 64 1
5 2 1
5 4 1
5 9 1
5 10 1
5 12 1
5 13 1
5 14 1
5 15 1
5 23 1
5 27 1
5 37 1
5 41 1
5 43 1
5 57 1
5 61 1
6 1 -1
6 2 1
6 4 1
6 8 1
6 9 1
6 10 1
6 13 1
6 16 1
6 17 1
6 23 1
6 26 1
6 31 1
6 44 1
6 52 1
6 53 1
7 1 1
7 3 1
7 9 -1
7 10 1
7 12 1
7 13 1
7 15 1
7 16 1
7 27 1
7 30 -1
7 32 1
7 44 1
7 49 1
7 56 1
7 58 1
7 59 1
8 1 1
8 2 1
8 3 -1
8 4 1
8 6 1
8 11 1
8 12 1
8 14 1
8 20 1
8 26 1
8 28 -1
8 32 1
8 36 1
8 37 -1
8 38 1
8 64 -1
9 3 1
9 4 1
9 5 1
9 6 1
9 7 -1
9 10 1
9 11 1
9 16 1
9 38 1
9 45 1
9 54 1
9 55 1
9 56 1
9 62 1
10 1 -1
10 5 1
10 6 1
10 7 1
10 9 1
10 13 1
10 15 1
10 16 1
10 17 1
10 18 1
10 20 1
10 28 1
10 38 1
10 52 1
10 54 1
10 59 1
11 1 1
11 2 -1
11 8 1
11 9 1
11 12 1
11 13 1
11 14 1
11 15 1
11 26 1
11 33 1
11 35 1
11 45 1
11 47 1
11 62 1
12 1 1
12 3 1
12 5 1
12 7 1
12 8 1
12 11 1
12 14 1
12 16 1
12 17 -1
12 19 1
12 23 1
12 25 1
12 33 1
12 35 1
12 46 1
12 48 1
13 3 1
13 5 1
13 6 1
13 7 1
13 10 1
13 11 1
13 14 1
13 15 1
13 21 1
13 28 1
13 36 1
13 45 1
13 49 1
13 61 -1
13 64 1
14 2 1
14 3 1
14 4 1
14 5 1
14 8 1
14 11 1
14 12 1
14 13 1
14 26 -1
14 32 1
14 34 1
14 38 1
14 56 1
14 60 1
14 64 1
15 3 1
15 4 1
15 5 1
15 7 1
15 10 1
15 11 1
15 13 1
15 16 1
15 21 1
15 25 1
15 37 1
15 41 1
15 43 1
15 51 1
16 2 -1
16 3 1
16 6 1
16 7 1
16 9 1
16 10 1
16 12 1
16 15 1
16 18 1
16 19 1
16 28 1
16 30 1
16 41 1
16 44 -1
16 55 1
16 56 -1
17 6 1
17 10 1
17 12 -1
17 18 1
17 19 1
17 20 1
17 21 1
17 25 1
17 26 1
17 27 1
17 32 1
17 42 1
17 47 1
17 53 1
17 54 1
18 10 1
18 16 1
18 17 1
18 20 1
18 22 1
18 25 1
18 26 -1
18 27 1
18 29 1
18 30 1
18 36 1
18 39 1
18 49 1
18 51 1
18 59 1
18 63 -1
19 12 1
19 16 1
19 17 1
19 20 1
19 22 -1
19 23 1
19 26 1
19 28 1
19 31 -1
19 32 1
19 44 1
19 55 1
19 56 -1
19 58 1
19 60 -1
19 62 1
20 4 1
20 8 1
20 10 1
20 17 1
20 18 1
20 19 1
20 22 1
20 26 1
20 29 1
20 30 1
20 32 1
20 37 1
20 41 1
20 57 1
20 61 1
21 13 1
21 15 1
21 17 1
21 22 1
21 23 1
21 24 1
21 25 1
21 26 -1
21 29 1
21 30 1
21 34 1
21 42 1
21 48 1
21 51 -1
21 63 1
22 4 1
22 18 1
22 19 -1
22 20 1
22 21 1
22 23 1
22 24 1
22 27 1
22 28 1
22 36 1
22 50 1
22 51 1
22 60 1
23 5 1
23 6 1
23 12 1
23 19 1
23 21 1
23 22 1
23 27 1
23 29 1
23 30 1
23 31 1
23 32 1
23 42 1
23 44 1
23 58 1
24 21 1
24 22 1
24 26 1
24 28 -1
24 29 1
24 30 1
24 31 1
24 32 1
24 34 1
24 35 1
24 44 1
24 50 1
24 52 1
24 53 1
24 60 1
25 12 1
25 15 1
25 17 1
25 18 1
25 21 1
25 27 1
25 28 1
25 29 1
25 31 1
25 32 -1
25 35 1
25 36 1
25 51 1
25 55 -1
25 60 1
26 1 1
26 6 1
26 8 1
26 11 1
26 14 -1
26 17 1
26 18 -1
26 19 1
26 20 1
26 21 -1
26 24 1
26 30 1
26 31 1
26 34 -1
26 51 1
27 5 1
27 7 1
27 17 1
27 18 1
27 22 1
27 23 1
27 25 1
27 28 1
27 30 1
27 32 1
27 44 1
27 56 1
27 57 1
27 58 -1
27 61 1
28 1 1
28 3 1
28 8 -1
28 10 1
28 13 1
28 16 1
28 19 1
28 22 1
28 24 -1
28 25 1
28 27 1
28 29 1
28 31 1
28 32 -1
28 43 1
29 2 1
29 18 1
29 20 1
29 21 1
29 23 1
29 24 1
29 25 1
29 28 1
29 31 1
29 35 1
29 37 1
29 47 1
29 53 1
29 55 1
29 57 1
29 63 1
30 2 1
30 7 -1
30 16 1
30 18 1
30 20 1
30 21 1
30 23 1
30 24 1
30 26 1
30 27 1
30 31 1
30 40 1
30 43 1
30 54 1
30 57 -1
31 2 1
31 6 1
31 19 -1
31 23 1
31 24 1
31 25 1
31 26 1
31 28 1
31 29 1
31 30 1
31 35 1
31 37 1
31 42 1
31 54 1
31 62 1
32 7 1
32 8 1
32 14 1
32 17 1
32 19 1
32 20 1
32 23 1
32 24 1
32 25 -1
32 27 1
32 28 -1
32 34 1
32 45 1
32 47 1
32 52 1
32 63 1
33 11 1
33 12 1
33 34 1
33 35 1
33 38 1
33 39 1
33 40 1
33 43 1
33 46 -1
33 47 1
33 50 1
33 55 1
33 56 1
33 58 1
33 63 -1
34 4 1
34 14 1
34 21 1
34 24 1
34 26 -1
34 32 1
34 33 1
34 36 1
34 37 1
34 42 1
34 43 1
34 46 1
34 47 1
34 48 1
34 54 1
35 2 1
35 11 1
35 12 1
35 24 1
35 25 1
35 29 1
35 31 1
35 33 1
35 36 1
35 40 1
35 42 -1
35 43 1
35 44 1
35 45 1
35 47 1
35 58 1
36 2 1
36 3 -1
36 8 1
36 13 1
36 18 1
36 22 1
36 25 1
36 34 1
36 35 1
36 37 1
36 39 1
36 40 -1
36 46 1
36 47 1
36 48 1
36 63 1
37 5 1
37 8 -1
37 15 1
37 20 1
37 29 1
37 31 1
37 34 1
37 36 1
37 39 1
37 42 1
37 44 1
37 45 1
37 47 1
37 48 1
37 64 1
38 1 1
38 8 1
38 9 1
38 10 1
38 14 1
38 33 1
38 39 1
38 40 1
38 41 1
38 42 1
38 44 1
38 45 1
38 47 1
38 59 1
38 63 1
39 4 1
39 18 1
39 33 1
39 36 1
39 37 1
39 38 1
39 40 1
39 41 1
39 43 -1
39 46 1
39 49 1
39 53 1
39 57 1
39 59 1
39 62 1
40 30 1
40 33 1
40 35 1
40 36 -1
40 38 1
40 39 1
40 41 1
40 42 1
40 48 1
40 52 1
40 53 1
40 55 1
40 59 1
40 61 1
41 1 1
41 5 1
41 15 1
41 16 1
41 20 1
41 38 1
41 39 1
41 40 1
41 43 1
41 44 1
41 45 1
41 46 1
41 47 1
41 51 1
41 52 1
41 56 1
42 17 1
42 21 1
42 23 1
42 31 1
42 34 1
42 35 -1
42 37 1
42 38 1
42 40 1
42 44 1
42 45 1
42 48 1
42 51 1
42 61 1
43 5 1
43 15 1
43 28 1
43 30 1
43 33 1
43 34 1
43 35 1
43 39 -1
43 41 1
43 44 1
43 46 1
43 48 1
43 49 1
43 50 1
43 60 1
43 62 1
44 6 1
44 7 1
44 16 -1
44 19 1
44 23 1
44 24 1
44 27 1
44 35 1
44 37 1
44 38 1
44 41 1
44 42 1
44 43 1
44 45 1
44 48 1
45 9 1
45 11 1
45 13 1
45 32 1
45 35 1
45 37 1
45 38 1
45 41 1
45 42 1
45 44 1
45 46 1
45 47 -1
45 58 1
45 60 1
45 62 1
46 1 1
46 12 1
46 33 -1
46 34 1
46 36 1
46 39 1
46 41 1
46 43 1
46 45 1
46 48 1
46 50 1
46 59 -1
46 63 1
46 64 1
47 11 1
47 17 1
47 29 1
47 32 1
47 33 1
47 34 1
47 35 1
47 36 1
47 37 1
47 38 1
47 41 1
47 45 -1
47 49 1
47 52 1
47 61 1
48 1 1
48 3 1
48 4 1
48 12 1
48 21 1
48 34 1
48 36 1
48 37 1
48 40 1
48 42 1
48 43 1
48 44 1
48 46 1
48 53 1
49 3 1
49 7 1
49 13 1
49 18 1
49 39 1
49 43 1
49 47 1
49 54 -1
49 55 1
49 58 1
49 59 1
49 60 1
49 61 1
49 62 1
49 64 1
50 22 1
50 24 1
50 33 1
50 43 1
50 46 1
50 51 1
50 53 1
50 59 1
50 60 -1
50 61 1
50 62 1
50 63 1
50 64 1
51 15 1
51 18 1
51 21 -1
51 22 1
51 25 1
51 26 1
51 41 1
51 42 1
51 50 1
51 52 1
51 53 1
51 55 1
51 57 1
51 58 1
51 62 -1
51 63 1
52 2 -1
52 6 1
52 10 1
52 24 1
52 32 1
52 40 1
52 41 1
52 47 1
52 51 1
52 53 1
52 56 1
52 58 1
52 59 1
52 60 1
52 61 1
52 63 1
53 3 -1
53 6 1
53 17 1
53 24 1
53 29 1
53 39 1
53 40 1
53 48 1
53 50 1
53 51 1
53 52 1
53 54 1
53 55 1
53 56 1
53 58 1
53 63 -1
54 1 1
54 9 1
54 10 1
54 17 1
54 30 1
54 31 1
54 34 1
54 49 -1
54 53 1
54 56 -1
54 57 1
54 59 1
54 61 1
54 62 1
54 64 1
55 9 1
55 16 1
55 19 1
55 25 -1
55 29 1
55 33 1
55 40 1
55 49 1
55 51 1
55 53 1
55 58 1
55 59 1
55 62 1
55 63 1
55 64 1
56 7 1
56 9 1
56 14 1
56 16 -1
56 19 -1
56 27 1
56 33 1
56 41 1
56 52 1
56 53 1
56 54 -1
56 57 1
56 58 1
56 59 -1
56 60 1
56 64 1
57 2 1
57 5 1
57 20 1
57 27 1
57 29 1
57 30 -1
57 39 1
57 51 1
57 54 1
57 56 1
57 58 1
57 59 1
57 60 1
57 61 1
57 62 1
58 2 -1
58 7 1
58 19 1
58 23 1
58 27 -1
58 33 1
58 35 1
58 45 1
58 49 1
58 51 1
58 52 1
58 53 1
58 55 1
58 56 1
58 57 1
58 63 1
59 7 1
59 10 1
59 18 1
59 38 1
59 39 1
59 40 1
59 46 -1
59 49 1
59 50 1
59 52 1
59 54 1
59 55 1
59 56 -1
59 57 1
59 60 1
60 4 1
60 14 1
60 19 -1
60 22 1
60 24 1
60 25 1
60 43 1
60 45 1
60 49 1
60 50 -1
60 52 1
60 56 1
60 57 1
60 59 1
60 61 -1
60 62 1
61 5 1
61 13 -1
61 20 1
61 27 1
61 40 1
61 42 1
61 47 1
61 49 1
61 50 1
61 52 1
61 54 1
61 57 1
61 60 -1
61 63 1
61 64 1
62 3 1
62 9 1
62 11 1
62 19 1
62 31 1
62 39 1
62 43 1
62 45 1
62 49 1
62 50 1
62 51 -1
62 54 1
62 55 1
62 57 1
62 60 1
62 64 1
63 18 -1
63 21 1
63 29 1
63 32 1
63 33 -1
63 36 1
63 38 1
63 46 1
63 50 1
63 51 1
63 52 1
63 53 -1
63 55 1
63 58 1
63 61 1
63 64 1
64 4 1
64 8 -1
64 13 1
64 14 1
64 37 1
64 46 1
64 49 1
64 50 1
64 54 1
64 55 1
64 56 1
64 61 1
64 62 1
64 63 1
