1 2 1
1 4 1
1 5 1
1 6 1
1 8 1
1 10 1
1 12 1
1 15 1
1 23 -1
1 25 1
1 27 1
1 37 1
1 49 1
1 53 1
1 61 1
2 1 1
2 5 1
2 6 1
2 7 1
2 8 1
2 9 1
2 11 1
2 13 1
2 17 -1
2 23 1
2 25 1
2 33 1
2 42 1
2 45 1
2 49 1
3 4 1
3 5 1
3 7 1
3 8 1
3 9 1
3 11 1
3 13 -1
3 16 1
3 46 1
3 47 1
3 48 1
3 51 1
3 60 1
3 61 1
3 62 1
4 1 1
4 3 1
4 5 1
4 9 -1
4 10 1
4 11 1
4 13 1
4 15 -1
4 26 1
4 27 1
4 36 1
4 46 1
4 50 1
4 53 1
4 55 1
4 64 1
5 1 1
5 2 1
5 3 1
5 4 1
5 6 1
5 10 1
5 12 1
5 14 1
5 25 1
5 29 1
5 36 -1
5 38 1
5 41 1
5 46 1
5 63 1
6 1 1
6 2 1
6 5 1
6 8 1
6 10 1
6 13 1
6 14 1
6 15 1
6 19 1
6 23 1
6 25 1
6 27 1
6 35 1
6 43 1
6 56 1
6 57 1
7 2 1
7 3 1
7 8 1
7 11 1
7 12 1
7 13 1
7 15 1
7 16 1
7 30 1
7 37 1
7 38 1
7 48 -1
7 49 1
7 53 1
7 54 -1
7 58 1
8 1 1
8 2 1
8 3 1
8 6 1
8 7 1
8 9 1
8 15 1
8 16 1
8 25 1
8 32 1
8 39 -1
8 43 1
8 48 -1
8 55 1
8 56 1
8 62 1
9 2 1
9 3 1
9 4 -1
9 8 1
9 12 -1
9 13 1
9 14 1
9 16 1
9 18 1
9 25 1
9 32 1
9 41 1
9 42 -1
9 54 1
9 62 1
9 64 1
10 1 1
10 4 1
10 5 1
10 6 1
10 11 1
10 13 1
10 14 1
10 16 1
10 19 1
10 28 1
10 40 1
10 42 -1
10 45 1
10 48 1
10 51 -1
10 57 -1
11 2 1
11 3 1
11 4 1
11 7 1
11 10 1
11 14 1
11 15 1
11 16 1
11 32 1
11 35 1
11 39 1
11 42 1
11 46 1
11 48 1
11 51 -1
11 54 1
12 1 1
12 5 1
12 7 1
12 9 -1
12 13 1
12 14 1
12 15 1
12 16 1
12 17 1
12 31 1
12 34 1
12 35 1
12 36 1
12 46 -1
12 58 1
13 2 1
13 3 -1
13 4 1
13 6 1
13 7 1
13 9 1
13 10 1
13 12 1
13 20 -1
13 21 1
13 23 1
13 27 1
13 43 1
13 45 1
13 50 1
14 5 1
14 6 1
14 9 1
14 10 1
14 11 1
14 12 1
14 15 -1
14 16 1
14 25 1
14 31 -1
14 38 1
14 40 1
14 42 1
14 44 -1
14 45 1
14 46 1
15 1 1
15 4 -1
15 6 1
15 7 1
15 8 1
15 11 1
15 12 1
15 14 -1
15 18 1
15 23 1
15 41 -1
15 49 1
15 50 1
15 54 1
15 55 1
16 3 1
16 7 1
16 8 1
16 9 1
16 10 1
16 11 1
16 12 1
16 14 1
16 34 1
16 36 1
16 40 1
16 44 1
16 52 1
16 53 1
16 59 1
16 60 1
17 2 -1
17 12 1
17 18 1
17 20 1
17 24 1
17 26 1
17 27 1
17 28 1
17 31 1
17 32 1
17 34 1
17 46 1
17 50 -1
17 51 1
17 56 1
17 64 1
18 9 1
18 15 1
18 17 1
18 19 1
18 20 1
18 23 -1
18 27 1
18 28 1
18 29 1
18 30 1
18 36 1
18 37 1
18 43 1
18 50 1
18 54 1
18 60 1
19 6 1
19 10 1
19 18 1
19 21 1
19 24 1
19 26 1
19 27 1
19 28 1
19 30 1
19 32 -1
19 40 1
19 48 1
19 52 1
19 56 1
19 59 1
20 13 -1
20 17 1
20 18 1
20 21 1
20 22 1
20 23 -1
20 24 -1
20 25 1
20 32 1
20 33 1
20 34 1
20 43 1
20 47 1
20 49 1
20 52 1
20 58 1
21 13 1
21 19 1
21 20 1
21 23 1
21 24 1
21 25 1
21 27 -1
21 29 1
21 31 1
21 35 1
21 38 1
21 44 1
21 51 1
21 61 1
21 63 1
22 20 1
22 23 1
22 24 1
22 25 1
22 26 1
22 28 1
22 29 1
22 30 1
22 33 1
22 35 1
22 40 1
22 47 1
22 50 1
22 52 1
22 58 1
23 1 -1
23 2 1
23 6 1
23 13 1
23 15 1
23 18 -1
23 20 -1
23 21 1
23 22 1
23 27 1
23 29 1
23 30 1
23 31 1
23 50 1
23 52 1
23 61 1
24 17 1
24 19 1
24 20 -1
24 21 1
24 22 1
24 26 1
24 27 1
24 32 1
24 34 1
24 47 1
24 52 1
24 58 1
24 60 1
24 61 1
24 62 1
25 1 1
25 2 1
25 5 1
25 6 1
25 8 1
25 9 1
25 14 1
25 20 1
25 21 1
25 22 1
25 26 1
25 28 1
25 29 1
25 30 -1
25 31 1
25 40 1
26 4 1
26 17 1
26 19 1
26 22 1
26 24 1
26 25 1
26 29 1
26 31 1
26 32 1
26 39 1
26 45 1
26 53 1
26 59 1
26 60 1
26 62 1
27 1 1
27 4 1
27 6 1
27 13 1
27 17 1
27 18 1
27 19 1
27 21 -1
27 23 1
27 24 1
27 29 1
27 32 1
27 38 1
27 59 1
27 61 1
27 63 1
28 10 1
28 17 1
28 18 1
28 19 1
28 22 1
28 25 1
28 29 -1
28 30 1
28 31 1
28 33 1
28 37 1
28 39 1
28 53 1
28 57 1
28 63 -1
29 5 1
29 18 1
29 21 1
29 22 1
29 23 1
29 25 1
29 26 1
29 27 1
29 28 -1
29 38 1
29 44 1
29 48 1
29 55 1
29 56 1
29 63 1
29 64 1
30 7 1
30 18 1
30 19 1
30 22 1
30 23 1
30 25 -1
30 28 1
30 31 1
30 32 1
30 34 1
30 38 1
30 44 -1
30 55 1
30 62 1
31 12 1
31 14 -1
31 17 1
31 21 1
31 23 1
31 25 1
31 26 1
31 28 1
31 30 1
31 32 -1
31 33 -1
31 37 1
31 47 1
31 64 -1
32 8 1
32 9 1
32 11 1
32 17 1
32 19 -1
32 20 1
32 24 1
32 26 1
32 27 1
32 30 1
32 31 -1
32 44 1
32 58 1
32 59 1
32 61 1
32 62 1
33 2 1
33 20 1
33 22 1
33 28 1
33 31 -1
33 39 1
33 41 1
33 42 1
33 43 1
33 45 1
33 46 1
33 47 1
33 48 1
33 54 1
33 56 1
33 57 -1
34 12 1
34 16 1
34 17 1
34 20 1
34 24 1
34 30 1
34 36 1
34 37 1
34 38 1
34 40 1
34 41 1
34 42 1
34 43 1
34 47 1
34 49 1
34 53 1
35 6 1
35 11 1
35 12 1
35 21 1
35 22 1
35 36 1
35 37 -1
35 39 1
35 42 1
35 43 1
35 45 1
35 47 1
35 48 1
35 53 1
35 57 1
35 64 1
36 4 1
36 5 -1
36 12 1
36 16 1
36 18 1
36 34 1
36 35 1
36 37 1
36 38 1
36 39 1
36 41 1
36 43 1
36 44 -1
36 49 1
37 1 1
37 7 1
37 18 1
37 28 1
37 31 1
37 34 1
37 35 -1
37 36 1
37 38 -1
37 39 1
37 41 -1
37 46 1
37 47 1
37 58 -1
37 63 1
38 5 1
38 7 1
38 14 1
38 21 1
38 27 1
38 29 1
38 30 1
38 34 1
38 36 1
38 37 -1
38 39 1
38 40 1
38 42 1
38 46 1
38 48 1
39 8 -1
39 11 1
39 26 1
39 28 1
39 33 1
39 35 1
39 36 1
39 37 1
39 38 1
39 41 1
39 43 1
39 45 1
39 59 1
39 62 1
39 64 1
40 10 1
40 14 1
40 16 1
40 19 1
40 22 1
40 25 1
40 34 1
40 38 1
40 41 1
40 42 1
40 43 1
40 44 1
40 46 1
40 47 1
40 55 1
41 5 1
41 9 1
41 15 -1
41 33 1
41 34 1
41 36 1
41 37 -1
41 39 1
41 40 1
41 44 1
41 45 1
41 50 1
41 56 1
41 59 1
41 60 -1
42 2 1
42 9 -1
42 10 -1
42 11 1
42 14 1
42 33 1
42 34 1
42 35 1
42 38 1
42 40 1
42 44 1
42 45 1
42 48 -1
42 51 1
42 57 1
42 63 1
43 6 1
43 8 1
43 13 1
43 18 1
43 20 1
43 33 1
43 34 1
43 35 1
43 36 1
43 39 1
43 40 1
43 47 1
43 48 1
43 49 1
43 54 1
44 14 -1
44 16 1
44 21 1
44 29 1
44 30 -1
44 32 1
44 36 -1
44 40 1
44 41 1
44 42 1
44 45 1
44 46 1
44 47 1
44 48 1
44 52 1
44 57 1
45 2 1
45 10 1
45 13 1
45 14 1
45 26 1
45 33 1
45 35 1
45 39 1
45 41 1
45 42 1
45 44 1
45 46 1
45 48 1
45 59 1
45 60 1
46 3 1
46 4 1
46 5 1
46 11 1
46 12 -1
46 14 1
46 17 1
46 33 1
46 37 1
46 38 1
46 40 1
46 44 1
46 45 1
46 47 1
46 48 1
46 51 1
47 3 1
47 20 1
47 22 1
47 24 1
47 31 1
47 33 1
47 34 1
47 35 1
47 37 1
47 40 1
47 43 1
47 44 1
47 46 1
47 55 1
47 58 1
48 3 1
48 7 -1
48 8 -1
48 10 1
48 11 1
48 19 1
48 29 1
48 33 1
48 35 1
48 38 1
48 42 -1
48 43 1
48 44 1
48 45 1
48 46 1
48 63 1
49 1 1
49 2 1
49 7 1
49 15 1
49 20 1
49 34 1
49 36 1
49 43 1
49 51 1
49 52 1
49 55 1
49 57 1
49 58 1
49 59 1
49 61 1
49 64 -1
50 4 1
50 13 1
50 15 1
50 17 -1
50 18 1
50 22 1
50 23 1
50 41 1
50 51 1
50 54 1
50 56 1
50 57 1
50 59 1
50 61 1
50 63 1
50 64 -1
51 3 1
51 10 -1
51 11 -1
51 17 1
51 21 1
51 42 1
51 46 1
51 49 1
51 50 1
51 52 1
51 53 1
51 55 1
51 59 1
51 61 1
51 62 1
52 16 1
52 19 1
52 20 1
52 22 1
52 23 1
52 24 1
52 44 1
52 49 1
52 51 1
52 54 -1
52 58 1
52 59 1
52 62 1
52 63 1
52 64 1
53 1 1
53 4 1
53 7 1
53 16 1
53 26 1
53 28 1
53 34 1
53 35 1
53 51 1
53 54 1
53 55 1
53 56 -1
53 60 1
53 61 1
53 63 1
53 64 1
54 7 -1
54 9 1
54 11 1
54 15 1
54 18 1
54 33 1
54 43 1
54 50 1
54 52 -1
54 53 1
54 58 1
54 60 1
54 61 1
54 63 1
54 64 1
55 4 1
55 8 1
55 15 1
55 29 1
55 30 1
55 40 1
55 47 1
55 49 1
55 51 1
55 53 1
55 56 1
55 57 1
55 58 1
55 59 1
55 62 1
56 6 1
56 8 1
56 17 1
56 19 1
56 29 1
56 33 1
56 41 1
56 50 1
56 53 -1
56 55 1
56 57 1
56 59 -1
56 61 1
56 62 1
56 64 1
57 6 1
57 10 -1
57 28 1
57 33 -1
57 35 1
57 42 1
57 44 1
57 49 1
57 50 1
57 55 1
57 56 1
57 59 -1
57 60 1
57 62 1
57 63 1
58 7 1
58 12 1
58 20 1
58 22 1
58 24 1
58 32 1
58 37 -1
58 47 1
58 49 1
58 52 1
58 54 1
58 55 1
58 60 1
58 62 1
58 63 1
58 64 1
59 16 1
59 19 1
59 26 1
59 27 1
59 32 1
59 39 1
59 41 1
59 45 1
59 49 1
59 50 1
59 51 1
59 52 1
59 55 1
59 56 -1
59 57 -1
59 60 1
60 3 1
60 16 1
60 18 1
60 24 1
60 26 1
60 41 -1
60 45 1
60 53 1
60 54 1
60 57 1
60 58 1
60 59 1
60 61 1
60 62 1
60 64 1
61 1 1
61 3 1
61 21 1
61 23 1
61 24 1
61 27 1
61 32 1
61 49 1
61 50 1
61 51 1
61 53 1
61 54 1
61 56 1
61 60 1
61 63 1
62 3 1
62 8 1
62 9 1
62 24 1
62 26 1
62 30 1
62 32 1
62 39 1
62 51 1
62 52 1
62 55 1
62 56 1
62 57 1
62 58 1
62 60 1
62 63 1
63 5 1
63 21 1
63 27 1
63 28 -1
63 29 1
63 37 1
63 42 1
63 48 1
63 50 1
63 52 1
63 53 1
63 54 1
63 57 1
63 58 1
63 61 1
63 62 1
64 4 1
64 9 1
64 17 1
64 29 1
64 31 -1
64 35 1
64 39 1
64 49 -1
64 50 -1
64 52 1
64 53 1
64 54 1
64 56 1
64 58 1
64 60 1
