1 2 1
1 7 -1
1 8 -1
1 11 -1
1 12 -1
1 14 -1
1 15 -1
1 16 -1
1 19 -1
1 25 -1
1 41 -1
1 43 -1
1 53 -1
1 57 -1
1 59 -1
1 63 1
2 1 1
2 3 1
2 6 1
2 7 -1
2 10 -1
2 11 -1
2 13 -1
2 14 1
2 18 -1
2 20 -1
2 31 1
2 35 -1
2 42 -1
2 47 -1
2 49 1
2 64 1
3 2 1
3 6 1
3 7 1
3 9 1
3 11 -1
3 14 1
3 15 1
3 16 -1
3 18 -1
3 34 -1
3 37 1
3 39 1
3 44 -1
4 5 -1
4 6 -1
4 7 -1
4 8 1
4 9 -1
4 10 1
4 11 1
4 12 -1
4 20 -1
4 22 -1
4 44 1
4 46 -1
4 62 1
5 4 -1
5 6 1
5 8 -1
5 10 -1
5 11 1
5 14 -1
5 15 -1
5 16 -1
5 24 -1
5 35 -1
5 36 1
5 39 1
5 51 -1
5 54 1
5 59 -1
6 2 1
6 3 1
6 4 -1
6 5 1
6 8 -1
6 9 -1
6 12 1
6 13 -1
6 17 1
6 19 1
6 28 1
6 33 1
6 43 1
6 53 1
7 1 -1
7 2 -1
7 3 1
7 4 -1
7 10 -1
7 12 1
7 13 -1
7 15 -1
7 32 -1
7 35 -1
7 38 -1
7 40 -1
7 43 -1
7 49 -1
7 58 1
8 1 -1
8 4 1
8 5 -1
8 6 -1
8 9 -1
8 13 -1
8 15 -1
8 16 -1
8 23 1
8 25 -1
8 27 -1
8 31 -1
8 37 1
8 45 -1
8 49 -1
8 57 -1
9 3 1
9 4 -1
9 6 -1
9 8 -1
9 11 -1
9 12 -1
9 13 1
9 15 -1
9 20 -1
9 27 1
9 38 1
9 50 -1
9 53 1
9 55 1
9 56 -1
9 58 -1
10 2 -1
10 4 1
10 5 -1
10 7 -1
10 11 1
10 14 1
10 15 -1
10 16 1
10 22 -1
10 28 -1
10 29 -1
10 33 -1
10 37 -1
10 40 1
10 54 -1
10 57 -1
11 1 -1
11 2 -1
11 3 -1
11 4 1
11 5 1
11 9 -1
11 10 1
11 13 -1
11 18 -1
11 38 1
11 44 1
11 46 1
11 47 1
11 49 -1
11 58 -1
12 1 -1
12 4 -1
12 6 1
12 7 1
12 9 -1
12 14 -1
12 15 -1
12 16 1
12 17 1
12 30 1
12 33 1
12 34 -1
12 42 -1
12 56 1
12 59 1
12 62 -1
13 2 -1
13 6 -1
13 7 -1
13 8 -1
13 9 1
13 11 -1
13 14 -1
13 16 -1
13 28 1
13 31 1
13 32 -1
13 34 1
13 38 -1
13 46 -1
13 56 1
13 61 1
14 1 -1
14 2 1
14 3 1
14 5 -1
14 10 1
14 12 -1
14 13 -1
14 16 1
14 31 -1
14 48 1
14 51 -1
14 52 1
14 53 -1
14 55 -1
14 63 -1
15 1 -1
15 3 1
15 5 -1
15 7 -1
15 8 -1
15 9 -1
15 10 -1
15 12 -1
15 17 -1
15 18 1
15 36 1
15 38 1
15 53 -1
15 55 -1
16 1 -1
16 3 -1
16 5 -1
16 8 -1
16 10 1
16 12 1
16 13 -1
16 14 1
16 31 1
16 32 -1
16 41 1
16 43 -1
16 45 -1
16 47 -1
16 62 1
17 6 1
17 12 1
17 15 -1
17 19 1
17 21 -1
17 24 1
17 25 1
17 26 -1
17 27 -1
17 29 -1
17 31 -1
17 36 -1
17 37 1
17 44 -1
17 47 -1
17 49 -1
18 2 -1
18 3 -1
18 11 -1
18 15 1
18 19 1
18 23 1
18 24 -1
18 25 -1
18 27 1
18 29 -1
18 30 -1
18 32 -1
18 53 -1
18 64 1
19 1 -1
19 6 1
19 17 1
19 18 1
19 21 -1
19 24 -1
19 25 -1
19 26 1
19 28 1
19 29 -1
19 35 -1
19 54 -1
19 57 -1
19 63 -1
20 2 -1
20 4 -1
20 9 -1
20 21 -1
20 23 1
20 24 1
20 25 1
20 27 1
20 28 -1
20 30 1
20 31 -1
20 33 1
20 39 -1
20 47 -1
20 51 1
20 63 1
21 17 -1
21 19 -1
21 20 -1
21 23 -1
21 24 1
21 28 1
21 29 1
21 31 -1
21 33 1
21 35 -1
21 38 -1
21 40 -1
21 42 -1
21 52 -1
21 56 1
22 4 -1
22 10 -1
22 23 -1
22 25 1
22 26 -1
22 27 -1
22 28 -1
22 29 -1
22 30 -1
22 32 -1
22 39 -1
22 46 -1
22 49 -1
22 58 -1
23 8 1
23 18 1
23 20 1
23 21 -1
23 22 -1
23 25 -1
23 27 1
23 31 -1
23 32 -1
23 34 -1
23 36 -1
23 43 -1
23 55 -1
23 61 -1
24 5 -1
24 17 1
24 18 -1
24 19 -1
24 20 1
24 21 1
24 26 1
24 29 -1
24 32 -1
24 39 1
24 46 -1
24 47 -1
24 53 1
24 55 1
24 61 1
25 1 -1
25 8 -1
25 17 1
25 18 -1
25 19 -1
25 20 1
25 22 1
25 23 -1
25 26 -1
25 28 1
25 34 1
25 45 -1
25 56 -1
25 57 1
25 63 -1
26 17 -1
26 19 1
26 22 -1
26 24 1
26 25 -1
26 30 -1
26 31 -1
26 32 1
26 35 1
26 39 -1
26 42 1
26 50 1
26 56 -1
26 57 -1
27 8 -1
27 9 1
27 17 -1
27 18 1
27 20 1
27 22 -1
27 23 1
27 28 -1
27 30 -1
27 31 -1
27 41 1
27 42 -1
27 46 1
27 48 -1
27 52 1
27 64 1
28 6 1
28 10 -1
28 13 1
28 19 1
28 20 -1
28 21 1
28 22 -1
28 25 1
28 27 -1
28 30 1
28 32 -1
28 42 1
28 54 1
28 60 1
28 64 -1
29 10 -1
29 17 -1
29 18 -1
29 19 -1
29 21 1
29 22 -1
29 24 -1
29 31 -1
29 32 -1
29 43 1
29 44 -1
29 46 1
29 50 -1
29 52 -1
29 60 -1
29 62 -1
30 12 1
30 18 -1
30 20 1
30 22 -1
30 26 -1
30 27 -1
30 28 1
30 31 1
30 32 1
30 41 -1
30 48 -1
30 52 1
30 55 -1
30 58 -1
30 60 1
31 2 1
31 8 -1
31 13 1
31 14 -1
31 16 1
31 17 -1
31 20 -1
31 21 -1
31 23 -1
31 26 -1
31 27 -1
31 29 -1
31 30 1
31 43 -1
31 45 1
31 55 1
32 7 -1
32 13 -1
32 16 -1
32 18 -1
32 22 -1
32 23 -1
32 24 -1
32 26 1
32 28 -1
32 29 -1
32 30 1
32 34 1
32 50 1
32 60 -1
32 64 1
33 6 1
33 10 -1
33 12 1
33 20 1
33 21 1
33 34 -1
33 38 1
33 39 -1
33 41 -1
33 43 -1
33 45 -1
33 46 -1
33 47 -1
33 54 1
33 59 1
33 64 -1
34 3 -1
34 12 -1
34 13 1
34 23 -1
34 25 1
34 32 1
34 33 -1
34 36 -1
34 37 -1
34 39 1
34 40 -1
34 41 -1
34 42 1
34 47 -1
34 51 1
35 2 -1
35 5 -1
35 7 -1
35 19 -1
35 21 -1
35 26 1
35 37 -1
35 38 -1
35 40 -1
35 42 -1
35 43 1
35 44 -1
35 46 -1
35 48 1
35 62 1
35 63 1
36 5 1
36 15 1
36 17 -1
36 23 -1
36 34 -1
36 37 -1
36 39 -1
36 40 -1
36 43 1
36 45 1
36 46 1
36 48 -1
36 51 1
36 63 1
37 3 1
37 8 1
37 10 -1
37 17 1
37 34 -1
37 35 -1
37 36 -1
37 40 1
37 41 -1
37 42 1
37 43 -1
37 47 1
37 49 -1
37 50 -1
38 7 -1
38 9 1
38 11 1
38 13 -1
38 15 1
38 21 -1
38 33 1
38 35 -1
38 39 -1
38 40 -1
38 42 -1
38 43 -1
38 47 -1
38 48 -1
38 51 -1
38 59 -1
39 3 1
39 5 1
39 20 -1
39 22 -1
39 24 1
39 26 -1
39 33 -1
39 34 1
39 36 -1
39 38 -1
39 40 1
39 43 -1
39 44 1
39 46 1
39 61 -1
40 7 -1
40 10 1
40 21 -1
40 34 -1
40 35 -1
40 36 -1
40 37 1
40 38 -1
40 39 1
40 45 1
40 48 1
40 50 1
40 59 -1
41 1 -1
41 16 1
41 27 1
41 30 -1
41 33 -1
41 34 -1
41 37 -1
41 44 -1
41 45 -1
41 46 -1
41 47 -1
41 48 1
41 54 -1
41 56 -1
41 62 -1
42 2 -1
42 12 -1
42 21 -1
42 26 1
42 27 -1
42 28 1
42 34 1
42 35 -1
42 37 1
42 38 -1
42 43 -1
42 44 -1
42 47 -1
42 48 1
43 1 -1
43 6 1
43 7 -1
43 16 -1
43 23 -1
43 29 1
43 31 -1
43 33 -1
43 35 1
43 36 1
43 37 -1
43 38 -1
43 39 -1
43 42 -1
43 45 1
43 58 1
44 3 -1
44 4 1
44 11 1
44 17 -1
44 29 -1
44 35 -1
44 39 1
44 41 -1
44 42 -1
44 45 1
44 46 -1
44 47 -1
44 48 -1
44 49 1
44 51 -1
45 8 -1
45 16 -1
45 25 -1
45 31 1
45 33 -1
45 36 1
45 40 1
45 41 -1
45 43 1
45 44 1
45 46 -1
45 48 1
45 52 -1
45 58 1
45 62 1
46 4 -1
46 11 1
46 13 -1
46 22 -1
46 24 -1
46 27 1
46 29 1
46 33 -1
46 35 -1
46 36 1
46 39 1
46 41 -1
46 44 -1
46 45 -1
46 47 -1
46 61 1
47 2 -1
47 11 1
47 16 -1
47 17 -1
47 20 -1
47 24 -1
47 33 -1
47 34 -1
47 37 1
47 38 -1
47 41 -1
47 42 -1
47 44 -1
47 46 -1
47 57 1
48 14 1
48 27 -1
48 30 -1
48 35 1
48 36 -1
48 38 -1
48 40 1
48 41 1
48 42 1
48 44 -1
48 45 1
48 50 1
48 60 -1
49 2 1
49 7 -1
49 8 -1
49 11 -1
49 17 -1
49 22 -1
49 37 -1
49 44 1
49 50 1
49 52 1
49 54 1
49 58 1
49 59 -1
49 60 1
49 61 1
49 63 1
50 9 -1
50 26 1
50 29 -1
50 32 1
50 37 -1
50 40 1
50 48 1
50 49 1
50 52 1
50 53 -1
50 54 1
50 56 1
50 57 1
50 62 -1
50 64 -1
51 5 -1
51 14 -1
51 20 1
51 34 1
51 36 1
51 38 -1
51 44 -1
51 52 1
51 55 -1
51 56 -1
51 59 -1
51 60 -1
51 62 -1
51 63 1
51 64 -1
52 14 1
52 21 -1
52 27 1
52 29 -1
52 30 1
52 45 -1
52 49 1
52 50 1
52 51 1
52 53 -1
52 54 -1
52 59 -1
52 60 -1
52 62 -1
53 1 -1
53 6 1
53 9 1
53 14 -1
53 15 -1
53 18 -1
53 24 1
53 50 -1
53 52 -1
53 54 -1
53 55 -1
53 56 1
53 60 -1
53 63 1
53 64 1
54 5 1
54 10 -1
54 19 -1
54 28 1
54 33 1
54 41 -1
54 49 1
54 50 1
54 52 -1
54 53 -1
54 57 -1
54 60 -1
54 62 -1
54 63 -1
55 9 1
55 14 -1
55 15 -1
55 23 -1
55 24 1
55 30 -1
55 31 1
55 51 -1
55 53 -1
55 56 1
55 57 1
55 61 -1
55 62 1
55 63 1
55 64 -1
56 9 -1
56 12 1
56 13 1
56 21 1
56 25 -1
56 26 -1
56 41 -1
56 50 1
56 51 -1
56 53 1
56 55 1
56 58 1
56 59 -1
56 61 1
56 63 1
57 1 -1
57 8 -1
57 10 -1
57 19 -1
57 25 1
57 26 -1
57 47 1
57 50 1
57 54 -1
57 55 1
57 58 1
57 59 -1
57 60 1
57 61 1
57 64 -1
58 7 1
58 9 -1
58 11 -1
58 22 -1
58 30 -1
58 43 1
58 45 1
58 49 1
58 56 1
58 57 1
58 59 1
58 60 -1
58 61 -1
58 63 1
58 64 -1
59 1 -1
59 5 -1
59 12 1
59 33 1
59 38 -1
59 40 -1
59 49 -1
59 51 -1
59 52 -1
59 56 -1
59 57 -1
59 58 1
59 60 -1
59 61 -1
60 28 1
60 29 -1
60 30 1
60 32 -1
60 48 -1
60 49 1
60 51 -1
60 52 -1
60 53 -1
60 54 -1
60 57 1
60 58 -1
60 59 -1
61 13 1
61 23 -1
61 24 1
61 39 -1
61 46 1
61 49 1
61 55 -1
61 56 1
61 57 1
61 58 -1
61 59 -1
61 62 -1
61 64 1
62 4 1
62 12 -1
62 16 1
62 29 -1
62 35 1
62 41 -1
62 45 1
62 50 -1
62 51 -1
62 52 -1
62 54 -1
62 55 1
62 61 -1
62 63 -1
62 64 1
63 1 1
63 14 -1
63 19 -1
63 20 1
63 25 -1
63 35 1
63 36 1
63 49 1
63 51 1
63 53 1
63 54 -1
63 55 1
63 56 1
63 58 1
63 62 -1
64 2 1
64 18 1
64 27 1
64 28 -1
64 32 1
64 33 -1
64 50 -1
64 51 -1
64 53 1
64 55 -1
64 57 -1
64 58 -1
64 61 1
64 62 1
