1 2 -1
1 3 1
1 4 -1
1 5 -1
1 6 1
1 9 1
1 12 -1
1 13 -1
1 18 -1
1 22 1
1 26 -1
1 29 1
1 36 -1
1 40 -1
1 57 1
2 1 -1
2 5 1
2 6 1
2 8 1
2 11 1
2 13 1
2 15 -1
2 16 1
2 24 -1
2 30 -1
2 33 -1
2 36 1
2 40 1
2 54 -1
2 57 1
2 62 -1
3 1 1
3 5 1
3 7 -1
3 11 1
3 12 1
3 14 -1
3 15 1
3 16 1
3 19 1
3 22 1
3 43 -1
3 44 -1
3 52 -1
3 62 1
3 64 -1
4 1 -1
4 5 1
4 7 1
4 8 -1
4 9 -1
4 10 1
4 11 1
4 14 1
4 19 -1
4 40 -1
4 49 -1
4 50 1
4 51 1
4 62 1
5 1 -1
5 2 1
5 3 1
5 4 1
5 6 1
5 10 1
5 12 -1
5 15 1
5 17 1
5 31 -1
5 39 -1
5 41 -1
5 49 -1
5 53 -1
5 61 1
5 63 1
6 1 1
6 2 1
6 5 1
6 11 1
6 12 -1
6 13 -1
6 15 -1
6 16 1
6 25 1
6 26 1
6 34 -1
6 46 -1
6 56 1
6 64 1
7 3 -1
7 4 1
7 8 -1
7 9 -1
7 10 -1
7 13 1
7 15 -1
7 16 -1
7 32 1
7 34 1
7 38 1
7 39 -1
7 41 -1
7 48 1
7 63 1
8 2 1
8 4 -1
8 7 -1
8 9 1
8 10 1
8 11 1
8 13 -1
8 15 -1
8 17 1
8 19 1
8 25 1
8 29 -1
8 37 -1
8 39 1
8 61 1
9 1 1
9 4 -1
9 7 -1
9 8 1
9 10 -1
9 11 1
9 12 -1
9 14 -1
9 19 -1
9 31 1
9 35 -1
9 45 -1
9 50 1
9 55 -1
9 56 -1
9 57 1
10 4 1
10 5 1
10 7 -1
10 8 1
10 9 -1
10 11 -1
10 14 1
10 16 -1
10 24 -1
10 33 1
10 42 1
10 44 1
10 50 1
10 52 -1
10 62 1
11 2 1
11 3 1
11 4 1
11 6 1
11 8 1
11 9 1
11 10 -1
11 16 -1
11 23 1
11 24 -1
11 36 1
11 40 1
11 42 1
11 54 1
11 58 -1
12 1 -1
12 3 1
12 5 -1
12 6 -1
12 9 -1
12 13 -1
12 14 1
12 15 -1
12 20 1
12 43 -1
12 47 -1
12 48 1
12 50 -1
12 55 -1
12 56 -1
12 57 -1
13 1 -1
13 2 1
13 6 -1
13 7 1
13 8 -1
13 12 -1
13 14 -1
13 16 -1
13 20 -1
13 21 1
13 25 -1
13 41 -1
13 52 1
13 57 -1
13 61 1
14 3 -1
14 4 1
14 9 -1
14 10 1
14 12 1
14 13 -1
14 15 1
14 16 1
14 17 -1
14 25 -1
14 29 -1
14 37 1
14 51 1
14 57 1
15 2 -1
15 3 1
15 5 1
15 6 -1
15 7 -1
15 8 -1
15 12 -1
15 14 1
15 31 1
15 43 1
15 45 -1
15 49 1
15 55 1
15 58 1
15 59 -1
16 2 1
16 3 1
16 6 1
16 7 -1
16 10 -1
16 11 -1
16 13 -1
16 14 1
16 29 1
16 30 1
16 34 -1
16 41 1
16 47 -1
16 48 1
16 56 1
17 5 1
17 8 1
17 14 -1
17 21 1
17 23 1
17 25 -1
17 27 -1
17 28 1
17 29 -1
17 30 -1
17 31 -1
17 33 -1
17 39 1
17 40 1
17 43 -1
17 59 1
18 1 -1
18 21 -1
18 22 -1
18 24 1
18 25 -1
18 26 1
18 29 -1
18 30 1
18 32 1
18 36 1
18 40 -1
18 46 1
18 49 -1
18 52 1
18 64 -1
19 3 1
19 4 -1
19 8 1
19 9 -1
19 20 1
19 21 1
19 22 -1
19 23 -1
19 24 -1
19 25 1
19 27 -1
19 28 -1
19 38 -1
19 52 -1
19 55 1
20 12 1
20 13 -1
20 19 1
20 21 -1
20 25 -1
20 26 -1
20 29 -1
20 30 1
20 31 -1
20 32 -1
20 35 -1
20 50 1
20 51 -1
20 53 1
20 54 1
21 13 1
21 17 1
21 18 -1
21 19 1
21 20 -1
21 22 -1
21 24 -1
21 31 1
21 32 1
21 33 -1
21 35 -1
21 38 -1
21 43 1
21 55 -1
21 58 -1
22 1 1
22 3 1
22 18 -1
22 19 -1
22 21 -1
22 23 -1
22 27 1
22 28 1
22 30 1
22 32 -1
22 40 1
22 46 -1
22 54 1
22 64 -1
23 11 1
23 17 1
23 19 -1
23 22 -1
23 24 -1
23 25 -1
23 28 1
23 29 1
23 31 -1
23 40 -1
23 42 1
23 44 1
23 45 -1
23 49 1
23 63 -1
23 64 -1
24 2 -1
24 10 -1
24 11 -1
24 18 1
24 19 -1
24 21 -1
24 23 -1
24 29 1
24 30 1
24 31 1
24 32 1
24 33 -1
24 38 1
24 49 -1
24 50 1
24 53 -1
25 6 1
25 8 1
25 13 -1
25 14 -1
25 17 -1
25 18 -1
25 19 1
25 20 -1
25 23 -1
25 26 1
25 28 -1
25 30 1
25 35 1
25 42 1
25 50 1
25 58 1
26 1 -1
26 6 1
26 18 1
26 20 -1
26 25 1
26 27 -1
26 28 -1
26 29 -1
26 30 -1
26 31 -1
26 36 1
26 39 -1
26 48 1
26 52 1
26 60 -1
27 17 -1
27 19 -1
27 22 1
27 26 -1
27 28 -1
27 29 -1
27 31 -1
27 32 1
27 35 1
27 46 -1
27 47 -1
27 53 -1
27 58 -1
27 61 -1
27 62 1
28 17 1
28 19 -1
28 22 1
28 23 1
28 25 -1
28 26 -1
28 27 -1
28 31 1
28 35 -1
28 37 1
28 38 -1
28 39 1
28 46 1
28 48 1
28 53 -1
28 64 -1
29 1 1
29 8 -1
29 14 -1
29 16 1
29 17 -1
29 18 -1
29 20 -1
29 23 1
29 24 1
29 26 -1
29 27 -1
29 32 -1
29 45 -1
29 46 -1
29 63 -1
30 2 -1
30 16 1
30 17 -1
30 18 1
30 20 1
30 22 1
30 24 1
30 25 1
30 26 -1
30 32 -1
30 36 1
30 44 1
30 46 1
30 57 -1
30 60 -1
31 5 -1
31 9 1
31 15 1
31 17 -1
31 20 -1
31 21 1
31 23 -1
31 24 1
31 26 -1
31 27 -1
31 28 1
31 38 -1
31 50 -1
31 52 -1
31 58 1
31 62 -1
32 7 1
32 18 1
32 20 -1
32 21 1
32 22 -1
32 24 1
32 27 1
32 29 -1
32 30 -1
32 35 1
32 42 -1
32 44 1
32 48 -1
32 56 -1
33 2 -1
33 10 1
33 17 -1
33 21 -1
33 24 -1
33 35 -1
33 36 -1
33 37 1
33 42 1
33 43 -1
33 46 1
33 47 1
33 48 -1
33 51 1
33 53 1
33 62 1
34 6 -1
34 7 1
34 16 -1
34 35 1
34 39 1
34 42 -1
34 43 -1
34 44 1
34 45 1
34 46 -1
34 47 -1
34 54 1
34 60 1
34 61 1
35 9 -1
35 20 -1
35 21 -1
35 25 1
35 27 1
35 28 -1
35 32 1
35 33 -1
35 34 1
35 36 1
35 38 -1
35 39 1
35 40 1
35 42 1
35 45 -1
36 1 -1
36 2 1
36 11 1
36 18 1
36 26 1
36 30 1
36 33 -1
36 35 1
36 38 -1
36 40 1
36 41 1
36 45 -1
36 46 -1
36 48 1
36 59 1
37 8 -1
37 14 1
37 28 1
37 33 1
37 38 1
37 41 1
37 44 1
37 45 1
37 46 1
37 47 -1
37 48 -1
37 57 1
37 58 1
37 61 -1
37 63 -1
38 7 1
38 19 -1
38 21 -1
38 24 1
38 28 -1
38 31 -1
38 35 -1
38 36 -1
38 37 1
38 39 -1
38 40 1
38 43 1
38 46 -1
38 47 1
38 59 -1
39 5 -1
39 7 -1
39 8 1
39 17 1
39 26 -1
39 28 1
39 34 1
39 35 1
39 38 -1
39 42 1
39 43 -1
39 46 1
39 47 1
39 48 1
39 55 -1
39 61 1
40 1 -1
40 2 1
40 4 -1
40 11 1
40 17 1
40 18 -1
40 22 1
40 23 -1
40 35 1
40 36 1
40 38 1
40 42 1
40 43 1
40 44 -1
40 45 1
40 48 -1
41 5 -1
41 7 -1
41 13 -1
41 16 1
41 36 1
41 37 1
41 42 -1
41 43 -1
41 44 1
41 45 -1
41 46 1
41 47 1
41 49 1
41 62 -1
41 63 1
42 10 1
42 11 1
42 23 1
42 25 1
42 32 -1
42 33 1
42 34 -1
42 35 1
42 39 1
42 40 1
42 41 -1
42 44 1
42 45 1
42 59 1
43 3 -1
43 12 -1
43 15 1
43 17 -1
43 21 1
43 33 -1
43 34 -1
43 38 1
43 39 -1
43 40 1
43 41 -1
43 47 -1
43 48 1
43 55 1
43 60 1
44 3 -1
44 10 1
44 23 1
44 30 1
44 32 1
44 34 1
44 37 1
44 40 -1
44 41 1
44 42 1
44 45 -1
44 46 -1
44 48 1
44 54 -1
44 63 1
45 9 -1
45 15 -1
45 23 -1
45 29 -1
45 34 1
45 35 -1
45 36 -1
45 37 1
45 40 1
45 41 -1
45 42 1
45 44 -1
45 51 -1
45 55 -1
45 56 -1
46 6 -1
46 18 1
46 22 -1
46 27 -1
46 28 1
46 29 -1
46 30 1
46 33 1
46 34 -1
46 36 -1
46 37 1
46 38 -1
46 39 1
46 41 1
46 44 -1
46 61 1
47 12 -1
47 16 -1
47 27 -1
47 33 1
47 34 -1
47 37 -1
47 38 1
47 39 1
47 41 1
47 43 -1
47 48 1
47 49 1
47 53 -1
47 56 -1
47 60 -1
48 7 1
48 12 1
48 16 1
48 26 1
48 28 1
48 32 -1
48 33 -1
48 36 1
48 37 -1
48 39 1
48 40 -1
48 43 1
48 44 1
48 47 1
48 54 1
49 4 -1
49 5 -1
49 15 1
49 18 -1
49 23 1
49 24 -1
49 41 1
49 47 1
49 50 -1
49 52 1
49 53 1
49 58 -1
49 59 -1
49 61 -1
49 62 1
49 64 -1
50 4 1
50 9 1
50 10 1
50 12 -1
50 20 1
50 24 1
50 25 1
50 31 -1
50 49 -1
50 52 -1
50 53 -1
50 54 1
50 59 1
50 60 1
50 61 -1
50 64 1
51 4 1
51 14 1
51 20 -1
51 33 1
51 45 -1
51 53 1
51 54 1
51 55 -1
51 56 1
51 57 1
51 59 1
51 62 -1
51 63 1
52 3 -1
52 10 -1
52 13 1
52 18 1
52 19 -1
52 26 1
52 31 -1
52 49 1
52 50 -1
52 54 -1
52 55 -1
52 59 1
52 60 1
52 63 1
52 64 -1
53 5 -1
53 20 1
53 24 -1
53 27 -1
53 28 -1
53 33 1
53 47 -1
53 49 1
53 50 -1
53 51 1
53 57 -1
53 58 -1
53 59 1
53 62 1
53 64 -1
54 2 -1
54 11 1
54 20 1
54 22 1
54 34 1
54 44 -1
54 48 1
54 50 1
54 51 1
54 52 -1
54 56 1
54 58 -1
54 60 -1
54 63 1
54 64 -1
55 9 -1
55 12 -1
55 15 1
55 19 1
55 21 -1
55 39 -1
55 43 1
55 45 -1
55 51 -1
55 52 -1
55 56 -1
55 57 -1
55 58 -1
55 59 -1
55 60 -1
55 63 1
56 6 1
56 9 -1
56 12 -1
56 16 1
56 32 -1
56 45 -1
56 47 -1
56 51 1
56 54 1
56 55 -1
56 58 -1
56 59 -1
56 60 -1
56 61 -1
56 62 -1
57 1 1
57 2 1
57 9 1
57 12 -1
57 13 -1
57 14 1
57 30 -1
57 37 1
57 51 1
57 53 -1
57 55 -1
57 58 -1
57 60 -1
57 61 1
57 62 1
57 63 -1
58 11 -1
58 15 1
58 21 -1
58 25 1
58 27 -1
58 31 1
58 37 1
58 49 -1
58 53 -1
58 54 -1
58 55 -1
58 56 -1
58 57 -1
58 61 -1
58 63 1
59 15 -1
59 17 1
59 36 1
59 38 -1
59 42 1
59 49 -1
59 50 1
59 51 1
59 52 1
59 53 1
59 55 -1
59 56 -1
59 62 1
60 26 -1
60 30 -1
60 34 1
60 43 1
60 47 -1
60 50 1
60 52 1
60 54 -1
60 55 -1
60 56 -1
60 57 -1
60 63 1
60 64 1
61 5 1
61 8 1
61 13 1
61 27 -1
61 34 1
61 37 -1
61 39 1
61 46 1
61 49 -1
61 50 -1
61 56 -1
61 57 1
61 58 -1
61 62 -1
61 63 1
61 64 1
62 2 -1
62 3 1
62 4 1
62 10 1
62 27 1
62 31 -1
62 33 1
62 41 -1
62 49 1
62 51 -1
62 53 1
62 56 -1
62 57 1
62 59 1
62 61 -1
62 64 -1
63 5 1
63 7 1
63 23 -1
63 29 -1
63 37 -1
63 41 1
63 44 1
63 51 1
63 52 1
63 54 1
63 55 1
63 57 -1
63 58 1
63 60 1
63 61 1
64 3 -1
64 6 1
64 18 -1
64 22 -1
64 23 -1
64 28 -1
64 49 -1
64 50 1
64 52 -1
64 53 -1
64 54 -1
64 60 1
64 61 1
64 62 -1
