1 2 1
1 4 1
1 6 1
1 7 1
1 8 1
1 9 1
1 10 -1
1 14 1
1 32 1
1 39 1
1 48 -1
1 51 1
1 55 -1
1 62 1
1 63 -1
1 64 1
2 1 1
2 3 1
2 6 1
2 7 1
2 9 1
2 12 1
2 14 1
2 16 1
2 18 1
2 19 1
2 27 -1
2 34 1
2 40 1
2 45 1
2 51 1
2 56 1
3 2 1
3 5 1
3 8 1
3 9 1
3 10 1
3 13 1
3 14 1
3 15 1
3 19 -1
3 20 1
3 22 1
3 25 1
3 34 1
3 40 -1
3 42 1
3 54 1
4 1 1
4 6 1
4 8 1
4 12 1
4 13 -1
4 14 1
4 15 1
4 16 1
4 18 1
4 33 -1
4 38 1
4 39 1
4 41 1
4 42 1
4 49 1
4 51 1
5 3 1
5 6 1
5 7 -1
5 9 1
5 11 1
5 12 1
5 13 1
5 14 1
5 26 1
5 31 1
5 43 1
5 46 1
5 50 1
6 1 1
6 2 1
6 4 1
6 5 1
6 8 1
6 11 1
6 13 1
6 16 1
6 40 1
6 42 1
6 44 1
6 45 -1
6 48 1
6 52 1
6 55 1
6 64 1
7 1 1
7 2 1
7 5 -1
7 9 1
7 11 1
7 12 1
7 15 1
7 16 1
7 17 -1
7 24 1
7 28 -1
7 31 1
7 32 1
7 34 -1
7 61 -1
8 1 1
8 3 1
8 4 1
8 6 1
8 9 1
8 10 1
8 12 1
8 15 1
8 18 1
8 27 1
8 30 1
8 33 1
8 48 1
8 53 1
8 58 1
9 1 1
9 2 1
9 3 1
9 5 1
9 7 1
9 8 1
9 11 1
9 15 -1
9 20 1
9 23 1
9 26 1
9 36 -1
9 50 1
9 51 1
9 52 1
9 56 1
10 1 -1
10 3 1
10 8 1
10 11 1
10 13 -1
10 14 1
10 15 1
10 16 1
10 18 1
10 26 1
10 28 1
10 30 1
10 42 -1
10 55 1
10 56 -1
11 5 1
11 6 1
11 7 1
11 9 1
11 10 1
11 13 1
11 15 1
11 16 -1
11 17 1
11 28 1
11 32 1
11 35 1
11 37 1
11 45 1
11 47 -1
11 59 1
12 2 1
12 4 1
12 5 1
12 7 1
12 8 1
12 13 -1
12 14 1
12 16 1
12 21 1
12 27 -1
12 29 1
12 33 1
12 47 -1
12 49 1
12 54 1
13 3 1
13 4 -1
13 5 1
13 6 1
13 10 -1
13 11 1
13 12 -1
13 14 1
13 27 1
13 29 1
13 31 1
13 32 -1
13 38 1
13 48 1
13 49 1
13 60 1
14 1 1
14 2 1
14 3 1
14 4 1
14 5 1
14 10 1
14 12 1
14 13 1
14 20 -1
14 24 1
14 32 1
14 37 -1
14 49 1
14 60 1
14 62 1
14 64 1
15 3 1
15 4 1
15 7 1
15 8 1
15 9 -1
15 10 1
15 11 1
15 16 1
15 21 1
15 24 1
15 29 1
15 41 1
15 47 1
15 57 1
15 59 1
16 2 1
16 4 1
16 6 1
16 7 1
16 10 1
16 11 -1
16 12 1
16 15 1
16 24 -1
16 31 1
16 32 1
16 49 1
16 56 1
16 57 1
16 58 -1
16 59 1
17 7 -1
17 11 1
17 18 1
17 20 1
17 21 1
17 23 1
17 25 1
17 26 1
17 27 1
17 31 1
17 37 1
17 43 -1
17 46 1
17 53 1
17 54 1
17 56 1
18 2 1
18 4 1
18 8 1
18 10 1
18 17 1
18 19 -1
18 20 1
18 22 1
18 25 1
18 28 -1
18 29 -1
18 32 1
18 35 1
18 51 1
18 58 1
19 2 1
19 3 -1
19 18 -1
19 20 1
19 21 1
19 23 1
19 24 -1
19 25 1
19 28 1
19 30 -1
19 41 1
19 44 1
19 52 -1
19 57 1
19 58 1
20 3 1
20 9 1
20 14 -1
20 17 1
20 18 1
20 19 1
20 23 1
20 24 1
20 27 -1
20 28 1
20 29 1
20 41 1
20 43 -1
20 58 1
20 61 1
20 64 1
21 12 1
21 15 1
21 17 1
21 19 1
21 22 1
21 24 1
21 25 1
21 29 1
21 30 1
21 32 1
21 44 -1
21 54 -1
21 56 -1
22 3 1
22 18 1
22 21 1
22 25 1
22 26 1
22 27 1
22 30 1
22 31 1
22 32 1
22 33 1
22 39 1
22 43 1
22 45 1
22 59 1
23 9 1
23 17 1
23 19 1
23 20 1
23 24 1
23 27 1
23 28 -1
23 29 -1
23 31 1
23 40 -1
23 47 -1
23 50 1
23 53 1
23 55 1
23 60 1
24 7 1
24 14 1
24 15 1
24 16 -1
24 19 -1
24 20 1
24 21 1
24 23 1
24 25 1
24 26 1
24 28 1
24 31 1
24 37 1
24 57 -1
24 61 1
24 64 1
25 3 1
25 17 1
25 18 1
25 19 1
25 21 1
25 22 1
25 24 1
25 26 1
25 32 -1
25 33 1
25 34 1
25 46 -1
25 49 -1
25 52 1
25 53 1
25 54 1
26 5 1
26 9 1
26 10 1
26 17 1
26 22 1
26 24 1
26 25 1
26 27 -1
26 28 1
26 30 1
26 32 -1
26 35 1
26 45 1
26 46 -1
26 54 1
26 58 1
27 2 -1
27 8 1
27 12 -1
27 13 1
27 17 1
27 20 -1
27 22 1
27 23 1
27 26 -1
27 29 -1
27 30 -1
27 32 1
27 34 1
27 42 1
27 47 1
27 59 1
28 7 -1
28 10 1
28 11 1
28 18 -1
28 19 1
28 20 1
28 23 -1
28 24 1
28 26 1
28 29 1
28 31 1
28 36 -1
28 38 -1
28 52 1
29 12 1
29 13 1
29 15 1
29 18 -1
29 20 1
29 21 1
29 23 -1
29 27 -1
29 28 1
29 30 1
29 31 1
29 38 -1
29 49 1
29 53 1
29 54 -1
29 61 1
30 8 1
30 10 1
30 19 -1
30 21 1
30 22 1
30 26 1
30 27 -1
30 29 1
30 31 1
30 32 1
30 35 1
30 37 1
30 39 1
30 41 1
30 51 1
30 59 -1
31 5 1
31 7 1
31 13 1
31 16 1
31 17 1
31 22 1
31 23 1
31 24 1
31 28 1
31 29 1
31 30 1
31 32 -1
31 38 -1
31 40 1
31 44 1
31 52 1
32 1 1
32 7 1
32 11 1
32 13 -1
32 14 1
32 16 1
32 18 1
32 21 1
32 22 1
32 25 -1
32 26 -1
32 27 1
32 30 1
32 31 -1
32 35 -1
32 59 1
33 4 -1
33 8 1
33 12 1
33 22 1
33 25 1
33 34 1
33 35 1
33 36 1
33 38 1
33 41 -1
33 42 1
33 44 -1
33 48 1
33 58 1
33 63 1
34 2 1
34 3 1
34 7 -1
34 25 1
34 27 1
34 33 1
34 37 1
34 40 1
34 43 1
34 44 1
34 45 -1
34 47 1
34 48 1
34 50 1
34 60 1
35 11 1
35 18 1
35 26 1
35 30 1
35 32 -1
35 33 1
35 37 1
35 39 1
35 40 1
35 41 1
35 42 1
35 43 1
35 46 1
35 53 1
35 60 1
35 64 1
36 9 -1
36 28 -1
36 33 1
36 38 1
36 39 -1
36 41 1
36 43 1
36 45 -1
36 46 1
36 48 -1
36 50 1
36 52 1
36 63 1
37 11 1
37 14 -1
37 17 1
37 24 1
37 30 1
37 34 1
37 35 1
37 38 1
37 41 -1
37 42 -1
37 45 1
37 47 -1
37 48 1
37 55 1
37 61 1
37 63 1
38 4 1
38 13 1
38 28 -1
38 29 -1
38 31 -1
38 33 1
38 36 1
38 37 1
38 40 -1
38 41 1
38 43 1
38 46 -1
38 47 1
38 57 1
38 61 1
38 62 1
39 1 1
39 4 1
39 22 1
39 30 1
39 35 1
39 36 -1
39 40 1
39 42 1
39 44 1
39 45 1
39 47 1
39 48 1
39 49 1
39 51 1
39 53 1
39 61 1
40 2 1
40 3 -1
40 6 1
40 23 -1
40 31 1
40 34 1
40 35 1
40 38 -1
40 39 1
40 42 1
40 44 1
40 47 1
40 48 -1
40 50 1
40 55 1
40 62 1
41 4 1
41 15 1
41 19 1
41 20 1
41 30 1
41 33 -1
41 35 1
41 36 1
41 37 -1
41 38 1
41 43 1
41 45 -1
41 47 1
41 57 1
41 60 1
41 63 1
42 3 1
42 4 1
42 6 1
42 10 -1
42 27 1
42 33 1
42 35 1
42 37 -1
42 39 1
42 40 1
42 43 1
42 44 1
42 46 1
42 55 1
42 59 1
43 5 1
43 17 -1
43 20 -1
43 22 1
43 34 1
43 35 1
43 36 1
43 38 1
43 41 1
43 42 1
43 46 -1
43 47 -1
43 62 1
43 63 1
44 6 1
44 19 1
44 21 -1
44 31 1
44 33 -1
44 34 1
44 39 1
44 40 1
44 42 1
44 45 1
44 46 1
44 48 1
44 62 1
44 63 1
45 2 1
45 6 -1
45 11 1
45 22 1
45 26 1
45 34 -1
45 36 -1
45 37 1
45 39 1
45 41 -1
45 44 1
45 46 1
45 48 -1
45 55 1
45 56 1
45 58 -1
46 5 1
46 17 1
46 25 -1
46 26 -1
46 35 1
46 36 1
46 38 -1
46 42 1
46 43 -1
46 44 1
46 45 1
46 47 1
46 51 1
46 64 1
47 11 -1
47 12 -1
47 15 1
47 23 -1
47 27 1
47 34 1
47 37 -1
47 38 1
47 39 1
47 40 1
47 41 1
47 43 -1
47 46 1
47 57 -1
47 61 1
47 64 1
48 1 -1
48 6 1
48 8 1
48 13 1
48 33 1
48 34 1
48 36 -1
48 37 1
48 39 1
48 40 -1
48 44 1
48 45 -1
48 53 1
48 62 -1
48 63 1
49 4 1
49 12 1
49 13 1
49 14 1
49 16 1
49 25 -1
49 29 1
49 39 1
49 50 1
49 51 -1
49 54 1
49 58 -1
49 59 1
49 61 1
49 62 1
49 64 1
50 5 1
50 9 1
50 23 1
50 34 1
50 36 1
50 40 1
50 49 1
50 53 1
50 56 1
50 57 1
50 59 1
50 60 1
50 61 1
50 62 -1
51 1 1
51 2 1
51 4 1
51 9 1
51 18 1
51 30 1
51 39 1
51 46 1
51 49 -1
51 52 1
51 53 -1
51 57 1
51 58 1
51 59 1
51 62 1
51 64 -1
52 6 1
52 9 1
52 19 -1
52 25 1
52 28 1
52 31 1
52 36 1
52 51 1
52 53 1
52 54 -1
52 56 -1
52 58 1
52 59 1
52 60 1
52 63 1
53 8 1
53 17 1
53 23 1
53 25 1
53 29 1
53 35 1
53 39 1
53 48 1
53 50 1
53 51 -1
53 52 1
53 55 1
53 58 -1
53 59 1
53 60 1
53 61 1
54 3 1
54 12 1
54 17 1
54 21 -1
54 25 1
54 26 1
54 29 -1
54 49 1
54 52 -1
54 55 1
54 56 1
54 57 1
54 60 -1
54 63 -1
54 64 1
55 1 -1
55 6 1
55 10 1
55 23 1
55 37 1
55 40 1
55 42 1
55 45 1
55 53 1
55 54 1
55 57 1
55 58 1
55 59 -1
55 61 -1
55 63 1
55 64 1
56 2 1
56 9 1
56 10 -1
56 16 1
56 17 1
56 21 -1
56 45 1
56 50 1
56 52 -1
56 54 1
56 57 1
56 60 1
56 61 1
56 62 1
56 64 1
57 15 1
57 16 1
57 19 1
57 24 -1
57 38 1
57 41 1
57 47 -1
57 50 1
57 51 1
57 54 1
57 55 1
57 56 1
57 60 1
57 62 1
57 63 1
58 8 1
58 16 -1
58 18 1
58 19 1
58 20 1
58 26 1
58 33 1
58 45 -1
58 49 -1
58 51 1
58 52 1
58 53 -1
58 55 1
58 61 1
58 62 -1
58 63 1
59 11 1
59 15 1
59 16 1
59 22 1
59 27 1
59 30 -1
59 32 1
59 42 1
59 49 1
59 50 1
59 51 1
59 52 1
59 53 1
59 55 -1
59 61 1
59 62 -1
60 13 1
60 14 1
60 23 1
60 34 1
60 35 1
60 41 1
60 50 1
60 52 1
60 53 1
60 54 -1
60 56 1
60 57 1
60 63 -1
60 64 1
61 7 -1
61 20 1
61 24 1
61 29 1
61 37 1
61 38 1
61 39 1
61 47 1
61 49 1
61 50 1
61 53 1
61 55 -1
61 56 1
61 58 1
61 59 1
61 63 -1
62 1 1
62 14 1
62 38 1
62 40 1
62 43 1
62 44 1
62 48 -1
62 49 1
62 50 -1
62 51 1
62 56 1
62 57 1
62 58 -1
62 59 -1
62 64 1
63 1 -1
63 33 1
63 36 1
63 37 1
63 41 1
63 43 1
63 44 1
63 48 1
63 52 1
63 54 -1
63 55 1
63 57 1
63 58 1
63 60 -1
63 61 -1
63 64 1
64 1 1
64 6 1
64 14 1
64 20 1
64 24 1
64 35 1
64 46 1
64 47 1
64 49 1
64 51 -1
64 54 1
64 55 1
64 56 1
64 60 1
64 62 1
64 63 1
