1 2 1
1 4 1
1 10 1
1 11 1
1 12 -1
1 13 1
1 15 1
1 16 1
1 24 1
1 32 1
1 37 1
1 44 1
1 48 1
1 56 1
2 1 1
2 5 1
2 7 1
2 8 1
2 9 -1
2 10 1
2 14 1
2 15 1
2 21 1
2 46 1
2 48 1
2 57 1
2 58 1
2 60 1
2 62 1
3 4 1
3 8 1
3 9 1
3 11 1
3 12 1
3 13 1
3 15 1
3 16 1
3 18 1
3 19 1
3 34 -1
3 39 1
3 40 1
3 48 1
3 57 1
4 1 1
4 3 1
4 5 1
4 6 1
4 7 1
4 8 1
4 9 1
4 10 1
4 24 1
4 31 1
4 34 1
4 36 1
4 40 1
4 53 1
4 55 1
4 62 1
5 2 1
5 4 1
5 6 1
5 7 1
5 11 -1
5 13 1
5 14 1
5 15 1
5 22 1
5 24 1
5 30 1
5 39 1
5 42 1
5 52 1
5 59 1
5 60 1
6 4 1
6 5 1
6 9 -1
6 10 1
6 11 1
6 13 1
6 14 1
6 16 1
6 36 1
6 47 1
6 54 1
6 57 -1
6 58 1
6 60 1
6 63 1
7 2 1
7 4 1
7 5 1
7 12 1
7 13 1
7 14 1
7 15 1
7 16 1
7 34 1
7 37 -1
7 38 1
7 42 1
7 46 1
7 51 1
7 55 1
7 60 1
8 2 1
8 3 1
8 4 1
8 10 -1
8 11 1
8 12 1
8 13 1
8 16 1
8 20 1
8 30 1
8 40 1
8 44 1
8 46 -1
8 56 1
8 60 1
8 62 1
9 2 -1
9 3 1
9 4 1
9 6 -1
9 10 1
9 11 1
9 15 1
9 16 1
9 17 1
9 22 1
9 26 -1
9 27 1
9 34 1
9 47 1
9 54 1
9 56 1
10 1 1
10 2 1
10 4 1
10 6 1
10 8 -1
10 9 1
10 12 1
10 14 1
10 17 1
10 27 1
10 32 1
10 33 1
10 35 -1
10 46 1
10 51 1
10 63 1
11 1 1
11 3 1
11 5 -1
11 6 1
11 8 1
11 9 1
11 12 -1
11 13 1
11 34 1
11 41 -1
11 42 1
11 48 1
11 50 1
11 52 1
11 64 1
12 1 -1
12 3 1
12 7 1
12 8 1
12 10 1
12 11 -1
12 14 1
12 16 1
12 17 1
12 20 1
12 26 1
12 30 1
12 31 1
12 34 1
12 62 1
12 64 1
13 1 1
13 3 1
13 5 1
13 6 1
13 7 1
13 8 1
13 11 1
13 15 -1
13 31 -1
13 48 1
13 54 1
13 55 1
13 58 -1
13 61 1
14 2 1
14 5 1
14 6 1
14 7 1
14 10 1
14 12 1
14 15 -1
14 16 1
14 29 1
14 33 1
14 37 1
14 41 1
14 43 1
14 47 1
14 55 1
15 1 1
15 2 1
15 3 1
15 5 1
15 7 1
15 9 1
15 13 -1
15 14 -1
15 22 1
15 24 1
15 26 1
15 34 1
15 36 1
15 44 1
15 62 1
16 1 1
16 3 1
16 6 1
16 7 1
16 8 1
16 9 1
16 12 1
16 14 1
16 20 1
16 26 1
16 30 1
16 32 1
16 37 1
16 44 1
16 58 -1
17 9 1
17 10 1
17 12 1
17 20 1
17 21 1
17 23 1
17 24 1
17 25 1
17 26 1
17 27 1
17 32 1
17 36 1
17 44 1
17 51 1
17 52 1
17 62 1
18 3 1
18 19 -1
18 22 1
18 23 -1
18 25 1
18 26 1
18 27 1
18 28 1
18 31 -1
18 33 1
18 38 1
18 43 1
18 58 1
18 59 1
18 61 1
18 64 1
19 3 1
19 18 -1
19 20 1
19 21 1
19 22 1
19 24 1
19 29 1
19 31 1
19 32 -1
19 47 1
19 50 -1
19 52 1
19 53 1
19 56 1
20 8 1
20 12 1
20 16 1
20 17 1
20 19 1
20 21 1
20 26 1
20 27 1
20 28 1
20 30 1
20 31 1
20 38 1
20 40 1
20 46 1
20 59 1
21 2 1
21 17 1
21 19 1
21 20 1
21 22 1
21 23 1
21 24 1
21 25 1
21 29 1
21 38 1
21 42 1
21 45 1
21 50 1
21 51 1
21 57 1
21 63 1
22 5 1
22 9 1
22 15 1
22 18 1
22 19 1
22 21 1
22 24 1
22 27 1
22 28 1
22 30 1
22 31 1
22 43 1
22 49 1
22 51 1
22 63 1
23 17 1
23 18 -1
23 21 1
23 25 1
23 26 1
23 27 1
23 28 1
23 30 1
23 35 1
23 42 1
23 44 1
23 52 1
23 53 1
23 56 -1
23 63 1
23 64 1
24 1 1
24 4 1
24 5 1
24 15 1
24 17 1
24 19 1
24 21 1
24 22 1
24 28 1
24 29 -1
24 30 1
24 32 1
24 37 1
24 57 1
25 17 1
25 18 1
25 21 1
25 23 1
25 27 1
25 28 1
25 31 1
25 32 1
25 35 1
25 39 1
25 41 -1
25 43 1
25 48 1
25 61 1
25 64 1
26 9 -1
26 12 1
26 15 1
26 16 1
26 17 1
26 18 1
26 20 1
26 23 1
26 29 -1
26 30 1
26 31 -1
26 32 1
26 59 1
26 61 1
26 64 1
27 9 1
27 10 1
27 17 1
27 18 1
27 20 1
27 22 1
27 23 1
27 25 1
27 29 1
27 32 1
27 35 1
27 37 1
27 43 1
27 44 1
27 55 1
28 18 1
28 20 1
28 22 1
28 23 1
28 24 1
28 25 1
28 30 1
28 32 1
28 35 -1
28 45 -1
28 47 1
28 49 1
28 53 1
28 59 1
28 63 1
29 14 1
29 19 1
29 21 1
29 24 -1
29 26 -1
29 27 1
29 30 1
29 31 1
29 32 1
29 36 1
29 42 1
29 43 -1
29 46 -1
29 53 1
29 57 1
29 59 1
30 5 1
30 8 1
30 12 1
30 16 1
30 20 1
30 22 1
30 23 1
30 24 1
30 26 1
30 28 1
30 29 1
30 31 1
30 40 1
30 45 1
30 46 1
30 54 1
31 4 1
31 12 1
31 13 -1
31 18 -1
31 19 1
31 20 1
31 22 1
31 25 1
31 26 -1
31 29 1
31 30 1
31 38 1
31 47 -1
31 49 1
31 50 1
31 62 1
32 1 1
32 10 1
32 16 1
32 17 1
32 19 -1
32 24 1
32 25 1
32 26 1
32 27 1
32 28 1
32 29 1
32 33 1
32 46 1
32 55 1
32 59 -1
33 10 1
33 14 1
33 18 1
33 32 1
33 36 1
33 37 1
33 38 1
33 40 1
33 41 1
33 42 1
33 46 1
33 47 1
33 50 1
33 56 1
33 61 1
33 62 1
34 3 -1
34 4 1
34 7 1
34 9 1
34 11 1
34 12 1
34 15 1
34 35 1
34 36 1
34 40 1
34 41 1
34 43 1
34 44 1
34 45 1
34 48 1
35 10 -1
35 23 1
35 25 1
35 27 1
35 28 -1
35 34 1
35 38 1
35 39 1
35 41 1
35 42 1
35 44 1
35 46 1
35 47 1
35 50 1
35 60 1
36 4 1
36 6 1
36 15 1
36 17 1
36 29 1
36 33 1
36 34 1
36 37 1
36 38 1
36 41 1
36 42 -1
36 45 1
36 48 -1
36 49 1
36 51 1
36 61 1
37 1 1
37 7 -1
37 14 1
37 16 1
37 24 1
37 27 1
37 33 1
37 36 1
37 39 1
37 40 1
37 44 1
37 45 1
37 46 1
37 48 1
37 52 1
37 60 1
38 7 1
38 18 1
38 20 1
38 21 1
38 31 1
38 33 1
38 35 1
38 36 1
38 39 1
38 40 1
38 41 1
38 43 1
38 46 1
38 49 1
38 51 -1
38 53 1
39 3 1
39 5 1
39 25 1
39 35 1
39 37 1
39 38 1
39 40 1
39 42 1
39 43 1
39 46 1
39 47 1
39 50 1
39 54 1
39 56 1
39 63 1
40 3 1
40 4 1
40 8 1
40 20 1
40 30 1
40 33 1
40 34 1
40 37 1
40 38 1
40 39 1
40 43 1
40 44 1
40 48 1
40 49 1
40 55 1
41 11 -1
41 14 1
41 25 -1
41 33 1
41 34 1
41 35 1
41 36 1
41 38 1
41 42 1
41 43 1
41 44 1
41 50 1
41 52 1
41 54 1
41 55 1
41 58 1
42 5 1
42 7 1
42 11 1
42 21 1
42 23 1
42 29 1
42 33 1
42 35 1
42 36 -1
42 39 1
42 41 1
42 44 1
42 45 -1
42 47 1
42 51 -1
42 59 1
43 14 1
43 18 1
43 22 1
43 25 1
43 27 1
43 29 -1
43 34 1
43 38 1
43 39 1
43 40 1
43 41 1
43 45 1
43 47 -1
43 48 1
43 58 1
43 61 1
44 1 1
44 8 1
44 15 1
44 16 1
44 17 1
44 23 1
44 27 1
44 34 1
44 35 1
44 37 1
44 40 1
44 41 1
44 42 1
44 45 1
44 48 1
45 21 1
45 28 -1
45 30 1
45 34 1
45 36 1
45 37 1
45 42 -1
45 43 1
45 44 1
45 46 1
45 47 1
45 49 1
45 53 1
45 54 1
45 58 1
45 64 1
46 2 1
46 7 1
46 8 -1
46 10 1
46 20 1
46 29 -1
46 30 1
46 32 1
46 33 1
46 35 1
46 37 1
46 38 1
46 39 1
46 45 1
46 47 -1
46 48 1
47 6 1
47 9 1
47 14 1
47 19 1
47 28 1
47 31 -1
47 33 1
47 35 1
47 39 1
47 42 1
47 43 -1
47 45 1
47 46 -1
47 48 1
47 54 1
48 1 1
48 2 1
48 3 1
48 11 1
48 13 1
48 25 1
48 34 1
48 36 -1
48 37 1
48 40 1
48 43 1
48 44 1
48 46 1
48 47 1
49 22 1
49 28 1
49 31 1
49 36 1
49 38 1
49 40 1
49 45 1
49 50 1
49 53 -1
49 55 1
49 57 1
49 58 -1
49 59 1
49 61 1
49 64 1
50 11 1
50 19 -1
50 21 1
50 31 1
50 33 1
50 35 1
50 39 1
50 41 1
50 49 1
50 53 1
50 54 1
50 57 1
50 58 -1
50 59 -1
50 60 1
50 62 1
51 7 1
51 10 1
51 17 1
51 21 1
51 22 1
51 36 1
51 38 -1
51 42 -1
51 52 1
51 54 1
51 55 1
51 56 1
51 60 1
51 61 1
51 62 1
51 63 1
52 5 1
52 11 1
52 17 1
52 19 1
52 23 1
52 37 1
52 41 1
52 51 1
52 55 -1
52 56 1
52 59 1
52 60 -1
52 61 1
52 63 1
52 64 1
53 4 1
53 19 1
53 23 1
53 28 1
53 29 1
53 38 1
53 45 1
53 49 -1
53 50 1
53 55 1
53 56 1
53 57 1
53 58 1
53 60 1
53 61 1
54 6 1
54 9 1
54 13 1
54 30 1
54 39 1
54 41 1
54 45 1
54 47 1
54 50 1
54 51 1
54 55 1
54 56 1
54 57 1
54 58 1
54 59 1
54 63 1
55 4 1
55 7 1
55 13 1
55 14 1
55 27 1
55 32 1
55 40 1
55 41 1
55 49 1
55 51 1
55 52 -1
55 53 1
55 54 1
55 61 1
55 63 1
55 64 1
56 1 1
56 8 1
56 9 1
56 19 1
56 23 -1
56 33 1
56 39 1
56 51 1
56 52 1
56 53 1
56 54 1
56 59 1
56 60 1
56 62 1
56 64 1
57 2 1
57 3 1
57 6 -1
57 21 1
57 24 1
57 29 1
57 49 1
57 50 1
57 53 1
57 54 1
57 58 1
57 59 1
57 62 1
57 64 -1
58 2 1
58 6 1
58 13 -1
58 16 -1
58 18 1
58 41 1
58 43 1
58 45 1
58 49 -1
58 50 -1
58 53 1
58 54 1
58 57 1
58 60 1
58 61 1
58 64 1
59 5 1
59 18 1
59 20 1
59 26 1
59 28 1
59 29 1
59 32 -1
59 42 1
59 49 1
59 50 -1
59 52 1
59 54 1
59 56 1
59 57 1
59 62 1
59 63 1
60 2 1
60 5 1
60 6 1
60 7 1
60 8 1
60 35 1
60 37 1
60 50 1
60 51 1
60 52 -1
60 53 1
60 56 1
60 58 1
60 61 1
60 62 -1
61 13 1
61 18 1
61 25 1
61 26 1
61 33 1
61 36 1
61 43 1
61 49 1
61 51 1
61 52 1
61 53 1
61 55 1
61 58 1
61 60 1
61 63 1
62 2 1
62 4 1
62 8 1
62 12 1
62 15 1
62 17 1
62 31 1
62 33 1
62 50 1
62 51 1
62 56 1
62 57 1
62 59 1
62 60 -1
62 63 1
62 64 1
63 6 1
63 10 1
63 21 1
63 22 1
63 23 1
63 28 1
63 39 1
63 51 1
63 52 1
63 54 1
63 55 1
63 59 1
63 61 1
63 62 1
63 64 1
64 11 1
64 12 1
64 18 1
64 23 1
64 25 1
64 26 1
64 45 1
64 49 1
64 52 1
64 55 1
64 56 1
64 57 -1
64 58 1
64 62 1
64 63 1
