1 2 -1
1 3 1
1 4 1
1 8 1
1 9 1
1 12 1
1 15 1
1 16 -1
1 26 -1
1 43 -1
1 44 -1
1 46 -1
1 49 1
1 52 -1
1 53 1
1 57 -1
2 1 -1
2 5 -1
2 6 -1
2 9 -1
2 11 1
2 12 1
2 13 -1
2 14 -1
2 18 1
2 24 1
2 33 -1
2 34 -1
2 39 -1
2 47 1
2 56 -1
2 64 -1
3 1 1
3 4 -1
3 5 -1
3 6 -1
3 10 -1
3 13 -1
3 14 -1
3 15 -1
3 39 -1
3 41 -1
3 43 -1
3 45 -1
3 50 -1
3 58 -1
3 60 -1
4 1 1
4 3 -1
4 6 -1
4 7 -1
4 8 -1
4 10 -1
4 11 1
4 16 1
4 18 -1
4 22 1
4 25 -1
4 28 -1
4 48 -1
4 57 -1
4 60 -1
5 2 -1
5 3 -1
5 9 -1
5 11 -1
5 12 -1
5 13 -1
5 14 -1
5 16 -1
5 26 -1
5 32 1
5 37 -1
5 42 -1
5 46 1
5 58 -1
5 62 -1
6 2 -1
6 3 -1
6 4 -1
6 7 1
6 8 -1
6 9 -1
6 13 -1
6 16 -1
6 18 -1
6 21 -1
6 28 1
6 32 1
6 40 -1
6 41 -1
6 54 1
6 63 1
7 4 -1
7 6 1
7 8 1
7 9 1
7 12 -1
7 13 1
7 14 1
7 15 -1
7 20 -1
7 21 -1
7 28 1
7 47 -1
7 49 1
7 54 1
7 56 -1
8 1 1
8 4 -1
8 6 -1
8 7 1
8 10 -1
8 12 -1
8 13 -1
8 16 1
8 24 -1
8 44 1
8 45 -1
8 55 1
8 56 -1
8 59 -1
8 61 -1
9 1 1
9 2 -1
9 5 -1
9 6 -1
9 7 1
9 11 1
9 14 -1
9 15 1
9 21 -1
9 29 -1
9 30 -1
9 34 -1
9 41 -1
9 43 -1
9 44 1
9 47 -1
10 3 -1
10 4 -1
10 8 -1
10 11 -1
10 12 1
10 13 1
10 15 -1
10 16 1
10 25 1
10 31 -1
10 34 -1
10 36 -1
10 39 1
10 52 -1
10 56 -1
10 63 1
11 2 1
11 4 1
11 5 -1
11 9 1
11 10 -1
11 14 -1
11 15 1
11 16 -1
11 22 -1
11 23 1
11 29 -1
11 31 -1
11 43 1
11 48 -1
11 50 -1
11 52 1
12 1 1
12 2 1
12 5 -1
12 7 -1
12 8 -1
12 10 1
12 13 -1
12 14 -1
12 25 -1
12 31 1
12 35 -1
12 39 -1
12 47 -1
12 51 -1
12 63 -1
13 2 -1
13 3 -1
13 5 -1
13 6 -1
13 7 1
13 8 -1
13 10 1
13 12 -1
13 20 -1
13 28 -1
13 36 -1
13 37 -1
13 43 -1
13 44 1
13 59 -1
13 62 -1
14 2 -1
14 3 -1
14 5 -1
14 7 1
14 9 -1
14 11 -1
14 12 -1
14 15 -1
14 19 -1
14 20 -1
14 35 1
14 48 1
14 57 -1
14 59 -1
14 63 -1
15 1 1
15 3 -1
15 7 -1
15 9 1
15 10 -1
15 11 1
15 14 -1
15 16 1
15 18 -1
15 24 -1
15 32 -1
15 34 -1
15 38 -1
15 51 -1
15 52 1
16 1 -1
16 4 1
16 5 -1
16 6 -1
16 8 1
16 10 1
16 11 -1
16 15 1
16 32 -1
16 35 -1
16 41 1
16 43 1
16 48 1
16 57 1
16 58 -1
16 63 -1
17 21 -1
17 22 1
17 23 1
17 26 -1
17 29 1
17 30 1
17 31 -1
17 32 1
17 36 1
17 38 1
17 44 1
17 45 -1
17 46 -1
17 49 -1
17 56 -1
17 60 1
18 2 1
18 4 -1
18 6 -1
18 15 -1
18 20 -1
18 24 -1
18 25 -1
18 26 -1
18 27 -1
18 29 -1
18 30 -1
18 31 -1
18 40 -1
18 55 -1
18 62 -1
19 14 -1
19 20 -1
19 21 1
19 23 -1
19 25 1
19 27 1
19 30 1
19 31 -1
19 32 1
19 39 -1
19 45 1
19 47 -1
19 51 -1
19 53 -1
19 55 -1
20 7 -1
20 13 -1
20 14 -1
20 18 -1
20 19 -1
20 21 -1
20 23 -1
20 24 1
20 28 -1
20 29 -1
20 30 1
20 52 -1
20 55 -1
20 56 1
20 62 1
20 64 -1
21 6 -1
21 7 -1
21 9 -1
21 17 -1
21 19 1
21 20 -1
21 22 -1
21 25 -1
21 28 -1
21 31 -1
21 32 -1
21 33 -1
21 35 -1
21 52 -1
21 57 -1
21 59 -1
22 4 1
22 11 -1
22 17 1
22 21 -1
22 23 -1
22 25 -1
22 26 -1
22 27 -1
22 29 1
22 32 1
22 33 -1
22 38 -1
22 39 -1
22 58 -1
22 59 -1
22 64 -1
23 11 1
23 17 1
23 19 -1
23 20 -1
23 22 -1
23 24 -1
23 26 -1
23 28 -1
23 31 -1
23 36 -1
23 48 -1
23 52 -1
23 55 -1
23 58 -1
23 59 -1
24 2 1
24 8 -1
24 15 -1
24 18 -1
24 20 1
24 23 -1
24 27 -1
24 28 1
24 29 1
24 30 1
24 32 1
24 34 -1
24 50 -1
24 61 -1
24 62 -1
25 4 -1
25 10 1
25 12 -1
25 18 -1
25 19 1
25 21 -1
25 22 -1
25 26 -1
25 27 -1
25 28 -1
25 29 -1
25 38 -1
25 49 -1
25 50 -1
25 58 -1
26 1 -1
26 5 -1
26 17 -1
26 18 -1
26 22 -1
26 23 -1
26 25 -1
26 28 1
26 30 1
26 31 -1
26 37 -1
26 43 -1
26 55 -1
26 61 -1
26 63 1
27 18 -1
27 19 1
27 22 -1
27 24 -1
27 25 -1
27 28 -1
27 29 -1
27 31 -1
27 33 -1
27 35 1
27 36 1
27 37 1
27 45 -1
27 50 -1
28 4 -1
28 6 1
28 7 1
28 13 -1
28 20 -1
28 21 -1
28 23 -1
28 24 1
28 25 -1
28 26 1
28 27 -1
28 32 -1
28 37 -1
28 45 -1
28 51 -1
29 9 -1
29 11 -1
29 17 1
29 18 -1
29 20 -1
29 22 1
29 24 1
29 25 -1
29 27 -1
29 32 -1
29 44 -1
29 46 -1
29 48 -1
29 53 1
29 55 -1
29 64 1
30 9 -1
30 17 1
30 18 -1
30 19 1
30 20 1
30 24 1
30 26 1
30 31 -1
30 32 1
30 34 -1
30 39 -1
30 40 -1
30 46 -1
30 53 1
30 54 -1
30 55 1
31 10 -1
31 11 -1
31 12 1
31 17 -1
31 18 -1
31 19 -1
31 21 -1
31 23 -1
31 26 -1
31 27 -1
31 30 -1
31 35 -1
31 37 -1
31 42 1
31 44 -1
32 5 1
32 6 1
32 15 -1
32 16 -1
32 17 1
32 19 1
32 21 -1
32 22 1
32 24 1
32 28 -1
32 29 -1
32 30 1
32 40 -1
32 50 -1
32 51 -1
32 64 -1
33 2 -1
33 21 -1
33 22 -1
33 27 -1
33 34 1
33 35 -1
33 36 -1
33 37 1
33 38 1
33 43 -1
33 44 1
33 45 -1
33 49 -1
33 52 1
33 56 -1
34 2 -1
34 9 -1
34 10 -1
34 15 -1
34 24 -1
34 30 -1
34 33 1
34 36 -1
34 40 -1
34 41 -1
34 42 -1
34 43 -1
34 44 -1
34 46 -1
34 50 1
34 53 1
35 12 -1
35 14 1
35 16 -1
35 21 -1
35 27 1
35 31 -1
35 33 -1
35 37 -1
35 38 1
35 39 -1
35 44 1
35 46 -1
35 47 -1
35 48 -1
35 54 1
35 57 1
36 10 -1
36 13 -1
36 17 1
36 23 -1
36 27 1
36 33 -1
36 34 -1
36 40 1
36 41 -1
36 42 -1
36 43 1
36 46 -1
36 47 1
36 49 -1
36 51 -1
36 53 -1
37 5 -1
37 13 -1
37 26 -1
37 27 1
37 28 -1
37 31 -1
37 33 1
37 35 -1
37 39 -1
37 40 -1
37 42 1
37 44 -1
37 46 -1
37 48 -1
37 49 -1
37 62 -1
38 15 -1
38 17 1
38 22 -1
38 25 -1
38 33 1
38 35 1
38 39 -1
38 41 -1
38 42 -1
38 45 -1
38 47 1
38 48 -1
38 54 1
38 60 -1
38 64 -1
39 2 -1
39 3 -1
39 10 1
39 12 -1
39 19 -1
39 22 -1
39 30 -1
39 35 -1
39 37 -1
39 38 -1
39 40 1
39 41 -1
39 42 -1
39 45 1
39 48 1
39 58 -1
40 6 -1
40 18 -1
40 30 -1
40 32 -1
40 34 -1
40 36 1
40 37 -1
40 39 1
40 41 1
40 43 -1
40 44 -1
40 47 1
40 54 -1
40 60 1
40 64 -1
41 3 -1
41 6 -1
41 9 -1
41 16 1
41 34 -1
41 36 -1
41 38 -1
41 39 -1
41 40 1
41 42 -1
41 43 -1
41 45 -1
41 50 1
41 56 -1
41 61 -1
41 62 -1
42 5 -1
42 31 1
42 34 -1
42 36 -1
42 37 1
42 38 -1
42 39 -1
42 41 -1
42 46 -1
42 47 -1
42 51 1
42 53 1
42 57 1
42 61 -1
42 63 1
43 1 -1
43 3 -1
43 9 -1
43 11 1
43 13 -1
43 16 1
43 26 -1
43 33 -1
43 34 -1
43 36 1
43 40 -1
43 41 -1
43 44 1
43 46 1
43 48 1
43 61 -1
44 1 -1
44 8 1
44 9 1
44 13 1
44 17 1
44 29 -1
44 31 -1
44 33 1
44 34 -1
44 35 1
44 37 -1
44 40 -1
44 43 1
44 45 -1
44 47 -1
44 49 -1
45 3 -1
45 8 -1
45 17 -1
45 19 1
45 27 -1
45 28 -1
45 33 -1
45 38 -1
45 39 1
45 41 -1
45 44 -1
45 46 1
45 47 1
45 48 1
45 62 -1
46 1 -1
46 5 1
46 17 -1
46 29 -1
46 30 -1
46 34 -1
46 35 -1
46 36 -1
46 37 -1
46 42 -1
46 43 1
46 45 1
46 48 1
46 54 -1
46 59 -1
47 2 1
47 7 -1
47 9 -1
47 12 -1
47 19 -1
47 35 -1
47 36 1
47 38 1
47 40 1
47 42 -1
47 44 -1
47 45 1
47 48 -1
47 53 1
47 64 -1
48 4 -1
48 11 -1
48 14 1
48 16 1
48 23 -1
48 29 -1
48 35 -1
48 37 -1
48 38 -1
48 39 1
48 43 1
48 45 1
48 46 1
48 47 -1
48 59 1
49 1 1
49 7 1
49 17 -1
49 25 -1
49 33 -1
49 36 -1
49 37 -1
49 44 -1
49 53 -1
49 56 1
49 57 1
49 58 -1
49 59 -1
49 60 -1
49 61 -1
49 63 -1
50 3 -1
50 11 -1
50 24 -1
50 25 -1
50 27 -1
50 32 -1
50 34 1
50 41 1
50 51 1
50 52 -1
50 54 -1
50 55 1
50 56 1
50 60 -1
50 62 -1
50 64 -1
51 12 -1
51 15 -1
51 19 -1
51 28 -1
51 32 -1
51 36 -1
51 42 1
51 50 1
51 54 -1
51 58 -1
51 59 -1
51 60 1
51 61 -1
51 62 1
51 63 -1
52 1 -1
52 10 -1
52 11 1
52 15 1
52 20 -1
52 21 -1
52 23 -1
52 33 1
52 50 -1
52 53 -1
52 58 -1
52 59 -1
52 60 -1
52 61 -1
52 63 -1
52 64 -1
53 1 1
53 19 -1
53 29 1
53 30 1
53 34 1
53 36 -1
53 42 1
53 47 1
53 49 -1
53 52 -1
53 54 1
53 57 -1
53 60 -1
53 61 1
53 62 -1
53 63 1
54 6 1
54 7 1
54 30 -1
54 35 1
54 38 1
54 40 -1
54 46 -1
54 50 -1
54 51 -1
54 53 1
54 56 -1
54 57 1
54 60 1
54 61 -1
54 64 -1
55 8 1
55 18 -1
55 19 -1
55 20 -1
55 23 -1
55 26 -1
55 29 -1
55 30 1
55 50 1
55 57 -1
55 58 -1
55 59 -1
55 61 -1
55 62 -1
55 63 -1
55 64 -1
56 2 -1
56 7 -1
56 8 -1
56 10 -1
56 17 -1
56 20 1
56 33 -1
56 41 -1
56 49 1
56 50 1
56 54 -1
56 57 1
56 59 -1
56 60 -1
56 62 -1
56 64 1
57 1 -1
57 4 -1
57 14 -1
57 16 1
57 21 -1
57 35 1
57 42 1
57 49 1
57 53 -1
57 54 1
57 55 -1
57 56 1
57 58 -1
57 59 -1
57 63 -1
58 3 -1
58 5 -1
58 16 -1
58 22 -1
58 23 -1
58 25 -1
58 39 -1
58 49 -1
58 51 -1
58 52 -1
58 55 -1
58 57 -1
58 61 -1
58 62 -1
58 64 1
59 8 -1
59 13 -1
59 14 -1
59 21 -1
59 22 -1
59 23 -1
59 46 -1
59 48 1
59 49 -1
59 51 -1
59 52 -1
59 55 -1
59 56 -1
59 57 -1
59 60 1
59 62 1
60 3 -1
60 4 -1
60 17 1
60 38 -1
60 40 1
60 49 -1
60 50 -1
60 51 1
60 52 -1
60 53 -1
60 54 1
60 56 -1
60 59 1
61 8 -1
61 24 -1
61 26 -1
61 41 -1
61 42 -1
61 43 -1
61 49 -1
61 51 -1
61 52 -1
61 53 1
61 54 -1
61 55 -1
61 58 -1
61 63 1
62 5 -1
62 13 -1
62 18 -1
62 20 1
62 24 -1
62 37 -1
62 41 -1
62 45 -1
62 50 -1
62 51 1
62 53 -1
62 55 -1
62 56 -1
62 58 -1
62 59 1
62 64 1
63 6 1
63 10 1
63 12 -1
63 14 -1
63 16 -1
63 26 1
63 42 1
63 49 -1
63 51 -1
63 52 -1
63 53 1
63 55 -1
63 57 -1
63 61 1
63 64 -1
64 2 -1
64 20 -1
64 22 -1
64 29 1
64 32 -1
64 38 -1
64 40 -1
64 47 -1
64 50 -1
64 52 -1
64 54 -1
64 55 -1
64 56 1
64 58 1
64 62 1
64 63 -1
