1 3 1
1 5 -1
1 7 -1
1 9 1
1 11 -1
1 12 -1
1 15 -1
1 16 1
1 24 -1
1 29 1
1 34 1
1 42 -1
1 47 -1
1 53 -1
1 56 1
1 61 1
2 3 1
2 4 1
2 5 -1
2 6 -1
2 7 -1
2 8 -1
2 10 -1
2 13 -1
2 17 -1
2 20 1
2 24 -1
2 33 -1
2 36 1
2 50 -1
2 58 -1
2 63 -1
3 1 1
3 2 1
3 4 1
3 6 -1
3 10 1
3 11 -1
3 14 -1
3 16 1
3 22 -1
3 28 -1
3 29 -1
3 31 -1
3 40 -1
3 49 1
3 58 -1
3 63 -1
4 2 1
4 3 1
4 6 -1
4 8 -1
4 9 -1
4 10 -1
4 13 -1
4 15 1
4 23 1
4 35 1
4 45 -1
4 47 -1
4 49 -1
4 53 1
5 1 -1
5 2 -1
5 6 1
5 11 -1
5 12 -1
5 13 1
5 14 -1
5 16 1
5 17 -1
5 19 1
5 29 -1
5 30 -1
5 43 -1
5 60 1
5 62 -1
6 2 -1
6 3 -1
6 4 -1
6 5 1
6 12 -1
6 13 1
6 14 -1
6 15 -1
6 22 -1
6 27 1
6 41 -1
6 53 -1
6 54 -1
6 58 -1
6 63 1
7 1 -1
7 2 -1
7 8 -1
7 9 -1
7 10 1
7 12 -1
7 13 1
7 16 -1
7 21 -1
7 23 -1
7 25 1
7 27 1
7 33 -1
7 35 -1
7 45 -1
7 49 -1
8 2 -1
8 4 -1
8 7 -1
8 12 1
8 13 -1
8 14 -1
8 15 -1
8 16 -1
8 27 -1
8 28 1
8 30 1
8 35 -1
8 36 -1
8 46 1
8 56 -1
8 63 -1
9 1 1
9 4 -1
9 7 -1
9 10 -1
9 11 1
9 12 1
9 14 -1
9 15 1
9 26 -1
9 46 -1
9 48 -1
9 52 -1
9 55 1
9 57 -1
9 59 -1
9 62 1
10 2 -1
10 3 1
10 4 -1
10 7 1
10 9 -1
10 11 1
10 13 -1
10 15 -1
10 27 1
10 29 -1
10 31 1
10 33 -1
10 39 -1
10 47 -1
11 1 -1
11 3 -1
11 5 -1
11 9 1
11 10 1
11 13 -1
11 14 -1
11 15 1
11 18 1
11 22 -1
11 26 1
11 43 -1
11 44 1
11 46 1
11 60 1
12 1 -1
12 5 -1
12 6 -1
12 7 -1
12 8 1
12 9 1
12 14 1
12 16 -1
12 21 -1
12 33 -1
12 37 1
12 43 1
12 48 1
12 52 1
12 57 1
12 59 -1
13 2 -1
13 4 -1
13 5 1
13 6 1
13 7 1
13 8 -1
13 10 -1
13 11 -1
13 21 1
13 22 -1
13 24 -1
13 25 -1
13 26 -1
13 39 -1
13 51 -1
13 52 1
14 3 -1
14 5 -1
14 6 -1
14 8 -1
14 9 -1
14 11 -1
14 12 1
14 16 -1
14 30 1
14 33 1
14 34 -1
14 43 -1
14 48 -1
14 55 1
14 56 -1
14 57 -1
15 1 -1
15 4 1
15 6 -1
15 8 -1
15 9 1
15 10 -1
15 11 1
15 16 1
15 22 -1
15 23 1
15 31 -1
15 32 -1
15 41 1
15 53 1
15 62 1
16 1 1
16 3 1
16 5 1
16 7 -1
16 8 -1
16 12 -1
16 14 -1
16 15 1
16 26 -1
16 32 1
16 37 -1
16 40 -1
16 46 1
16 50 1
16 53 1
16 56 -1
17 2 -1
17 5 -1
17 18 -1
17 19 1
17 22 1
17 23 -1
17 25 -1
17 26 1
17 28 1
17 31 -1
17 34 1
17 38 -1
17 45 1
17 50 -1
17 55 -1
17 58 -1
18 11 1
18 17 -1
18 21 1
18 24 1
18 25 -1
18 27 -1
18 28 -1
18 31 -1
18 32 -1
18 35 1
18 36 1
18 41 1
18 47 -1
18 51 1
18 53 -1
18 54 -1
19 5 1
19 17 1
19 20 -1
19 21 -1
19 22 1
19 26 -1
19 29 1
19 30 1
19 32 -1
19 34 1
19 39 -1
19 46 -1
19 48 -1
19 60 -1
19 62 1
20 2 1
20 19 -1
20 22 -1
20 23 -1
20 24 -1
20 25 -1
20 26 1
20 27 -1
20 32 1
20 43 -1
20 45 1
20 48 -1
20 55 -1
20 64 1
21 7 -1
21 12 -1
21 13 1
21 18 1
21 19 -1
21 26 -1
21 27 -1
21 28 1
21 29 1
21 30 -1
21 31 1
21 38 1
21 40 -1
21 48 1
21 51 -1
21 63 -1
22 3 -1
22 6 -1
22 11 -1
22 13 -1
22 15 -1
22 17 1
22 19 1
22 20 -1
22 23 -1
22 24 -1
22 27 1
22 29 1
22 30 -1
22 45 1
22 49 -1
22 59 1
23 4 1
23 7 -1
23 15 1
23 17 -1
23 20 -1
23 22 -1
23 25 -1
23 27 -1
23 28 -1
23 29 1
23 30 -1
23 44 -1
23 54 -1
23 60 1
23 61 -1
24 1 -1
24 2 -1
24 13 -1
24 18 1
24 20 -1
24 22 -1
24 26 1
24 27 -1
24 30 -1
24 31 -1
24 32 1
24 37 -1
24 43 1
24 49 1
24 57 1
24 61 -1
25 7 1
25 13 -1
25 17 -1
25 18 -1
25 20 -1
25 23 -1
25 28 -1
25 29 1
25 31 -1
25 32 -1
25 34 -1
25 39 1
25 44 -1
25 52 1
25 60 1
25 63 1
26 9 -1
26 11 1
26 13 -1
26 16 -1
26 17 1
26 19 -1
26 20 1
26 21 -1
26 24 1
26 27 1
26 31 -1
26 32 1
26 47 1
26 54 1
26 56 1
26 59 1
27 6 1
27 7 1
27 8 -1
27 10 1
27 18 -1
27 20 -1
27 21 -1
27 22 1
27 23 -1
27 24 -1
27 26 1
27 28 1
27 42 -1
27 46 -1
28 3 -1
28 8 1
28 17 1
28 18 -1
28 21 1
28 23 -1
28 25 -1
28 27 1
28 30 1
28 31 -1
28 36 1
28 54 1
28 57 -1
28 60 1
28 63 -1
29 1 1
29 3 -1
29 5 -1
29 10 -1
29 19 1
29 21 1
29 22 1
29 23 1
29 25 1
29 30 1
29 31 -1
29 32 1
29 35 -1
29 39 -1
29 45 -1
29 52 -1
30 5 -1
30 8 1
30 14 1
30 19 1
30 21 -1
30 22 -1
30 23 -1
30 24 -1
30 28 1
30 29 1
30 32 1
30 36 1
30 39 -1
30 52 -1
30 54 -1
30 56 -1
31 3 -1
31 10 1
31 15 -1
31 17 -1
31 18 -1
31 21 1
31 24 -1
31 25 -1
31 26 -1
31 28 -1
31 29 -1
31 35 -1
31 37 -1
31 38 -1
31 53 -1
31 56 1
32 15 -1
32 16 1
32 18 -1
32 19 -1
32 20 1
32 24 1
32 25 -1
32 26 1
32 29 1
32 30 1
32 36 1
32 42 -1
32 43 -1
32 50 1
32 51 1
32 59 -1
33 2 -1
33 7 -1
33 10 -1
33 12 -1
33 14 1
33 34 1
33 35 -1
33 37 -1
33 40 1
33 43 1
33 46 1
33 47 -1
33 48 -1
33 55 1
33 58 1
33 61 1
34 1 1
34 14 -1
34 17 1
34 19 1
34 25 -1
34 33 1
34 35 -1
34 38 1
34 40 -1
34 41 -1
34 43 -1
34 44 -1
34 45 1
34 49 -1
34 51 -1
35 4 1
35 7 -1
35 8 -1
35 18 1
35 29 -1
35 31 -1
35 33 -1
35 34 -1
35 38 1
35 39 -1
35 41 1
35 42 1
35 44 -1
35 46 -1
35 61 -1
36 2 1
36 8 -1
36 18 1
36 28 1
36 30 1
36 32 1
36 39 -1
36 40 -1
36 42 -1
36 44 -1
36 45 -1
36 46 -1
36 47 -1
36 48 1
36 51 -1
36 55 -1
37 12 1
37 16 -1
37 24 -1
37 31 -1
37 33 -1
37 38 -1
37 41 -1
37 42 1
37 43 -1
37 45 1
37 47 -1
37 48 -1
37 56 -1
37 58 -1
37 60 -1
37 61 -1
38 17 -1
38 21 1
38 31 -1
38 34 1
38 35 1
38 37 -1
38 39 1
38 43 1
38 45 -1
38 46 -1
38 47 1
38 51 -1
38 52 -1
38 62 -1
38 64 1
39 10 -1
39 13 -1
39 19 -1
39 25 1
39 29 -1
39 30 -1
39 35 -1
39 36 -1
39 38 1
39 40 -1
39 41 1
39 42 -1
39 43 1
39 46 -1
39 57 -1
39 58 -1
40 3 -1
40 16 -1
40 21 -1
40 33 1
40 34 -1
40 36 -1
40 39 -1
40 42 -1
40 44 1
40 46 1
40 48 -1
40 49 -1
40 54 -1
40 64 1
41 6 -1
41 15 1
41 18 1
41 34 -1
41 35 1
41 37 -1
41 39 1
41 43 -1
41 45 1
41 47 -1
41 48 1
41 51 1
41 55 -1
41 57 1
41 59 -1
42 1 -1
42 27 -1
42 32 -1
42 35 1
42 36 -1
42 37 1
42 39 -1
42 40 -1
42 44 1
42 45 -1
42 46 -1
42 50 1
42 64 1
43 5 -1
43 11 -1
43 12 1
43 14 -1
43 20 -1
43 24 1
43 32 -1
43 33 1
43 34 -1
43 37 -1
43 38 1
43 39 1
43 41 -1
43 44 -1
43 47 1
44 11 1
44 23 -1
44 25 -1
44 34 -1
44 35 -1
44 36 -1
44 40 1
44 42 1
44 43 -1
44 45 -1
44 47 1
44 59 1
44 61 -1
44 63 -1
44 64 -1
45 4 -1
45 7 -1
45 17 1
45 20 1
45 22 1
45 29 -1
45 34 1
45 36 -1
45 37 1
45 38 -1
45 41 1
45 42 -1
45 44 -1
45 48 -1
45 58 1
45 62 -1
46 8 1
46 9 -1
46 11 1
46 16 1
46 19 -1
46 27 -1
46 33 1
46 35 -1
46 36 -1
46 38 -1
46 39 -1
46 40 1
46 42 -1
46 48 -1
46 50 1
47 1 -1
47 4 -1
47 10 -1
47 18 -1
47 26 1
47 33 -1
47 36 -1
47 37 -1
47 38 1
47 41 -1
47 43 1
47 44 1
47 48 1
47 59 1
47 62 -1
48 9 -1
48 12 1
48 14 -1
48 19 -1
48 20 -1
48 21 1
48 33 -1
48 36 1
48 37 -1
48 40 -1
48 41 1
48 45 -1
48 46 -1
48 47 1
48 49 1
48 61 1
49 3 1
49 4 -1
49 7 -1
49 22 -1
49 24 1
49 34 -1
49 40 -1
49 48 1
49 50 -1
49 51 -1
49 52 -1
49 55 1
49 57 -1
49 60 -1
49 61 -1
49 64 1
50 2 -1
50 16 1
50 17 -1
50 32 1
50 42 1
50 46 1
50 49 -1
50 54 1
50 55 -1
50 56 -1
50 58 -1
50 59 -1
50 60 -1
50 62 -1
51 13 -1
51 18 1
51 21 -1
51 32 1
51 34 -1
51 36 -1
51 38 -1
51 41 1
51 49 -1
51 53 -1
51 55 -1
51 56 -1
51 59 -1
51 62 1
51 63 -1
51 64 -1
52 9 -1
52 12 1
52 13 1
52 25 1
52 29 -1
52 30 -1
52 38 -1
52 49 -1
52 54 1
52 57 1
52 58 -1
52 59 -1
52 60 1
52 62 -1
52 63 1
53 1 -1
53 4 1
53 6 -1
53 15 1
53 16 1
53 18 -1
53 31 -1
53 51 -1
53 54 1
53 55 -1
53 59 1
53 60 1
53 61 1
53 62 1
53 63 1
54 6 -1
54 18 -1
54 23 -1
54 26 1
54 28 1
54 30 -1
54 40 -1
54 50 1
54 52 1
54 53 1
54 55 -1
54 56 -1
54 60 -1
54 61 -1
54 62 -1
55 9 1
55 14 1
55 17 -1
55 20 -1
55 33 1
55 36 -1
55 41 -1
55 49 1
55 50 -1
55 51 -1
55 53 -1
55 54 -1
55 58 1
55 63 1
55 64 -1
56 1 1
56 8 -1
56 14 -1
56 16 -1
56 26 1
56 30 -1
56 31 1
56 37 -1
56 50 -1
56 51 -1
56 54 -1
56 58 1
56 59 1
56 61 1
56 63 -1
56 64 1
57 9 -1
57 12 1
57 14 -1
57 24 1
57 28 -1
57 39 -1
57 41 1
57 49 -1
57 52 1
57 58 -1
57 59 1
57 61 1
57 62 -1
57 63 -1
57 64 1
58 2 -1
58 3 -1
58 6 -1
58 17 -1
58 33 1
58 37 -1
58 39 -1
58 45 1
58 50 -1
58 52 -1
58 55 1
58 56 1
58 57 -1
58 59 -1
58 63 1
58 64 1
59 9 -1
59 12 -1
59 22 1
59 26 1
59 32 -1
59 41 -1
59 44 1
59 47 1
59 50 -1
59 51 -1
59 52 -1
59 53 1
59 56 1
59 57 1
59 58 -1
59 61 -1
60 5 1
60 11 1
60 19 -1
60 23 1
60 25 1
60 28 1
60 37 -1
60 49 -1
60 50 -1
60 52 1
60 53 1
60 54 -1
60 62 1
60 63 -1
60 64 -1
61 1 1
61 23 -1
61 24 -1
61 33 1
61 35 -1
61 37 -1
61 44 -1
61 48 1
61 49 -1
61 53 1
61 54 -1
61 56 1
61 57 1
61 59 -1
61 62 1
61 64 -1
62 5 -1
62 9 1
62 15 1
62 19 1
62 38 -1
62 45 -1
62 47 -1
62 50 -1
62 51 1
62 52 -1
62 53 1
62 54 -1
62 57 -1
62 60 1
62 61 1
63 2 -1
63 3 -1
63 6 1
63 8 -1
63 21 -1
63 25 1
63 28 -1
63 44 -1
63 51 -1
63 52 1
63 53 1
63 55 1
63 56 -1
63 57 -1
63 58 1
63 60 -1
64 20 1
64 38 1
64 40 1
64 42 1
64 44 -1
64 49 1
64 51 -1
64 55 -1
64 56 1
64 57 1
64 58 1
64 60 -1
64 61 -1
