1 4 1
1 5 -1
1 7 1
1 9 -1
1 10 -1
1 11 -1
1 15 -1
1 16 1
1 31 1
1 50 1
1 51 1
1 53 -1
1 56 -1
1 64 1
2 3 -1
2 4 -1
2 6 1
2 7 1
2 9 1
2 12 -1
2 13 1
2 16 -1
2 17 -1
2 18 1
2 19 -1
2 24 -1
2 38 1
2 46 -1
2 48 1
2 50 1
3 2 -1
3 4 -1
3 8 1
3 9 -1
3 10 -1
3 11 1
3 13 -1
3 14 -1
3 20 -1
3 33 -1
3 34 1
3 45 -1
3 47 1
3 56 1
3 58 1
4 1 1
4 2 -1
4 3 -1
4 6 -1
4 11 -1
4 12 1
4 14 -1
4 16 -1
4 17 1
4 33 -1
4 35 -1
4 37 -1
4 43 -1
4 55 -1
5 1 -1
5 6 -1
5 7 -1
5 8 -1
5 10 -1
5 13 1
5 14 -1
5 15 -1
5 24 -1
5 26 1
5 32 -1
5 48 1
5 50 -1
5 56 1
5 62 -1
6 2 1
6 4 -1
6 5 -1
6 8 -1
6 9 -1
6 13 -1
6 15 -1
6 16 1
6 17 -1
6 21 1
6 26 -1
6 32 -1
6 35 -1
6 36 1
6 58 1
6 61 1
7 1 1
7 2 1
7 5 -1
7 8 -1
7 9 -1
7 10 -1
7 13 1
7 14 1
7 21 -1
7 37 -1
7 39 -1
7 41 1
7 49 -1
7 59 -1
8 3 1
8 5 -1
8 6 -1
8 7 -1
8 10 -1
8 12 -1
8 14 1
8 15 -1
8 18 -1
8 20 1
8 29 -1
8 32 -1
8 36 -1
8 45 -1
8 51 -1
8 59 1
9 1 -1
9 2 1
9 3 -1
9 6 -1
9 7 -1
9 10 1
9 12 -1
9 13 -1
9 26 -1
9 28 -1
9 30 -1
9 32 -1
9 41 -1
9 59 1
9 64 -1
10 1 -1
10 3 -1
10 5 -1
10 7 -1
10 8 -1
10 9 1
10 11 -1
10 16 -1
10 17 1
10 21 -1
10 45 -1
10 46 -1
10 51 -1
10 53 -1
10 57 -1
10 59 -1
11 1 -1
11 3 1
11 4 -1
11 10 -1
11 12 -1
11 13 -1
11 15 -1
11 16 -1
11 20 -1
11 30 1
11 34 -1
11 39 1
11 42 -1
11 49 -1
11 62 -1
12 2 -1
12 4 1
12 8 -1
12 9 -1
12 11 -1
12 14 -1
12 15 -1
12 16 -1
12 28 -1
12 29 1
12 30 -1
12 31 -1
12 36 1
12 40 -1
12 41 -1
12 43 1
13 2 1
13 3 -1
13 5 1
13 6 -1
13 7 1
13 9 -1
13 11 -1
13 15 -1
13 17 1
13 26 -1
13 27 1
13 35 1
13 42 -1
13 51 -1
13 55 1
13 57 1
14 3 -1
14 4 -1
14 5 -1
14 7 1
14 8 1
14 12 -1
14 15 -1
14 16 -1
14 19 -1
14 25 1
14 29 1
14 33 1
14 41 1
14 49 -1
14 57 -1
14 63 -1
15 1 -1
15 5 -1
15 6 -1
15 8 -1
15 11 -1
15 12 -1
15 13 -1
15 14 -1
15 19 1
15 21 -1
15 22 1
15 44 -1
15 45 -1
15 54 -1
15 63 -1
16 1 1
16 2 -1
16 4 -1
16 6 1
16 10 -1
16 11 -1
16 12 -1
16 14 -1
16 22 -1
16 26 -1
16 27 -1
16 28 -1
16 36 -1
16 48 1
16 49 -1
16 52 -1
17 2 -1
17 4 1
17 6 -1
17 10 1
17 13 1
17 20 -1
17 21 -1
17 22 -1
17 24 -1
17 25 -1
17 28 -1
17 29 -1
17 31 -1
17 57 -1
17 60 1
17 62 -1
18 2 1
18 8 -1
18 19 -1
18 20 -1
18 23 -1
18 25 -1
18 26 1
18 30 1
18 31 -1
18 32 1
18 35 -1
18 43 1
18 49 -1
18 56 -1
18 61 -1
19 2 -1
19 14 -1
19 15 1
19 18 -1
19 21 1
19 22 -1
19 24 -1
19 26 -1
19 27 -1
19 29 -1
19 32 -1
19 33 -1
19 38 1
19 41 -1
19 46 -1
19 56 -1
20 3 -1
20 8 1
20 11 -1
20 17 -1
20 18 -1
20 21 -1
20 22 1
20 24 -1
20 26 -1
20 29 1
20 31 -1
20 34 -1
20 35 1
20 39 -1
20 63 -1
20 64 1
21 6 1
21 7 -1
21 10 -1
21 15 -1
21 17 -1
21 19 1
21 20 -1
21 23 -1
21 24 1
21 26 -1
21 31 -1
21 32 -1
21 40 1
21 61 -1
21 64 -1
22 15 1
22 16 -1
22 17 -1
22 19 -1
22 20 1
22 26 -1
22 27 -1
22 28 -1
22 29 1
22 32 -1
22 36 1
22 41 -1
22 48 1
22 52 1
23 18 -1
23 21 -1
23 25 -1
23 26 -1
23 27 -1
23 28 -1
23 30 -1
23 32 -1
23 33 1
23 34 -1
23 42 1
23 55 1
23 57 1
23 61 -1
24 2 -1
24 5 -1
24 17 -1
24 19 -1
24 20 -1
24 21 1
24 25 -1
24 27 -1
24 28 -1
24 29 -1
24 37 -1
24 39 -1
24 47 1
24 53 -1
24 55 -1
24 61 1
25 14 1
25 17 -1
25 18 -1
25 23 -1
25 24 -1
25 28 1
25 30 -1
25 31 -1
25 32 -1
25 36 -1
25 42 1
25 43 -1
25 49 -1
25 50 -1
25 52 -1
25 53 -1
26 5 1
26 6 -1
26 9 -1
26 13 -1
26 16 -1
26 18 1
26 19 -1
26 20 -1
26 21 -1
26 22 -1
26 23 -1
26 29 -1
26 30 -1
26 35 -1
26 61 -1
27 13 1
27 16 -1
27 19 -1
27 22 -1
27 23 -1
27 24 -1
27 29 -1
27 30 -1
27 31 1
27 32 1
27 33 -1
27 34 -1
27 40 -1
27 58 1
27 59 1
27 62 1
28 9 -1
28 12 -1
28 16 -1
28 17 -1
28 22 -1
28 23 -1
28 24 -1
28 25 1
28 29 -1
28 30 -1
28 31 -1
28 35 -1
28 37 -1
28 38 -1
28 47 1
28 48 1
29 8 -1
29 12 1
29 14 1
29 17 -1
29 19 -1
29 20 1
29 22 1
29 24 -1
29 26 -1
29 27 -1
29 28 -1
29 38 1
29 45 -1
29 51 -1
30 9 -1
30 11 1
30 12 -1
30 18 1
30 23 -1
30 25 -1
30 26 -1
30 27 -1
30 28 -1
30 31 -1
30 32 -1
30 48 -1
30 55 -1
30 57 1
30 59 1
30 63 -1
31 1 1
31 12 -1
31 17 -1
31 18 -1
31 20 -1
31 21 -1
31 25 -1
31 27 1
31 28 -1
31 30 -1
31 51 -1
31 62 -1
31 64 -1
32 5 -1
32 6 -1
32 8 -1
32 9 -1
32 18 1
32 19 -1
32 21 -1
32 22 -1
32 23 -1
32 25 -1
32 27 1
32 30 -1
32 39 -1
32 46 -1
32 47 -1
33 3 -1
33 4 -1
33 14 1
33 19 -1
33 23 1
33 27 -1
33 34 1
33 35 1
33 37 1
33 38 1
33 42 1
33 44 -1
33 45 -1
33 48 -1
33 50 -1
33 60 -1
34 3 1
34 11 -1
34 20 -1
34 23 -1
34 27 -1
34 33 1
34 35 -1
34 36 -1
34 37 1
34 38 -1
34 39 -1
34 40 -1
34 46 1
34 54 -1
35 4 -1
35 6 -1
35 13 1
35 18 -1
35 20 1
35 26 -1
35 28 -1
35 33 1
35 34 -1
35 38 -1
35 40 -1
35 42 -1
35 43 -1
35 45 1
35 46 -1
35 56 -1
36 6 1
36 8 -1
36 12 1
36 16 -1
36 22 1
36 25 -1
36 34 -1
36 37 1
36 39 1
36 40 1
36 41 -1
36 42 -1
36 44 -1
36 47 1
36 53 -1
36 54 -1
37 4 -1
37 7 -1
37 24 -1
37 28 -1
37 33 1
37 34 1
37 36 1
37 39 -1
37 41 -1
37 43 -1
37 45 1
37 46 -1
37 50 1
38 2 1
38 19 1
38 28 -1
38 29 1
38 33 1
38 34 -1
38 35 -1
38 40 -1
38 41 -1
38 43 -1
38 47 -1
38 48 -1
38 53 -1
38 55 -1
38 60 -1
39 7 -1
39 11 1
39 20 -1
39 24 -1
39 32 -1
39 34 -1
39 36 1
39 37 -1
39 41 1
39 42 -1
39 43 -1
39 45 -1
39 47 1
39 62 1
39 63 1
40 12 -1
40 21 1
40 27 -1
40 34 -1
40 35 -1
40 36 1
40 38 -1
40 42 -1
40 44 1
40 46 -1
40 47 1
40 49 1
40 52 -1
40 53 -1
40 58 -1
41 7 1
41 9 -1
41 12 -1
41 14 1
41 19 -1
41 22 -1
41 36 -1
41 37 -1
41 38 -1
41 39 1
41 42 1
41 45 1
41 47 1
41 48 1
41 50 -1
41 58 1
42 11 -1
42 13 -1
42 23 1
42 25 1
42 33 1
42 35 -1
42 36 -1
42 39 -1
42 40 -1
42 41 1
42 44 -1
42 46 -1
42 49 -1
42 55 -1
42 57 -1
43 4 -1
43 12 1
43 18 1
43 25 -1
43 35 -1
43 37 -1
43 38 -1
43 39 -1
43 45 -1
43 46 1
43 47 1
43 48 -1
43 58 -1
43 63 1
43 64 -1
44 15 -1
44 33 -1
44 36 -1
44 40 1
44 42 -1
44 45 -1
44 46 -1
44 47 -1
44 48 -1
44 52 -1
44 54 -1
44 59 1
44 60 1
45 3 -1
45 8 -1
45 10 -1
45 15 -1
45 29 -1
45 33 -1
45 35 1
45 37 1
45 39 -1
45 41 1
45 43 -1
45 44 -1
45 48 -1
45 51 1
45 53 -1
45 59 1
46 2 -1
46 10 -1
46 19 -1
46 32 -1
46 34 1
46 35 -1
46 37 -1
46 40 -1
46 42 -1
46 43 1
46 44 -1
46 48 -1
46 52 -1
46 54 1
46 60 1
47 3 1
47 24 1
47 28 1
47 32 -1
47 36 1
47 38 -1
47 39 1
47 40 1
47 41 1
47 43 1
47 44 -1
47 48 -1
47 54 -1
47 55 1
47 56 -1
47 64 1
48 2 1
48 5 1
48 16 1
48 22 1
48 28 1
48 30 -1
48 33 -1
48 38 -1
48 41 1
48 43 -1
48 44 -1
48 45 -1
48 46 -1
48 47 -1
48 61 -1
48 63 1
49 7 -1
49 11 -1
49 14 -1
49 16 -1
49 18 -1
49 25 -1
49 40 1
49 42 -1
49 52 -1
49 54 -1
49 55 1
49 56 -1
49 57 -1
49 59 -1
49 63 -1
49 64 -1
50 1 1
50 2 1
50 5 -1
50 25 -1
50 33 -1
50 37 1
50 41 -1
50 51 1
50 53 -1
50 54 -1
50 56 -1
50 60 -1
50 61 -1
50 62 -1
50 64 -1
51 1 1
51 8 -1
51 10 -1
51 13 -1
51 29 -1
51 31 -1
51 45 1
51 50 1
51 53 1
51 55 -1
51 57 1
51 59 -1
51 60 -1
51 61 -1
51 63 1
52 16 -1
52 22 1
52 25 -1
52 40 -1
52 44 -1
52 46 -1
52 49 -1
52 53 -1
52 58 -1
52 59 -1
52 60 -1
52 61 -1
52 63 -1
52 64 -1
53 1 -1
53 10 -1
53 24 -1
53 25 -1
53 36 -1
53 38 -1
53 40 -1
53 45 -1
53 50 -1
53 51 1
53 52 -1
53 55 1
53 57 -1
53 59 -1
53 62 -1
53 64 -1
54 15 -1
54 34 -1
54 36 -1
54 44 -1
54 46 1
54 47 -1
54 49 -1
54 50 -1
54 56 -1
54 59 1
54 61 1
54 62 -1
54 63 -1
54 64 -1
55 4 -1
55 13 1
55 23 1
55 24 -1
55 30 -1
55 38 -1
55 42 -1
55 47 1
55 49 1
55 51 -1
55 53 1
55 56 -1
55 57 1
55 58 1
55 59 -1
55 64 -1
56 1 -1
56 3 1
56 5 1
56 18 -1
56 19 -1
56 35 -1
56 47 -1
56 49 -1
56 50 -1
56 54 -1
56 55 -1
56 58 1
56 60 -1
56 62 -1
56 64 -1
57 10 -1
57 13 1
57 14 -1
57 17 -1
57 23 1
57 30 1
57 42 -1
57 49 -1
57 51 1
57 53 -1
57 55 1
57 58 1
57 60 -1
57 62 -1
57 63 1
58 3 1
58 6 1
58 27 1
58 40 -1
58 41 1
58 43 -1
58 52 -1
58 55 1
58 56 1
58 57 1
58 60 -1
58 61 -1
58 63 -1
58 64 -1
59 7 -1
59 8 1
59 9 1
59 10 -1
59 27 1
59 30 1
59 44 1
59 45 1
59 49 -1
59 51 -1
59 52 -1
59 53 -1
59 54 1
59 55 -1
59 61 -1
59 63 -1
60 17 1
60 33 -1
60 38 -1
60 44 1
60 46 1
60 50 -1
60 51 -1
60 52 -1
60 56 -1
60 57 -1
60 58 -1
60 61 1
60 62 -1
61 6 1
61 18 -1
61 21 -1
61 23 -1
61 24 1
61 26 -1
61 48 -1
61 50 -1
61 51 -1
61 52 -1
61 54 1
61 58 -1
61 59 -1
61 60 1
61 62 1
62 5 -1
62 11 -1
62 17 -1
62 27 1
62 31 -1
62 39 1
62 50 -1
62 53 -1
62 54 -1
62 56 -1
62 57 -1
62 60 -1
62 61 1
62 63 -1
63 14 -1
63 15 -1
63 20 -1
63 30 -1
63 39 1
63 43 1
63 48 1
63 49 -1
63 51 1
63 52 -1
63 54 -1
63 57 1
63 58 -1
63 59 -1
63 62 -1
64 1 1
64 9 -1
64 20 1
64 21 -1
64 31 -1
64 43 -1
64 47 1
64 49 -1
64 50 -1
64 52 -1
64 53 -1
64 54 -1
64 55 -1
64 56 -1
64 58 -1
