1 3 -1
1 4 -1
1 5 -1
1 8 -1
1 10 -1
1 11 -1
1 15 1
1 16 1
1 19 1
1 25 -1
1 29 -1
1 37 -1
1 47 -1
1 53 -1
1 58 -1
2 3 1
2 4 1
2 6 1
2 8 -1
2 9 1
2 10 -1
2 13 -1
2 14 1
2 17 -1
2 28 -1
2 35 -1
2 45 -1
2 50 -1
2 55 1
2 62 -1
2 63 -1
3 1 -1
3 2 1
3 6 1
3 7 -1
3 8 -1
3 10 -1
3 14 1
3 15 1
3 20 -1
3 22 -1
3 38 -1
3 39 -1
3 46 -1
3 54 -1
3 58 -1
3 61 -1
4 1 -1
4 2 1
4 5 -1
4 6 -1
4 8 -1
4 11 1
4 12 -1
4 15 1
4 22 -1
4 29 -1
4 39 -1
4 43 -1
4 59 -1
4 61 -1
5 1 -1
5 4 -1
5 7 -1
5 9 1
5 10 -1
5 11 1
5 12 1
5 13 -1
5 18 -1
5 23 -1
5 28 -1
5 42 -1
5 50 -1
5 51 -1
5 59 1
6 2 1
6 3 1
6 4 -1
6 9 -1
6 11 -1
6 12 -1
6 14 -1
6 16 -1
6 39 -1
6 41 1
6 47 1
6 49 1
6 51 1
6 55 -1
6 59 -1
6 61 -1
7 3 -1
7 5 -1
7 9 -1
7 10 -1
7 11 1
7 12 1
7 13 -1
7 16 -1
7 18 -1
7 27 -1
7 34 -1
7 46 1
7 54 1
7 63 -1
7 64 -1
8 1 -1
8 2 -1
8 3 -1
8 4 -1
8 9 -1
8 14 -1
8 15 -1
8 16 -1
8 17 -1
8 21 1
8 36 -1
8 38 -1
8 40 -1
8 44 1
8 58 1
8 62 -1
9 2 1
9 5 1
9 6 -1
9 7 -1
9 8 -1
9 14 -1
9 15 -1
9 16 -1
9 18 -1
9 20 -1
9 21 -1
9 48 -1
9 53 -1
9 58 1
9 63 1
9 64 1
10 1 -1
10 2 -1
10 3 -1
10 5 -1
10 7 -1
10 12 -1
10 13 -1
10 14 -1
10 22 -1
10 29 -1
10 38 -1
10 41 1
10 43 -1
10 52 -1
10 55 1
10 64 1
11 1 -1
11 4 1
11 5 1
11 6 -1
11 7 1
11 13 -1
11 14 -1
11 15 -1
11 31 -1
11 35 -1
11 38 -1
11 47 -1
11 52 -1
11 53 -1
11 56 -1
12 4 -1
12 5 1
12 6 -1
12 7 1
12 10 -1
12 13 -1
12 15 -1
12 16 1
12 23 1
12 35 -1
12 37 -1
12 42 1
12 43 -1
12 46 -1
12 48 -1
12 50 -1
13 2 -1
13 5 -1
13 7 -1
13 10 -1
13 11 -1
13 12 -1
13 15 -1
13 16 -1
13 24 -1
13 25 1
13 28 -1
13 36 -1
13 39 -1
13 48 1
13 49 -1
13 57 -1
14 2 1
14 3 1
14 6 -1
14 8 -1
14 9 -1
14 10 -1
14 11 -1
14 16 -1
14 24 -1
14 28 -1
14 34 -1
14 46 -1
14 51 -1
14 55 -1
14 58 -1
14 64 -1
15 1 1
15 3 1
15 4 1
15 8 -1
15 9 -1
15 11 -1
15 12 -1
15 13 -1
15 23 -1
15 37 -1
15 44 -1
15 45 -1
15 48 -1
15 50 -1
15 55 -1
15 64 -1
16 1 1
16 6 -1
16 7 -1
16 8 -1
16 9 -1
16 12 1
16 13 -1
16 14 -1
16 22 1
16 24 -1
16 31 -1
16 36 1
16 38 -1
16 52 -1
17 2 -1
17 8 -1
17 21 -1
17 22 -1
17 25 -1
17 27 -1
17 28 1
17 29 -1
17 31 -1
17 32 -1
17 33 1
17 41 -1
17 57 -1
17 59 -1
17 62 -1
17 64 1
18 5 -1
18 7 -1
18 9 -1
18 19 -1
18 20 -1
18 21 1
18 22 -1
18 24 -1
18 26 -1
18 27 -1
18 28 -1
18 37 -1
18 45 -1
18 47 1
18 49 -1
18 51 -1
19 1 1
19 18 -1
19 22 -1
19 24 -1
19 26 -1
19 28 1
19 30 -1
19 31 1
19 32 -1
19 35 1
19 39 -1
19 41 -1
19 42 -1
19 44 -1
19 63 -1
20 3 -1
20 9 -1
20 18 -1
20 21 -1
20 22 1
20 26 -1
20 27 -1
20 28 -1
20 29 -1
20 31 -1
20 41 -1
20 42 1
20 43 -1
20 45 1
20 49 1
20 50 1
21 8 1
21 9 -1
21 17 -1
21 18 1
21 20 -1
21 23 1
21 24 -1
21 25 -1
21 26 -1
21 32 -1
21 40 1
21 41 1
21 43 -1
21 46 -1
21 60 -1
21 61 1
22 3 -1
22 4 -1
22 10 -1
22 16 1
22 17 -1
22 18 -1
22 19 -1
22 20 1
22 25 -1
22 27 1
22 31 -1
22 32 -1
22 35 -1
22 62 -1
22 63 -1
23 5 -1
23 12 1
23 15 -1
23 21 1
23 24 1
23 25 -1
23 26 1
23 27 -1
23 28 -1
23 29 -1
23 30 -1
23 33 -1
23 46 -1
23 48 -1
23 58 -1
23 62 -1
24 13 -1
24 14 -1
24 16 -1
24 18 -1
24 19 -1
24 21 -1
24 23 1
24 25 1
24 29 -1
24 30 -1
24 32 -1
24 33 -1
24 35 -1
24 43 1
24 48 -1
25 1 -1
25 13 1
25 17 -1
25 21 -1
25 22 -1
25 23 -1
25 24 1
25 27 -1
25 28 -1
25 30 -1
25 33 1
25 45 -1
25 47 -1
25 49 -1
25 58 -1
26 18 -1
26 19 -1
26 20 -1
26 21 -1
26 23 1
26 27 -1
26 29 -1
26 30 -1
26 42 -1
26 48 1
26 50 -1
26 53 1
26 54 -1
26 56 -1
26 57 -1
27 7 -1
27 17 -1
27 18 -1
27 20 -1
27 22 1
27 23 -1
27 25 -1
27 26 -1
27 31 -1
27 37 -1
27 41 -1
27 44 -1
27 45 1
27 51 -1
27 55 -1
27 59 -1
28 2 -1
28 5 -1
28 13 -1
28 14 -1
28 17 1
28 18 -1
28 19 1
28 20 -1
28 23 -1
28 25 -1
28 29 -1
28 30 -1
28 33 -1
28 45 1
28 47 -1
28 57 1
29 1 -1
29 4 -1
29 10 -1
29 17 -1
29 20 -1
29 23 -1
29 24 -1
29 26 -1
29 28 -1
29 31 -1
29 32 -1
29 51 -1
29 52 -1
29 54 -1
29 60 -1
30 19 -1
30 23 -1
30 24 -1
30 25 -1
30 26 -1
30 28 -1
30 31 1
30 32 1
30 34 -1
30 37 -1
30 38 -1
30 40 1
30 52 1
30 56 -1
30 64 -1
31 11 -1
31 16 -1
31 17 -1
31 19 1
31 20 -1
31 22 -1
31 27 -1
31 29 -1
31 30 1
31 32 -1
31 33 -1
31 34 -1
31 44 -1
31 46 -1
31 56 -1
31 57 -1
32 17 -1
32 19 -1
32 21 -1
32 22 -1
32 24 -1
32 29 -1
32 30 1
32 31 -1
32 42 -1
32 52 -1
32 56 -1
32 59 -1
32 60 -1
32 62 -1
33 17 1
33 23 -1
33 24 -1
33 25 1
33 28 -1
33 31 -1
33 34 -1
33 39 -1
33 40 -1
33 41 -1
33 42 -1
33 43 -1
33 47 -1
33 48 -1
33 55 -1
33 57 -1
34 7 -1
34 14 -1
34 30 -1
34 31 -1
34 33 -1
34 35 -1
34 36 -1
34 38 -1
34 40 -1
34 45 -1
34 46 -1
34 48 1
34 55 -1
34 56 -1
34 57 -1
35 2 -1
35 11 -1
35 12 -1
35 19 1
35 22 -1
35 24 -1
35 34 -1
35 41 -1
35 42 -1
35 44 1
35 45 -1
35 46 -1
35 47 -1
35 48 -1
35 50 -1
36 8 -1
36 13 -1
36 16 1
36 34 -1
36 37 -1
36 39 1
36 41 -1
36 42 -1
36 43 -1
36 45 1
36 48 -1
36 53 -1
36 54 1
36 56 -1
36 60 -1
37 1 -1
37 12 -1
37 15 -1
37 18 -1
37 27 -1
37 30 -1
37 36 -1
37 38 -1
37 41 -1
37 43 -1
37 44 -1
37 46 -1
37 47 -1
37 48 -1
37 51 -1
37 52 1
38 3 -1
38 8 -1
38 10 -1
38 11 -1
38 16 -1
38 30 -1
38 34 -1
38 37 -1
38 40 -1
38 41 -1
38 42 -1
38 43 -1
38 44 -1
38 48 -1
38 57 -1
38 61 -1
39 3 -1
39 4 -1
39 6 -1
39 13 -1
39 19 -1
39 33 -1
39 36 1
39 40 1
39 41 -1
39 42 -1
39 44 -1
39 45 -1
39 47 -1
39 58 -1
39 59 -1
39 62 -1
40 8 -1
40 21 1
40 30 1
40 33 -1
40 34 -1
40 38 -1
40 39 1
40 42 -1
40 43 -1
40 45 -1
40 47 -1
40 49 -1
40 54 -1
40 60 -1
41 6 1
41 10 1
41 17 -1
41 19 -1
41 20 -1
41 21 1
41 27 -1
41 33 -1
41 35 -1
41 36 -1
41 37 -1
41 38 -1
41 39 -1
41 46 -1
41 47 -1
41 64 -1
42 5 -1
42 12 1
42 19 -1
42 20 1
42 26 -1
42 32 -1
42 33 -1
42 35 -1
42 36 -1
42 38 -1
42 39 -1
42 40 -1
42 46 -1
42 47 -1
42 54 -1
43 4 -1
43 10 -1
43 12 -1
43 20 -1
43 21 -1
43 24 1
43 33 -1
43 36 -1
43 37 -1
43 38 -1
43 40 -1
43 44 -1
43 45 1
43 46 -1
43 51 -1
43 52 -1
44 8 1
44 15 -1
44 19 -1
44 27 -1
44 31 -1
44 35 1
44 37 -1
44 38 -1
44 39 -1
44 43 -1
44 46 1
44 47 -1
44 48 -1
44 53 -1
44 63 -1
45 2 -1
45 15 -1
45 18 -1
45 20 1
45 25 -1
45 27 1
45 28 1
45 34 -1
45 35 -1
45 36 1
45 39 -1
45 40 -1
45 43 1
45 46 -1
45 48 -1
45 63 -1
46 3 -1
46 7 1
46 12 -1
46 14 -1
46 21 -1
46 23 -1
46 31 -1
46 34 -1
46 35 -1
46 37 -1
46 41 -1
46 42 -1
46 43 -1
46 44 1
46 45 -1
46 61 -1
47 1 -1
47 6 1
47 11 -1
47 18 1
47 25 -1
47 28 -1
47 33 -1
47 35 -1
47 37 -1
47 39 -1
47 40 -1
47 41 -1
47 42 -1
47 44 -1
47 49 -1
47 53 -1
48 9 -1
48 12 -1
48 13 1
48 15 -1
48 23 -1
48 24 -1
48 26 1
48 33 -1
48 34 1
48 35 -1
48 36 -1
48 37 -1
48 38 -1
48 44 -1
48 45 -1
48 53 -1
49 6 1
49 13 -1
49 18 -1
49 20 1
49 25 -1
49 40 -1
49 47 -1
49 50 -1
49 52 -1
49 54 -1
49 55 1
49 56 1
49 59 1
49 62 -1
49 63 -1
50 2 -1
50 5 -1
50 12 -1
50 15 -1
50 20 1
50 26 -1
50 35 -1
50 49 -1
50 51 -1
50 52 1
50 54 -1
50 55 -1
50 61 -1
50 62 -1
50 64 -1
51 5 -1
51 6 1
51 14 -1
51 18 -1
51 27 -1
51 29 -1
51 37 -1
51 43 -1
51 50 -1
51 53 -1
51 55 -1
51 57 1
51 58 -1
51 59 -1
51 61 -1
51 64 1
52 10 -1
52 11 -1
52 16 -1
52 29 -1
52 30 1
52 32 -1
52 37 1
52 43 -1
52 49 -1
52 50 1
52 53 -1
52 55 -1
52 57 -1
52 60 -1
52 61 -1
52 64 -1
53 1 -1
53 9 -1
53 11 -1
53 26 1
53 36 -1
53 44 -1
53 47 -1
53 48 -1
53 51 -1
53 52 -1
53 55 -1
53 56 -1
53 57 1
53 61 -1
53 62 -1
53 63 -1
54 3 -1
54 7 1
54 26 -1
54 29 -1
54 36 1
54 40 -1
54 42 -1
54 49 -1
54 50 -1
54 56 -1
54 58 -1
54 59 -1
54 60 -1
54 62 -1
54 64 1
55 2 1
55 6 -1
55 10 1
55 14 -1
55 15 -1
55 27 -1
55 33 -1
55 34 -1
55 49 1
55 50 -1
55 51 -1
55 52 -1
55 53 -1
55 57 -1
55 58 1
55 63 1
56 11 -1
56 26 -1
56 30 -1
56 31 -1
56 32 -1
56 34 -1
56 36 -1
56 49 1
56 53 -1
56 54 -1
56 57 -1
56 58 -1
56 59 1
56 61 -1
56 62 -1
57 13 -1
57 17 -1
57 26 -1
57 28 1
57 31 -1
57 33 -1
57 34 -1
57 38 -1
57 51 1
57 52 -1
57 53 1
57 55 -1
57 56 -1
57 59 1
57 62 -1
57 64 1
58 1 -1
58 3 -1
58 8 1
58 9 1
58 14 -1
58 23 -1
58 25 -1
58 39 -1
58 51 -1
58 54 -1
58 55 1
58 56 -1
58 59 -1
58 60 -1
58 61 -1
58 63 -1
59 4 -1
59 5 1
59 6 -1
59 17 -1
59 27 -1
59 32 -1
59 39 -1
59 49 1
59 51 -1
59 54 -1
59 56 1
59 57 1
59 58 -1
59 60 -1
59 63 -1
60 21 -1
60 29 -1
60 32 -1
60 36 -1
60 40 -1
60 52 -1
60 54 -1
60 58 -1
60 59 -1
60 61 -1
60 62 -1
60 63 1
60 64 1
61 3 -1
61 4 -1
61 6 -1
61 21 1
61 38 -1
61 46 -1
61 50 -1
61 51 -1
61 52 -1
61 53 -1
61 56 -1
61 58 -1
61 60 -1
61 64 1
62 2 -1
62 8 -1
62 17 -1
62 22 -1
62 23 -1
62 32 -1
62 39 -1
62 49 -1
62 50 -1
62 53 -1
62 54 -1
62 56 -1
62 57 -1
62 60 -1
62 63 -1
63 2 -1
63 7 -1
63 9 1
63 19 -1
63 22 -1
63 44 -1
63 45 -1
63 49 -1
63 53 -1
63 55 1
63 58 -1
63 59 -1
63 60 1
63 62 -1
63 64 -1
64 7 -1
64 9 1
64 10 1
64 14 -1
64 15 -1
64 17 1
64 30 -1
64 41 -1
64 50 -1
64 51 1
64 52 -1
64 54 1
64 57 1
64 60 1
64 61 1
64 63 -1
