1 2 -1
1 5 -1
1 6 -1
1 7 -1
1 8 -1
1 9 -1
1 11 -1
1 16 -1
1 28 -1
1 30 -1
1 33 -1
1 34 -1
1 38 -1
1 54 -1
1 58 -1
2 1 -1
2 4 -1
2 5 -1
2 8 -1
2 9 -1
2 10 -1
2 11 -1
2 16 -1
2 23 -1
2 31 -1
2 44 -1
2 45 -1
2 49 -1
2 52 -1
2 55 -1
3 4 -1
3 6 -1
3 7 -1
3 9 -1
3 13 -1
3 14 1
3 15 1
3 16 -1
3 24 -1
3 26 -1
3 30 -1
3 38 -1
3 41 -1
3 42 -1
3 50 -1
3 52 1
4 2 -1
4 3 -1
4 6 -1
4 7 -1
4 9 -1
4 10 -1
4 11 -1
4 16 -1
4 25 -1
4 31 -1
4 34 -1
4 35 -1
4 50 1
4 56 -1
4 57 -1
4 59 -1
5 1 -1
5 2 -1
5 6 -1
5 8 -1
5 10 -1
5 12 -1
5 14 1
5 16 -1
5 25 -1
5 28 -1
5 39 1
5 43 -1
5 46 -1
5 47 -1
5 54 -1
6 1 -1
6 3 -1
6 4 -1
6 5 -1
6 9 -1
6 10 -1
6 12 -1
6 15 -1
6 18 -1
6 26 -1
6 30 -1
6 46 -1
6 49 -1
6 56 -1
6 59 -1
6 60 -1
7 1 -1
7 3 -1
7 4 -1
7 9 -1
7 10 -1
7 11 -1
7 14 -1
7 15 -1
7 22 -1
7 27 -1
7 28 1
7 29 -1
7 35 -1
7 46 -1
7 50 -1
7 62 -1
8 1 -1
8 2 -1
8 5 -1
8 10 1
8 12 -1
8 13 -1
8 14 -1
8 15 -1
8 23 -1
8 29 1
8 35 -1
8 40 -1
8 42 1
8 49 -1
8 50 -1
9 1 -1
9 2 -1
9 3 -1
9 4 -1
9 6 -1
9 7 -1
9 12 -1
9 13 -1
9 26 -1
9 28 1
9 30 -1
9 40 -1
9 46 -1
9 54 -1
9 63 -1
10 2 -1
10 4 -1
10 5 -1
10 6 -1
10 7 -1
10 8 1
10 13 -1
10 16 1
10 20 -1
10 29 -1
10 34 -1
10 40 -1
10 48 -1
10 51 1
10 59 -1
10 60 -1
11 1 -1
11 2 -1
11 4 -1
11 7 -1
11 12 -1
11 13 -1
11 14 -1
11 15 -1
11 17 -1
11 26 1
11 27 -1
11 32 -1
11 37 -1
11 50 -1
11 54 -1
11 57 -1
12 5 -1
12 6 -1
12 8 -1
12 9 -1
12 11 -1
12 13 -1
12 14 -1
12 15 -1
12 17 -1
12 24 -1
12 26 1
12 33 1
12 37 -1
12 39 1
12 40 -1
12 53 -1
13 3 -1
13 8 -1
13 9 -1
13 10 -1
13 11 -1
13 12 -1
13 14 -1
13 16 -1
13 18 -1
13 23 -1
13 25 -1
13 33 -1
13 51 -1
13 54 -1
13 59 -1
14 3 1
14 5 1
14 7 -1
14 8 -1
14 11 -1
14 12 -1
14 13 -1
14 15 -1
14 18 -1
14 22 1
14 23 -1
14 37 -1
14 38 -1
14 43 -1
14 48 -1
15 3 1
15 6 -1
15 7 -1
15 8 -1
15 11 -1
15 12 -1
15 14 -1
15 16 -1
15 28 -1
15 30 1
15 45 -1
15 49 -1
15 52 -1
15 55 -1
15 61 -1
16 1 -1
16 2 -1
16 3 -1
16 4 -1
16 5 -1
16 10 1
16 13 -1
16 15 -1
16 18 -1
16 25 -1
16 32 -1
16 35 -1
16 47 -1
16 60 -1
16 62 -1
17 11 -1
17 12 -1
17 18 -1
17 20 -1
17 21 -1
17 22 -1
17 23 -1
17 26 -1
17 31 -1
17 32 -1
17 40 -1
17 41 -1
17 43 -1
17 54 -1
17 60 -1
18 6 -1
18 13 -1
18 14 -1
18 16 -1
18 17 -1
18 19 -1
18 21 -1
18 22 -1
18 23 -1
18 24 -1
18 27 -1
18 28 -1
18 39 -1
18 51 -1
19 18 -1
19 21 -1
19 24 -1
19 25 -1
19 27 -1
19 29 -1
19 30 -1
19 32 -1
19 34 -1
19 37 -1
19 45 1
19 47 -1
19 49 -1
19 51 -1
19 55 -1
20 10 -1
20 17 -1
20 21 -1
20 24 1
20 25 -1
20 27 -1
20 28 -1
20 29 -1
20 31 1
20 34 -1
20 37 -1
20 46 -1
20 48 -1
20 49 -1
21 17 -1
21 18 -1
21 19 -1
21 20 -1
21 23 -1
21 27 -1
21 30 -1
21 32 -1
21 33 -1
21 41 -1
21 42 -1
21 45 -1
21 47 -1
21 51 -1
21 55 -1
22 7 -1
22 14 1
22 17 -1
22 18 -1
22 23 -1
22 26 -1
22 27 -1
22 28 -1
22 31 -1
22 32 -1
22 38 -1
22 39 -1
22 41 -1
22 53 -1
22 57 -1
23 2 -1
23 8 -1
23 13 -1
23 14 -1
23 17 -1
23 18 -1
23 21 -1
23 22 -1
23 24 -1
23 29 -1
23 30 1
23 32 -1
23 36 -1
23 43 -1
23 52 -1
23 59 -1
24 3 -1
24 12 -1
24 18 -1
24 19 -1
24 20 1
24 23 -1
24 25 -1
24 28 -1
24 29 -1
24 30 -1
24 40 1
24 41 1
24 47 -1
24 52 -1
24 62 -1
25 4 -1
25 5 -1
25 13 -1
25 16 -1
25 19 -1
25 20 -1
25 24 -1
25 26 -1
25 27 -1
25 28 -1
25 31 -1
25 32 -1
25 36 -1
25 48 -1
25 59 -1
25 60 -1
26 3 -1
26 6 -1
26 9 -1
26 11 1
26 12 1
26 17 -1
26 22 -1
26 25 -1
26 27 -1
26 29 -1
26 30 -1
26 31 1
26 32 1
26 36 -1
26 58 -1
27 7 -1
27 11 -1
27 18 -1
27 19 -1
27 20 -1
27 21 -1
27 22 -1
27 25 -1
27 26 -1
27 29 -1
27 42 -1
27 46 -1
27 49 -1
27 52 -1
27 59 -1
27 61 -1
28 1 -1
28 5 -1
28 7 1
28 9 1
28 15 -1
28 18 -1
28 20 -1
28 22 -1
28 24 -1
28 25 -1
28 30 -1
28 31 -1
28 32 -1
28 35 -1
28 57 -1
28 62 -1
29 7 -1
29 8 1
29 10 -1
29 19 -1
29 20 -1
29 23 -1
29 24 -1
29 26 -1
29 27 -1
29 30 -1
29 31 -1
29 33 -1
29 34 -1
29 52 -1
29 63 -1
30 1 -1
30 3 -1
30 6 -1
30 9 -1
30 15 1
30 19 -1
30 21 -1
30 23 1
30 24 -1
30 26 -1
30 28 -1
30 29 -1
30 31 -1
30 35 -1
30 55 -1
30 61 -1
31 2 -1
31 4 -1
31 17 -1
31 20 1
31 22 -1
31 25 -1
31 26 1
31 28 -1
31 29 -1
31 30 -1
31 53 -1
31 55 -1
31 57 -1
31 60 -1
31 63 1
32 11 -1
32 16 -1
32 17 -1
32 19 -1
32 21 -1
32 22 -1
32 23 -1
32 25 -1
32 26 1
32 28 -1
32 38 -1
32 45 -1
32 58 -1
32 60 1
32 64 1
33 1 -1
33 12 1
33 13 -1
33 21 -1
33 29 -1
33 35 -1
33 36 -1
33 40 -1
33 41 -1
33 44 -1
33 45 -1
33 46 1
33 47 1
33 53 -1
33 62 -1
34 1 -1
34 4 -1
34 10 -1
34 19 -1
34 20 -1
34 29 -1
34 35 -1
34 39 -1
34 41 -1
34 42 -1
34 43 -1
34 45 -1
34 46 1
34 47 -1
34 57 -1
34 61 -1
35 4 -1
35 7 -1
35 8 -1
35 16 -1
35 28 -1
35 30 -1
35 33 -1
35 34 -1
35 37 1
35 43 1
35 44 -1
35 46 -1
35 47 -1
35 48 -1
35 52 -1
35 63 -1
36 23 -1
36 25 -1
36 26 -1
36 33 -1
36 38 1
36 39 1
36 44 -1
36 45 -1
36 46 -1
36 47 -1
36 48 -1
36 53 -1
36 56 -1
36 60 -1
37 11 -1
37 12 -1
37 14 -1
37 19 -1
37 20 -1
37 35 1
37 39 -1
37 40 -1
37 41 -1
37 43 -1
37 46 -1
37 47 -1
37 48 -1
37 53 -1
37 61 -1
38 1 -1
38 3 -1
38 14 -1
38 22 -1
38 32 -1
38 36 1
38 39 -1
38 40 -1
38 42 -1
38 45 -1
38 46 -1
38 47 -1
38 48 -1
38 56 -1
38 58 -1
38 63 -1
39 5 1
39 12 1
39 18 -1
39 22 -1
39 34 -1
39 36 1
39 37 -1
39 38 -1
39 40 -1
39 42 -1
39 44 -1
39 45 -1
39 56 -1
39 57 -1
39 62 -1
40 8 -1
40 9 -1
40 10 -1
40 12 -1
40 17 -1
40 24 1
40 33 -1
40 37 -1
40 38 -1
40 39 -1
40 42 -1
40 43 -1
40 44 -1
40 48 1
40 51 -1
40 58 1
41 3 -1
41 17 -1
41 21 -1
41 22 -1
41 24 1
41 33 -1
41 34 -1
41 37 -1
41 42 -1
41 44 -1
41 45 -1
41 47 -1
41 48 -1
41 54 -1
41 55 -1
41 58 -1
42 3 -1
42 8 1
42 21 -1
42 27 -1
42 34 -1
42 38 -1
42 39 -1
42 40 -1
42 41 -1
42 43 1
42 44 -1
42 45 -1
42 56 -1
42 58 -1
42 61 -1
43 5 -1
43 14 -1
43 17 -1
43 23 -1
43 34 -1
43 35 1
43 37 -1
43 40 -1
43 42 1
43 44 -1
43 46 -1
43 48 -1
43 62 -1
43 63 -1
44 2 -1
44 33 -1
44 35 -1
44 36 -1
44 39 -1
44 40 -1
44 41 -1
44 42 -1
44 43 -1
44 53 -1
44 63 -1
44 64 1
45 2 -1
45 15 -1
45 19 1
45 21 -1
45 32 -1
45 33 -1
45 34 -1
45 36 -1
45 38 -1
45 39 -1
45 41 -1
45 42 -1
45 46 -1
45 50 -1
45 64 -1
46 5 -1
46 6 -1
46 7 -1
46 9 -1
46 20 -1
46 27 -1
46 33 1
46 34 1
46 35 -1
46 36 -1
46 37 -1
46 38 -1
46 43 -1
46 45 -1
46 51 -1
46 59 -1
47 5 -1
47 16 -1
47 19 -1
47 21 -1
47 24 -1
47 33 1
47 34 -1
47 35 -1
47 36 -1
47 37 -1
47 38 -1
47 41 -1
47 48 -1
47 50 -1
47 61 -1
48 10 -1
48 14 -1
48 20 -1
48 25 -1
48 35 -1
48 36 -1
48 37 -1
48 38 -1
48 40 1
48 41 -1
48 43 -1
48 47 -1
48 53 -1
48 64 -1
49 2 -1
49 6 -1
49 8 -1
49 15 -1
49 19 -1
49 20 -1
49 27 -1
49 51 -1
49 54 1
49 55 -1
49 56 -1
49 58 -1
49 62 -1
49 63 -1
49 64 -1
50 3 -1
50 4 1
50 7 -1
50 8 -1
50 11 -1
50 45 -1
50 47 -1
50 52 -1
50 54 -1
50 55 -1
50 56 -1
50 60 -1
50 62 -1
50 63 -1
50 64 -1
51 10 1
51 13 -1
51 18 -1
51 19 -1
51 21 -1
51 40 -1
51 46 -1
51 49 -1
51 52 -1
51 54 -1
51 55 -1
51 56 -1
51 57 -1
51 59 -1
51 64 -1
52 2 -1
52 3 1
52 15 -1
52 23 -1
52 24 -1
52 27 -1
52 29 -1
52 35 -1
52 50 -1
52 51 -1
52 53 -1
52 56 -1
52 57 -1
52 58 -1
52 59 -1
52 61 -1
53 12 -1
53 22 -1
53 31 -1
53 33 -1
53 36 -1
53 37 -1
53 44 -1
53 48 -1
53 52 -1
53 54 -1
53 56 -1
53 60 -1
53 61 -1
53 62 -1
53 63 -1
53 64 -1
54 1 -1
54 5 -1
54 9 -1
54 11 -1
54 13 -1
54 17 -1
54 41 -1
54 49 1
54 50 -1
54 51 -1
54 53 -1
54 55 -1
54 57 1
54 62 -1
54 64 -1
55 2 -1
55 15 -1
55 19 -1
55 21 -1
55 30 -1
55 31 -1
55 41 -1
55 49 -1
55 50 -1
55 51 -1
55 54 -1
55 57 1
55 58 -1
55 60 1
55 61 -1
56 4 -1
56 6 -1
56 36 -1
56 38 -1
56 39 -1
56 42 -1
56 49 -1
56 50 -1
56 51 -1
56 52 -1
56 53 -1
56 58 -1
56 59 -1
56 61 1
57 4 -1
57 11 -1
57 22 -1
57 28 -1
57 31 -1
57 34 -1
57 39 -1
57 51 -1
57 52 -1
57 54 1
57 55 1
57 58 1
57 59 -1
57 60 -1
57 63 -1
58 1 -1
58 26 -1
58 32 -1
58 38 -1
58 40 1
58 41 -1
58 42 -1
58 49 -1
58 52 -1
58 55 -1
58 56 -1
58 57 1
58 59 1
58 61 -1
58 64 -1
59 4 -1
59 6 -1
59 10 -1
59 13 -1
59 23 -1
59 25 -1
59 27 -1
59 46 -1
59 51 -1
59 52 -1
59 56 -1
59 57 -1
59 58 1
59 60 -1
59 61 -1
59 62 -1
60 6 -1
60 10 -1
60 16 -1
60 17 -1
60 25 -1
60 31 -1
60 32 1
60 36 -1
60 50 -1
60 53 -1
60 55 1
60 57 -1
60 59 -1
60 61 -1
60 62 -1
60 63 -1
61 15 -1
61 27 -1
61 30 -1
61 34 -1
61 37 -1
61 42 -1
61 47 -1
61 52 -1
61 53 -1
61 55 -1
61 56 1
61 58 -1
61 59 -1
61 60 -1
61 63 -1
62 7 -1
62 16 -1
62 24 -1
62 28 -1
62 33 -1
62 39 -1
62 43 -1
62 49 -1
62 50 -1
62 53 -1
62 54 -1
62 59 -1
62 60 -1
62 63 -1
62 64 1
63 9 -1
63 29 -1
63 31 1
63 35 -1
63 38 -1
63 43 -1
63 44 -1
63 49 -1
63 50 -1
63 53 -1
63 57 -1
63 60 -1
63 61 -1
63 62 -1
63 64 -1
64 32 1
64 44 1
64 45 -1
64 48 -1
64 49 -1
64 50 -1
64 51 -1
64 53 -1
64 54 -1
64 58 -1
64 62 1
64 63 -1
