1 2 -1
1 3 -1
1 4 -1
1 8 -1
1 10 1
1 11 1
1 14 -1
1 15 -1
1 21 1
1 24 -1
1 31 1
1 38 -1
1 44 -1
1 46 -1
1 61 -1
2 1 -1
2 3 -1
2 9 -1
2 11 -1
2 12 -1
2 13 -1
2 15 -1
2 16 -1
2 19 -1
2 23 -1
2 40 -1
2 41 1
2 46 -1
2 48 -1
2 55 -1
2 62 -1
3 1 -1
3 2 -1
3 5 -1
3 8 -1
3 9 -1
3 11 -1
3 14 -1
3 15 1
3 20 -1
3 25 -1
3 42 -1
3 43 -1
3 46 1
3 59 -1
3 63 -1
4 1 -1
4 5 1
4 6 1
4 7 -1
4 8 -1
4 10 -1
4 13 -1
4 14 -1
4 18 -1
4 21 1
4 22 -1
4 31 -1
4 32 -1
4 43 -1
4 53 -1
4 57 1
5 3 -1
5 4 1
5 6 -1
5 7 -1
5 9 -1
5 12 -1
5 14 -1
5 16 -1
5 18 -1
5 29 -1
5 31 -1
5 32 -1
5 34 -1
5 53 -1
5 59 -1
5 60 -1
6 4 1
6 5 -1
6 7 -1
6 9 -1
6 11 -1
6 12 -1
6 14 -1
6 15 -1
6 17 -1
6 20 -1
6 34 -1
6 36 -1
6 40 1
6 47 -1
6 50 -1
6 60 -1
7 4 -1
7 5 -1
7 6 -1
7 8 -1
7 9 -1
7 10 -1
7 15 -1
7 16 -1
7 19 1
7 20 1
7 30 -1
7 33 1
7 38 -1
7 43 -1
7 48 -1
7 51 -1
8 1 -1
8 3 -1
8 4 -1
8 7 -1
8 9 -1
8 11 -1
8 12 -1
8 13 -1
8 27 -1
8 30 -1
8 34 1
8 38 -1
8 45 -1
8 47 -1
8 52 -1
8 54 -1
9 2 -1
9 3 -1
9 5 -1
9 6 -1
9 7 -1
9 8 -1
9 10 -1
9 13 1
9 23 -1
9 28 -1
9 29 -1
9 30 -1
9 34 -1
9 36 -1
9 40 -1
9 64 -1
10 1 1
10 4 -1
10 7 -1
10 9 -1
10 11 -1
10 12 -1
10 13 -1
10 16 -1
10 22 -1
10 27 -1
10 35 -1
10 37 -1
10 43 -1
10 51 -1
11 1 1
11 2 -1
11 3 -1
11 6 -1
11 8 -1
11 10 -1
11 13 -1
11 16 1
11 27 -1
11 47 -1
11 49 -1
11 51 -1
11 58 -1
11 63 -1
12 2 -1
12 5 -1
12 6 -1
12 8 -1
12 10 -1
12 14 -1
12 15 -1
12 16 -1
12 18 -1
12 23 -1
12 24 -1
12 39 -1
12 42 -1
12 44 -1
12 45 -1
12 52 1
13 2 -1
13 4 -1
13 8 -1
13 9 1
13 10 -1
13 11 -1
13 15 -1
13 16 -1
13 24 -1
13 31 -1
13 33 -1
13 34 -1
13 35 -1
13 54 -1
13 61 1
14 1 -1
14 3 -1
14 4 -1
14 5 -1
14 6 -1
14 12 -1
14 15 -1
14 16 -1
14 23 -1
14 35 -1
14 40 -1
14 48 -1
14 49 1
14 58 -1
14 63 -1
15 1 -1
15 2 -1
15 3 1
15 6 -1
15 7 -1
15 12 -1
15 13 -1
15 14 -1
15 25 -1
15 39 -1
15 40 -1
15 55 1
15 56 -1
15 57 -1
15 63 -1
16 2 -1
16 5 -1
16 7 -1
16 10 -1
16 11 1
16 12 -1
16 13 -1
16 14 -1
16 18 -1
16 21 -1
16 26 -1
16 38 -1
16 39 -1
16 48 -1
16 54 -1
17 6 -1
17 20 -1
17 21 1
17 22 -1
17 23 -1
17 24 -1
17 26 -1
17 28 -1
17 31 -1
17 37 -1
17 44 -1
17 47 -1
17 50 -1
17 54 -1
17 55 1
17 58 -1
18 4 -1
18 5 -1
18 12 -1
18 16 -1
18 19 -1
18 21 -1
18 23 1
18 24 -1
18 25 -1
18 26 -1
18 31 -1
18 32 -1
18 42 -1
18 46 1
18 49 -1
18 53 -1
19 2 -1
19 7 1
19 18 -1
19 21 -1
19 23 -1
19 25 -1
19 26 -1
19 27 -1
19 29 -1
19 32 -1
19 33 1
19 44 -1
19 51 -1
19 62 -1
19 63 -1
20 3 -1
20 6 -1
20 7 1
20 17 -1
20 21 -1
20 22 -1
20 25 -1
20 27 -1
20 28 -1
20 29 -1
20 32 -1
20 36 -1
20 39 -1
20 47 -1
20 48 -1
20 52 -1
21 1 1
21 4 1
21 16 -1
21 17 1
21 18 -1
21 19 -1
21 20 -1
21 24 -1
21 26 -1
21 28 -1
21 31 -1
21 35 -1
21 51 -1
21 59 -1
21 61 -1
21 63 -1
22 4 -1
22 10 -1
22 17 -1
22 20 -1
22 23 1
22 25 -1
22 27 -1
22 29 1
22 30 -1
22 32 -1
22 42 -1
22 44 -1
22 57 1
22 59 -1
22 64 -1
23 2 -1
23 9 -1
23 12 -1
23 14 -1
23 17 -1
23 18 1
23 19 -1
23 22 1
23 28 -1
23 29 -1
23 30 -1
23 32 1
23 44 -1
23 45 -1
23 54 -1
24 1 -1
24 12 -1
24 13 -1
24 17 -1
24 18 -1
24 21 -1
24 27 -1
24 28 -1
24 29 -1
24 30 -1
24 32 -1
24 45 -1
24 52 -1
24 54 -1
24 61 -1
24 63 -1
25 3 -1
25 15 -1
25 18 -1
25 19 -1
25 20 -1
25 22 -1
25 26 -1
25 27 -1
25 28 -1
25 31 -1
25 40 -1
25 58 -1
25 60 -1
25 64 -1
26 16 -1
26 17 -1
26 18 -1
26 19 -1
26 21 -1
26 25 -1
26 27 -1
26 30 -1
26 31 -1
26 34 -1
26 36 -1
26 42 -1
26 57 -1
26 60 -1
26 64 -1
27 8 -1
27 10 -1
27 11 -1
27 19 -1
27 20 -1
27 22 -1
27 24 -1
27 25 -1
27 26 -1
27 30 -1
27 32 -1
27 36 -1
27 41 -1
27 51 -1
27 52 1
28 9 -1
28 17 -1
28 20 -1
28 21 -1
28 23 -1
28 24 -1
28 25 -1
28 30 1
28 31 -1
28 46 -1
28 50 -1
28 52 -1
28 53 -1
28 60 -1
28 62 -1
28 64 1
29 5 -1
29 9 -1
29 19 -1
29 20 -1
29 22 1
29 23 -1
29 24 -1
29 30 -1
29 31 -1
29 32 -1
29 37 -1
29 38 -1
29 42 -1
29 52 -1
29 56 -1
29 59 -1
30 7 -1
30 8 -1
30 9 -1
30 22 -1
30 23 -1
30 24 -1
30 26 -1
30 27 -1
30 28 1
30 29 -1
30 31 -1
30 33 -1
30 49 -1
30 55 -1
30 60 -1
31 1 1
31 4 -1
31 5 -1
31 13 -1
31 17 -1
31 18 -1
31 21 -1
31 25 -1
31 26 -1
31 28 -1
31 29 -1
31 30 -1
31 37 1
31 40 -1
31 45 -1
31 50 -1
32 4 -1
32 5 -1
32 18 -1
32 19 -1
32 20 -1
32 22 -1
32 23 1
32 24 -1
32 27 -1
32 29 -1
32 34 -1
32 37 -1
32 42 -1
32 45 -1
32 50 -1
32 57 -1
33 7 1
33 13 -1
33 19 1
33 30 -1
33 34 -1
33 35 1
33 36 -1
33 38 -1
33 41 1
33 43 -1
33 46 -1
33 48 -1
33 50 -1
33 53 -1
33 56 -1
34 5 -1
34 6 -1
34 8 1
34 9 -1
34 13 -1
34 26 -1
34 32 -1
34 33 -1
34 37 -1
34 38 -1
34 39 -1
34 40 -1
34 44 -1
34 45 -1
34 46 -1
34 62 -1
35 10 -1
35 13 -1
35 14 -1
35 21 -1
35 33 1
35 39 -1
35 41 -1
35 42 -1
35 44 -1
35 45 -1
35 47 -1
35 48 1
35 50 -1
35 52 -1
35 56 -1
36 6 -1
36 9 -1
36 20 -1
36 26 -1
36 27 -1
36 33 -1
36 37 -1
36 38 -1
36 39 -1
36 42 -1
36 43 1
36 46 -1
36 47 -1
36 51 -1
36 53 -1
36 61 -1
37 10 -1
37 17 -1
37 29 -1
37 31 1
37 32 -1
37 34 -1
37 36 -1
37 38 -1
37 40 -1
37 42 -1
37 43 -1
37 45 -1
37 48 -1
37 56 -1
37 58 -1
38 1 -1
38 7 -1
38 8 -1
38 16 -1
38 29 -1
38 33 -1
38 34 -1
38 36 -1
38 37 -1
38 39 -1
38 41 -1
38 44 -1
38 48 -1
38 53 -1
38 59 -1
38 62 -1
39 12 -1
39 15 -1
39 16 -1
39 20 -1
39 34 -1
39 35 -1
39 36 -1
39 38 -1
39 40 -1
39 42 -1
39 43 -1
39 47 -1
39 51 -1
39 55 -1
39 59 -1
39 64 1
40 2 -1
40 6 1
40 9 -1
40 14 -1
40 15 -1
40 25 -1
40 31 -1
40 34 -1
40 37 -1
40 39 -1
40 44 -1
40 45 -1
40 46 -1
40 47 -1
40 48 -1
40 61 -1
41 2 1
41 27 -1
41 33 1
41 35 -1
41 38 -1
41 42 -1
41 44 -1
41 46 1
41 47 1
41 48 -1
41 49 -1
41 57 -1
41 58 -1
41 59 -1
41 61 -1
42 3 -1
42 12 -1
42 18 -1
42 22 -1
42 26 -1
42 29 -1
42 32 -1
42 35 -1
42 36 -1
42 37 -1
42 39 -1
42 41 -1
42 43 -1
42 45 -1
42 48 -1
42 63 1
43 3 -1
43 4 -1
43 7 -1
43 10 -1
43 33 -1
43 36 1
43 37 -1
43 39 -1
43 42 -1
43 44 -1
43 45 -1
43 47 -1
43 49 -1
43 55 -1
43 56 -1
44 1 -1
44 12 -1
44 17 -1
44 19 -1
44 22 -1
44 23 -1
44 34 -1
44 35 -1
44 38 -1
44 40 -1
44 41 -1
44 43 -1
44 46 -1
44 47 -1
44 53 -1
45 8 -1
45 12 -1
45 23 -1
45 24 -1
45 31 -1
45 32 -1
45 34 -1
45 35 -1
45 37 -1
45 40 -1
45 42 -1
45 43 -1
45 46 -1
45 48 -1
45 56 -1
45 60 -1
46 1 -1
46 2 -1
46 3 1
46 18 1
46 28 -1
46 33 -1
46 34 -1
46 36 -1
46 40 -1
46 41 1
46 44 -1
46 45 -1
46 47 -1
46 55 1
46 62 -1
47 6 -1
47 8 -1
47 11 -1
47 17 -1
47 20 -1
47 35 -1
47 36 -1
47 39 -1
47 40 -1
47 41 1
47 43 -1
47 44 -1
47 46 -1
47 50 -1
47 56 -1
47 62 -1
48 2 -1
48 7 -1
48 14 -1
48 16 -1
48 20 -1
48 33 -1
48 35 1
48 37 -1
48 38 -1
48 40 -1
48 41 -1
48 42 -1
48 45 -1
48 55 -1
48 61 -1
49 11 -1
49 14 1
49 18 -1
49 30 -1
49 41 -1
49 43 -1
49 51 -1
49 52 -1
49 53 -1
49 54 1
49 56 -1
49 57 -1
49 58 -1
49 63 -1
50 6 -1
50 17 -1
50 28 -1
50 31 -1
50 32 -1
50 33 -1
50 35 -1
50 47 -1
50 52 -1
50 57 -1
50 58 -1
50 59 -1
50 60 -1
50 61 1
50 62 -1
50 64 -1
51 7 -1
51 10 -1
51 11 -1
51 19 -1
51 21 -1
51 27 -1
51 36 -1
51 39 -1
51 49 -1
51 52 -1
51 55 -1
51 56 -1
51 59 -1
51 62 -1
51 63 -1
51 64 -1
52 8 -1
52 12 1
52 20 -1
52 24 -1
52 27 1
52 28 -1
52 29 -1
52 35 -1
52 49 -1
52 50 -1
52 51 -1
52 55 -1
52 56 -1
52 59 -1
52 60 -1
52 63 -1
53 4 -1
53 5 -1
53 18 -1
53 28 -1
53 33 -1
53 36 -1
53 38 -1
53 44 -1
53 49 -1
53 55 -1
53 56 -1
53 57 -1
53 60 -1
53 61 -1
53 62 -1
53 64 -1
54 8 -1
54 13 -1
54 16 -1
54 17 -1
54 23 -1
54 24 -1
54 49 1
54 56 -1
54 57 -1
54 58 1
54 60 -1
54 61 -1
54 62 -1
54 63 -1
55 2 -1
55 15 1
55 17 1
55 30 -1
55 39 -1
55 43 -1
55 46 1
55 48 -1
55 51 -1
55 52 -1
55 53 -1
55 56 1
55 57 -1
55 59 -1
55 61 -1
55 64 -1
56 15 -1
56 29 -1
56 33 -1
56 35 -1
56 37 -1
56 43 -1
56 45 -1
56 47 -1
56 49 -1
56 51 -1
56 52 -1
56 53 -1
56 54 -1
56 55 1
56 57 -1
56 61 -1
57 4 1
57 15 -1
57 22 1
57 26 -1
57 32 -1
57 41 -1
57 49 -1
57 50 -1
57 53 -1
57 54 -1
57 55 -1
57 56 -1
57 59 1
57 62 -1
58 11 -1
58 14 -1
58 17 -1
58 25 -1
58 37 -1
58 41 -1
58 49 -1
58 50 -1
58 54 1
58 59 1
58 60 -1
58 62 -1
58 63 -1
58 64 -1
59 3 -1
59 5 -1
59 21 -1
59 22 -1
59 29 -1
59 38 -1
59 39 -1
59 41 -1
59 50 -1
59 51 -1
59 52 -1
59 55 -1
59 57 1
59 58 1
59 60 -1
59 61 -1
60 5 -1
60 6 -1
60 25 -1
60 26 -1
60 28 -1
60 30 -1
60 45 -1
60 50 -1
60 52 -1
60 53 -1
60 54 -1
60 58 -1
60 59 -1
60 61 -1
60 63 -1
61 1 -1
61 13 1
61 21 -1
61 24 -1
61 36 -1
61 40 -1
61 41 -1
61 48 -1
61 50 1
61 53 -1
61 54 -1
61 55 -1
61 56 -1
61 59 -1
61 60 -1
61 64 -1
62 2 -1
62 19 -1
62 28 -1
62 34 -1
62 38 -1
62 46 -1
62 47 -1
62 50 -1
62 51 -1
62 53 -1
62 54 -1
62 57 -1
62 58 -1
62 63 -1
62 64 -1
63 3 -1
63 11 -1
63 14 -1
63 15 -1
63 19 -1
63 21 -1
63 24 -1
63 42 1
63 49 -1
63 51 -1
63 52 -1
63 54 -1
63 58 -1
63 60 -1
63 62 -1
63 64 -1
64 9 -1
64 22 -1
64 25 -1
64 26 -1
64 28 1
64 39 1
64 50 -1
64 51 -1
64 53 -1
64 55 -1
64 58 -1
64 61 -1
64 62 -1
64 63 -1
