1 2 1
1 3 1
1 4 -1
1 7 1
1 8 1
1 10 -1
1 13 1
1 15 -1
1 30 1
1 43 1
1 44 -1
1 54 1
1 56 1
1 58 -1
1 59 1
2 1 1
2 3 1
2 4 -1
2 5 -1
2 6 1
2 8 1
2 9 -1
2 10 -1
2 18 1
2 22 1
2 26 1
2 27 1
2 28 1
2 40 1
2 48 1
2 53 1
3 1 1
3 2 1
3 4 1
3 8 1
3 9 1
3 11 -1
3 13 -1
3 15 1
3 23 -1
3 34 1
3 38 1
3 40 1
3 41 1
3 44 1
3 49 1
3 54 -1
4 1 -1
4 2 -1
4 3 1
4 6 1
4 9 1
4 12 1
4 14 -1
4 16 1
4 24 1
4 25 1
4 45 -1
4 46 1
4 47 1
4 52 1
4 56 1
4 58 1
5 2 -1
5 6 1
5 7 1
5 8 1
5 9 -1
5 10 -1
5 11 1
5 16 1
5 27 -1
5 36 1
5 44 -1
5 46 -1
5 54 -1
5 55 1
5 60 -1
6 2 1
6 4 1
6 5 1
6 7 1
6 9 -1
6 12 -1
6 15 -1
6 16 -1
6 28 -1
6 44 1
6 45 -1
6 53 -1
6 58 1
6 60 1
6 63 1
7 1 1
7 5 1
7 6 1
7 11 -1
7 12 1
7 13 -1
7 14 1
7 16 -1
7 17 1
7 18 1
7 19 1
7 28 1
7 34 1
7 35 -1
7 36 1
7 53 1
8 1 1
8 2 1
8 3 1
8 5 1
8 10 -1
8 11 1
8 13 1
8 15 -1
8 21 -1
8 23 1
8 29 1
8 35 -1
8 39 1
8 43 1
8 60 1
9 2 -1
9 3 1
9 4 1
9 5 -1
9 6 -1
9 11 -1
9 13 -1
9 14 -1
9 17 1
9 37 1
9 38 1
9 41 1
9 59 1
9 61 -1
10 1 -1
10 2 -1
10 5 -1
10 8 -1
10 12 1
10 13 -1
10 14 -1
10 16 -1
10 35 -1
10 40 -1
10 44 1
10 52 1
10 59 -1
10 63 1
11 3 -1
11 5 1
11 7 -1
11 8 1
11 9 -1
11 12 1
11 14 -1
11 16 -1
11 26 -1
11 29 -1
11 32 -1
11 41 -1
11 48 1
11 50 1
11 52 -1
11 64 1
12 4 1
12 6 -1
12 7 1
12 10 1
12 11 1
12 14 1
12 15 -1
12 16 1
12 20 -1
12 24 -1
12 25 1
12 28 -1
12 47 1
12 55 1
12 59 1
12 61 -1
13 1 1
13 3 -1
13 7 -1
13 8 1
13 9 -1
13 10 -1
13 14 1
13 15 -1
13 22 -1
13 24 1
13 28 -1
13 42 -1
13 55 -1
13 57 1
14 4 -1
14 7 1
14 9 -1
14 10 -1
14 11 -1
14 12 1
14 13 1
14 15 -1
14 18 -1
14 23 -1
14 35 -1
14 38 1
14 46 -1
14 48 1
14 59 1
15 1 -1
15 3 1
15 6 -1
15 8 -1
15 12 -1
15 13 -1
15 14 -1
15 16 1
15 26 -1
15 33 -1
15 37 1
15 47 1
15 54 1
15 61 1
15 62 1
16 4 1
16 5 1
16 6 -1
16 7 -1
16 10 -1
16 11 -1
16 12 1
16 15 1
16 25 1
16 27 -1
16 29 -1
16 31 1
16 35 1
16 49 1
16 51 1
16 58 1
17 7 1
17 9 1
17 20 -1
17 21 -1
17 22 1
17 24 1
17 25 1
17 28 -1
17 30 -1
17 32 -1
17 37 -1
17 39 -1
17 42 1
17 48 1
17 62 1
18 2 1
18 7 1
18 14 -1
18 19 1
18 20 -1
18 24 1
18 25 1
18 27 1
18 29 1
18 30 1
18 32 1
18 36 1
18 46 1
18 50 1
18 56 1
18 62 1
19 7 1
19 18 1
19 22 1
19 23 1
19 24 1
19 26 -1
19 27 1
19 29 1
19 32 1
19 37 1
19 45 1
19 53 -1
19 58 1
19 63 1
19 64 -1
20 12 -1
20 17 -1
20 18 -1
20 21 1
20 23 -1
20 26 -1
20 28 -1
20 29 -1
20 30 1
20 34 1
20 43 1
20 46 1
20 50 -1
20 51 1
20 52 1
20 57 1
21 8 -1
21 17 -1
21 20 1
21 23 1
21 24 1
21 25 -1
21 28 -1
21 29 1
21 30 1
21 36 1
21 45 -1
21 47 -1
21 51 1
21 53 1
21 59 1
22 2 1
22 13 -1
22 17 1
22 19 1
22 24 1
22 27 1
22 28 1
22 30 1
22 31 1
22 32 1
22 36 1
22 53 1
22 56 -1
22 60 -1
22 62 1
22 63 -1
23 3 -1
23 8 1
23 14 -1
23 19 1
23 20 -1
23 21 1
23 24 1
23 25 1
23 30 -1
23 31 1
23 32 1
23 44 1
23 47 1
23 50 1
23 58 1
23 63 1
24 4 1
24 12 -1
24 13 1
24 17 1
24 18 1
24 19 1
24 21 1
24 22 1
24 23 1
24 28 -1
24 31 1
24 36 -1
24 41 1
24 46 1
24 50 -1
24 55 -1
25 4 1
25 12 1
25 16 1
25 17 1
25 18 1
25 21 -1
25 23 1
25 26 -1
25 27 1
25 31 1
25 32 1
25 42 -1
25 43 1
25 60 -1
25 63 -1
26 2 1
26 11 -1
26 15 -1
26 19 -1
26 20 -1
26 25 -1
26 27 -1
26 28 1
26 29 -1
26 31 1
26 32 1
26 38 1
26 39 1
26 46 -1
26 60 1
26 62 1
27 2 1
27 5 -1
27 16 -1
27 18 1
27 19 1
27 22 1
27 25 1
27 26 -1
27 28 -1
27 29 -1
27 31 1
27 39 1
27 41 1
27 43 -1
27 59 1
28 2 1
28 6 -1
28 7 1
28 12 -1
28 13 -1
28 17 -1
28 20 -1
28 21 -1
28 22 1
28 24 -1
28 26 1
28 27 -1
28 29 1
28 33 1
28 41 1
29 8 1
29 11 -1
29 16 -1
29 18 1
29 19 1
29 20 -1
29 21 1
29 26 -1
29 27 -1
29 28 1
29 31 -1
29 33 -1
29 49 -1
29 54 -1
29 56 1
30 1 1
30 17 -1
30 18 1
30 20 1
30 21 1
30 22 1
30 23 -1
30 31 1
30 32 1
30 34 1
30 43 1
30 50 -1
30 52 1
30 55 -1
30 63 1
31 16 1
31 22 1
31 23 1
31 24 1
31 25 1
31 26 1
31 27 1
31 29 -1
31 30 1
31 39 1
31 44 1
31 47 1
31 49 -1
31 54 1
31 62 1
32 11 -1
32 17 -1
32 18 1
32 19 1
32 22 1
32 23 1
32 25 1
32 26 1
32 30 1
32 34 1
32 39 1
32 42 -1
32 48 1
32 57 -1
32 61 -1
33 15 -1
33 28 1
33 29 -1
33 35 1
33 36 -1
33 38 1
33 39 -1
33 42 -1
33 45 1
33 46 1
33 48 1
33 49 1
33 55 -1
33 56 1
33 58 1
33 61 -1
34 3 1
34 7 1
34 20 1
34 30 1
34 32 1
34 35 1
34 36 1
34 37 1
34 41 -1
34 42 -1
34 44 1
34 45 1
34 48 -1
34 52 1
34 62 1
34 63 1
35 7 -1
35 8 -1
35 10 -1
35 14 -1
35 16 1
35 33 1
35 34 1
35 39 1
35 40 -1
35 41 -1
35 42 -1
35 43 1
35 45 -1
35 57 1
35 58 1
35 60 1
36 5 1
36 7 1
36 18 1
36 21 1
36 22 1
36 24 -1
36 33 -1
36 34 1
36 37 1
36 38 1
36 41 -1
36 42 1
36 45 1
36 48 -1
36 49 -1
36 53 1
37 9 1
37 15 1
37 17 -1
37 19 1
37 34 1
37 36 1
37 38 -1
37 39 -1
37 43 1
37 44 -1
37 46 1
37 47 -1
37 49 1
37 55 -1
37 56 1
38 3 1
38 9 1
38 14 1
38 26 1
38 33 1
38 36 1
38 37 -1
38 39 -1
38 44 -1
38 46 -1
38 47 -1
38 48 1
38 52 1
38 61 1
38 64 1
39 8 1
39 17 -1
39 26 1
39 27 1
39 31 1
39 32 1
39 33 -1
39 35 1
39 37 -1
39 38 -1
39 43 1
39 45 1
39 47 -1
39 48 1
39 51 -1
39 54 1
40 2 1
40 3 1
40 10 -1
40 35 -1
40 42 -1
40 43 1
40 44 1
40 45 1
40 46 1
40 47 1
40 48 1
40 50 -1
40 52 -1
41 3 1
41 9 1
41 11 -1
41 24 1
41 27 1
41 28 1
41 34 -1
41 35 -1
41 36 -1
41 42 1
41 43 1
41 44 -1
41 45 -1
41 46 -1
41 55 -1
42 13 -1
42 17 1
42 25 -1
42 32 -1
42 33 -1
42 34 -1
42 35 -1
42 36 1
42 40 -1
42 41 1
42 43 1
42 47 1
42 62 1
42 64 1
43 1 1
43 8 1
43 20 1
43 25 1
43 27 -1
43 30 1
43 35 1
43 37 1
43 39 1
43 40 1
43 41 1
43 42 1
43 46 -1
43 47 1
43 51 1
43 53 1
44 1 -1
44 3 1
44 5 -1
44 6 1
44 10 1
44 23 1
44 31 1
44 34 1
44 37 -1
44 38 -1
44 40 1
44 41 -1
44 46 -1
44 47 1
44 48 1
44 57 1
45 4 -1
45 6 -1
45 19 1
45 21 -1
45 33 1
45 34 1
45 35 -1
45 36 1
45 39 1
45 40 1
45 41 -1
45 48 -1
45 49 -1
45 51 1
45 56 -1
46 4 1
46 5 -1
46 14 -1
46 18 1
46 20 1
46 24 1
46 26 -1
46 33 1
46 37 1
46 38 -1
46 40 1
46 41 -1
46 43 -1
46 44 -1
46 47 -1
47 4 1
47 12 1
47 15 1
47 21 -1
47 23 1
47 31 1
47 37 -1
47 38 -1
47 39 -1
47 40 1
47 42 1
47 43 1
47 44 1
47 46 -1
47 57 -1
47 64 -1
48 2 1
48 11 1
48 14 1
48 17 1
48 32 1
48 33 1
48 34 -1
48 36 -1
48 38 1
48 39 1
48 40 1
48 44 1
48 45 -1
48 51 1
48 64 1
49 3 1
49 16 1
49 29 -1
49 31 -1
49 33 1
49 36 -1
49 37 1
49 45 -1
49 50 1
49 51 1
49 53 -1
49 55 -1
49 57 -1
49 61 1
49 62 1
49 64 -1
50 11 1
50 18 1
50 20 -1
50 23 1
50 24 -1
50 30 -1
50 40 -1
50 49 1
50 52 1
50 53 -1
50 54 -1
50 56 -1
50 58 1
50 61 1
50 64 -1
51 16 1
51 20 1
51 21 1
51 39 -1
51 43 1
51 45 1
51 48 1
51 49 1
51 53 -1
51 55 -1
51 56 1
51 57 -1
51 62 1
51 63 1
51 64 1
52 4 1
52 10 1
52 11 -1
52 20 1
52 30 1
52 34 1
52 38 1
52 40 -1
52 50 1
52 53 1
52 54 -1
52 55 -1
52 57 -1
52 59 1
52 60 -1
52 62 1
53 2 1
53 6 -1
53 7 1
53 19 -1
53 21 1
53 22 1
53 36 1
53 43 1
53 49 -1
53 50 -1
53 51 -1
53 52 1
53 55 1
53 59 -1
53 60 1
53 63 -1
54 1 1
54 3 -1
54 5 -1
54 15 1
54 29 -1
54 31 1
54 39 1
54 50 -1
54 52 -1
54 55 -1
54 56 1
54 58 1
54 59 -1
54 61 1
54 63 1
55 5 1
55 12 1
55 13 -1
55 24 -1
55 30 -1
55 33 -1
55 37 -1
55 41 -1
55 49 -1
55 51 -1
55 52 -1
55 53 1
55 54 -1
55 59 -1
55 62 -1
55 63 -1
56 1 1
56 4 1
56 18 1
56 22 -1
56 29 1
56 33 1
56 37 1
56 45 -1
56 50 -1
56 51 1
56 54 1
56 57 -1
56 59 1
56 61 1
56 63 -1
56 64 1
57 13 1
57 20 1
57 32 -1
57 35 1
57 44 1
57 47 -1
57 49 -1
57 51 -1
57 52 -1
57 56 -1
57 60 -1
57 61 -1
57 62 -1
57 64 -1
58 1 -1
58 4 1
58 6 1
58 16 1
58 19 1
58 23 1
58 33 1
58 35 1
58 50 1
58 54 1
58 59 1
58 60 1
58 61 -1
58 62 1
58 63 1
58 64 1
59 1 1
59 9 1
59 10 -1
59 12 1
59 14 1
59 21 1
59 27 1
59 52 1
59 53 -1
59 54 -1
59 55 -1
59 56 1
59 58 1
59 60 -1
59 63 -1
60 5 -1
60 6 1
60 8 1
60 22 -1
60 25 -1
60 26 1
60 35 1
60 52 -1
60 53 1
60 57 -1
60 58 1
60 59 -1
60 61 1
60 62 -1
60 64 1
61 9 -1
61 12 -1
61 15 1
61 32 -1
61 33 -1
61 38 1
61 49 1
61 50 1
61 54 1
61 56 1
61 57 -1
61 58 -1
61 60 1
61 64 -1
62 15 1
62 17 1
62 18 1
62 22 1
62 26 1
62 31 1
62 34 1
62 42 1
62 49 1
62 51 1
62 52 1
62 55 -1
62 57 -1
62 58 1
62 60 -1
62 63 -1
63 6 1
63 10 1
63 19 1
63 22 -1
63 23 1
63 25 -1
63 30 1
63 34 1
63 51 1
63 53 -1
63 54 1
63 55 -1
63 56 -1
63 58 1
63 59 -1
63 62 -1
64 11 1
64 19 -1
64 38 1
64 42 1
64 47 -1
64 48 1
64 49 -1
64 50 -1
64 51 1
64 56 1
64 57 -1
64 58 1
64 60 1
64 61 -1
