1 2 1
1 3 1
1 4 -1
1 5 1
1 8 -1
1 10 -1
1 11 -1
1 15 -1
1 24 -1
1 41 1
1 49 1
1 53 -1
1 55 -1
1 59 -1
2 1 1
2 4 -1
2 6 -1
2 7 -1
2 10 -1
2 11 -1
2 12 -1
2 14 1
2 17 -1
2 24 1
2 36 1
2 39 -1
2 42 -1
2 48 -1
2 57 1
3 1 1
3 5 -1
3 6 -1
3 8 -1
3 12 -1
3 13 1
3 14 -1
3 15 1
3 19 1
3 25 1
3 30 -1
3 37 -1
3 38 -1
3 50 1
3 58 1
3 60 -1
4 1 -1
4 2 -1
4 7 1
4 9 -1
4 12 -1
4 13 -1
4 14 1
4 16 1
4 23 -1
4 33 1
4 35 -1
4 45 -1
4 55 -1
4 61 1
4 64 -1
5 1 1
5 3 -1
5 7 -1
5 9 -1
5 10 1
5 11 -1
5 14 -1
5 16 1
5 25 -1
5 33 -1
5 35 -1
5 49 -1
5 55 -1
5 58 -1
5 62 -1
6 2 -1
6 3 -1
6 7 -1
6 10 -1
6 11 1
6 12 -1
6 15 -1
6 16 -1
6 18 -1
6 23 -1
6 41 -1
6 42 -1
6 50 -1
6 53 1
6 58 -1
7 2 -1
7 4 1
7 5 -1
7 6 -1
7 8 -1
7 11 1
7 12 -1
7 16 -1
7 25 -1
7 29 -1
7 30 -1
7 44 -1
7 45 -1
7 48 1
7 52 -1
8 1 -1
8 3 -1
8 7 -1
8 9 -1
8 10 -1
8 13 1
8 15 -1
8 16 -1
8 21 1
8 23 -1
8 27 -1
8 31 1
8 43 -1
8 57 -1
8 61 -1
8 63 1
9 4 -1
9 5 -1
9 8 -1
9 11 -1
9 12 -1
9 13 -1
9 14 1
9 15 -1
9 25 1
9 29 -1
9 39 -1
9 50 -1
9 52 1
9 58 -1
9 62 1
9 63 -1
10 1 -1
10 2 -1
10 5 1
10 6 -1
10 8 -1
10 14 -1
10 15 -1
10 16 -1
10 22 -1
10 42 -1
10 45 -1
10 46 -1
10 51 -1
10 59 1
10 61 1
10 63 -1
11 1 -1
11 2 -1
11 5 -1
11 6 1
11 7 1
11 9 -1
11 13 -1
11 15 -1
11 22 -1
11 34 -1
11 36 -1
11 50 -1
11 56 -1
11 62 1
11 63 1
12 2 -1
12 3 -1
12 4 -1
12 6 -1
12 7 -1
12 9 -1
12 13 1
12 16 1
12 27 1
12 33 -1
12 35 -1
12 43 1
12 57 -1
12 61 -1
13 3 1
13 4 -1
13 8 1
13 9 -1
13 11 -1
13 12 1
13 14 -1
13 16 1
13 24 -1
13 25 -1
13 42 1
13 43 -1
13 55 1
13 62 1
13 63 1
14 2 1
14 3 -1
14 4 1
14 5 -1
14 9 1
14 10 -1
14 13 -1
14 15 -1
14 18 -1
14 21 1
14 37 -1
14 46 1
14 48 1
14 52 -1
14 59 -1
15 1 -1
15 3 1
15 6 -1
15 8 -1
15 9 -1
15 10 -1
15 11 -1
15 14 -1
15 17 1
15 20 1
15 28 -1
15 40 -1
15 43 1
15 58 -1
15 61 -1
15 62 1
16 4 1
16 5 1
16 6 -1
16 7 -1
16 8 -1
16 10 -1
16 12 1
16 13 1
16 18 1
16 19 1
16 26 -1
16 39 -1
16 44 -1
16 54 -1
16 56 -1
16 63 -1
17 2 -1
17 15 1
17 19 -1
17 20 -1
17 21 1
17 23 -1
17 25 -1
17 26 -1
17 29 1
17 32 -1
17 33 -1
17 36 -1
17 42 -1
17 51 1
17 60 -1
18 6 -1
18 14 -1
18 16 1
18 21 -1
18 22 -1
18 23 -1
18 24 -1
18 27 -1
18 29 -1
18 30 -1
18 32 -1
18 44 -1
18 45 1
18 46 -1
18 60 1
19 3 1
19 16 1
19 17 -1
19 21 -1
19 22 1
19 25 -1
19 26 -1
19 28 -1
19 31 -1
19 32 -1
19 34 -1
19 38 1
19 39 1
19 60 -1
19 64 -1
20 15 1
20 17 -1
20 23 1
20 24 -1
20 25 -1
20 26 -1
20 30 -1
20 31 -1
20 32 -1
20 36 1
20 38 -1
20 42 -1
20 51 -1
20 52 -1
21 8 1
21 14 1
21 17 1
21 18 -1
21 19 -1
21 24 -1
21 27 1
21 29 1
21 30 -1
21 31 1
21 40 -1
21 42 -1
21 49 -1
21 52 1
21 54 1
21 58 1
22 10 -1
22 11 -1
22 18 -1
22 19 1
22 23 -1
22 24 -1
22 25 1
22 26 -1
22 27 -1
22 29 -1
22 35 1
22 39 -1
22 44 1
22 45 -1
22 47 -1
22 63 1
23 4 -1
23 6 -1
23 8 -1
23 17 -1
23 18 -1
23 20 1
23 22 -1
23 25 -1
23 28 1
23 30 1
23 31 -1
23 33 -1
23 40 1
23 45 -1
23 54 1
23 62 1
24 1 -1
24 2 1
24 13 -1
24 18 -1
24 20 -1
24 21 -1
24 22 -1
24 28 -1
24 29 1
24 30 -1
24 31 -1
24 38 -1
24 41 1
24 48 -1
24 56 -1
25 3 1
25 5 -1
25 7 -1
25 9 1
25 13 -1
25 17 -1
25 19 -1
25 20 -1
25 22 1
25 23 -1
25 26 -1
25 27 1
25 28 1
25 37 -1
25 56 1
26 16 -1
26 17 -1
26 19 -1
26 20 -1
26 22 -1
26 25 -1
26 28 -1
26 30 -1
26 31 -1
26 46 -1
26 50 -1
26 51 1
26 53 -1
26 57 -1
26 64 1
27 8 -1
27 12 1
27 18 -1
27 21 1
27 22 -1
27 25 1
27 28 -1
27 29 1
27 30 1
27 32 -1
27 37 -1
27 47 1
27 49 -1
27 55 1
27 56 -1
28 15 -1
28 19 -1
28 23 1
28 24 -1
28 25 1
28 26 -1
28 27 -1
28 29 -1
28 32 -1
28 34 -1
28 44 -1
28 47 -1
28 50 1
28 57 -1
28 62 -1
29 7 -1
29 9 -1
29 17 1
29 18 -1
29 21 1
29 22 -1
29 24 1
29 27 1
29 28 -1
29 32 -1
29 34 1
29 36 -1
29 40 -1
29 44 1
29 47 1
29 52 -1
30 3 -1
30 7 -1
30 18 -1
30 20 -1
30 21 -1
30 23 1
30 24 -1
30 26 -1
30 27 1
30 31 1
30 36 -1
30 38 -1
30 40 -1
30 46 -1
30 47 -1
30 54 1
31 8 1
31 19 -1
31 20 -1
31 21 1
31 23 -1
31 24 -1
31 26 -1
31 30 1
31 32 -1
31 35 1
31 40 -1
31 51 1
31 52 -1
31 53 1
31 54 1
31 61 -1
32 17 -1
32 18 -1
32 19 -1
32 20 -1
32 27 -1
32 28 -1
32 29 -1
32 31 -1
32 34 -1
32 46 -1
32 49 -1
32 59 -1
32 62 -1
32 63 -1
33 4 1
33 5 -1
33 12 -1
33 17 -1
33 23 -1
33 34 -1
33 37 -1
33 38 -1
33 40 -1
33 41 1
33 42 -1
33 45 1
33 48 -1
33 55 -1
33 58 -1
34 11 -1
34 19 -1
34 28 -1
34 29 1
34 32 -1
34 33 -1
34 35 -1
34 36 -1
34 41 -1
34 42 -1
34 45 -1
34 46 1
34 47 -1
34 61 -1
35 4 -1
35 5 -1
35 12 -1
35 22 1
35 31 1
35 34 -1
35 36 -1
35 40 -1
35 43 -1
35 44 1
35 45 -1
35 46 -1
35 47 1
35 56 1
35 57 -1
36 2 1
36 11 -1
36 17 -1
36 20 1
36 29 -1
36 30 -1
36 34 -1
36 35 -1
36 37 -1
36 39 -1
36 41 1
36 42 -1
36 43 1
36 48 -1
37 3 -1
37 14 -1
37 25 -1
37 27 -1
37 33 -1
37 36 -1
37 38 1
37 40 -1
37 41 1
37 43 -1
37 44 -1
37 47 -1
37 51 -1
37 54 1
37 58 -1
37 60 1
38 3 -1
38 19 1
38 20 -1
38 24 -1
38 30 -1
38 33 -1
38 37 1
38 39 1
38 40 -1
38 43 -1
38 44 -1
38 46 1
38 47 -1
38 56 1
38 64 -1
39 2 -1
39 9 -1
39 16 -1
39 19 1
39 22 -1
39 36 -1
39 38 1
39 40 -1
39 44 -1
39 45 -1
39 46 -1
39 47 1
39 48 -1
39 52 -1
39 60 -1
39 64 1
40 15 -1
40 21 -1
40 23 1
40 29 -1
40 30 -1
40 31 -1
40 33 -1
40 35 -1
40 37 -1
40 38 -1
40 39 -1
40 42 -1
40 44 -1
40 48 1
40 53 -1
40 64 -1
41 1 1
41 6 -1
41 24 1
41 33 1
41 34 -1
41 36 1
41 37 1
41 42 1
41 43 -1
41 46 -1
41 48 -1
41 53 1
41 57 -1
41 60 -1
42 2 -1
42 6 -1
42 10 -1
42 13 1
42 17 -1
42 20 -1
42 21 -1
42 33 -1
42 34 -1
42 36 -1
42 40 -1
42 41 1
42 45 -1
42 46 1
42 47 1
42 64 -1
43 8 -1
43 12 1
43 13 -1
43 15 1
43 35 -1
43 36 1
43 37 -1
43 38 -1
43 41 -1
43 45 -1
43 47 -1
43 48 1
43 53 -1
43 54 1
43 59 -1
44 7 -1
44 16 -1
44 18 -1
44 22 1
44 28 -1
44 29 1
44 35 1
44 37 -1
44 38 -1
44 39 -1
44 40 -1
44 45 -1
44 46 1
44 47 -1
44 53 1
45 4 -1
45 7 -1
45 10 -1
45 18 1
45 22 -1
45 23 -1
45 33 1
45 34 -1
45 35 -1
45 39 -1
45 42 -1
45 43 -1
45 44 -1
45 48 -1
45 51 -1
46 10 -1
46 14 1
46 18 -1
46 26 -1
46 30 -1
46 32 -1
46 34 1
46 35 -1
46 38 1
46 39 -1
46 41 -1
46 42 1
46 44 1
46 48 1
46 64 -1
47 22 -1
47 27 1
47 28 -1
47 29 1
47 30 -1
47 34 -1
47 35 1
47 37 -1
47 38 -1
47 39 1
47 42 1
47 43 -1
47 44 -1
47 57 -1
47 59 -1
48 2 -1
48 7 1
48 14 1
48 24 -1
48 33 -1
48 36 -1
48 39 -1
48 40 1
48 41 -1
48 43 1
48 45 -1
48 46 1
48 49 1
48 51 1
48 59 1
49 1 1
49 5 -1
49 21 -1
49 27 -1
49 32 -1
49 48 1
49 50 1
49 51 1
49 52 -1
49 53 -1
49 54 -1
49 58 -1
49 60 1
49 62 1
50 3 1
50 6 -1
50 9 -1
50 11 -1
50 26 -1
50 28 1
50 49 1
50 52 1
50 54 -1
50 56 -1
50 57 -1
50 58 -1
50 60 -1
50 62 -1
51 10 -1
51 17 1
51 20 -1
51 26 1
51 31 1
51 37 -1
51 45 -1
51 48 1
51 49 1
51 53 -1
51 54 -1
51 57 -1
51 59 -1
51 60 1
51 63 -1
51 64 -1
52 7 -1
52 9 1
52 14 -1
52 20 -1
52 21 1
52 29 -1
52 31 -1
52 39 -1
52 49 -1
52 50 1
52 56 -1
52 57 -1
52 59 -1
52 62 1
52 63 -1
52 64 -1
53 1 -1
53 6 1
53 26 -1
53 31 1
53 40 -1
53 41 1
53 43 -1
53 44 1
53 49 -1
53 51 -1
53 55 -1
53 57 -1
53 61 1
53 62 1
53 63 -1
53 64 -1
54 16 -1
54 21 1
54 23 1
54 30 1
54 31 1
54 37 1
54 43 1
54 49 -1
54 50 -1
54 51 -1
54 55 -1
54 56 -1
54 57 -1
54 60 -1
54 63 -1
55 1 -1
55 4 -1
55 5 -1
55 13 1
55 27 1
55 33 -1
55 53 -1
55 54 -1
55 56 -1
55 58 -1
55 61 -1
55 62 -1
55 63 -1
55 64 -1
56 11 -1
56 16 -1
56 24 -1
56 25 1
56 27 -1
56 35 1
56 38 1
56 50 -1
56 52 -1
56 54 -1
56 55 -1
56 58 -1
56 61 -1
56 63 -1
56 64 -1
57 2 1
57 8 -1
57 12 -1
57 26 -1
57 28 -1
57 35 -1
57 41 -1
57 47 -1
57 50 -1
57 51 -1
57 52 -1
57 53 -1
57 54 -1
57 60 -1
57 61 -1
57 62 -1
58 3 1
58 5 -1
58 6 -1
58 9 -1
58 15 -1
58 21 1
58 33 -1
58 37 -1
58 49 -1
58 50 -1
58 55 -1
58 56 -1
58 59 -1
58 60 -1
58 61 1
58 63 -1
59 1 -1
59 10 1
59 14 -1
59 32 -1
59 43 -1
59 47 -1
59 48 1
59 51 -1
59 52 -1
59 58 -1
59 60 1
59 61 1
59 62 -1
59 63 -1
59 64 1
60 3 -1
60 17 -1
60 18 1
60 19 -1
60 37 1
60 39 -1
60 41 -1
60 49 1
60 50 -1
60 51 1
60 54 -1
60 57 -1
60 58 -1
60 59 1
60 61 -1
61 4 1
61 8 -1
61 10 1
61 12 -1
61 15 -1
61 31 -1
61 34 -1
61 53 1
61 55 -1
61 56 -1
61 57 -1
61 58 1
61 59 1
61 60 -1
61 64 1
62 5 -1
62 9 1
62 11 1
62 13 1
62 15 1
62 23 1
62 28 -1
62 32 -1
62 49 1
62 50 -1
62 52 1
62 53 1
62 55 -1
62 57 -1
62 59 -1
62 64 1
63 8 1
63 9 -1
63 10 -1
63 11 1
63 13 1
63 16 -1
63 22 1
63 32 -1
63 51 -1
63 52 -1
63 53 -1
63 54 -1
63 55 -1
63 56 -1
63 58 -1
63 59 -1
64 4 -1
64 19 -1
64 26 1
64 38 -1
64 39 1
64 40 -1
64 42 -1
64 46 -1
64 51 -1
64 52 -1
64 53 -1
64 55 -1
64 56 -1
64 59 1
64 61 1
64 62 1
