1 4 -1
1 8 1
1 10 -1
1 11 -1
1 12 -1
1 14 -1
1 15 -1
1 16 -1
1 19 -1
1 24 -1
1 29 -1
1 34 -1
1 49 -1
1 54 1
1 61 -1
1 63 -1
2 3 -1
2 5 -1
2 6 -1
2 8 1
2 12 -1
2 13 1
2 15 -1
2 16 -1
2 20 1
2 23 -1
2 33 -1
2 45 -1
2 46 -1
2 52 -1
2 54 -1
3 2 -1
3 6 -1
3 9 -1
3 10 -1
3 11 -1
3 13 -1
3 15 -1
3 16 -1
3 25 -1
3 28 -1
3 41 -1
3 47 -1
3 50 -1
3 51 -1
3 63 -1
3 64 -1
4 1 -1
4 5 -1
4 6 -1
4 8 -1
4 9 -1
4 12 -1
4 13 -1
4 16 -1
4 18 -1
4 31 -1
4 37 1
4 54 -1
4 58 -1
4 62 -1
4 63 -1
5 2 -1
5 4 -1
5 7 -1
5 9 -1
5 10 -1
5 12 -1
5 14 -1
5 16 -1
5 18 -1
5 29 -1
5 45 -1
5 53 -1
5 54 -1
5 59 -1
5 60 -1
5 64 -1
6 2 -1
6 3 -1
6 4 -1
6 7 -1
6 8 1
6 9 -1
6 10 -1
6 11 -1
6 29 -1
6 30 -1
6 37 -1
6 56 -1
6 57 -1
6 62 -1
6 63 -1
7 5 -1
7 6 -1
7 8 -1
7 10 -1
7 11 -1
7 13 -1
7 14 -1
7 15 1
7 17 -1
7 19 -1
7 31 -1
7 44 -1
7 52 -1
7 58 -1
7 60 -1
7 63 -1
8 1 1
8 2 1
8 4 -1
8 6 1
8 7 -1
8 10 -1
8 12 -1
8 15 -1
8 27 -1
8 34 -1
8 38 -1
8 44 1
8 45 -1
8 47 -1
8 56 -1
9 3 -1
9 4 -1
9 5 -1
9 6 -1
9 11 1
9 12 -1
9 13 -1
9 14 -1
9 21 -1
9 23 -1
9 39 -1
9 45 -1
9 46 -1
9 48 -1
9 52 -1
10 1 -1
10 3 -1
10 5 -1
10 6 -1
10 7 -1
10 8 -1
10 14 -1
10 16 1
10 21 -1
10 22 -1
10 24 -1
10 29 -1
10 36 -1
10 39 -1
10 44 1
10 58 -1
11 1 -1
11 3 -1
11 6 -1
11 7 -1
11 9 1
11 12 -1
11 14 -1
11 15 -1
11 17 -1
11 22 1
11 36 -1
11 42 -1
11 49 -1
11 62 -1
11 64 -1
12 1 -1
12 2 -1
12 4 -1
12 5 -1
12 8 -1
12 9 -1
12 11 -1
12 16 -1
12 17 -1
12 27 -1
12 32 1
12 35 -1
12 44 -1
12 51 1
12 54 -1
12 56 -1
13 2 1
13 3 -1
13 4 -1
13 7 -1
13 9 -1
13 14 -1
13 15 -1
13 16 -1
13 25 -1
13 26 -1
13 31 -1
13 43 -1
13 51 -1
13 53 -1
13 55 -1
14 1 -1
14 5 -1
14 7 -1
14 9 -1
14 10 -1
14 11 -1
14 13 -1
14 15 -1
14 24 -1
14 27 -1
14 32 -1
14 47 -1
14 48 -1
14 52 -1
14 55 -1
14 56 -1
15 1 -1
15 2 -1
15 3 -1
15 7 1
15 8 -1
15 11 -1
15 13 -1
15 14 -1
15 18 -1
15 34 -1
15 36 -1
15 41 -1
15 43 -1
15 44 -1
15 58 -1
15 60 -1
16 1 -1
16 2 -1
16 3 -1
16 4 -1
16 5 -1
16 10 1
16 12 -1
16 13 -1
16 20 -1
16 36 -1
16 40 -1
16 44 -1
16 50 -1
16 58 -1
16 59 -1
17 7 -1
17 11 -1
17 12 -1
17 18 -1
17 20 1
17 21 -1
17 22 -1
17 28 -1
17 30 -1
17 31 -1
17 32 -1
17 39 -1
17 44 1
17 56 -1
17 63 -1
18 4 -1
18 5 -1
18 15 -1
18 17 -1
18 19 -1
18 22 1
18 26 1
18 28 -1
18 29 -1
18 30 -1
18 32 -1
18 37 -1
18 38 -1
18 40 -1
18 59 -1
18 60 -1
19 1 -1
19 7 -1
19 18 -1
19 22 -1
19 24 -1
19 25 -1
19 26 -1
19 29 -1
19 30 -1
19 32 -1
19 34 -1
19 37 -1
19 38 -1
19 47 -1
19 49 -1
19 51 1
20 2 1
20 16 -1
20 17 1
20 21 1
20 22 1
20 23 -1
20 25 -1
20 27 -1
20 28 -1
20 29 -1
20 33 -1
20 39 -1
20 41 -1
20 43 -1
20 51 -1
20 63 -1
21 9 -1
21 10 -1
21 17 -1
21 20 1
21 22 -1
21 24 -1
21 26 1
21 27 1
21 28 -1
21 29 -1
21 34 -1
21 45 -1
21 57 -1
21 59 -1
21 61 -1
22 10 -1
22 11 1
22 17 -1
22 18 1
22 19 -1
22 20 1
22 21 -1
22 25 -1
22 30 -1
22 31 -1
22 38 -1
22 40 -1
22 48 -1
22 50 -1
22 63 -1
23 2 -1
23 9 -1
23 20 -1
23 24 -1
23 25 -1
23 27 -1
23 29 -1
23 30 -1
23 31 -1
23 32 -1
23 33 -1
23 34 -1
23 35 -1
23 36 1
23 53 -1
23 62 -1
24 1 -1
24 10 -1
24 14 -1
24 19 -1
24 21 -1
24 23 -1
24 25 -1
24 26 1
24 27 -1
24 30 -1
24 32 -1
24 35 -1
24 40 -1
24 46 -1
24 50 1
24 52 -1
25 3 -1
25 13 -1
25 19 -1
25 20 -1
25 22 -1
25 23 -1
25 24 -1
25 27 -1
25 28 -1
25 29 -1
25 33 -1
25 38 -1
25 50 -1
25 53 -1
25 54 -1
26 13 -1
26 18 1
26 19 -1
26 21 1
26 24 1
26 27 -1
26 28 -1
26 30 -1
26 31 -1
26 40 -1
26 44 -1
26 47 -1
26 48 -1
26 51 -1
26 56 -1
26 60 -1
27 8 -1
27 12 -1
27 14 -1
27 20 -1
27 21 1
27 23 -1
27 24 -1
27 25 -1
27 26 -1
27 31 -1
27 32 1
27 46 -1
27 47 -1
27 51 -1
27 55 -1
27 61 -1
28 3 -1
28 17 -1
28 18 -1
28 20 -1
28 21 -1
28 25 -1
28 26 -1
28 29 -1
28 32 -1
28 36 -1
28 37 -1
28 43 -1
28 50 -1
28 57 -1
28 59 -1
29 1 -1
29 5 -1
29 6 -1
29 10 -1
29 18 -1
29 19 -1
29 20 -1
29 21 -1
29 23 -1
29 25 -1
29 28 -1
29 31 -1
29 37 -1
29 43 -1
29 50 -1
29 57 -1
30 6 -1
30 17 -1
30 18 -1
30 19 -1
30 22 -1
30 23 -1
30 24 -1
30 26 -1
30 31 -1
30 38 1
30 42 -1
30 52 -1
30 56 -1
30 59 -1
30 60 -1
31 4 -1
31 7 -1
31 13 -1
31 17 -1
31 22 -1
31 23 -1
31 26 -1
31 27 -1
31 29 -1
31 30 -1
31 32 -1
31 35 -1
31 39 -1
31 41 -1
31 43 1
31 53 -1
32 12 1
32 14 -1
32 17 -1
32 18 -1
32 19 -1
32 23 -1
32 24 -1
32 27 1
32 28 -1
32 31 -1
32 35 -1
32 38 -1
32 40 1
32 41 -1
32 49 -1
32 55 -1
33 2 -1
33 20 -1
33 23 -1
33 25 -1
33 35 -1
33 36 -1
33 37 1
33 41 1
33 42 -1
33 44 -1
33 47 -1
33 48 -1
33 49 -1
33 55 -1
34 1 -1
34 8 -1
34 15 -1
34 19 -1
34 21 -1
34 23 -1
34 35 -1
34 36 -1
34 38 -1
34 39 -1
34 42 -1
34 43 -1
34 45 -1
34 47 -1
34 61 -1
35 12 -1
35 23 -1
35 24 -1
35 31 -1
35 32 -1
35 33 -1
35 34 -1
35 36 -1
35 40 -1
35 43 -1
35 44 -1
35 45 -1
35 46 -1
35 49 -1
35 53 -1
35 55 1
36 10 -1
36 11 -1
36 15 -1
36 16 -1
36 23 1
36 28 -1
36 33 -1
36 34 -1
36 35 -1
36 37 -1
36 38 -1
36 40 -1
36 43 -1
36 45 -1
36 49 1
37 4 1
37 6 -1
37 18 -1
37 19 -1
37 28 -1
37 29 -1
37 33 1
37 36 -1
37 41 -1
37 42 -1
37 44 -1
37 46 1
37 47 -1
37 48 -1
37 57 1
37 62 -1
38 8 -1
38 18 -1
38 19 -1
38 22 -1
38 25 -1
38 30 1
38 32 -1
38 34 -1
38 36 -1
38 39 -1
38 42 -1
38 43 -1
38 46 -1
38 47 -1
38 48 -1
39 9 -1
39 10 -1
39 17 -1
39 20 -1
39 31 -1
39 34 -1
39 38 -1
39 40 -1
39 41 -1
39 43 -1
39 44 -1
39 45 -1
39 46 -1
39 59 -1
39 61 -1
39 62 -1
40 16 -1
40 18 -1
40 22 -1
40 24 -1
40 26 -1
40 32 1
40 35 -1
40 36 -1
40 39 -1
40 44 -1
40 45 -1
40 46 -1
40 47 -1
40 48 -1
40 57 -1
41 3 -1
41 15 -1
41 20 -1
41 31 -1
41 32 -1
41 33 1
41 37 -1
41 39 -1
41 42 -1
41 43 -1
41 45 -1
41 47 -1
41 48 -1
41 49 -1
41 57 -1
41 61 -1
42 11 -1
42 30 -1
42 33 -1
42 34 -1
42 37 -1
42 38 -1
42 41 -1
42 43 -1
42 46 -1
42 48 -1
42 51 1
42 56 -1
42 58 1
42 60 -1
42 64 -1
43 13 -1
43 15 -1
43 20 -1
43 28 -1
43 29 -1
43 31 1
43 34 -1
43 35 -1
43 36 -1
43 38 -1
43 39 -1
43 41 -1
43 42 -1
43 48 -1
43 57 -1
43 58 -1
44 7 -1
44 8 1
44 10 1
44 12 -1
44 15 -1
44 16 -1
44 17 1
44 26 -1
44 33 -1
44 35 -1
44 37 -1
44 39 -1
44 40 -1
44 45 -1
44 46 -1
44 47 -1
45 2 -1
45 5 -1
45 8 -1
45 9 -1
45 21 -1
45 34 -1
45 35 -1
45 36 -1
45 39 -1
45 40 -1
45 41 -1
45 44 -1
45 48 -1
45 53 -1
45 54 -1
46 2 -1
46 9 -1
46 24 -1
46 27 -1
46 35 -1
46 37 1
46 38 -1
46 39 -1
46 40 -1
46 42 -1
46 44 -1
46 47 1
46 53 1
46 61 -1
47 3 -1
47 8 -1
47 14 -1
47 19 -1
47 26 -1
47 27 -1
47 33 -1
47 34 -1
47 37 -1
47 38 -1
47 40 -1
47 41 -1
47 44 -1
47 46 1
47 59 1
47 64 -1
48 9 -1
48 14 -1
48 22 -1
48 26 -1
48 33 -1
48 37 -1
48 38 -1
48 40 -1
48 41 -1
48 42 -1
48 43 -1
48 45 -1
48 50 -1
48 60 -1
48 64 -1
49 1 -1
49 11 -1
49 19 -1
49 32 -1
49 33 -1
49 35 -1
49 36 1
49 41 -1
49 53 -1
49 55 -1
49 56 1
49 57 1
49 60 -1
49 61 -1
49 62 -1
49 63 -1
50 3 -1
50 16 -1
50 22 -1
50 24 1
50 25 -1
50 28 -1
50 29 -1
50 48 -1
50 52 -1
50 53 1
50 54 -1
50 56 -1
50 58 -1
50 61 -1
50 63 -1
50 64 1
51 3 -1
51 12 1
51 13 -1
51 19 1
51 20 -1
51 26 -1
51 27 -1
51 42 1
51 52 -1
51 54 -1
51 55 -1
51 56 -1
51 59 -1
51 61 -1
51 62 1
51 63 -1
52 2 -1
52 7 -1
52 9 -1
52 14 -1
52 24 -1
52 30 -1
52 50 -1
52 51 -1
52 55 -1
52 59 -1
52 60 -1
52 62 -1
52 63 -1
52 64 -1
53 5 -1
53 13 -1
53 23 -1
53 25 -1
53 31 -1
53 35 -1
53 45 -1
53 46 1
53 49 -1
53 50 1
53 58 -1
53 59 -1
53 60 -1
53 61 -1
53 62 -1
53 64 -1
54 1 1
54 2 -1
54 4 -1
54 5 -1
54 12 -1
54 25 -1
54 45 -1
54 50 -1
54 51 -1
54 55 -1
54 56 -1
54 57 -1
54 58 -1
54 59 -1
54 64 -1
55 13 -1
55 14 -1
55 27 -1
55 32 -1
55 33 -1
55 35 1
55 49 -1
55 51 -1
55 52 -1
55 54 -1
55 59 -1
55 60 -1
55 63 -1
55 64 -1
56 6 -1
56 8 -1
56 12 -1
56 14 -1
56 17 -1
56 26 -1
56 30 -1
56 42 -1
56 49 1
56 50 -1
56 51 -1
56 54 -1
56 59 1
56 60 -1
56 62 -1
56 63 -1
57 6 -1
57 21 -1
57 28 -1
57 29 -1
57 37 1
57 40 -1
57 41 -1
57 43 -1
57 49 1
57 54 -1
57 58 -1
57 59 -1
57 60 -1
57 61 -1
57 62 1
57 63 -1
58 4 -1
58 7 -1
58 10 -1
58 15 -1
58 16 -1
58 42 1
58 43 -1
58 50 -1
58 53 -1
58 54 -1
58 57 -1
58 60 -1
58 61 -1
58 62 -1
58 64 1
59 5 -1
59 16 -1
59 18 -1
59 21 -1
59 28 -1
59 30 -1
59 39 -1
59 47 1
59 51 -1
59 52 -1
59 53 -1
59 54 -1
59 55 -1
59 56 1
59 57 -1
59 62 -1
60 5 -1
60 7 -1
60 15 -1
60 18 -1
60 26 -1
60 30 -1
60 42 -1
60 48 -1
60 49 -1
60 52 -1
60 53 -1
60 55 -1
60 56 -1
60 57 -1
60 58 -1
60 61 -1
61 1 -1
61 21 -1
61 27 -1
61 34 -1
61 39 -1
61 41 -1
61 46 -1
61 49 -1
61 50 -1
61 51 -1
61 53 -1
61 57 -1
61 58 -1
61 60 -1
61 64 -1
62 4 -1
62 6 -1
62 11 -1
62 23 -1
62 37 -1
62 39 -1
62 49 -1
62 51 1
62 52 -1
62 53 -1
62 56 -1
62 57 1
62 58 -1
62 59 -1
63 1 -1
63 3 -1
63 4 -1
63 6 -1
63 7 -1
63 17 -1
63 20 -1
63 22 -1
63 49 -1
63 50 -1
63 51 -1
63 52 -1
63 55 -1
63 56 -1
63 57 -1
63 64 -1
64 3 -1
64 5 -1
64 11 -1
64 42 -1
64 47 -1
64 48 -1
64 50 1
64 52 -1
64 53 -1
64 54 -1
64 55 -1
64 58 1
64 61 -1
64 63 -1
