1 2 1
1 6 -1
1 8 -1
1 9 1
1 10 1
1 11 -1
1 14 -1
1 15 -1
1 19 -1
1 26 1
1 37 -1
1 56 -1
1 58 1
1 59 1
1 62 1
2 1 1
2 3 -1
2 4 -1
2 6 1
2 7 -1
2 11 -1
2 13 -1
2 16 -1
2 31 -1
2 37 -1
2 41 1
2 45 -1
2 51 -1
2 53 -1
2 59 -1
2 63 -1
3 2 -1
3 5 -1
3 8 -1
3 9 1
3 11 -1
3 12 -1
3 13 1
3 16 1
3 24 -1
3 27 1
3 38 -1
3 43 1
3 48 -1
3 53 1
3 58 1
3 59 1
4 2 -1
4 6 1
4 7 1
4 8 -1
4 9 -1
4 10 -1
4 12 -1
4 14 -1
4 19 1
4 22 1
4 24 -1
4 26 1
4 42 1
4 45 1
4 52 1
5 3 -1
5 6 -1
5 7 -1
5 8 1
5 11 -1
5 12 -1
5 14 -1
5 15 1
5 17 1
5 18 1
5 36 -1
5 42 1
5 46 1
5 47 1
5 53 1
5 55 1
6 1 -1
6 2 1
6 4 1
6 5 -1
6 8 -1
6 12 -1
6 15 1
6 16 -1
6 22 -1
6 24 -1
6 31 -1
6 34 1
6 35 -1
6 36 -1
6 50 -1
6 64 1
7 2 -1
7 4 1
7 5 -1
7 12 -1
7 13 -1
7 14 1
7 15 1
7 16 1
7 24 -1
7 25 -1
7 28 1
7 39 1
7 40 1
7 44 -1
7 48 1
8 1 -1
8 3 -1
8 4 -1
8 5 1
8 6 -1
8 9 -1
8 13 1
8 15 1
8 25 1
8 27 -1
8 32 -1
8 35 -1
8 36 -1
8 54 1
8 60 1
9 1 1
9 3 1
9 4 -1
9 8 -1
9 10 -1
9 13 1
9 14 1
9 16 1
9 17 1
9 20 1
9 30 -1
9 38 1
9 41 -1
9 48 -1
9 58 1
9 59 -1
10 1 1
10 4 -1
10 9 -1
10 11 1
10 12 -1
10 14 -1
10 15 1
10 16 -1
10 22 1
10 25 1
10 34 1
10 36 1
10 39 1
10 42 1
10 60 1
10 62 1
11 1 -1
11 2 -1
11 3 -1
11 5 -1
11 10 1
11 13 1
11 14 -1
11 16 -1
11 18 1
11 28 -1
11 34 1
11 37 1
11 48 1
11 50 1
11 56 1
11 64 1
12 3 -1
12 4 -1
12 5 -1
12 6 -1
12 7 -1
12 10 -1
12 13 -1
12 14 -1
12 18 1
12 30 1
12 42 1
12 43 -1
12 51 1
12 56 1
12 64 -1
13 2 -1
13 3 1
13 7 -1
13 8 1
13 9 1
13 11 1
13 12 -1
13 15 -1
13 25 -1
13 28 -1
13 37 1
13 41 1
13 43 1
13 52 -1
13 60 1
13 63 1
14 1 -1
14 4 -1
14 5 -1
14 7 1
14 9 1
14 10 -1
14 11 -1
14 12 -1
14 26 -1
14 29 -1
14 38 -1
14 41 -1
14 47 1
14 61 -1
14 63 -1
14 64 1
15 1 -1
15 5 1
15 6 1
15 7 1
15 8 1
15 10 1
15 13 -1
15 16 -1
15 21 -1
15 28 -1
15 30 1
15 31 1
15 46 -1
15 49 -1
15 59 -1
15 64 1
16 2 -1
16 3 1
16 6 -1
16 7 1
16 9 1
16 10 -1
16 11 -1
16 15 -1
16 17 -1
16 20 -1
16 24 -1
16 25 -1
16 36 1
16 38 1
16 41 1
17 5 1
17 9 1
17 16 -1
17 19 -1
17 23 -1
17 24 -1
17 26 1
17 27 -1
17 28 -1
17 31 1
17 32 1
17 43 1
17 50 -1
17 51 -1
17 52 1
17 60 -1
18 5 1
18 11 1
18 12 1
18 19 -1
18 21 1
18 22 -1
18 23 1
18 25 1
18 29 -1
18 30 -1
18 31 -1
18 45 1
18 47 1
18 58 1
18 62 1
18 64 1
19 1 -1
19 4 1
19 17 -1
19 18 -1
19 20 -1
19 23 1
19 24 1
19 25 -1
19 27 1
19 28 1
19 43 1
19 46 1
19 50 -1
19 54 -1
19 62 -1
20 9 1
20 16 -1
20 19 -1
20 23 -1
20 24 -1
20 25 1
20 27 -1
20 29 1
20 30 1
20 32 1
20 37 -1
20 41 -1
20 45 1
20 53 -1
20 63 -1
21 15 -1
21 18 1
21 22 -1
21 23 1
21 24 1
21 25 1
21 28 -1
21 29 -1
21 32 -1
21 39 1
21 48 1
21 49 1
21 57 -1
21 58 -1
21 60 1
21 61 1
22 4 1
22 6 -1
22 10 1
22 18 -1
22 21 -1
22 25 1
22 26 -1
22 27 1
22 30 1
22 31 1
22 32 -1
22 33 1
22 52 1
22 61 -1
22 64 -1
23 17 -1
23 18 1
23 19 1
23 20 -1
23 21 1
23 25 -1
23 27 1
23 31 -1
23 35 1
23 39 -1
23 45 1
23 47 -1
23 51 -1
23 55 -1
23 61 -1
24 3 -1
24 4 -1
24 6 -1
24 7 -1
24 16 -1
24 17 -1
24 19 1
24 20 -1
24 21 1
24 27 -1
24 28 -1
24 30 1
24 32 -1
24 44 1
24 54 1
24 61 -1
25 7 -1
25 8 1
25 10 1
25 13 -1
25 16 -1
25 18 1
25 19 -1
25 20 1
25 21 1
25 22 1
25 23 -1
25 26 1
25 29 -1
25 47 -1
25 60 1
25 62 1
26 1 1
26 4 1
26 14 -1
26 17 1
26 22 -1
26 25 1
26 27 1
26 28 1
26 30 -1
26 31 1
26 32 1
26 33 -1
26 35 -1
26 45 -1
26 60 1
26 63 1
27 3 1
27 8 -1
27 17 -1
27 19 1
27 20 -1
27 22 1
27 23 1
27 24 -1
27 26 1
27 30 -1
27 42 -1
27 47 -1
27 48 -1
27 49 -1
27 56 -1
27 59 -1
28 7 1
28 11 -1
28 13 -1
28 15 -1
28 17 -1
28 19 1
28 21 -1
28 24 -1
28 26 1
28 29 1
28 30 1
28 31 1
28 34 1
28 44 1
28 56 -1
28 58 1
29 14 -1
29 18 -1
29 20 1
29 21 -1
29 25 -1
29 28 1
29 30 -1
29 31 -1
29 32 1
29 39 -1
29 43 -1
29 48 1
29 54 1
29 55 1
30 9 -1
30 12 1
30 15 1
30 18 -1
30 20 1
30 22 1
30 24 1
30 26 -1
30 27 -1
30 28 1
30 29 -1
30 34 -1
30 36 1
30 44 -1
30 57 -1
30 59 1
31 2 -1
31 6 -1
31 15 1
31 17 1
31 18 -1
31 22 1
31 23 -1
31 26 1
31 28 1
31 29 -1
31 32 1
31 34 -1
31 42 1
31 49 1
31 51 1
31 53 -1
32 8 -1
32 17 1
32 20 1
32 21 -1
32 22 -1
32 24 -1
32 26 1
32 29 1
32 31 1
32 44 1
32 46 1
32 56 1
32 60 -1
32 62 -1
33 22 1
33 26 -1
33 36 1
33 39 -1
33 41 1
33 43 -1
33 44 -1
33 46 -1
33 47 -1
33 48 -1
33 49 -1
33 50 -1
33 55 -1
33 58 1
33 59 1
34 6 1
34 10 1
34 11 1
34 28 1
34 30 -1
34 31 -1
34 35 -1
34 36 -1
34 37 -1
34 40 1
34 41 -1
34 42 -1
34 43 1
34 45 -1
34 54 -1
34 56 -1
35 6 -1
35 8 -1
35 23 1
35 26 -1
35 34 -1
35 36 1
35 38 1
35 40 1
35 42 -1
35 44 1
35 47 1
35 48 1
35 50 1
35 61 1
35 63 1
36 5 -1
36 6 -1
36 8 -1
36 10 1
36 16 1
36 30 1
36 33 1
36 34 -1
36 35 1
36 38 -1
36 39 -1
36 42 1
36 46 -1
36 48 1
36 51 -1
36 62 1
37 1 -1
37 2 -1
37 11 1
37 13 1
37 20 -1
37 34 -1
37 38 -1
37 41 1
37 42 -1
37 43 -1
37 45 -1
37 46 1
37 47 -1
37 49 1
37 52 -1
37 57 1
38 3 -1
38 9 1
38 14 -1
38 16 1
38 35 1
38 36 -1
38 37 -1
38 39 -1
38 41 1
38 42 -1
38 44 1
38 46 1
38 52 -1
38 56 -1
39 7 1
39 10 1
39 21 1
39 23 -1
39 29 -1
39 33 -1
39 36 -1
39 38 -1
39 40 1
39 41 1
39 42 -1
39 43 1
39 45 -1
39 54 1
39 58 1
40 7 1
40 34 1
40 35 1
40 39 1
40 43 -1
40 44 1
40 45 -1
40 46 1
40 48 -1
40 51 1
40 53 1
40 55 -1
40 57 1
40 63 -1
41 2 1
41 9 -1
41 13 1
41 14 -1
41 16 1
41 20 -1
41 33 1
41 34 -1
41 37 1
41 38 1
41 39 1
41 46 -1
41 47 -1
41 48 -1
41 53 1
41 57 -1
42 4 1
42 5 1
42 10 1
42 12 1
42 27 -1
42 31 1
42 34 -1
42 35 -1
42 36 1
42 37 -1
42 38 -1
42 39 -1
42 43 1
42 44 -1
42 54 1
43 3 1
43 12 -1
43 13 1
43 17 1
43 19 1
43 29 -1
43 33 -1
43 34 1
43 37 -1
43 39 1
43 40 -1
43 42 1
43 47 -1
43 48 -1
43 49 -1
43 50 -1
44 7 -1
44 24 1
44 28 1
44 30 -1
44 32 1
44 33 -1
44 35 1
44 38 1
44 40 1
44 42 -1
44 45 -1
44 46 1
44 47 -1
44 51 -1
44 54 1
45 2 -1
45 4 1
45 18 1
45 20 1
45 23 1
45 26 -1
45 34 -1
45 37 -1
45 39 -1
45 40 -1
45 44 -1
45 46 1
45 47 1
45 48 1
45 55 -1
45 62 -1
46 5 1
46 15 -1
46 19 1
46 32 1
46 33 -1
46 36 -1
46 37 1
46 38 1
46 40 1
46 41 -1
46 44 1
46 45 1
46 49 -1
46 52 1
46 57 1
46 63 1
47 5 1
47 14 1
47 18 1
47 23 -1
47 25 -1
47 27 -1
47 33 -1
47 35 1
47 37 -1
47 41 -1
47 43 -1
47 44 -1
47 45 1
47 48 1
47 50 1
47 57 -1
48 3 -1
48 7 1
48 9 -1
48 11 1
48 21 1
48 27 -1
48 29 1
48 33 -1
48 35 1
48 36 1
48 40 -1
48 41 -1
48 43 -1
48 45 1
48 47 1
48 61 1
49 15 -1
49 21 1
49 27 -1
49 31 1
49 33 -1
49 37 1
49 43 -1
49 46 -1
49 50 1
49 53 -1
49 56 1
49 57 -1
49 58 1
49 60 1
49 61 -1
49 63 -1
50 6 -1
50 11 1
50 17 -1
50 19 -1
50 33 -1
50 35 1
50 43 -1
50 47 1
50 49 1
50 51 -1
50 53 -1
50 55 1
50 56 -1
50 57 1
50 58 -1
50 60 1
51 2 -1
51 12 1
51 17 -1
51 23 -1
51 31 1
51 36 -1
51 40 1
51 44 -1
51 50 -1
51 52 1
51 53 1
51 57 -1
51 61 -1
51 62 1
51 63 1
51 64 1
52 4 1
52 13 -1
52 17 1
52 22 1
52 37 -1
52 38 -1
52 46 1
52 51 1
52 53 -1
52 55 1
52 56 1
52 61 1
52 62 -1
52 63 1
52 64 1
53 2 -1
53 3 1
53 5 1
53 20 -1
53 31 -1
53 40 1
53 41 1
53 49 -1
53 50 -1
53 51 1
53 52 -1
53 56 1
53 60 1
53 62 -1
53 63 -1
54 8 1
54 19 -1
54 24 1
54 29 1
54 34 -1
54 39 1
54 42 1
54 44 1
54 55 1
54 56 -1
54 57 1
54 58 -1
54 59 1
54 60 1
54 62 -1
54 63 -1
55 5 1
55 23 -1
55 29 1
55 33 -1
55 40 -1
55 45 -1
55 50 1
55 52 1
55 54 1
55 56 -1
55 58 1
55 59 1
55 60 1
55 64 -1
56 1 -1
56 11 1
56 12 1
56 27 -1
56 28 -1
56 32 1
56 34 -1
56 38 -1
56 49 1
56 50 -1
56 52 1
56 53 1
56 54 -1
56 55 -1
56 57 1
56 59 -1
57 21 -1
57 30 -1
57 37 1
57 40 1
57 41 -1
57 46 1
57 47 -1
57 49 -1
57 50 1
57 51 -1
57 54 1
57 56 1
57 61 1
57 63 -1
57 64 1
58 1 1
58 3 1
58 9 1
58 18 1
58 21 -1
58 28 1
58 33 1
58 39 1
58 49 1
58 50 -1
58 54 -1
58 55 1
58 61 -1
58 62 1
58 63 -1
58 64 1
59 1 1
59 2 -1
59 3 1
59 9 -1
59 15 -1
59 27 -1
59 30 1
59 33 1
59 54 1
59 55 1
59 56 -1
59 60 -1
59 61 1
59 62 1
59 63 1
59 64 -1
60 8 1
60 10 1
60 13 1
60 17 -1
60 21 1
60 25 1
60 26 1
60 32 -1
60 49 1
60 50 1
60 53 1
60 54 1
60 55 1
60 59 -1
60 61 -1
60 62 1
61 14 -1
61 21 1
61 22 -1
61 23 -1
61 24 -1
61 35 1
61 48 1
61 49 -1
61 51 -1
61 52 1
61 57 1
61 58 -1
61 59 1
61 60 -1
61 64 1
62 1 1
62 10 1
62 18 1
62 19 -1
62 25 1
62 32 -1
62 36 1
62 45 -1
62 51 1
62 52 -1
62 53 -1
62 54 -1
62 58 1
62 59 1
62 60 1
62 64 -1
63 2 -1
63 13 1
63 14 -1
63 20 -1
63 26 1
63 35 1
63 40 -1
63 46 1
63 49 -1
63 51 1
63 52 1
63 53 -1
63 54 -1
63 57 -1
63 58 -1
63 59 1
64 6 1
64 11 1
64 12 -1
64 14 1
64 15 1
64 18 1
64 22 -1
64 51 1
64 52 1
64 55 -1
64 57 1
64 58 1
64 59 -1
64 61 1
64 62 -1
