1 4 1
1 5 1
1 6 1
1 8 1
1 9 1
1 11 1
1 14 1
1 15 -1
1 20 1
1 24 1
1 38 1
1 42 1
1 44 1
1 48 1
1 54 1
1 60 -1
2 3 1
2 9 1
2 11 -1
2 12 1
2 13 1
2 14 1
2 15 1
2 16 1
2 19 1
2 27 1
2 36 1
2 39 1
2 40 -1
2 45 1
2 50 1
2 57 1
3 2 1
3 4 1
3 7 1
3 9 1
3 10 1
3 13 1
3 14 1
3 16 1
3 23 -1
3 31 -1
3 36 1
3 37 1
3 46 1
3 48 1
3 63 1
4 1 1
4 3 1
4 6 1
4 8 1
4 12 1
4 14 -1
4 15 1
4 16 1
4 21 1
4 27 1
4 37 1
4 40 1
4 41 1
4 58 1
4 61 1
5 1 1
5 6 1
5 10 1
5 11 1
5 12 1
5 13 1
5 14 1
5 16 -1
5 20 1
5 23 1
5 24 -1
5 30 1
5 38 1
5 46 1
5 55 1
5 56 1
6 1 1
6 4 1
6 5 1
6 7 1
6 11 1
6 12 1
6 13 1
6 15 1
6 19 -1
6 23 1
6 38 1
6 42 -1
6 46 -1
6 47 1
6 56 -1
6 58 1
7 3 1
7 6 1
7 9 1
7 10 -1
7 11 1
7 13 1
7 15 1
7 16 -1
7 17 1
7 41 1
7 42 1
7 43 1
7 47 1
7 54 1
7 62 1
8 1 1
8 4 1
8 10 1
8 11 1
8 12 1
8 13 1
8 15 -1
8 16 1
8 18 -1
8 19 1
8 26 1
8 29 -1
8 33 1
8 51 -1
8 55 1
8 62 -1
9 1 1
9 2 1
9 3 1
9 7 1
9 10 1
9 12 -1
9 14 1
9 15 1
9 18 1
9 25 1
9 26 1
9 42 -1
9 46 1
9 56 1
9 57 1
9 61 1
10 3 1
10 5 1
10 7 -1
10 8 1
10 9 1
10 11 1
10 13 -1
10 16 1
10 17 1
10 18 1
10 28 1
10 35 1
10 44 1
10 50 1
10 54 1
10 55 1
11 1 1
11 2 -1
11 5 1
11 6 1
11 7 1
11 8 1
11 10 1
11 12 1
11 23 -1
11 30 1
11 41 1
11 46 1
11 52 1
11 55 1
11 61 1
11 64 1
12 2 1
12 4 1
12 5 1
12 6 1
12 8 1
12 9 -1
12 11 1
12 14 1
12 19 1
12 23 1
12 25 1
12 30 1
12 42 1
12 46 1
12 61 1
12 64 -1
13 2 1
13 3 1
13 5 1
13 6 1
13 7 1
13 8 1
13 10 -1
13 14 1
13 26 -1
13 34 1
13 38 -1
13 42 1
13 47 1
13 50 1
13 52 1
13 54 1
14 1 1
14 2 1
14 3 1
14 4 -1
14 5 1
14 9 1
14 12 1
14 13 1
14 24 -1
14 30 1
14 42 -1
14 50 1
14 51 -1
14 55 1
14 57 1
14 60 1
15 1 -1
15 2 1
15 4 1
15 6 1
15 7 1
15 8 -1
15 9 1
15 16 -1
15 27 1
15 31 1
15 37 -1
15 45 1
15 49 1
15 55 1
15 57 1
16 2 1
16 3 1
16 4 1
16 5 -1
16 7 -1
16 8 1
16 10 1
16 15 -1
16 18 1
16 34 1
16 35 1
16 40 1
16 43 1
16 45 1
16 54 1
16 62 1
17 7 1
17 10 1
17 18 1
17 19 1
17 23 1
17 24 1
17 25 1
17 28 1
17 30 1
17 32 1
17 33 -1
17 34 1
17 35 1
17 57 -1
17 58 1
17 62 1
18 8 -1
18 9 1
18 10 1
18 16 1
18 17 1
18 20 1
18 21 -1
18 24 1
18 25 -1
18 26 1
18 27 1
18 30 1
18 46 1
18 50 -1
18 57 1
19 2 1
19 6 -1
19 8 1
19 12 1
19 17 1
19 20 -1
19 22 1
19 26 1
19 27 1
19 28 1
19 30 -1
19 31 -1
19 33 1
19 36 -1
19 60 1
20 1 1
20 5 1
20 18 1
20 19 -1
20 24 1
20 25 1
20 26 1
20 27 1
20 29 1
20 30 -1
20 35 -1
20 41 1
20 51 -1
20 53 1
20 54 1
21 4 1
21 18 -1
21 22 1
21 23 1
21 26 -1
21 27 1
21 29 -1
21 30 1
21 32 1
21 43 1
21 49 1
21 59 1
21 62 1
21 63 1
22 19 1
22 21 1
22 23 -1
22 24 1
22 25 1
22 28 1
22 29 1
22 31 1
22 34 -1
22 44 -1
22 47 1
22 52 1
22 53 1
22 63 1
22 64 1
23 3 -1
23 5 1
23 6 1
23 11 -1
23 12 1
23 17 1
23 21 1
23 22 -1
23 24 1
23 26 1
23 27 -1
23 28 1
23 32 1
23 36 1
23 40 1
23 54 1
24 1 1
24 5 -1
24 14 -1
24 17 1
24 18 1
24 20 1
24 22 1
24 23 1
24 29 1
24 30 -1
24 32 1
24 39 -1
24 40 1
24 44 -1
24 52 1
24 59 1
25 9 1
25 12 1
25 17 1
25 18 -1
25 20 1
25 22 1
25 27 1
25 29 1
25 30 -1
25 31 1
25 34 1
25 38 1
25 46 1
25 57 1
25 58 1
25 64 1
26 8 1
26 9 1
26 13 -1
26 18 1
26 19 1
26 20 1
26 21 -1
26 23 1
26 28 -1
26 29 1
26 31 1
26 39 1
26 41 1
26 60 1
26 62 -1
26 64 -1
27 2 1
27 4 1
27 15 1
27 18 1
27 19 1
27 20 1
27 21 1
27 23 -1
27 25 1
27 31 1
27 32 1
27 36 -1
27 47 1
27 50 1
28 10 1
28 17 1
28 19 1
28 22 1
28 23 1
28 26 -1
28 29 1
28 31 1
28 32 1
28 38 1
28 40 1
28 48 1
28 59 -1
28 60 1
28 62 1
29 8 -1
29 20 1
29 21 -1
29 22 1
29 24 1
29 25 1
29 26 1
29 28 1
29 31 1
29 34 1
29 35 -1
29 38 1
29 58 -1
29 59 1
29 62 1
29 63 1
30 5 1
30 11 1
30 12 1
30 14 1
30 17 1
30 18 1
30 19 -1
30 20 -1
30 21 1
30 24 -1
30 25 -1
30 32 1
30 37 1
30 47 1
30 48 1
30 55 -1
31 3 -1
31 15 1
31 19 -1
31 22 1
31 25 1
31 26 1
31 27 1
31 28 1
31 29 1
31 32 1
31 34 1
31 47 1
31 51 1
31 52 1
31 56 1
31 59 -1
32 17 1
32 21 1
32 23 1
32 24 1
32 27 1
32 28 1
32 30 1
32 31 1
32 39 1
32 41 1
32 45 1
32 49 1
32 53 -1
33 8 1
33 17 -1
33 19 1
33 34 -1
33 35 -1
33 36 1
33 37 -1
33 38 1
33 39 1
33 41 1
33 44 1
33 49 1
33 56 -1
33 58 1
33 60 1
34 13 1
34 16 1
34 17 1
34 22 -1
34 25 1
34 29 1
34 31 1
34 33 -1
34 35 1
34 39 1
34 40 1
34 41 -1
34 42 1
34 46 1
34 48 1
34 61 -1
35 10 1
35 16 1
35 17 1
35 20 -1
35 29 -1
35 33 -1
35 34 1
35 36 1
35 39 1
35 40 1
35 43 1
35 44 1
35 45 1
35 52 1
35 53 1
35 63 1
36 2 1
36 3 1
36 19 -1
36 23 1
36 27 -1
36 33 1
36 35 1
36 37 1
36 40 1
36 44 1
36 45 1
36 47 -1
36 48 1
36 61 -1
37 3 1
37 4 1
37 15 -1
37 30 1
37 33 -1
37 36 1
37 40 1
37 41 1
37 42 1
37 43 1
37 46 -1
37 47 1
37 51 1
37 63 1
38 1 1
38 5 1
38 6 1
38 13 -1
38 25 1
38 28 1
38 29 1
38 33 1
38 41 1
38 42 1
38 43 1
38 44 1
38 45 1
38 47 1
38 48 1
38 59 1
39 2 1
39 24 -1
39 26 1
39 32 1
39 33 1
39 34 1
39 35 1
39 40 1
39 41 1
39 44 1
39 45 -1
39 48 -1
39 49 1
39 52 1
39 58 -1
40 2 -1
40 4 1
40 16 1
40 23 1
40 24 1
40 28 1
40 34 1
40 35 1
40 36 1
40 37 1
40 39 1
40 44 1
40 45 1
40 46 -1
40 53 1
40 64 -1
41 4 1
41 7 1
41 11 1
41 20 1
41 26 1
41 32 1
41 33 1
41 34 -1
41 37 1
41 38 1
41 39 1
41 42 1
41 45 1
41 47 1
41 56 1
41 61 1
42 1 1
42 6 -1
42 7 1
42 9 -1
42 12 1
42 13 1
42 14 -1
42 34 1
42 37 1
42 38 1
42 41 1
42 43 1
42 45 1
42 46 -1
42 48 -1
42 59 1
43 7 1
43 16 1
43 21 1
43 35 1
43 37 1
43 38 1
43 42 1
43 45 1
43 46 1
43 47 1
43 48 -1
43 51 -1
43 56 1
43 58 1
44 1 1
44 10 1
44 22 -1
44 24 -1
44 33 1
44 35 1
44 36 1
44 38 1
44 39 1
44 40 1
44 46 1
44 47 1
44 51 -1
44 53 1
44 57 1
44 59 1
45 2 1
45 15 1
45 16 1
45 32 1
45 35 1
45 36 1
45 38 1
45 39 -1
45 40 1
45 41 1
45 42 1
45 43 1
45 53 1
45 60 1
45 63 1
46 3 1
46 5 1
46 6 -1
46 9 1
46 11 1
46 12 1
46 18 1
46 25 1
46 34 1
46 37 -1
46 40 -1
46 42 -1
46 43 1
46 44 1
46 47 -1
46 48 -1
47 6 1
47 7 1
47 13 1
47 22 1
47 27 1
47 30 1
47 31 1
47 36 -1
47 37 1
47 38 1
47 41 1
47 43 1
47 44 1
47 46 -1
47 48 1
48 1 1
48 3 1
48 28 1
48 30 1
48 34 1
48 36 1
48 38 1
48 39 -1
48 42 -1
48 43 -1
48 46 -1
48 47 1
48 55 1
48 61 1
48 64 1
49 15 1
49 21 1
49 32 1
49 33 1
49 39 1
49 52 1
49 53 1
49 58 1
49 59 -1
49 60 1
49 61 1
49 63 1
49 64 1
50 2 1
50 10 1
50 13 1
50 14 1
50 18 -1
50 27 1
50 52 1
50 54 1
50 55 -1
50 56 -1
50 60 1
50 61 1
50 62 1
50 64 1
51 8 -1
51 14 -1
51 20 -1
51 31 1
51 37 1
51 43 -1
51 44 -1
51 53 1
51 54 1
51 56 1
51 57 1
51 58 -1
51 60 1
51 61 1
51 62 -1
52 11 1
52 13 1
52 22 1
52 24 1
52 31 1
52 35 1
52 39 1
52 49 1
52 50 1
52 53 1
52 55 -1
52 56 1
52 58 1
52 62 1
52 64 1
53 20 1
53 22 1
53 32 -1
53 35 1
53 40 1
53 44 1
53 45 1
53 49 1
53 51 1
53 52 1
53 57 1
53 59 1
53 60 1
53 61 -1
53 62 1
54 1 1
54 7 1
54 10 1
54 13 1
54 16 1
54 20 1
54 23 1
54 50 1
54 51 1
54 57 1
54 58 1
54 59 1
54 60 1
54 62 1
54 63 1
55 5 1
55 8 1
55 10 1
55 11 1
55 14 1
55 15 1
55 30 -1
55 48 1
55 50 -1
55 52 -1
55 56 -1
55 57 1
55 58 1
55 59 1
55 61 1
55 63 1
56 5 1
56 6 -1
56 9 1
56 31 1
56 33 -1
56 41 1
56 43 1
56 50 -1
56 51 1
56 52 1
56 55 -1
56 57 1
56 61 -1
56 63 1
56 64 1
57 2 1
57 9 1
57 14 1
57 15 1
57 17 -1
57 18 1
57 25 1
57 44 1
57 51 1
57 53 1
57 54 1
57 55 1
57 56 1
57 59 1
57 63 -1
57 64 1
58 4 1
58 6 1
58 17 1
58 25 1
58 29 -1
58 33 1
58 39 -1
58 43 1
58 49 1
58 51 -1
58 52 1
58 54 1
58 55 1
58 61 1
58 63 1
58 64 -1
59 21 1
59 24 1
59 28 -1
59 29 1
59 31 -1
59 38 1
59 42 1
59 44 1
59 49 -1
59 53 1
59 54 1
59 55 1
59 57 1
59 60 1
59 62 -1
59 64 1
60 1 -1
60 14 1
60 19 1
60 26 1
60 28 1
60 33 1
60 45 1
60 49 1
60 50 1
60 51 1
60 53 1
60 54 1
60 59 1
60 61 1
60 62 1
61 4 1
61 9 1
61 11 1
61 12 1
61 34 -1
61 36 -1
61 41 1
61 48 1
61 49 1
61 50 1
61 51 1
61 53 -1
61 55 1
61 56 -1
61 58 1
61 60 1
62 7 1
62 8 -1
62 16 1
62 17 1
62 21 1
62 26 -1
62 28 1
62 29 1
62 50 1
62 51 -1
62 52 1
62 53 1
62 54 1
62 59 -1
62 60 1
62 63 1
63 3 1
63 21 1
63 22 1
63 29 1
63 35 1
63 37 1
63 45 1
63 49 1
63 54 1
63 55 1
63 56 1
63 57 -1
63 58 1
63 62 1
63 64 -1
64 11 1
64 12 -1
64 22 1
64 25 1
64 26 -1
64 40 -1
64 48 1
64 49 1
64 50 1
64 52 1
64 56 1
64 57 1
64 58 -1
64 59 1
64 63 -1
