1 2 1
1 3 -1
1 5 1
1 6 1
1 7 1
1 11 1
1 12 1
1 16 1
1 33 1
1 34 1
1 42 1
1 45 -1
1 52 1
1 55 -1
1 60 1
2 1 1
2 4 1
2 8 -1
2 10 -1
2 11 -1
2 13 -1
2 14 -1
2 15 1
2 25 1
2 32 -1
2 34 1
2 41 -1
2 48 1
2 49 1
2 51 1
2 56 -1
3 1 -1
3 6 1
3 7 1
3 8 1
3 11 1
3 12 1
3 13 -1
3 14 1
3 17 -1
3 21 1
3 22 1
3 27 1
3 46 1
3 54 1
3 58 -1
4 2 1
4 5 1
4 7 1
4 8 -1
4 9 1
4 10 1
4 11 1
4 15 1
4 41 1
4 47 1
4 52 -1
4 54 1
4 55 1
4 57 -1
4 63 1
5 1 1
5 4 1
5 9 -1
5 10 1
5 12 1
5 14 -1
5 15 1
5 16 1
5 20 -1
5 30 1
5 31 1
5 36 1
5 37 -1
5 48 1
5 59 1
5 64 1
6 1 1
6 3 1
6 7 1
6 8 -1
6 12 1
6 13 -1
6 15 1
6 16 1
6 18 1
6 29 1
6 30 1
6 31 1
6 32 -1
6 40 1
6 51 1
6 57 1
7 1 1
7 3 1
7 4 1
7 6 1
7 8 1
7 9 1
7 12 1
7 16 1
7 17 1
7 22 1
7 29 1
7 45 1
7 51 1
7 53 1
7 62 -1
8 2 -1
8 3 1
8 4 -1
8 6 -1
8 7 1
8 9 1
8 10 -1
8 12 1
8 35 1
8 39 -1
8 41 1
8 42 1
8 44 1
8 45 1
8 63 -1
9 4 1
9 5 -1
9 7 1
9 8 1
9 10 -1
9 11 1
9 15 1
9 16 1
9 17 -1
9 20 -1
9 35 1
9 37 1
9 42 1
9 46 -1
9 56 1
10 2 -1
10 4 1
10 5 1
10 8 -1
10 9 -1
10 13 1
10 14 -1
10 16 1
10 20 -1
10 27 1
10 32 1
10 39 1
10 41 -1
10 43 1
10 52 1
11 1 1
11 2 -1
11 3 1
11 4 1
11 9 1
11 13 1
11 14 1
11 15 -1
11 24 1
11 31 1
11 48 1
11 50 -1
11 54 -1
11 59 1
11 64 1
12 1 1
12 3 1
12 5 1
12 6 1
12 7 1
12 8 1
12 13 1
12 16 1
12 26 1
12 36 1
12 46 1
12 52 1
12 58 1
12 59 -1
13 2 -1
13 3 -1
13 6 -1
13 10 1
13 11 1
13 12 1
13 14 1
13 15 1
13 21 1
13 22 1
13 33 -1
13 35 1
13 50 -1
13 51 1
13 54 1
14 2 -1
14 3 1
14 5 -1
14 10 -1
14 11 1
14 13 1
14 15 1
14 16 1
14 25 1
14 31 1
14 35 1
14 45 -1
14 49 1
14 51 1
14 53 1
15 2 1
15 4 1
15 5 1
15 6 1
15 9 1
15 11 -1
15 13 1
15 14 1
15 19 1
15 27 1
15 36 1
15 38 -1
15 39 1
15 42 1
15 60 1
15 64 -1
16 1 1
16 5 1
16 6 1
16 7 1
16 9 1
16 10 1
16 12 1
16 14 1
16 27 1
16 32 -1
16 34 -1
16 37 1
16 39 1
16 49 -1
16 58 -1
16 62 1
17 3 -1
17 7 1
17 9 -1
17 18 1
17 23 1
17 25 1
17 26 1
17 28 1
17 29 -1
17 31 1
17 32 1
17 35 -1
17 40 1
17 42 -1
17 47 1
17 53 1
18 6 1
18 17 1
18 19 -1
18 20 1
18 21 1
18 23 1
18 25 -1
18 27 -1
18 29 1
18 36 1
18 50 -1
18 54 -1
18 55 1
18 58 -1
18 60 -1
18 62 -1
19 15 1
19 18 -1
19 22 1
19 24 -1
19 25 1
19 26 1
19 27 1
19 30 1
19 32 1
19 40 1
19 48 1
19 53 1
19 56 -1
19 57 1
19 62 1
20 5 -1
20 9 -1
20 10 -1
20 18 1
20 22 -1
20 23 1
20 24 1
20 27 -1
20 29 1
20 31 -1
20 32 -1
20 40 1
20 44 1
20 46 1
20 63 1
21 3 1
21 13 1
21 18 1
21 24 -1
21 25 -1
21 26 1
21 28 1
21 30 1
21 31 1
21 32 -1
21 41 1
21 44 -1
21 52 -1
21 53 -1
21 58 1
22 3 1
22 7 1
22 13 1
22 19 1
22 20 -1
22 26 1
22 27 1
22 28 1
22 29 1
22 30 1
22 31 1
22 36 1
22 40 1
22 44 1
22 50 1
23 17 1
23 18 1
23 20 1
23 24 -1
23 25 1
23 26 1
23 29 1
23 31 1
23 33 -1
23 35 -1
23 39 1
23 49 1
23 50 1
23 51 1
23 57 1
24 11 1
24 19 -1
24 20 1
24 21 -1
24 23 -1
24 25 -1
24 30 1
24 31 1
24 32 1
24 34 1
24 37 1
24 44 -1
24 56 1
24 58 1
25 2 1
25 14 1
25 17 1
25 18 -1
25 19 1
25 21 -1
25 23 1
25 24 -1
25 27 -1
25 28 -1
25 38 1
25 45 1
25 48 -1
25 59 1
25 60 1
26 12 1
26 17 1
26 19 1
26 21 1
26 22 1
26 23 1
26 27 1
26 28 1
26 31 -1
26 34 1
26 44 -1
26 48 -1
26 54 1
26 57 -1
26 60 -1
27 3 1
27 10 1
27 15 1
27 16 1
27 18 -1
27 19 1
27 20 -1
27 22 1
27 25 -1
27 26 1
27 29 1
27 30 -1
27 40 1
27 45 1
27 50 -1
27 61 1
28 17 1
28 21 1
28 22 1
28 25 -1
28 26 1
28 29 1
28 30 1
28 32 1
28 34 1
28 36 1
28 38 1
28 39 1
28 46 1
28 60 -1
28 62 1
29 6 1
29 7 1
29 17 -1
29 18 1
29 20 1
29 22 1
29 23 1
29 27 1
29 28 1
29 32 1
29 40 1
29 43 -1
29 52 1
29 56 1
29 58 1
29 59 1
30 5 1
30 6 1
30 19 1
30 21 1
30 22 1
30 24 1
30 27 -1
30 28 1
30 31 1
30 32 -1
30 35 1
30 41 -1
30 47 -1
30 48 1
30 57 1
30 61 1
31 5 1
31 6 1
31 11 1
31 14 1
31 17 1
31 20 -1
31 21 1
31 22 1
31 23 1
31 24 1
31 26 -1
31 30 1
31 49 1
31 50 1
31 51 -1
31 57 -1
32 2 -1
32 6 -1
32 10 1
32 16 -1
32 17 1
32 19 1
32 20 -1
32 21 -1
32 24 1
32 28 1
32 29 1
32 30 -1
32 33 1
32 59 -1
32 61 -1
32 63 1
33 1 1
33 13 -1
33 23 -1
33 32 1
33 34 1
33 37 1
33 38 1
33 40 -1
33 43 1
33 46 -1
33 47 1
33 48 1
33 54 -1
34 1 1
34 2 1
34 16 -1
34 24 1
34 26 1
34 28 1
34 33 1
34 36 1
34 40 1
34 41 1
34 42 -1
34 43 1
34 46 1
34 47 1
34 64 1
35 8 1
35 9 1
35 13 1
35 14 1
35 17 -1
35 23 -1
35 30 1
35 36 1
35 37 -1
35 38 -1
35 39 -1
35 41 1
35 42 1
35 45 1
35 46 1
36 5 1
36 12 1
36 15 1
36 18 1
36 22 1
36 28 1
36 34 1
36 35 1
36 37 1
36 39 1
36 41 1
36 42 1
36 45 1
36 48 1
36 61 1
36 63 1
37 5 -1
37 9 1
37 16 1
37 24 1
37 33 1
37 35 -1
37 36 1
37 38 1
37 39 -1
37 44 1
37 45 1
37 48 1
37 55 1
37 56 1
37 63 -1
38 15 -1
38 25 1
38 28 1
38 33 1
38 35 -1
38 37 1
38 41 1
38 42 -1
38 43 1
38 44 -1
38 45 -1
38 53 1
38 60 1
38 62 1
38 64 1
39 8 -1
39 10 1
39 15 1
39 16 1
39 23 1
39 28 1
39 35 -1
39 36 1
39 37 -1
39 40 -1
39 44 -1
39 45 1
39 47 1
39 48 1
39 50 1
40 6 1
40 17 1
40 19 1
40 20 1
40 22 1
40 27 1
40 29 1
40 33 -1
40 34 1
40 39 -1
40 42 1
40 43 1
40 46 -1
40 47 1
40 48 -1
41 2 -1
41 4 1
41 8 1
41 10 -1
41 21 1
41 30 -1
41 34 1
41 35 1
41 36 1
41 38 1
41 42 1
41 43 -1
41 44 1
41 45 1
41 63 1
42 1 1
42 8 1
42 9 1
42 15 1
42 17 -1
42 34 -1
42 35 1
42 36 1
42 38 -1
42 40 1
42 41 1
42 44 1
42 46 -1
42 49 1
42 59 1
43 10 1
43 29 -1
43 33 1
43 34 1
43 38 1
43 40 1
43 41 -1
43 44 -1
43 45 1
43 48 1
43 55 1
43 56 1
43 57 -1
43 61 1
44 8 1
44 20 1
44 21 -1
44 22 1
44 24 -1
44 26 -1
44 37 1
44 38 -1
44 39 -1
44 41 1
44 42 1
44 43 -1
44 46 1
44 47 -1
44 62 1
45 1 -1
45 7 1
45 8 1
45 14 -1
45 25 1
45 27 1
45 35 1
45 36 1
45 37 1
45 38 -1
45 39 1
45 41 1
45 43 1
45 47 -1
45 61 1
46 3 1
46 9 -1
46 12 1
46 20 1
46 28 1
46 33 -1
46 34 1
46 35 1
46 40 -1
46 42 -1
46 44 1
46 47 -1
46 48 -1
46 53 1
46 64 1
47 4 1
47 17 1
47 30 -1
47 33 1
47 34 1
47 39 1
47 40 1
47 44 -1
47 45 -1
47 46 -1
47 48 -1
47 52 1
47 55 1
47 56 1
47 59 -1
47 63 1
48 2 1
48 5 1
48 11 1
48 19 1
48 25 -1
48 26 -1
48 30 1
48 33 1
48 36 1
48 37 1
48 39 1
48 40 -1
48 43 1
48 46 -1
48 47 -1
48 51 1
49 2 1
49 14 1
49 16 -1
49 23 1
49 31 1
49 42 1
49 50 -1
49 51 1
49 53 -1
49 54 1
49 55 -1
49 57 -1
49 59 -1
49 61 -1
50 11 -1
50 13 -1
50 18 -1
50 22 1
50 23 1
50 27 -1
50 31 1
50 39 1
50 49 -1
50 52 -1
50 57 1
50 59 1
50 60 -1
50 62 -1
50 63 1
50 64 -1
51 2 1
51 6 1
51 7 1
51 13 1
51 14 1
51 23 1
51 31 -1
51 48 1
51 49 1
51 54 1
51 55 -1
51 56 1
51 58 1
51 59 1
51 60 1
51 62 -1
52 1 1
52 4 -1
52 10 1
52 12 1
52 21 -1
52 29 1
52 47 1
52 50 -1
52 54 1
52 56 1
52 58 -1
52 59 1
52 60 1
52 62 1
52 63 1
53 7 1
53 14 1
53 17 1
53 19 1
53 21 -1
53 38 1
53 46 1
53 49 -1
53 54 -1
53 55 -1
53 56 1
53 57 1
53 60 1
53 62 1
53 64 1
54 3 1
54 4 1
54 11 -1
54 13 1
54 18 -1
54 26 1
54 33 -1
54 49 1
54 51 1
54 52 1
54 53 -1
54 56 -1
54 58 1
54 61 1
54 63 1
55 1 -1
55 4 1
55 18 1
55 37 1
55 43 1
55 47 1
55 49 -1
55 51 -1
55 53 -1
55 56 -1
55 57 -1
55 58 1
55 61 -1
55 63 1
56 2 -1
56 9 1
56 19 -1
56 24 1
56 29 1
56 37 1
56 43 1
56 47 1
56 51 1
56 52 1
56 53 1
56 54 -1
56 55 -1
56 57 1
56 60 1
56 61 1
57 4 -1
57 6 1
57 19 1
57 23 1
57 26 -1
57 30 1
57 31 -1
57 43 -1
57 49 -1
57 50 1
57 53 1
57 55 -1
57 56 1
57 59 1
57 62 -1
57 64 1
58 3 -1
58 12 1
58 16 -1
58 18 -1
58 21 1
58 24 1
58 29 1
58 51 1
58 52 -1
58 54 1
58 55 1
58 61 -1
58 62 1
58 63 1
58 64 1
59 5 1
59 11 1
59 12 -1
59 25 1
59 29 1
59 32 -1
59 42 1
59 47 -1
59 49 -1
59 50 1
59 51 1
59 52 1
59 57 1
59 60 1
59 61 1
59 63 1
60 1 1
60 15 1
60 18 -1
60 25 1
60 26 -1
60 28 -1
60 38 1
60 50 -1
60 51 1
60 52 1
60 53 1
60 56 1
60 59 1
60 63 1
60 64 -1
61 27 1
61 30 1
61 32 -1
61 36 1
61 43 1
61 45 1
61 49 -1
61 54 1
61 55 -1
61 56 1
61 58 -1
61 59 1
61 62 -1
61 64 1
62 7 -1
62 16 1
62 18 -1
62 19 1
62 28 1
62 38 1
62 44 1
62 50 -1
62 51 -1
62 52 1
62 53 1
62 57 -1
62 58 1
62 61 -1
62 64 1
63 4 1
63 8 -1
63 20 1
63 32 1
63 36 1
63 37 -1
63 41 1
63 47 1
63 50 1
63 52 1
63 54 1
63 55 1
63 58 1
63 59 1
63 60 1
63 64 -1
64 5 1
64 11 1
64 15 -1
64 34 1
64 38 1
64 46 1
64 50 -1
64 53 1
64 57 1
64 58 1
64 60 -1
64 61 1
64 62 1
64 63 -1
