1 3 -1
1 4 -1
1 7 -1
1 9 -1
1 11 -1
1 12 -1
1 14 -1
1 15 -1
1 18 -1
1 19 -1
1 24 -1
1 32 -1
1 38 -1
1 49 -1
1 52 -1
1 63 -1
2 3 -1
2 4 -1
2 5 -1
2 6 -1
2 7 -1
2 10 -1
2 13 -1
2 14 -1
2 21 -1
2 25 -1
2 29 -1
2 30 -1
2 33 -1
2 42 -1
2 49 -1
3 1 -1
3 2 -1
3 5 -1
3 6 -1
3 9 -1
3 11 -1
3 13 -1
3 16 -1
3 17 -1
3 19 -1
3 24 1
3 25 -1
3 29 -1
3 31 -1
3 46 -1
3 49 1
4 1 -1
4 2 -1
4 8 -1
4 10 -1
4 11 -1
4 12 -1
4 13 -1
4 14 -1
4 17 1
4 23 1
4 39 -1
4 40 -1
4 42 -1
4 53 -1
4 55 -1
5 2 -1
5 3 -1
5 7 -1
5 9 -1
5 11 -1
5 12 -1
5 14 -1
5 16 -1
5 24 -1
5 37 1
5 41 -1
5 50 -1
5 52 -1
5 56 -1
5 58 -1
6 2 -1
6 3 -1
6 7 1
6 8 -1
6 9 -1
6 13 1
6 15 -1
6 16 -1
6 26 1
6 31 -1
6 33 -1
6 35 -1
6 36 -1
6 37 -1
6 40 -1
7 1 -1
7 2 -1
7 5 -1
7 6 1
7 9 -1
7 10 1
7 12 -1
7 15 -1
7 18 -1
7 20 -1
7 22 -1
7 42 -1
7 47 -1
7 57 -1
7 59 -1
7 62 -1
8 4 -1
8 6 -1
8 10 -1
8 11 -1
8 12 -1
8 13 -1
8 14 -1
8 16 -1
8 18 -1
8 20 1
8 26 -1
8 33 1
8 39 -1
8 50 -1
8 51 -1
8 52 -1
9 1 -1
9 3 -1
9 5 -1
9 6 -1
9 7 -1
9 10 1
9 12 -1
9 16 -1
9 21 -1
9 26 -1
9 39 -1
9 55 -1
9 56 1
9 57 -1
9 62 -1
10 2 -1
10 4 -1
10 7 1
10 8 -1
10 9 1
10 13 -1
10 14 -1
10 15 -1
10 20 1
10 32 -1
10 33 -1
10 41 -1
10 42 -1
10 52 -1
10 60 -1
11 1 -1
11 3 -1
11 4 -1
11 5 -1
11 8 -1
11 14 -1
11 15 -1
11 16 -1
11 17 -1
11 20 -1
11 23 -1
11 34 -1
11 40 -1
11 45 -1
11 50 -1
11 63 -1
12 1 -1
12 4 -1
12 5 -1
12 7 -1
12 8 -1
12 9 -1
12 13 -1
12 15 -1
12 21 -1
12 27 1
12 28 -1
12 29 1
12 35 -1
12 54 -1
12 64 -1
13 2 -1
13 3 -1
13 4 -1
13 6 1
13 8 -1
13 10 -1
13 12 -1
13 15 -1
13 18 -1
13 41 -1
13 42 -1
13 47 -1
13 54 -1
13 60 -1
14 1 -1
14 2 -1
14 4 -1
14 5 -1
14 8 -1
14 10 -1
14 11 -1
14 16 1
14 35 -1
14 36 -1
14 39 1
14 43 -1
14 47 -1
14 51 -1
14 56 -1
14 61 -1
15 1 -1
15 6 -1
15 7 -1
15 10 -1
15 11 -1
15 12 -1
15 13 -1
15 16 -1
15 28 -1
15 35 -1
15 40 1
15 46 -1
15 52 -1
15 58 -1
15 62 -1
15 64 -1
16 3 -1
16 5 -1
16 6 -1
16 8 -1
16 9 -1
16 11 -1
16 14 1
16 15 -1
16 18 1
16 22 -1
16 27 -1
16 31 -1
16 50 -1
16 52 -1
16 61 -1
17 3 -1
17 4 1
17 11 -1
17 18 -1
17 25 -1
17 26 -1
17 27 -1
17 28 -1
17 29 -1
17 31 -1
17 32 -1
17 50 -1
17 56 1
17 60 -1
18 1 -1
18 7 -1
18 8 -1
18 13 -1
18 16 1
18 17 -1
18 19 -1
18 20 -1
18 22 1
18 23 -1
18 24 -1
18 29 -1
18 32 1
18 44 -1
18 46 -1
18 48 -1
19 1 -1
19 3 -1
19 18 -1
19 21 -1
19 24 -1
19 25 -1
19 26 -1
19 28 -1
19 30 -1
19 31 -1
19 33 -1
19 49 -1
19 53 -1
19 55 -1
19 57 -1
20 7 -1
20 8 1
20 10 1
20 11 -1
20 18 -1
20 21 -1
20 22 -1
20 23 1
20 26 -1
20 28 -1
20 30 -1
20 32 -1
20 37 -1
20 41 -1
20 53 -1
20 59 -1
21 2 -1
21 9 -1
21 12 -1
21 19 -1
21 20 -1
21 22 -1
21 24 -1
21 25 -1
21 27 -1
21 29 -1
21 30 -1
21 36 1
21 38 -1
21 40 -1
21 43 -1
22 7 -1
22 16 -1
22 18 1
22 20 -1
22 21 -1
22 23 -1
22 25 -1
22 26 -1
22 30 -1
22 31 -1
22 34 -1
22 44 -1
22 57 1
22 60 -1
22 61 -1
23 4 1
23 11 -1
23 18 -1
23 20 1
23 22 -1
23 25 -1
23 26 -1
23 28 -1
23 29 -1
23 30 -1
23 43 -1
23 44 1
23 45 -1
23 46 -1
23 51 -1
23 64 -1
24 1 -1
24 3 1
24 5 -1
24 18 -1
24 19 -1
24 21 -1
24 25 1
24 26 -1
24 27 -1
24 30 1
24 31 -1
24 36 -1
24 41 -1
24 42 -1
24 58 1
24 59 1
25 2 -1
25 3 -1
25 17 -1
25 19 -1
25 21 -1
25 22 -1
25 23 -1
25 24 1
25 27 -1
25 28 -1
25 35 -1
25 51 1
25 53 -1
25 60 -1
25 61 -1
26 6 1
26 8 -1
26 9 -1
26 17 -1
26 19 -1
26 20 -1
26 22 -1
26 23 -1
26 24 -1
26 27 -1
26 31 -1
26 36 -1
26 37 -1
26 47 -1
26 51 -1
26 63 -1
27 12 1
27 16 -1
27 17 -1
27 21 -1
27 24 -1
27 25 -1
27 26 -1
27 29 -1
27 31 -1
27 32 -1
27 36 -1
27 37 -1
27 43 -1
27 45 -1
27 48 -1
28 12 -1
28 15 -1
28 17 -1
28 19 -1
28 20 -1
28 23 -1
28 25 -1
28 29 1
28 30 -1
28 32 -1
28 39 -1
28 43 -1
28 47 -1
28 48 -1
28 53 -1
28 55 -1
29 2 -1
29 3 -1
29 12 1
29 17 -1
29 18 -1
29 21 -1
29 23 -1
29 27 -1
29 28 1
29 31 -1
29 32 -1
29 34 -1
29 36 -1
29 45 -1
29 51 -1
29 63 -1
30 2 -1
30 19 -1
30 20 -1
30 21 -1
30 22 -1
30 23 -1
30 24 1
30 28 -1
30 32 -1
30 34 -1
30 51 -1
30 53 -1
30 54 -1
30 59 -1
30 62 -1
30 63 -1
31 3 -1
31 6 -1
31 16 -1
31 17 -1
31 19 -1
31 22 -1
31 24 -1
31 26 -1
31 27 -1
31 29 -1
31 32 -1
31 40 -1
31 43 -1
31 50 -1
31 57 -1
32 1 -1
32 10 -1
32 17 -1
32 18 1
32 20 -1
32 27 -1
32 28 -1
32 29 -1
32 30 -1
32 31 -1
32 34 -1
32 46 -1
32 58 -1
32 60 -1
33 2 -1
33 6 -1
33 8 1
33 10 -1
33 19 -1
33 34 -1
33 35 -1
33 36 -1
33 37 -1
33 42 -1
33 43 -1
33 45 -1
33 47 -1
33 61 -1
34 11 -1
34 22 -1
34 29 -1
34 30 -1
34 32 -1
34 33 -1
34 35 -1
34 36 -1
34 40 -1
34 42 -1
34 43 -1
34 45 -1
34 46 -1
34 54 -1
34 63 -1
35 6 -1
35 12 -1
35 14 -1
35 15 -1
35 25 -1
35 33 -1
35 34 -1
35 37 -1
35 38 -1
35 40 -1
35 42 -1
35 44 -1
35 47 -1
35 54 -1
35 62 -1
36 6 -1
36 14 -1
36 21 1
36 24 -1
36 26 -1
36 27 -1
36 29 -1
36 33 -1
36 34 -1
36 38 -1
36 41 -1
36 43 -1
36 44 -1
36 45 -1
36 46 -1
36 60 -1
37 5 1
37 6 -1
37 20 -1
37 26 -1
37 27 -1
37 33 -1
37 35 -1
37 38 -1
37 39 -1
37 41 -1
37 42 -1
37 46 -1
37 48 1
37 52 -1
37 58 -1
37 59 -1
38 1 -1
38 21 -1
38 35 -1
38 36 -1
38 37 -1
38 39 -1
38 41 -1
38 44 -1
38 45 1
38 47 -1
38 54 -1
38 55 -1
38 58 -1
38 59 -1
38 61 -1
38 64 -1
39 4 -1
39 8 -1
39 9 -1
39 14 1
39 28 -1
39 37 -1
39 38 -1
39 40 -1
39 41 -1
39 43 1
39 44 -1
39 46 -1
39 47 1
39 53 -1
39 56 -1
39 62 -1
40 4 -1
40 6 -1
40 11 -1
40 15 1
40 21 -1
40 31 -1
40 34 -1
40 35 -1
40 39 -1
40 41 -1
40 43 -1
40 44 -1
40 46 -1
40 48 -1
40 49 -1
40 63 -1
41 5 -1
41 10 -1
41 13 -1
41 20 -1
41 24 -1
41 36 -1
41 37 -1
41 38 -1
41 39 -1
41 40 -1
41 44 -1
41 47 -1
41 48 -1
41 52 -1
41 53 -1
42 2 -1
42 4 -1
42 7 -1
42 10 -1
42 13 -1
42 24 -1
42 33 -1
42 34 -1
42 35 -1
42 37 -1
42 45 -1
42 46 -1
42 47 -1
42 48 -1
42 49 1
42 59 -1
43 14 -1
43 21 -1
43 23 -1
43 27 -1
43 28 -1
43 31 -1
43 33 -1
43 34 -1
43 36 -1
43 39 1
43 40 -1
43 44 -1
43 45 -1
43 48 -1
43 56 -1
43 64 -1
44 18 -1
44 22 -1
44 23 1
44 35 -1
44 36 -1
44 38 -1
44 39 -1
44 40 -1
44 41 -1
44 43 -1
44 47 -1
44 54 1
44 57 -1
44 59 -1
44 64 1
45 11 -1
45 23 -1
45 27 -1
45 29 -1
45 33 -1
45 34 -1
45 36 -1
45 38 1
45 42 -1
45 43 -1
45 46 -1
45 48 -1
45 55 -1
45 56 -1
45 61 -1
46 3 -1
46 15 -1
46 18 -1
46 23 -1
46 32 -1
46 34 -1
46 36 -1
46 37 -1
46 39 -1
46 40 -1
46 42 -1
46 45 -1
46 48 -1
46 49 -1
46 51 -1
46 58 -1
47 7 -1
47 13 -1
47 14 -1
47 26 -1
47 28 -1
47 33 -1
47 35 -1
47 38 -1
47 39 1
47 41 -1
47 42 -1
47 44 -1
47 48 -1
47 49 1
47 61 1
47 63 -1
48 18 -1
48 27 -1
48 28 -1
48 37 1
48 40 -1
48 41 -1
48 42 -1
48 43 -1
48 45 -1
48 46 -1
48 47 -1
48 56 -1
48 57 -1
48 64 -1
49 1 -1
49 2 -1
49 3 1
49 19 -1
49 40 -1
49 42 1
49 46 -1
49 47 1
49 53 -1
49 55 -1
49 56 -1
49 58 -1
49 60 -1
49 61 -1
49 62 1
49 64 -1
50 5 -1
50 8 -1
50 11 -1
50 16 -1
50 17 -1
50 31 -1
50 53 -1
50 54 -1
50 56 -1
50 57 -1
50 58 1
50 59 -1
50 61 1
50 64 -1
51 8 -1
51 14 -1
51 23 -1
51 25 1
51 26 -1
51 29 -1
51 30 -1
51 46 -1
51 53 -1
51 55 -1
51 57 1
51 58 -1
51 61 -1
51 62 -1
51 63 -1
51 64 -1
52 1 -1
52 5 -1
52 8 -1
52 10 -1
52 15 -1
52 16 -1
52 37 -1
52 41 -1
52 54 -1
52 56 -1
52 57 -1
52 58 -1
52 60 -1
52 61 -1
52 62 -1
52 63 -1
53 4 -1
53 19 -1
53 20 -1
53 25 -1
53 28 -1
53 30 -1
53 39 -1
53 41 -1
53 49 -1
53 50 -1
53 51 -1
53 54 -1
53 56 -1
53 57 -1
53 62 -1
53 63 -1
54 12 -1
54 13 -1
54 30 -1
54 34 -1
54 35 -1
54 38 -1
54 44 1
54 50 -1
54 52 -1
54 53 -1
54 55 -1
54 61 -1
54 62 -1
54 63 1
54 64 -1
55 4 -1
55 9 -1
55 19 -1
55 28 -1
55 38 -1
55 45 -1
55 49 -1
55 51 -1
55 54 -1
55 56 -1
55 57 -1
55 59 1
55 63 -1
55 64 -1
56 5 -1
56 9 1
56 14 -1
56 17 1
56 39 -1
56 43 -1
56 45 -1
56 48 -1
56 49 -1
56 50 -1
56 52 -1
56 53 -1
56 55 -1
56 58 -1
56 59 -1
56 60 -1
57 7 -1
57 9 -1
57 19 -1
57 22 1
57 31 -1
57 44 -1
57 48 -1
57 50 -1
57 51 1
57 52 -1
57 53 -1
57 55 -1
57 58 -1
57 59 1
57 61 -1
58 5 -1
58 15 -1
58 24 1
58 32 -1
58 37 -1
58 38 -1
58 46 -1
58 49 -1
58 50 1
58 51 -1
58 52 -1
58 56 -1
58 57 -1
58 59 -1
58 60 -1
59 7 -1
59 20 -1
59 24 1
59 30 -1
59 37 -1
59 38 -1
59 42 -1
59 44 -1
59 50 -1
59 55 1
59 56 -1
59 57 1
59 58 -1
59 60 1
59 61 -1
59 64 -1
60 10 -1
60 13 -1
60 17 -1
60 22 -1
60 25 -1
60 32 -1
60 36 -1
60 49 -1
60 52 -1
60 56 -1
60 58 -1
60 59 1
60 61 -1
60 62 -1
60 63 -1
61 14 -1
61 16 -1
61 22 -1
61 25 -1
61 33 -1
61 38 -1
61 45 -1
61 47 1
61 49 -1
61 50 1
61 51 -1
61 52 -1
61 54 -1
61 57 -1
61 59 -1
61 60 -1
62 7 -1
62 9 -1
62 15 -1
62 30 -1
62 35 -1
62 39 -1
62 49 1
62 51 -1
62 52 -1
62 53 -1
62 54 -1
62 60 -1
62 63 -1
62 64 -1
63 1 -1
63 11 -1
63 26 -1
63 29 -1
63 30 -1
63 34 -1
63 40 -1
63 47 -1
63 51 -1
63 52 -1
63 53 -1
63 54 1
63 55 -1
63 60 -1
63 62 -1
63 64 -1
64 12 -1
64 15 -1
64 23 -1
64 38 -1
64 43 -1
64 44 1
64 48 -1
64 49 -1
64 50 -1
64 51 -1
64 54 -1
64 55 -1
64 59 -1
64 62 -1
64 63 -1
