1 2 1
1 3 -1
1 6 1
1 8 -1
1 11 1
1 14 -1
1 15 1
1 16 1
1 38 1
1 50 -1
1 53 1
1 54 1
1 56 1
1 58 1
1 61 1
1 63 -1
2 1 1
2 3 1
2 8 1
2 9 1
2 13 1
2 14 1
2 15 1
2 16 -1
2 22 1
2 27 1
2 30 -1
2 34 1
2 46 1
2 48 1
2 56 -1
3 1 -1
3 2 1
3 4 1
3 8 1
3 9 1
3 10 1
3 11 1
3 15 1
3 22 -1
3 23 1
3 29 1
3 33 1
3 39 1
3 48 1
3 51 1
3 58 1
4 3 1
4 5 1
4 6 -1
4 7 -1
4 11 1
4 13 1
4 14 1
4 16 1
4 23 -1
4 28 1
4 30 1
4 36 -1
4 46 -1
4 51 1
4 54 1
4 60 1
5 4 1
5 6 -1
5 9 1
5 10 1
5 11 1
5 12 1
5 14 1
5 15 1
5 18 1
5 22 1
5 31 1
5 34 1
5 46 -1
5 54 1
5 59 -1
5 60 1
6 1 1
6 4 -1
6 5 -1
6 7 1
6 8 1
6 13 1
6 14 1
6 16 1
6 22 1
6 30 1
6 40 1
6 42 -1
6 44 -1
6 54 1
7 4 -1
7 6 1
7 8 1
7 9 1
7 10 1
7 12 -1
7 13 1
7 15 1
7 26 1
7 37 1
7 47 1
7 48 -1
7 58 1
7 62 1
7 63 1
7 64 1
8 1 -1
8 2 1
8 3 1
8 6 1
8 7 1
8 9 -1
8 12 -1
8 15 1
8 25 1
8 27 1
8 32 1
8 35 1
8 42 1
8 43 1
8 54 1
8 64 1
9 2 1
9 3 1
9 5 1
9 7 1
9 8 -1
9 12 1
9 15 1
9 16 1
9 21 1
9 23 1
9 27 -1
9 33 1
9 40 1
9 49 -1
9 51 1
9 56 -1
10 3 1
10 5 1
10 7 1
10 12 -1
10 13 1
10 14 1
10 15 -1
10 16 1
10 29 1
10 30 1
10 33 1
10 40 1
10 41 -1
10 53 1
10 55 1
10 60 1
11 1 1
11 3 1
11 4 1
11 5 1
11 12 1
11 13 1
11 14 1
11 16 1
11 17 1
11 45 1
11 47 1
11 53 1
11 59 -1
11 61 1
12 5 1
12 7 -1
12 8 -1
12 9 1
12 10 -1
12 11 1
12 13 1
12 16 -1
12 25 1
12 31 1
12 35 1
12 37 -1
12 40 1
12 41 1
12 57 1
13 2 1
13 4 1
13 6 1
13 7 1
13 10 1
13 11 1
13 12 1
13 14 1
13 20 1
13 28 1
13 31 1
13 33 1
13 52 1
13 56 1
13 59 1
13 60 1
14 1 -1
14 2 1
14 4 1
14 5 1
14 6 1
14 10 1
14 11 1
14 13 1
14 22 1
14 32 1
14 40 1
14 41 1
14 43 1
14 49 1
14 59 1
14 60 1
15 1 1
15 2 1
15 3 1
15 5 1
15 7 1
15 8 1
15 9 1
15 10 -1
15 17 1
15 21 1
15 26 -1
15 33 1
15 37 1
15 61 -1
15 64 1
16 1 1
16 2 -1
16 4 1
16 6 1
16 9 1
16 10 1
16 11 1
16 12 -1
16 21 -1
16 26 1
16 30 1
16 38 1
16 39 1
16 44 1
16 48 1
16 64 1
17 11 1
17 15 1
17 19 1
17 20 1
17 22 1
17 24 1
17 25 1
17 27 1
17 29 1
17 32 1
17 34 -1
17 35 1
17 38 1
17 40 1
17 47 -1
17 55 1
18 5 1
18 20 1
18 22 -1
18 23 1
18 24 1
18 25 1
18 26 1
18 27 1
18 29 -1
18 35 1
18 36 1
18 38 1
18 52 1
18 58 1
19 17 1
19 21 1
19 22 1
19 26 -1
19 27 1
19 28 1
19 30 1
19 32 -1
19 33 1
19 37 -1
19 39 1
19 50 1
19 55 1
19 58 1
19 63 1
20 13 1
20 17 1
20 18 1
20 21 1
20 23 1
20 24 -1
20 27 -1
20 28 1
20 31 1
20 41 1
20 43 1
20 47 1
20 55 1
20 57 -1
20 61 1
21 9 1
21 15 1
21 16 -1
21 19 1
21 20 1
21 23 1
21 26 1
21 28 -1
21 29 1
21 30 1
21 31 1
21 36 1
21 46 1
21 48 1
21 62 1
22 2 1
22 3 -1
22 5 1
22 6 1
22 14 1
22 17 1
22 18 -1
22 19 1
22 23 1
22 24 1
22 27 1
22 28 1
22 32 1
22 43 -1
22 52 1
23 3 1
23 4 -1
23 9 1
23 18 1
23 20 1
23 21 1
23 22 1
23 26 1
23 28 1
23 30 1
23 32 1
23 36 -1
23 44 1
23 48 1
23 49 -1
23 53 1
24 17 1
24 18 1
24 20 -1
24 22 1
24 26 1
24 29 1
24 30 1
24 31 1
24 36 1
24 39 1
24 44 1
24 45 1
24 52 1
24 57 -1
24 58 1
24 64 -1
25 8 1
25 12 1
25 17 1
25 18 1
25 27 1
25 28 -1
25 29 1
25 30 1
25 31 -1
25 32 1
25 46 1
25 52 1
25 57 1
25 61 1
25 62 1
26 7 1
26 15 -1
26 16 1
26 18 1
26 19 -1
26 21 1
26 23 1
26 24 1
26 28 -1
26 29 1
26 32 1
26 38 -1
26 50 1
26 57 1
26 58 1
27 2 1
27 8 1
27 9 -1
27 17 1
27 18 1
27 19 1
27 20 -1
27 22 1
27 25 1
27 30 1
27 32 -1
27 34 1
27 53 1
27 55 1
27 59 1
27 63 1
28 4 1
28 13 1
28 19 1
28 20 1
28 21 -1
28 22 1
28 23 1
28 25 -1
28 26 -1
28 31 1
28 38 -1
28 44 1
28 45 1
28 51 1
28 58 1
28 59 1
29 3 1
29 10 1
29 17 1
29 18 -1
29 21 1
29 24 1
29 25 1
29 26 1
29 30 1
29 31 1
29 42 -1
29 46 1
29 51 1
29 56 1
29 60 -1
30 2 -1
30 4 1
30 6 1
30 10 1
30 16 1
30 19 1
30 21 1
30 23 1
30 24 1
30 25 1
30 27 1
30 29 1
30 31 1
30 37 -1
30 49 1
30 57 -1
31 5 1
31 12 1
31 13 1
31 20 1
31 21 1
31 24 1
31 25 -1
31 28 1
31 29 1
31 30 1
31 32 1
31 34 -1
31 44 1
31 49 1
31 54 1
31 62 -1
32 8 1
32 14 1
32 17 1
32 19 -1
32 22 1
32 23 1
32 25 1
32 26 1
32 27 -1
32 31 1
32 35 -1
32 47 -1
32 50 1
32 55 1
33 3 1
33 9 1
33 10 1
33 13 1
33 15 1
33 19 1
33 34 1
33 36 1
33 39 -1
33 41 1
33 43 1
33 44 1
33 46 1
33 47 1
33 52 1
33 59 1
34 2 1
34 5 1
34 17 -1
34 27 1
34 31 -1
34 33 1
34 35 1
34 38 1
34 39 1
34 43 1
34 44 1
34 46 1
34 48 1
34 51 -1
34 55 1
34 63 1
35 8 1
35 12 1
35 17 1
35 18 1
35 32 -1
35 34 1
35 36 1
35 37 1
35 38 1
35 43 1
35 44 -1
35 46 -1
35 47 1
35 53 1
35 56 1
35 61 1
36 4 -1
36 18 1
36 21 1
36 23 -1
36 24 1
36 33 1
36 35 1
36 38 1
36 40 1
36 41 -1
36 42 -1
36 43 1
36 45 1
36 51 -1
37 7 1
37 12 -1
37 15 1
37 19 -1
37 30 -1
37 35 1
37 39 1
37 40 1
37 42 1
37 43 1
37 45 1
37 46 1
37 48 1
37 56 1
37 63 1
38 1 1
38 16 1
38 17 1
38 18 1
38 26 -1
38 28 -1
38 34 1
38 35 1
38 36 1
38 39 1
38 40 -1
38 41 1
38 46 1
38 48 1
38 52 1
39 3 1
39 16 1
39 19 1
39 24 1
39 33 -1
39 34 1
39 37 1
39 38 1
39 40 1
39 42 -1
39 44 1
39 45 -1
39 51 1
39 54 1
39 57 -1
39 62 -1
40 6 1
40 9 1
40 10 1
40 12 1
40 14 1
40 17 1
40 36 1
40 37 1
40 38 -1
40 39 1
40 44 -1
40 46 1
40 47 -1
40 48 -1
40 49 -1
41 10 -1
41 12 1
41 14 1
41 20 1
41 33 1
41 36 -1
41 38 1
41 42 1
41 44 1
41 45 1
41 47 1
41 48 1
41 54 1
41 61 1
41 63 1
41 64 1
42 6 -1
42 8 1
42 29 -1
42 36 -1
42 37 1
42 39 -1
42 41 1
42 43 1
42 45 1
42 46 1
42 47 1
42 53 1
42 55 1
43 8 1
43 14 1
43 20 1
43 22 -1
43 33 1
43 34 1
43 35 1
43 36 1
43 37 1
43 42 1
43 45 -1
43 47 -1
43 56 -1
43 60 1
43 62 1
44 6 -1
44 16 1
44 23 1
44 24 1
44 28 1
44 31 1
44 33 1
44 34 1
44 35 -1
44 39 1
44 40 -1
44 41 1
44 45 1
44 48 1
44 50 1
45 11 1
45 24 1
45 28 1
45 36 1
45 37 1
45 39 -1
45 41 1
45 42 1
45 43 -1
45 44 1
45 48 1
45 52 1
45 53 1
45 62 1
46 2 1
46 4 -1
46 5 -1
46 21 1
46 25 1
46 29 1
46 33 1
46 34 1
46 35 -1
46 37 1
46 38 1
46 40 1
46 42 1
46 47 1
46 57 1
46 61 -1
47 7 1
47 11 1
47 17 -1
47 20 1
47 32 -1
47 33 1
47 35 1
47 40 -1
47 41 1
47 42 1
47 43 -1
47 46 1
47 48 1
47 49 -1
47 60 1
47 64 1
48 2 1
48 3 1
48 7 -1
48 16 1
48 21 1
48 23 1
48 34 1
48 37 1
48 38 1
48 40 -1
48 41 1
48 44 1
48 45 1
48 47 1
48 59 1
48 63 1
49 9 -1
49 14 1
49 23 -1
49 30 1
49 31 1
49 40 -1
49 47 -1
49 50 1
49 51 1
49 52 1
49 56 1
49 58 -1
49 61 1
49 62 1
49 64 1
50 1 -1
50 19 1
50 26 1
50 32 1
50 44 1
50 49 1
50 51 1
50 53 1
50 54 -1
50 56 1
50 57 1
50 58 1
50 61 -1
51 3 1
51 4 1
51 9 1
51 28 1
51 29 1
51 34 -1
51 36 -1
51 39 1
51 49 1
51 50 1
51 54 1
51 55 -1
51 57 1
51 60 1
51 61 -1
51 62 1
52 13 1
52 18 1
52 22 1
52 24 1
52 25 1
52 33 1
52 38 1
52 45 1
52 49 1
52 54 1
52 55 1
52 56 -1
52 60 1
52 61 1
52 62 -1
52 63 1
53 1 1
53 10 1
53 11 1
53 23 1
53 27 1
53 35 1
53 42 1
53 45 1
53 50 1
53 56 1
53 58 1
53 59 1
53 60 1
53 61 1
53 62 1
53 64 1
54 1 1
54 4 1
54 5 1
54 6 1
54 8 1
54 31 1
54 39 1
54 41 1
54 50 -1
54 51 1
54 52 1
54 57 1
54 58 1
54 59 1
54 62 1
54 64 1
55 10 1
55 17 1
55 19 1
55 20 1
55 27 1
55 32 1
55 34 1
55 42 1
55 51 -1
55 52 1
55 56 1
55 57 1
55 59 1
55 60 -1
55 61 1
55 62 1
56 1 1
56 2 -1
56 9 -1
56 13 1
56 29 1
56 35 1
56 37 1
56 43 -1
56 49 1
56 50 1
56 52 -1
56 53 1
56 55 1
56 58 1
56 60 1
56 62 -1
57 12 1
57 20 -1
57 24 -1
57 25 1
57 26 1
57 30 -1
57 39 -1
57 46 1
57 50 1
57 51 1
57 54 1
57 55 1
57 59 1
57 60 1
57 63 1
57 64 1
58 1 1
58 3 1
58 7 1
58 18 1
58 19 1
58 24 1
58 26 1
58 28 1
58 49 -1
58 50 1
58 53 1
58 54 1
58 56 1
58 59 1
58 63 1
58 64 1
59 5 -1
59 11 -1
59 13 1
59 14 1
59 27 1
59 28 1
59 33 1
59 48 1
59 53 1
59 54 1
59 55 1
59 57 1
59 58 1
59 60 -1
59 63 1
59 64 1
60 4 1
60 5 1
60 10 1
60 13 1
60 14 1
60 29 -1
60 43 1
60 47 1
60 51 1
60 52 1
60 53 1
60 55 -1
60 56 1
60 57 1
60 59 -1
60 63 -1
61 1 1
61 11 1
61 15 -1
61 20 1
61 25 1
61 35 1
61 41 1
61 46 -1
61 49 1
61 50 -1
61 51 -1
61 52 1
61 53 1
61 55 1
61 63 1
61 64 1
62 7 1
62 21 1
62 25 1
62 31 -1
62 39 -1
62 43 1
62 45 1
62 49 1
62 51 1
62 52 -1
62 53 1
62 54 1
62 55 1
62 56 -1
62 63 -1
63 1 -1
63 7 1
63 19 1
63 27 1
63 34 1
63 37 1
63 41 1
63 48 1
63 52 1
63 57 1
63 58 1
63 59 1
63 60 -1
63 61 1
63 62 -1
63 64 1
64 7 1
64 8 1
64 15 1
64 16 1
64 24 -1
64 41 1
64 47 1
64 49 1
64 53 1
64 54 1
64 57 1
64 58 1
64 59 1
64 61 1
64 63 1
