1 3 1
1 4 -1
1 7 1
1 11 -1
1 12 1
1 14 1
1 15 1
1 16 -1
1 18 -1
1 23 -1
1 32 -1
1 33 1
1 34 1
1 40 1
1 49 -1
1 58 1
2 3 -1
2 5 -1
2 8 -1
2 9 -1
2 10 1
2 12 1
2 13 -1
2 15 1
2 18 1
2 20 -1
2 30 1
2 32 -1
2 40 1
2 46 1
2 52 -1
2 64 -1
3 1 1
3 2 -1
3 4 -1
3 6 -1
3 7 -1
3 8 1
3 9 1
3 11 -1
3 17 1
3 29 -1
3 30 -1
3 42 -1
3 43 -1
3 57 1
3 62 -1
3 64 -1
4 1 -1
4 3 -1
4 6 1
4 9 -1
4 11 -1
4 13 -1
4 14 -1
4 16 -1
4 24 -1
4 25 -1
4 26 -1
4 27 -1
4 30 -1
4 37 -1
4 45 1
4 52 -1
5 2 -1
5 7 -1
5 8 -1
5 9 -1
5 10 -1
5 11 -1
5 12 -1
5 13 -1
5 18 -1
5 22 -1
5 28 1
5 42 -1
5 53 -1
5 60 -1
5 62 -1
6 3 -1
6 4 1
6 7 1
6 9 -1
6 10 -1
6 12 1
6 13 1
6 15 -1
6 23 -1
6 34 1
6 39 -1
6 40 -1
6 43 -1
6 46 -1
6 57 1
6 58 1
7 1 1
7 3 -1
7 5 -1
7 6 1
7 11 1
7 13 1
7 14 -1
7 16 -1
7 24 -1
7 32 1
7 33 -1
7 34 1
7 36 1
7 41 -1
7 43 -1
7 64 -1
8 2 -1
8 3 1
8 5 -1
8 10 1
8 11 -1
8 14 -1
8 15 -1
8 16 1
8 20 -1
8 23 -1
8 30 1
8 38 1
8 44 -1
8 46 -1
8 52 -1
9 2 -1
9 3 1
9 4 -1
9 5 -1
9 6 -1
9 10 -1
9 12 -1
9 16 -1
9 19 -1
9 26 -1
9 40 -1
9 47 -1
9 49 1
9 57 -1
9 63 -1
10 2 1
10 5 -1
10 6 -1
10 8 1
10 9 -1
10 14 -1
10 15 -1
10 16 1
10 32 -1
10 33 1
10 36 1
10 40 -1
10 41 -1
10 45 -1
10 54 -1
10 55 -1
11 1 -1
11 3 -1
11 4 -1
11 5 -1
11 7 1
11 8 -1
11 13 -1
11 14 1
11 20 -1
11 22 -1
11 24 -1
11 44 -1
11 47 -1
11 50 1
11 64 -1
12 1 1
12 2 1
12 5 -1
12 6 1
12 9 -1
12 14 -1
12 15 -1
12 16 -1
12 19 -1
12 21 -1
12 22 1
12 28 1
12 40 1
12 41 -1
12 59 -1
12 62 -1
13 2 -1
13 4 -1
13 5 -1
13 6 1
13 7 1
13 11 -1
13 15 -1
13 16 -1
13 22 -1
13 31 -1
13 32 -1
13 33 -1
13 52 1
13 64 -1
14 1 1
14 4 -1
14 7 -1
14 8 -1
14 10 -1
14 11 1
14 12 -1
14 15 -1
14 17 -1
14 18 -1
14 20 1
14 41 -1
14 53 -1
14 54 -1
14 55 1
14 63 1
15 1 1
15 2 1
15 6 -1
15 8 -1
15 10 -1
15 12 -1
15 13 -1
15 14 -1
15 17 1
15 23 -1
15 24 1
15 34 -1
15 35 -1
15 39 -1
15 58 1
16 1 -1
16 4 -1
16 7 -1
16 8 1
16 9 -1
16 10 1
16 12 -1
16 13 -1
16 20 -1
16 33 -1
16 42 -1
16 44 -1
16 45 -1
16 46 1
16 54 1
17 3 1
17 14 -1
17 15 1
17 21 1
17 22 -1
17 26 1
17 27 -1
17 28 1
17 29 -1
17 31 -1
17 32 1
17 36 1
17 39 1
17 48 -1
17 59 -1
17 60 -1
18 1 -1
18 2 1
18 5 -1
18 14 -1
18 19 1
18 20 -1
18 21 1
18 22 -1
18 25 1
18 26 -1
18 28 1
18 30 -1
18 37 -1
18 48 -1
18 52 -1
18 54 -1
19 9 -1
19 12 -1
19 18 1
19 20 -1
19 24 -1
19 25 -1
19 26 -1
19 27 -1
19 29 1
19 30 -1
19 37 1
19 50 -1
19 53 1
19 55 -1
19 61 1
20 2 -1
20 8 -1
20 11 -1
20 14 1
20 16 -1
20 18 -1
20 19 -1
20 24 -1
20 25 -1
20 26 -1
20 29 -1
20 31 -1
20 32 -1
20 36 1
20 54 -1
20 62 -1
21 12 -1
21 17 1
21 18 1
21 22 1
21 23 -1
21 26 -1
21 27 1
21 28 -1
21 30 -1
21 35 -1
21 37 -1
21 39 -1
21 41 1
21 42 -1
21 45 -1
21 47 1
22 5 -1
22 11 -1
22 12 1
22 13 -1
22 17 -1
22 18 -1
22 21 1
22 23 -1
22 27 -1
22 28 1
22 30 -1
22 32 -1
22 37 -1
22 53 -1
23 1 -1
23 6 -1
23 8 -1
23 15 -1
23 21 -1
23 22 -1
23 24 -1
23 25 1
23 27 -1
23 28 1
23 30 1
23 31 1
23 40 -1
23 60 -1
23 63 -1
23 64 -1
24 4 -1
24 7 -1
24 11 -1
24 15 1
24 19 -1
24 20 -1
24 23 -1
24 25 -1
24 28 -1
24 30 -1
24 31 -1
24 32 -1
24 37 1
24 45 1
24 52 -1
24 63 -1
25 4 -1
25 18 1
25 19 -1
25 20 -1
25 23 1
25 24 -1
25 27 -1
25 29 -1
25 31 -1
25 43 1
25 48 -1
25 51 -1
25 56 -1
25 57 1
25 58 -1
25 61 1
26 4 -1
26 9 -1
26 17 1
26 18 -1
26 19 -1
26 20 -1
26 21 -1
26 29 -1
26 30 -1
26 32 -1
26 36 -1
26 38 -1
26 42 1
26 49 -1
26 62 -1
27 4 -1
27 17 -1
27 19 -1
27 21 1
27 22 -1
27 23 -1
27 25 -1
27 31 -1
27 32 -1
27 33 -1
27 46 1
27 50 -1
27 53 -1
27 55 1
27 58 1
27 61 -1
28 5 1
28 12 1
28 17 1
28 18 1
28 21 -1
28 22 1
28 23 1
28 24 -1
28 29 -1
28 32 1
28 52 -1
28 54 1
28 56 -1
28 58 -1
28 63 -1
29 3 -1
29 17 -1
29 19 1
29 20 -1
29 25 -1
29 26 -1
29 28 -1
29 31 -1
29 32 -1
29 34 -1
29 39 1
29 51 -1
29 54 1
29 60 -1
29 63 -1
30 2 1
30 3 -1
30 4 -1
30 8 1
30 18 -1
30 19 -1
30 21 -1
30 22 -1
30 23 1
30 24 -1
30 26 -1
30 31 -1
30 41 1
30 43 -1
30 47 1
30 59 -1
31 13 -1
31 17 -1
31 20 -1
31 23 1
31 24 -1
31 25 -1
31 27 -1
31 29 -1
31 30 -1
31 38 -1
31 40 1
31 42 -1
31 51 1
31 55 1
31 59 1
32 1 -1
32 2 -1
32 7 1
32 10 -1
32 13 -1
32 17 1
32 20 -1
32 22 -1
32 24 -1
32 26 -1
32 27 -1
32 28 1
32 29 -1
32 44 -1
32 47 -1
32 61 -1
33 1 1
33 7 -1
33 10 1
33 13 -1
33 16 -1
33 27 -1
33 34 1
33 37 1
33 39 -1
33 41 -1
33 43 1
33 45 -1
33 47 -1
33 48 -1
33 50 -1
33 59 1
34 1 1
34 6 1
34 7 1
34 15 -1
34 29 -1
34 33 1
34 36 -1
34 39 1
34 41 1
34 42 1
34 43 -1
34 47 1
34 48 -1
34 49 -1
34 51 1
34 59 1
35 15 -1
35 21 -1
35 36 1
35 38 -1
35 40 -1
35 41 -1
35 43 -1
35 45 1
35 46 -1
35 47 1
35 49 -1
35 50 -1
35 58 1
35 60 1
36 7 1
36 10 1
36 17 1
36 20 1
36 26 -1
36 34 -1
36 35 1
36 37 -1
36 38 -1
36 40 -1
36 42 1
36 44 -1
36 45 -1
36 55 -1
36 56 -1
36 61 -1
37 4 -1
37 18 -1
37 19 1
37 21 -1
37 22 -1
37 24 1
37 33 1
37 36 -1
37 39 -1
37 40 -1
37 42 -1
37 45 -1
37 46 -1
37 48 -1
37 57 -1
37 60 -1
38 8 1
38 26 -1
38 31 -1
38 35 -1
38 36 -1
38 39 -1
38 40 1
38 41 -1
38 43 -1
38 45 -1
38 46 -1
38 49 -1
38 51 1
38 56 -1
38 61 1
39 6 -1
39 15 -1
39 17 1
39 21 -1
39 29 1
39 33 -1
39 34 1
39 37 -1
39 38 -1
39 42 -1
39 44 -1
39 45 -1
39 46 1
39 56 -1
39 60 -1
39 61 -1
40 1 1
40 2 1
40 6 -1
40 9 -1
40 10 -1
40 12 1
40 23 -1
40 31 1
40 35 -1
40 36 -1
40 37 -1
40 38 1
40 43 -1
40 44 -1
40 45 -1
40 46 -1
41 7 -1
41 10 -1
41 12 -1
41 14 -1
41 21 1
41 30 1
41 33 -1
41 34 1
41 35 -1
41 38 -1
41 42 1
41 43 -1
41 44 1
41 48 -1
41 53 -1
41 64 -1
42 3 -1
42 5 -1
42 16 -1
42 21 -1
42 26 1
42 31 -1
42 34 1
42 36 1
42 37 -1
42 39 -1
42 41 1
42 44 -1
42 46 -1
42 48 1
42 57 -1
43 3 -1
43 6 -1
43 7 -1
43 25 1
43 30 -1
43 33 1
43 34 -1
43 35 -1
43 38 -1
43 40 -1
43 41 -1
43 47 -1
43 48 1
43 50 1
43 51 -1
43 58 -1
44 8 -1
44 11 -1
44 16 -1
44 32 -1
44 36 -1
44 39 -1
44 40 -1
44 41 1
44 42 -1
44 46 -1
44 47 -1
44 48 -1
44 51 -1
44 57 -1
44 59 -1
44 62 -1
45 4 1
45 10 -1
45 16 -1
45 21 -1
45 24 1
45 33 -1
45 35 1
45 36 -1
45 37 -1
45 38 -1
45 39 -1
45 40 -1
45 47 1
45 55 -1
45 60 -1
45 64 -1
46 2 1
46 6 -1
46 8 -1
46 16 1
46 27 1
46 35 -1
46 37 -1
46 38 -1
46 39 1
46 40 -1
46 42 -1
46 44 -1
46 47 -1
46 49 -1
46 51 -1
47 9 -1
47 11 -1
47 21 1
47 30 1
47 32 -1
47 33 -1
47 34 1
47 35 1
47 43 -1
47 44 -1
47 45 1
47 46 -1
47 48 1
47 49 -1
47 50 1
47 55 1
48 17 -1
48 18 -1
48 25 -1
48 33 -1
48 34 -1
48 37 -1
48 41 -1
48 42 1
48 43 1
48 44 -1
48 47 1
48 56 -1
48 59 1
48 61 -1
48 62 1
49 1 -1
49 9 1
49 26 -1
49 34 -1
49 35 -1
49 38 -1
49 46 -1
49 47 -1
49 51 -1
49 54 -1
49 55 -1
49 58 1
49 59 -1
49 60 -1
49 61 1
49 62 -1
50 11 1
50 19 -1
50 27 -1
50 33 -1
50 35 -1
50 43 1
50 47 1
50 52 -1
50 55 -1
50 57 -1
50 59 -1
50 61 -1
50 62 -1
50 63 1
50 64 -1
51 25 -1
51 29 -1
51 31 1
51 34 1
51 38 1
51 43 -1
51 44 -1
51 46 -1
51 49 -1
51 52 1
51 53 -1
51 55 -1
51 57 1
51 60 -1
51 62 -1
51 64 1
52 2 -1
52 4 -1
52 8 -1
52 13 1
52 18 -1
52 24 -1
52 28 -1
52 50 -1
52 51 1
52 53 1
52 55 -1
52 57 -1
52 58 -1
52 63 1
52 64 1
53 5 -1
53 14 -1
53 19 1
53 22 -1
53 27 -1
53 41 -1
53 51 -1
53 52 1
53 54 -1
53 56 1
53 59 -1
53 60 -1
53 63 -1
53 64 -1
54 10 -1
54 14 -1
54 16 1
54 18 -1
54 20 -1
54 28 1
54 29 1
54 49 -1
54 53 -1
54 55 1
54 56 1
54 57 -1
54 58 -1
54 60 -1
54 61 1
55 10 -1
55 14 1
55 19 -1
55 27 1
55 31 1
55 36 -1
55 45 -1
55 47 1
55 49 -1
55 50 -1
55 51 -1
55 52 -1
55 54 1
55 57 1
55 58 -1
55 60 1
56 25 -1
56 28 -1
56 36 -1
56 38 -1
56 39 -1
56 48 -1
56 53 1
56 54 1
56 57 -1
56 58 -1
56 59 -1
56 60 1
56 62 1
56 64 -1
57 3 1
57 6 1
57 9 -1
57 25 1
57 37 -1
57 42 -1
57 44 -1
57 50 -1
57 51 1
57 52 -1
57 54 -1
57 55 1
57 56 -1
57 62 -1
57 64 -1
58 1 1
58 6 1
58 15 1
58 25 -1
58 27 1
58 28 -1
58 35 1
58 43 -1
58 49 1
58 52 -1
58 54 -1
58 55 -1
58 56 -1
58 61 -1
58 63 -1
58 64 -1
59 12 -1
59 17 -1
59 30 -1
59 31 1
59 33 1
59 34 1
59 44 -1
59 48 1
59 49 -1
59 50 -1
59 53 -1
59 56 -1
59 60 -1
59 61 -1
59 62 -1
59 63 1
60 5 -1
60 17 -1
60 23 -1
60 29 -1
60 35 1
60 37 -1
60 39 -1
60 45 -1
60 49 -1
60 51 -1
60 53 -1
60 54 -1
60 55 1
60 56 1
60 59 -1
60 61 1
61 19 1
61 25 1
61 27 -1
61 32 -1
61 36 -1
61 38 1
61 39 -1
61 48 -1
61 49 1
61 50 -1
61 54 1
61 58 -1
61 59 -1
61 60 1
61 62 -1
61 63 -1
62 3 -1
62 5 -1
62 12 -1
62 20 -1
62 26 -1
62 44 -1
62 48 1
62 49 -1
62 50 -1
62 51 -1
62 56 1
62 57 -1
62 59 -1
62 61 -1
62 63 -1
63 9 -1
63 14 1
63 23 -1
63 24 -1
63 28 -1
63 29 -1
63 50 1
63 52 1
63 53 -1
63 58 -1
63 59 1
63 61 -1
63 62 -1
63 64 -1
64 2 -1
64 3 -1
64 7 -1
64 11 -1
64 13 -1
64 23 -1
64 41 -1
64 45 -1
64 50 -1
64 51 1
64 52 1
64 53 -1
64 56 -1
64 57 -1
64 58 -1
64 63 -1
