1 3 -1
1 5 -1
1 6 -1
1 7 -1
1 8 -1
1 10 1
1 11 -1
1 13 -1
1 17 -1
1 20 1
1 32 1
1 33 1
1 36 1
1 56 -1
1 61 1
1 64 1
2 4 -1
2 7 1
2 8 1
2 9 -1
2 12 1
2 13 -1
2 14 1
2 16 -1
2 18 -1
2 44 -1
2 49 1
2 50 -1
2 52 -1
2 54 -1
2 62 1
3 1 -1
3 6 1
3 7 -1
3 8 1
3 9 -1
3 12 1
3 15 1
3 16 -1
3 25 -1
3 27 -1
3 30 1
3 35 -1
3 37 -1
3 41 -1
4 2 -1
4 5 -1
4 8 1
4 9 -1
4 11 -1
4 12 1
4 13 -1
4 14 -1
4 20 -1
4 21 -1
4 26 -1
4 28 1
4 29 1
4 32 -1
4 34 -1
4 53 -1
5 1 -1
5 4 -1
5 7 -1
5 8 -1
5 9 -1
5 10 -1
5 11 -1
5 15 -1
5 27 1
5 31 -1
5 33 -1
5 43 1
5 45 -1
5 49 1
5 53 -1
6 1 -1
6 3 1
6 8 -1
6 10 1
6 13 -1
6 14 1
6 15 -1
6 16 -1
6 27 -1
6 32 -1
6 34 -1
6 35 -1
6 37 -1
6 38 -1
6 47 -1
7 1 -1
7 2 1
7 3 -1
7 5 -1
7 11 -1
7 12 -1
7 14 1
7 15 -1
7 20 1
7 28 1
7 40 -1
7 41 -1
7 49 -1
7 53 -1
7 55 -1
8 1 -1
8 2 1
8 3 1
8 4 1
8 5 -1
8 6 -1
8 15 1
8 16 -1
8 29 -1
8 43 1
8 47 1
8 51 1
8 57 1
8 60 1
8 61 1
9 2 -1
9 3 -1
9 4 -1
9 5 -1
9 10 -1
9 11 1
9 13 1
9 16 1
9 18 -1
9 22 1
9 23 -1
9 27 -1
9 42 1
9 46 -1
9 53 1
10 1 1
10 5 -1
10 6 1
10 9 -1
10 11 -1
10 12 -1
10 14 -1
10 15 1
10 18 1
10 23 1
10 36 1
10 45 -1
10 50 1
10 63 -1
10 64 1
11 1 -1
11 4 -1
11 5 -1
11 7 -1
11 9 1
11 10 -1
11 15 1
11 16 -1
11 19 -1
11 23 1
11 34 -1
11 36 -1
11 39 1
11 47 -1
11 60 1
11 64 -1
12 2 1
12 3 1
12 4 1
12 7 -1
12 10 -1
12 13 1
12 14 -1
12 15 1
12 20 1
12 24 1
12 25 -1
12 26 1
12 30 1
12 40 -1
12 57 -1
12 61 -1
13 1 -1
13 2 -1
13 4 -1
13 6 -1
13 9 1
13 12 1
13 14 -1
13 16 -1
13 19 -1
13 21 -1
13 23 1
13 33 -1
13 35 1
13 45 -1
14 2 1
14 4 -1
14 6 1
14 7 1
14 10 -1
14 12 -1
14 13 -1
14 16 1
14 22 -1
14 23 -1
14 24 1
14 47 1
14 51 -1
14 56 -1
14 58 -1
14 59 -1
15 3 1
15 5 -1
15 6 -1
15 7 -1
15 8 1
15 10 1
15 11 1
15 12 1
15 23 -1
15 25 1
15 26 -1
15 29 -1
15 38 1
15 48 -1
15 56 -1
15 58 -1
16 2 -1
16 3 -1
16 6 -1
16 8 -1
16 9 1
16 11 -1
16 13 -1
16 14 1
16 22 1
16 28 1
16 49 -1
16 55 1
16 56 1
16 58 1
16 62 -1
16 63 1
17 1 -1
17 20 1
17 21 1
17 22 -1
17 23 1
17 25 -1
17 29 -1
17 30 -1
17 32 -1
17 39 1
17 48 -1
17 51 -1
17 56 -1
17 57 -1
17 58 1
17 61 1
18 2 -1
18 9 -1
18 10 1
18 19 -1
18 22 1
18 24 1
18 25 1
18 27 -1
18 28 -1
18 31 -1
18 32 -1
18 37 1
18 41 1
18 53 1
18 61 1
19 11 -1
19 13 -1
19 18 -1
19 21 -1
19 25 1
19 27 1
19 28 1
19 30 -1
19 31 -1
19 32 1
19 39 -1
19 43 -1
19 59 -1
19 64 -1
20 1 1
20 4 -1
20 7 1
20 12 1
20 17 1
20 21 -1
20 23 -1
20 24 1
20 28 -1
20 30 -1
20 31 -1
20 32 -1
20 41 -1
20 43 1
20 64 1
21 4 -1
21 13 -1
21 17 1
21 19 -1
21 20 -1
21 25 1
21 27 1
21 28 -1
21 29 -1
21 30 -1
21 38 1
21 40 -1
21 44 -1
21 55 -1
21 59 1
22 9 1
22 14 -1
22 16 1
22 17 -1
22 18 1
22 24 1
22 26 -1
22 27 1
22 28 1
22 29 -1
22 31 -1
22 37 -1
22 45 -1
22 47 1
22 48 1
23 9 -1
23 10 1
23 11 1
23 13 1
23 14 -1
23 15 -1
23 17 1
23 20 -1
23 24 -1
23 26 -1
23 28 -1
23 29 1
23 31 -1
23 32 -1
23 34 1
23 58 1
24 12 1
24 14 1
24 18 1
24 20 1
24 22 1
24 23 -1
24 25 -1
24 26 1
24 27 1
24 32 1
24 38 -1
24 44 -1
24 49 -1
24 52 -1
24 57 -1
25 3 -1
25 12 -1
25 15 1
25 17 -1
25 18 1
25 19 1
25 21 1
25 24 -1
25 26 -1
25 29 -1
25 31 1
25 34 -1
25 39 1
25 42 -1
25 63 -1
26 4 -1
26 12 1
26 15 -1
26 22 -1
26 23 -1
26 24 1
26 25 -1
26 29 -1
26 30 -1
26 31 -1
26 32 1
26 49 1
26 55 -1
26 57 1
26 64 1
27 3 -1
27 5 1
27 6 -1
27 9 -1
27 18 -1
27 19 1
27 21 1
27 22 1
27 24 1
27 28 -1
27 29 -1
27 30 -1
27 33 -1
27 51 1
27 57 -1
27 60 -1
28 4 1
28 7 1
28 16 1
28 18 -1
28 19 1
28 20 -1
28 21 -1
28 22 1
28 23 -1
28 27 -1
28 30 1
28 42 -1
28 43 -1
28 46 1
28 64 1
29 4 1
29 8 -1
29 15 -1
29 17 -1
29 21 -1
29 22 -1
29 23 1
29 25 -1
29 26 -1
29 27 -1
29 32 -1
29 43 -1
29 44 1
29 48 -1
29 54 -1
30 3 1
30 12 1
30 17 -1
30 19 -1
30 20 -1
30 21 -1
30 26 -1
30 27 -1
30 28 1
30 31 -1
30 33 -1
30 42 1
30 48 -1
30 50 1
30 51 -1
30 63 -1
31 5 -1
31 18 -1
31 19 -1
31 20 -1
31 22 -1
31 23 -1
31 25 1
31 26 -1
31 30 -1
31 34 -1
31 37 -1
31 38 1
31 52 1
31 58 1
31 63 1
32 1 1
32 4 -1
32 6 -1
32 17 -1
32 18 -1
32 19 1
32 20 -1
32 23 -1
32 24 1
32 26 1
32 29 -1
32 35 1
32 45 1
32 51 1
32 55 -1
33 1 1
33 5 -1
33 13 -1
33 27 -1
33 30 -1
33 34 -1
33 36 1
33 38 -1
33 40 1
33 41 -1
33 45 1
33 46 -1
33 48 -1
33 56 -1
33 60 -1
34 4 -1
34 6 -1
34 11 -1
34 23 1
34 25 -1
34 31 -1
34 33 -1
34 36 -1
34 38 -1
34 39 -1
34 41 -1
34 46 -1
34 47 -1
34 48 -1
34 59 1
34 60 -1
35 3 -1
35 6 -1
35 13 1
35 32 1
35 36 -1
35 38 -1
35 39 -1
35 40 1
35 41 -1
35 42 -1
35 44 -1
35 45 -1
35 52 -1
35 60 1
35 63 -1
36 1 1
36 10 1
36 11 -1
36 33 1
36 34 -1
36 35 -1
36 38 1
36 41 -1
36 42 -1
36 46 1
36 48 -1
36 52 -1
36 54 1
36 62 1
37 3 -1
37 6 -1
37 18 1
37 22 -1
37 31 -1
37 38 1
37 39 -1
37 41 1
37 42 -1
37 43 1
37 44 1
37 45 -1
37 46 -1
37 52 -1
37 64 1
38 6 -1
38 15 1
38 21 1
38 24 -1
38 31 1
38 33 -1
38 34 -1
38 35 -1
38 36 1
38 37 1
38 39 1
38 46 1
38 47 -1
38 51 -1
38 55 -1
38 58 1
39 11 1
39 17 1
39 19 -1
39 25 1
39 34 -1
39 35 -1
39 37 -1
39 38 1
39 43 -1
39 45 -1
39 46 -1
39 48 1
39 51 1
39 53 -1
39 56 -1
39 60 1
40 7 -1
40 12 -1
40 21 -1
40 33 1
40 35 1
40 41 -1
40 42 1
40 43 1
40 44 1
40 45 -1
40 47 -1
40 49 -1
40 50 -1
40 54 -1
40 59 -1
40 63 1
41 3 -1
41 7 -1
41 18 1
41 20 -1
41 33 -1
41 34 -1
41 35 -1
41 36 -1
41 37 1
41 40 -1
41 42 1
41 44 1
41 54 -1
41 57 -1
41 58 1
42 9 1
42 25 -1
42 28 -1
42 30 1
42 35 -1
42 36 -1
42 37 -1
42 40 1
42 41 1
42 43 1
42 44 1
42 47 -1
42 50 1
42 54 -1
42 60 -1
43 5 1
43 8 1
43 19 -1
43 20 1
43 28 -1
43 29 -1
43 37 1
43 39 -1
43 40 1
43 42 1
43 44 -1
43 45 1
43 46 -1
43 48 -1
44 2 -1
44 21 -1
44 24 -1
44 29 1
44 35 -1
44 37 1
44 40 1
44 41 1
44 42 1
44 43 -1
44 47 1
44 48 -1
44 53 1
44 55 -1
44 59 1
45 5 -1
45 10 -1
45 13 -1
45 22 -1
45 32 1
45 33 1
45 35 -1
45 37 -1
45 39 -1
45 40 -1
45 43 1
45 47 1
45 48 1
45 52 -1
45 59 -1
46 9 -1
46 28 1
46 33 -1
46 34 -1
46 36 1
46 37 -1
46 38 1
46 39 -1
46 43 -1
46 47 1
46 50 1
46 61 1
46 62 1
47 6 -1
47 8 1
47 11 -1
47 14 1
47 22 1
47 34 -1
47 38 -1
47 40 -1
47 42 -1
47 44 1
47 45 1
47 46 1
47 48 -1
47 54 -1
47 61 1
48 15 -1
48 17 -1
48 22 1
48 29 -1
48 30 -1
48 33 -1
48 34 -1
48 36 -1
48 39 1
48 43 -1
48 44 -1
48 45 1
48 47 -1
48 50 1
48 53 -1
48 61 1
49 2 1
49 5 1
49 7 -1
49 16 -1
49 24 -1
49 26 1
49 40 -1
49 50 -1
49 54 -1
49 55 -1
49 57 -1
49 60 -1
49 61 -1
49 62 -1
49 63 1
50 2 -1
50 10 1
50 30 1
50 40 -1
50 42 1
50 46 1
50 48 1
50 49 -1
50 51 1
50 52 -1
50 55 -1
50 57 -1
50 58 -1
50 59 -1
50 62 1
51 8 1
51 14 -1
51 17 -1
51 27 1
51 30 -1
51 32 1
51 38 -1
51 39 1
51 50 1
51 52 -1
51 53 -1
51 54 -1
51 55 1
51 59 -1
51 60 -1
51 63 -1
52 2 -1
52 24 -1
52 31 1
52 35 -1
52 36 -1
52 37 -1
52 45 -1
52 50 -1
52 51 -1
52 54 1
52 58 -1
52 59 1
52 61 1
52 62 -1
52 63 1
53 4 -1
53 5 -1
53 7 -1
53 9 1
53 18 1
53 39 -1
53 44 1
53 48 -1
53 51 -1
53 56 -1
53 57 1
53 58 1
53 59 1
53 60 -1
53 61 1
53 64 -1
54 2 -1
54 29 -1
54 36 1
54 40 -1
54 41 -1
54 42 -1
54 47 -1
54 49 -1
54 51 -1
54 52 1
54 56 -1
54 58 -1
54 60 1
54 61 -1
54 62 -1
55 7 -1
55 16 1
55 21 -1
55 26 -1
55 32 -1
55 38 -1
55 44 -1
55 49 -1
55 50 -1
55 51 1
55 56 1
55 59 -1
55 62 -1
55 63 -1
55 64 -1
56 1 -1
56 14 -1
56 15 -1
56 16 1
56 17 -1
56 33 -1
56 39 -1
56 53 -1
56 54 -1
56 55 1
56 57 1
56 59 1
56 61 -1
56 62 -1
56 64 -1
57 8 1
57 12 -1
57 17 -1
57 24 -1
57 26 1
57 27 -1
57 41 -1
57 49 -1
57 50 -1
57 53 1
57 56 1
57 59 1
57 60 1
57 63 -1
57 64 -1
58 14 -1
58 15 -1
58 16 1
58 17 1
58 23 1
58 31 1
58 38 1
58 41 1
58 50 -1
58 52 -1
58 53 1
58 54 -1
58 60 1
58 61 1
58 63 -1
58 64 -1
59 14 -1
59 19 -1
59 21 1
59 34 1
59 40 -1
59 44 1
59 45 -1
59 50 -1
59 51 -1
59 52 1
59 53 1
59 55 -1
59 56 1
59 57 1
59 64 1
60 8 1
60 11 1
60 27 -1
60 33 -1
60 34 -1
60 35 1
60 39 1
60 42 -1
60 49 -1
60 51 -1
60 53 -1
60 54 1
60 57 1
60 58 1
60 61 -1
60 64 1
61 1 1
61 8 1
61 12 -1
61 17 1
61 18 1
61 46 1
61 47 1
61 48 1
61 49 -1
61 52 1
61 53 1
61 54 -1
61 56 -1
61 58 1
61 60 -1
61 62 1
62 2 1
62 16 -1
62 36 1
62 46 1
62 49 -1
62 50 1
62 52 -1
62 54 -1
62 55 -1
62 56 -1
62 61 1
62 63 1
63 10 -1
63 16 1
63 25 -1
63 30 -1
63 31 1
63 35 -1
63 40 1
63 49 1
63 51 -1
63 52 1
63 55 -1
63 57 -1
63 58 -1
63 62 1
63 64 -1
64 1 1
64 10 1
64 11 -1
64 19 -1
64 20 1
64 26 1
64 28 1
64 37 1
64 53 -1
64 55 -1
64 56 -1
64 57 -1
64 58 -1
64 59 1
64 60 1
64 63 -1
