1 2 1
1 3 1
1 4 1
1 5 1
1 7 1
1 10 1
1 12 1
1 16 1
1 19 1
1 29 -1
1 30 -1
1 34 1
1 39 1
1 42 1
1 60 1
2 1 1
2 3 1
2 5 1
2 8 1
2 10 1
2 11 1
2 12 1
2 15 1
2 17 1
2 31 1
2 34 1
2 35 1
2 38 1
2 40 1
2 51 1
3 1 1
3 2 1
3 4 1
3 10 1
3 11 1
3 12 1
3 13 1
3 14 1
3 21 1
3 41 1
3 43 1
3 44 1
3 50 1
3 55 1
3 62 1
3 64 1
4 1 1
4 3 1
4 8 1
4 9 1
4 13 1
4 14 1
4 15 1
4 16 1
4 29 1
4 37 1
4 39 1
4 41 1
4 49 1
4 51 1
4 53 1
5 1 1
5 2 1
5 7 1
5 8 1
5 9 1
5 13 1
5 14 1
5 16 1
5 22 1
5 27 1
5 30 1
5 37 1
5 43 1
5 45 1
5 53 1
6 7 -1
6 9 1
6 10 1
6 11 1
6 12 1
6 13 1
6 14 1
6 15 1
6 22 1
6 27 1
6 33 1
6 45 1
6 48 1
6 49 1
6 51 1
6 64 1
7 1 1
7 5 1
7 6 -1
7 8 1
7 9 1
7 14 -1
7 15 1
7 16 1
7 21 1
7 25 1
7 33 1
7 35 1
7 57 1
7 63 1
8 2 1
8 4 1
8 5 1
8 7 1
8 9 1
8 11 1
8 14 1
8 16 1
8 23 1
8 29 1
8 33 1
8 40 1
8 42 1
8 45 -1
8 56 1
8 63 1
9 4 1
9 5 1
9 6 1
9 7 1
9 8 1
9 12 -1
9 14 1
9 16 -1
9 22 1
9 33 1
9 34 1
9 41 1
9 43 1
9 52 1
9 57 1
9 64 1
10 1 1
10 2 1
10 3 1
10 6 1
10 11 1
10 12 -1
10 13 1
10 15 1
10 24 1
10 30 1
10 34 1
10 40 1
10 45 1
10 52 1
10 57 1
10 60 1
11 2 1
11 3 1
11 6 1
11 8 1
11 10 1
11 12 -1
11 13 -1
11 15 1
11 21 1
11 38 1
11 40 1
11 50 1
11 53 1
11 59 1
11 60 1
11 64 -1
12 1 1
12 2 1
12 3 1
12 6 1
12 9 -1
12 10 -1
12 11 -1
12 15 -1
12 17 1
12 24 1
12 33 1
12 40 -1
12 44 1
12 53 1
12 58 1
12 64 1
13 3 1
13 4 1
13 5 1
13 6 1
13 10 1
13 11 -1
13 14 1
13 16 -1
13 21 1
13 27 1
13 31 1
13 35 1
13 39 1
13 57 1
13 61 -1
14 3 1
14 4 1
14 5 1
14 6 1
14 7 -1
14 8 1
14 9 1
14 13 1
14 18 1
14 19 1
14 22 -1
14 31 1
14 32 1
14 42 1
14 52 -1
15 2 1
15 4 1
15 6 1
15 7 1
15 10 1
15 11 1
15 12 -1
15 16 1
15 18 1
15 24 1
15 43 1
15 46 1
15 50 1
15 53 1
16 1 1
16 4 1
16 5 1
16 7 1
16 8 1
16 9 -1
16 13 -1
16 15 1
16 19 1
16 23 1
16 39 1
16 51 1
16 53 1
16 55 1
16 56 1
17 2 1
17 12 1
17 19 1
17 21 1
17 24 1
17 25 -1
17 26 1
17 27 1
17 28 1
17 32 1
17 37 1
17 45 -1
17 47 1
17 48 1
17 57 1
17 60 1
18 14 1
18 15 1
18 19 1
18 21 1
18 22 -1
18 24 1
18 25 1
18 29 1
18 31 1
18 32 1
18 36 1
18 47 1
18 52 1
18 53 1
18 62 1
18 64 1
19 1 1
19 14 1
19 16 1
19 17 1
19 18 1
19 20 -1
19 25 1
19 26 -1
19 27 1
19 30 1
19 31 -1
19 38 1
19 44 -1
19 47 1
19 48 1
19 61 1
20 19 -1
20 22 1
20 23 1
20 25 1
20 26 -1
20 30 1
20 31 1
20 32 1
20 38 1
20 44 -1
20 50 1
20 51 1
20 52 1
20 55 1
20 62 1
20 64 1
21 3 1
21 7 1
21 11 1
21 13 1
21 17 1
21 18 1
21 22 1
21 23 1
21 24 1
21 27 1
21 30 1
21 32 -1
21 52 1
21 56 1
21 58 1
21 60 1
22 5 1
22 6 1
22 9 1
22 14 -1
22 18 -1
22 20 1
22 21 1
22 23 1
22 27 -1
22 28 1
22 29 1
22 31 1
22 41 1
22 49 1
23 8 1
23 16 1
23 20 1
23 21 1
23 22 1
23 26 -1
23 27 1
23 29 1
23 30 1
23 31 1
23 36 1
23 40 1
23 42 1
23 47 1
23 60 1
23 64 -1
24 10 1
24 12 1
24 15 1
24 17 1
24 18 1
24 21 1
24 25 1
24 29 -1
24 30 1
24 31 1
24 32 1
24 38 1
24 44 1
24 60 1
24 62 1
25 7 1
25 17 -1
25 18 1
25 19 1
25 20 1
25 24 1
25 27 -1
25 28 1
25 29 1
25 34 1
25 37 1
25 52 1
25 58 1
25 60 1
25 63 -1
26 17 1
26 19 -1
26 20 -1
26 23 -1
26 28 1
26 29 1
26 30 1
26 31 1
26 37 1
26 44 -1
26 48 1
26 49 -1
26 54 1
26 56 1
26 62 1
27 5 1
27 6 1
27 13 1
27 17 1
27 19 1
27 21 1
27 22 -1
27 23 1
27 25 -1
27 28 1
27 29 1
27 35 1
27 45 1
27 51 1
27 55 1
27 58 1
28 17 1
28 22 1
28 25 1
28 26 1
28 27 1
28 29 1
28 30 1
28 32 1
28 36 1
28 38 1
28 41 1
28 43 1
28 45 1
28 54 1
28 61 1
29 1 -1
29 4 1
29 8 1
29 18 1
29 22 1
29 23 1
29 24 -1
29 25 1
29 26 1
29 27 1
29 28 1
29 37 1
29 40 1
29 49 1
29 53 1
29 59 1
30 1 -1
30 5 1
30 10 1
30 19 1
30 20 1
30 21 1
30 23 1
30 24 1
30 26 1
30 28 1
30 32 1
30 33 1
30 35 1
30 36 -1
30 55 -1
30 62 1
31 2 1
31 13 1
31 14 1
31 18 1
31 19 -1
31 20 1
31 22 1
31 23 1
31 24 1
31 26 1
31 32 1
31 37 1
31 42 1
31 43 1
31 49 1
32 14 1
32 17 1
32 18 1
32 20 1
32 21 -1
32 24 1
32 28 1
32 30 1
32 31 1
32 36 1
32 46 -1
32 56 1
32 62 -1
33 6 1
33 7 1
33 8 1
33 9 1
33 12 1
33 30 1
33 34 1
33 35 1
33 36 1
33 38 1
33 42 1
33 43 -1
33 44 1
33 46 1
33 49 1
33 61 1
34 1 1
34 2 1
34 9 1
34 10 1
34 25 1
34 33 1
34 37 1
34 38 1
34 40 1
34 41 1
34 42 1
34 43 1
34 48 1
34 59 1
34 63 1
35 2 1
35 7 1
35 13 1
35 27 1
35 30 1
35 33 1
35 37 1
35 39 1
35 41 1
35 42 -1
35 43 1
35 44 1
35 46 1
35 50 1
35 58 1
35 63 1
36 18 1
36 23 1
36 28 1
36 30 -1
36 32 1
36 33 1
36 37 1
36 39 1
36 41 1
36 42 1
36 43 1
36 44 1
36 45 1
36 52 1
36 54 1
36 59 1
37 4 1
37 5 1
37 17 1
37 25 1
37 26 1
37 29 1
37 31 1
37 34 1
37 35 1
37 36 1
37 39 1
37 41 1
37 45 1
37 47 1
37 48 1
37 58 1
38 2 1
38 11 1
38 19 1
38 20 1
38 24 1
38 28 1
38 33 1
38 34 1
38 39 1
38 40 1
38 41 1
38 46 -1
38 47 1
38 48 1
38 59 1
38 61 1
39 1 1
39 4 1
39 13 1
39 16 1
39 35 1
39 36 1
39 37 1
39 38 1
39 41 1
39 42 1
39 47 1
39 48 1
39 50 1
39 57 1
40 2 1
40 8 1
40 10 1
40 11 1
40 12 -1
40 23 1
40 29 1
40 34 1
40 38 1
40 42 1
40 43 1
40 44 1
40 45 1
40 46 1
40 48 1
41 3 1
41 4 1
41 9 1
41 22 1
41 28 1
41 34 1
41 35 1
41 36 1
41 37 1
41 38 1
41 39 1
41 46 1
41 47 1
41 61 1
41 63 1
42 1 1
42 8 1
42 14 1
42 23 1
42 31 1
42 33 1
42 34 1
42 35 -1
42 36 1
42 39 1
42 40 1
42 44 1
42 45 1
42 55 1
42 59 1
43 3 1
43 5 1
43 9 1
43 15 1
43 28 1
43 31 1
43 33 -1
43 34 1
43 35 1
43 36 1
43 40 1
43 45 1
43 47 1
43 48 1
43 49 1
44 3 1
44 12 1
44 19 -1
44 20 -1
44 24 1
44 26 -1
44 33 1
44 35 1
44 36 1
44 40 1
44 42 1
44 45 1
44 46 1
44 47 1
44 59 1
45 5 1
45 6 1
45 8 -1
45 10 1
45 17 -1
45 27 1
45 28 1
45 36 1
45 37 1
45 40 1
45 42 1
45 43 1
45 44 1
45 47 1
45 48 1
45 58 1
46 15 1
46 32 -1
46 33 1
46 35 1
46 38 -1
46 40 1
46 41 1
46 44 1
46 47 1
46 48 1
46 54 1
46 55 1
46 56 1
46 57 1
47 17 1
47 18 1
47 19 1
47 23 1
47 37 1
47 38 1
47 39 1
47 41 1
47 43 1
47 44 1
47 45 1
47 46 1
47 50 -1
47 51 1
47 55 1
47 63 1
48 6 1
48 17 1
48 19 1
48 26 1
48 34 1
48 37 1
48 38 1
48 39 1
48 40 1
48 43 1
48 45 1
48 46 1
48 54 1
48 61 1
49 4 1
49 6 1
49 22 1
49 26 -1
49 29 1
49 31 1
49 33 1
49 43 1
49 54 1
49 56 1
49 58 1
49 60 1
49 61 1
49 62 1
49 63 1
49 64 1
50 3 1
50 11 1
50 15 1
50 20 1
50 35 1
50 39 1
50 47 -1
50 51 1
50 55 1
50 56 1
50 59 1
50 60 1
50 62 1
50 63 -1
50 64 1
51 2 1
51 4 1
51 6 1
51 16 1
51 20 1
51 27 1
51 47 1
51 50 1
51 52 1
51 53 1
51 54 1
51 55 1
51 60 1
51 61 1
51 63 1
52 9 1
52 10 1
52 14 -1
52 18 1
52 20 1
52 21 1
52 25 1
52 36 1
52 51 1
52 55 1
52 57 -1
52 58 1
52 59 1
52 60 1
52 62 1
52 63 1
53 4 1
53 5 1
53 11 1
53 12 1
53 15 1
53 16 1
53 18 1
53 29 1
53 51 1
53 54 -1
53 55 1
53 56 1
53 58 1
53 61 1
53 63 1
53 64 1
54 26 1
54 28 1
54 36 1
54 46 1
54 48 1
54 49 1
54 51 1
54 53 -1
54 55 1
54 57 1
54 58 1
54 59 1
54 61 1
55 3 1
55 16 1
55 20 1
55 27 1
55 30 -1
55 42 1
55 46 1
55 47 1
55 50 1
55 51 1
55 52 1
55 53 1
55 54 1
55 57 1
55 62 1
55 63 -1
56 8 1
56 16 1
56 21 1
56 26 1
56 32 1
56 46 1
56 49 1
56 50 1
56 53 1
56 57 1
56 60 1
56 61 1
56 63 1
56 64 1
57 7 1
57 9 1
57 10 1
57 13 1
57 17 1
57 39 1
57 46 1
57 52 -1
57 54 1
57 55 1
57 56 1
57 58 1
57 59 1
57 60 1
57 64 1
58 12 1
58 21 1
58 25 1
58 27 1
58 35 1
58 37 1
58 45 1
58 49 1
58 52 1
58 53 1
58 54 1
58 57 1
58 59 1
58 61 1
58 64 1
59 11 1
59 29 1
59 34 1
59 36 1
59 38 1
59 42 1
59 44 1
59 50 1
59 52 1
59 54 1
59 57 1
59 58 1
59 60 1
59 62 1
59 64 1
60 1 1
60 10 1
60 11 1
60 17 1
60 21 1
60 23 1
60 24 1
60 25 1
60 49 1
60 50 1
60 51 1
60 52 1
60 56 1
60 57 1
60 59 1
60 62 -1
61 13 -1
61 19 1
61 28 1
61 33 1
61 38 1
61 41 1
61 48 1
61 49 1
61 51 1
61 53 1
61 54 1
61 56 1
61 58 1
61 62 1
61 64 1
62 3 1
62 18 1
62 20 1
62 24 1
62 26 1
62 30 1
62 32 -1
62 49 1
62 50 1
62 52 1
62 55 1
62 59 1
62 60 -1
62 61 1
62 63 1
63 7 1
63 8 1
63 25 -1
63 34 1
63 35 1
63 41 1
63 47 1
63 49 1
63 50 -1
63 51 1
63 52 1
63 53 1
63 55 -1
63 56 1
63 62 1
64 3 1
64 6 1
64 9 1
64 11 -1
64 12 1
64 18 1
64 20 1
64 23 -1
64 49 1
64 50 1
64 53 1
64 56 1
64 57 1
64 58 1
64 59 1
64 61 1
