1 2 -1
1 3 -1
1 4 -1
1 5 -1
1 6 -1
1 10 -1
1 14 -1
1 15 -1
1 18 -1
1 30 -1
1 34 -1
1 36 1
1 39 -1
1 46 1
1 48 -1
1 63 -1
2 1 -1
2 3 -1
2 7 -1
2 8 -1
2 9 -1
2 11 -1
2 13 -1
2 15 -1
2 24 -1
2 41 -1
2 44 -1
2 45 -1
2 50 1
2 51 1
2 61 -1
3 1 -1
3 2 -1
3 5 -1
3 6 -1
3 8 -1
3 12 1
3 14 -1
3 16 -1
3 21 1
3 25 -1
3 31 -1
3 33 -1
3 49 -1
3 57 -1
4 1 -1
4 7 -1
4 8 -1
4 9 -1
4 10 -1
4 12 -1
4 13 -1
4 14 -1
4 21 -1
4 29 1
4 33 -1
4 34 -1
4 50 -1
4 56 1
4 58 1
5 1 -1
5 3 -1
5 6 -1
5 10 -1
5 11 1
5 12 1
5 13 -1
5 15 -1
5 22 1
5 26 1
5 27 -1
5 37 -1
5 38 -1
5 41 -1
5 51 -1
5 60 -1
6 1 -1
6 3 -1
6 5 -1
6 9 -1
6 10 -1
6 12 -1
6 13 1
6 15 -1
6 20 -1
6 33 -1
6 38 -1
6 47 1
6 54 -1
6 56 1
6 64 -1
7 2 -1
7 4 -1
7 10 -1
7 12 -1
7 13 -1
7 14 1
7 15 -1
7 16 -1
7 23 -1
7 26 -1
7 28 -1
7 36 -1
7 41 -1
7 60 -1
8 2 -1
8 3 -1
8 4 -1
8 11 -1
8 12 -1
8 14 -1
8 15 -1
8 16 -1
8 25 1
8 27 -1
8 31 -1
8 37 -1
8 39 -1
8 41 -1
8 49 -1
8 53 -1
9 2 -1
9 4 -1
9 6 -1
9 10 -1
9 11 -1
9 13 1
9 14 -1
9 16 -1
9 17 -1
9 18 1
9 19 -1
9 32 1
9 34 -1
9 46 -1
9 59 1
9 63 -1
10 1 -1
10 4 -1
10 5 -1
10 6 -1
10 7 -1
10 9 -1
10 11 -1
10 16 -1
10 18 1
10 20 -1
10 25 -1
10 26 -1
10 48 -1
10 56 -1
10 64 1
11 2 -1
11 5 1
11 8 -1
11 9 -1
11 10 -1
11 14 -1
11 15 1
11 16 -1
11 19 1
11 25 -1
11 29 -1
11 44 1
11 50 -1
11 52 1
11 64 1
12 3 1
12 4 -1
12 5 1
12 6 -1
12 7 -1
12 8 -1
12 13 -1
12 16 -1
12 20 1
12 23 -1
12 24 -1
12 31 -1
12 36 1
12 41 1
12 55 -1
12 62 -1
13 2 -1
13 4 -1
13 5 -1
13 6 1
13 7 -1
13 9 1
13 12 -1
13 14 -1
13 19 1
13 27 -1
13 28 -1
13 52 -1
13 55 -1
13 57 -1
13 64 -1
14 1 -1
14 3 -1
14 4 -1
14 7 1
14 8 -1
14 9 -1
14 11 -1
14 13 -1
14 29 -1
14 38 -1
14 39 1
14 58 -1
14 59 1
14 61 1
14 62 1
15 1 -1
15 2 -1
15 5 -1
15 6 -1
15 7 -1
15 8 -1
15 11 1
15 16 -1
15 21 1
15 27 1
15 29 1
15 30 -1
15 32 -1
15 46 -1
15 52 -1
15 55 -1
16 3 -1
16 7 -1
16 8 -1
16 9 -1
16 10 -1
16 11 -1
16 12 -1
16 15 -1
16 35 -1
16 42 -1
16 44 -1
16 46 1
16 47 1
16 51 1
16 57 -1
16 62 -1
17 9 -1
17 18 -1
17 20 -1
17 21 -1
17 23 -1
17 24 -1
17 26 -1
17 27 -1
17 30 -1
17 45 -1
17 46 1
17 49 1
17 50 -1
17 56 -1
17 61 -1
18 1 -1
18 9 1
18 10 1
18 17 -1
18 20 -1
18 24 -1
18 25 -1
18 27 -1
18 28 -1
18 29 -1
18 31 -1
18 42 1
18 47 -1
18 49 -1
18 58 -1
19 9 -1
19 11 1
19 13 1
19 20 -1
19 22 -1
19 24 -1
19 25 1
19 26 1
19 27 -1
19 28 -1
19 31 -1
19 39 -1
19 40 -1
19 50 -1
19 54 -1
19 64 1
20 6 -1
20 10 -1
20 12 1
20 17 -1
20 18 -1
20 19 -1
20 21 -1
20 23 1
20 29 1
20 31 -1
20 32 -1
20 38 1
20 41 -1
20 46 -1
20 49 1
20 54 -1
21 3 1
21 4 -1
21 15 1
21 17 -1
21 20 -1
21 24 -1
21 25 -1
21 28 -1
21 29 1
21 30 -1
21 31 -1
21 36 1
21 43 -1
21 50 -1
21 63 -1
22 5 1
22 19 -1
22 23 -1
22 24 -1
22 25 -1
22 26 -1
22 29 -1
22 30 1
22 32 -1
22 33 1
22 34 -1
22 38 -1
22 40 -1
22 54 -1
22 55 1
22 57 1
23 7 -1
23 12 -1
23 17 -1
23 20 1
23 22 -1
23 25 -1
23 26 1
23 28 -1
23 31 -1
23 32 -1
23 33 -1
23 35 -1
23 52 -1
23 62 -1
24 2 -1
24 12 -1
24 17 -1
24 18 -1
24 19 -1
24 21 -1
24 22 -1
24 25 -1
24 28 -1
24 30 -1
24 35 -1
24 36 -1
24 43 -1
24 45 -1
24 58 1
25 3 -1
25 8 1
25 10 -1
25 11 -1
25 18 -1
25 19 1
25 21 -1
25 22 -1
25 23 -1
25 24 -1
25 30 -1
25 32 -1
25 35 -1
25 37 -1
25 45 -1
25 62 -1
26 5 1
26 7 -1
26 10 -1
26 17 -1
26 19 1
26 22 -1
26 23 1
26 27 -1
26 29 -1
26 31 -1
26 32 -1
26 42 -1
26 59 -1
26 61 1
27 5 -1
27 8 -1
27 13 -1
27 15 1
27 17 -1
27 18 -1
27 19 -1
27 26 -1
27 28 1
27 30 1
27 31 -1
27 32 -1
27 34 -1
27 44 -1
27 46 -1
27 56 -1
28 7 -1
28 13 -1
28 18 -1
28 19 -1
28 21 -1
28 23 -1
28 24 -1
28 27 1
28 29 -1
28 32 1
28 37 -1
28 39 -1
28 40 -1
28 42 1
28 51 -1
28 61 1
29 4 1
29 11 -1
29 14 -1
29 15 1
29 18 -1
29 20 1
29 21 1
29 22 -1
29 26 -1
29 28 -1
29 30 -1
29 31 -1
29 34 1
29 36 -1
29 47 -1
29 52 -1
30 1 -1
30 15 -1
30 17 -1
30 21 -1
30 22 1
30 24 -1
30 25 -1
30 27 1
30 29 -1
30 32 -1
30 36 -1
30 40 -1
30 60 -1
30 64 -1
31 3 -1
31 8 -1
31 12 -1
31 18 -1
31 19 -1
31 20 -1
31 21 -1
31 23 -1
31 26 -1
31 27 -1
31 29 -1
31 49 -1
31 51 -1
31 60 1
31 61 -1
31 64 -1
32 9 1
32 15 -1
32 20 -1
32 22 -1
32 23 -1
32 25 -1
32 26 -1
32 27 -1
32 28 1
32 30 -1
32 37 1
32 39 -1
32 45 -1
32 59 1
32 63 -1
33 3 -1
33 4 -1
33 6 -1
33 22 1
33 23 -1
33 34 -1
33 35 -1
33 38 -1
33 41 -1
33 44 -1
33 45 -1
33 46 -1
33 48 -1
33 53 1
33 60 -1
34 1 -1
34 4 -1
34 9 -1
34 22 -1
34 27 -1
34 29 1
34 33 -1
34 35 -1
34 36 -1
34 38 -1
34 42 -1
34 45 -1
34 47 -1
34 48 -1
34 49 -1
34 53 1
35 16 -1
35 23 -1
35 24 -1
35 25 -1
35 33 -1
35 34 -1
35 38 -1
35 39 -1
35 40 -1
35 43 -1
35 45 -1
35 46 -1
35 52 -1
35 53 -1
35 58 -1
35 60 1
36 1 1
36 7 -1
36 12 1
36 21 1
36 24 -1
36 29 -1
36 30 -1
36 34 -1
36 41 -1
36 42 -1
36 43 -1
36 44 -1
36 46 -1
36 47 -1
36 48 -1
37 5 -1
37 8 -1
37 25 -1
37 28 -1
37 32 1
37 39 -1
37 40 1
37 41 -1
37 43 -1
37 45 1
37 46 -1
37 47 -1
37 48 -1
37 50 -1
37 55 -1
37 59 -1
38 5 -1
38 6 -1
38 14 -1
38 20 1
38 22 -1
38 33 -1
38 34 -1
38 35 -1
38 41 -1
38 42 -1
38 43 -1
38 44 -1
38 47 1
38 51 1
38 53 -1
38 63 -1
39 1 -1
39 8 -1
39 14 1
39 19 -1
39 28 -1
39 32 -1
39 35 -1
39 37 -1
39 40 1
39 41 -1
39 42 -1
39 43 1
39 45 -1
39 46 1
39 56 -1
39 59 1
40 19 -1
40 22 -1
40 28 -1
40 30 -1
40 35 -1
40 37 1
40 39 1
40 44 -1
40 45 -1
40 46 -1
40 47 1
40 48 1
40 54 1
40 57 1
41 2 -1
41 5 -1
41 7 -1
41 8 -1
41 12 1
41 20 -1
41 33 -1
41 36 -1
41 37 -1
41 38 -1
41 39 -1
41 42 -1
41 46 -1
41 47 -1
41 53 -1
41 58 -1
42 16 -1
42 18 1
42 26 -1
42 28 1
42 34 -1
42 36 -1
42 38 -1
42 39 -1
42 41 -1
42 44 -1
42 47 -1
42 48 -1
42 49 -1
42 59 -1
42 63 -1
43 21 -1
43 24 -1
43 35 -1
43 36 -1
43 37 -1
43 38 -1
43 39 1
43 44 -1
43 47 -1
43 48 -1
43 52 -1
43 53 -1
43 56 -1
43 57 1
43 62 -1
44 2 -1
44 11 1
44 16 -1
44 27 -1
44 33 -1
44 36 -1
44 38 -1
44 40 -1
44 42 -1
44 43 -1
44 45 -1
44 48 -1
44 58 -1
44 60 -1
44 62 -1
45 2 -1
45 17 -1
45 24 -1
45 25 -1
45 32 -1
45 33 -1
45 34 -1
45 35 -1
45 37 1
45 39 -1
45 40 -1
45 44 -1
45 46 1
45 51 1
45 55 -1
46 1 1
46 9 -1
46 15 -1
46 16 1
46 17 1
46 20 -1
46 27 -1
46 33 -1
46 35 -1
46 36 -1
46 37 -1
46 39 1
46 40 -1
46 41 -1
46 45 1
46 55 1
47 6 1
47 16 1
47 18 -1
47 29 -1
47 34 -1
47 36 -1
47 37 -1
47 38 1
47 40 1
47 41 -1
47 42 -1
47 43 -1
47 50 -1
47 53 -1
47 55 -1
47 62 -1
48 1 -1
48 10 -1
48 33 -1
48 34 -1
48 36 -1
48 37 -1
48 40 1
48 42 -1
48 43 -1
48 44 -1
48 51 -1
48 54 -1
48 58 -1
48 61 -1
48 63 -1
49 3 -1
49 8 -1
49 17 1
49 18 -1
49 20 1
49 31 -1
49 34 -1
49 42 -1
49 50 -1
49 51 -1
49 53 -1
49 56 -1
49 57 -1
49 58 -1
49 59 -1
49 60 1
50 2 1
50 4 -1
50 11 -1
50 17 -1
50 19 -1
50 21 -1
50 37 -1
50 47 -1
50 49 -1
50 51 -1
50 52 -1
50 53 -1
50 56 -1
50 58 -1
50 60 -1
50 62 -1
51 2 1
51 5 -1
51 16 1
51 28 -1
51 31 -1
51 38 1
51 45 1
51 48 -1
51 49 -1
51 50 -1
51 52 -1
51 53 -1
51 56 -1
51 57 1
51 59 -1
51 64 -1
52 11 1
52 13 -1
52 15 -1
52 23 -1
52 29 -1
52 35 -1
52 43 -1
52 50 -1
52 51 -1
52 55 1
52 58 -1
52 59 -1
52 60 -1
52 63 -1
52 64 -1
53 8 -1
53 33 1
53 34 1
53 35 -1
53 38 -1
53 41 -1
53 43 -1
53 47 -1
53 49 -1
53 50 -1
53 51 -1
53 55 -1
53 57 -1
53 61 -1
53 62 -1
53 63 -1
54 6 -1
54 19 -1
54 20 -1
54 22 -1
54 40 1
54 48 -1
54 55 1
54 56 -1
54 57 -1
54 59 -1
54 61 1
54 62 -1
54 63 1
54 64 -1
55 12 -1
55 13 -1
55 15 -1
55 22 1
55 37 -1
55 45 -1
55 46 1
55 47 -1
55 52 1
55 53 -1
55 54 1
55 56 -1
55 59 -1
55 62 -1
55 63 -1
55 64 -1
56 4 1
56 6 1
56 10 -1
56 17 -1
56 27 -1
56 39 -1
56 43 -1
56 49 -1
56 50 -1
56 51 -1
56 54 -1
56 55 -1
56 58 -1
56 61 -1
56 64 -1
57 3 -1
57 13 -1
57 16 -1
57 22 1
57 40 1
57 43 1
57 49 -1
57 51 1
57 53 -1
57 54 -1
57 60 -1
57 62 -1
57 63 -1
57 64 -1
58 4 1
58 14 -1
58 18 -1
58 24 1
58 35 -1
58 41 -1
58 44 -1
58 48 -1
58 49 -1
58 50 -1
58 52 -1
58 56 -1
58 60 1
58 61 -1
58 63 -1
58 64 -1
59 9 1
59 14 1
59 26 -1
59 32 1
59 37 -1
59 39 1
59 42 -1
59 49 -1
59 51 -1
59 52 -1
59 54 -1
59 55 -1
59 60 -1
59 61 -1
59 62 1
60 5 -1
60 7 -1
60 30 -1
60 31 1
60 33 -1
60 35 1
60 44 -1
60 49 1
60 50 -1
60 52 -1
60 57 -1
60 58 1
60 59 -1
60 61 -1
60 63 -1
61 2 -1
61 14 1
61 17 -1
61 26 1
61 28 1
61 31 -1
61 48 -1
61 53 -1
61 54 1
61 56 -1
61 58 -1
61 59 -1
61 60 -1
61 62 1
61 63 -1
62 12 -1
62 14 1
62 16 -1
62 23 -1
62 25 -1
62 43 -1
62 44 -1
62 47 -1
62 50 -1
62 53 -1
62 54 -1
62 55 -1
62 57 -1
62 59 1
62 61 1
62 64 -1
63 1 -1
63 9 -1
63 21 -1
63 32 -1
63 38 -1
63 42 -1
63 48 -1
63 52 -1
63 53 -1
63 54 1
63 55 -1
63 57 -1
63 58 -1
63 60 -1
63 61 -1
64 6 -1
64 10 1
64 11 1
64 13 -1
64 19 1
64 30 -1
64 31 -1
64 51 -1
64 52 -1
64 54 -1
64 55 -1
64 56 -1
64 57 -1
64 58 -1
64 62 -1
