1 2 1
1 3 1
1 4 -1
1 5 1
1 6 -1
1 8 1
1 12 1
1 16 -1
1 20 1
1 22 -1
1 23 1
1 24 -1
1 29 -1
1 50 1
1 51 1
1 64 -1
2 1 1
2 6 1
2 7 1
2 8 1
2 13 1
2 14 1
2 15 -1
2 16 -1
2 24 -1
2 37 1
2 39 1
2 52 -1
2 53 1
2 58 1
2 59 1
3 1 1
3 4 -1
3 7 -1
3 8 1
3 12 -1
3 13 1
3 14 1
3 15 1
3 18 -1
3 25 1
3 34 -1
3 35 1
3 52 -1
3 60 -1
3 61 1
4 1 -1
4 3 -1
4 5 1
4 6 -1
4 9 1
4 11 -1
4 12 -1
4 14 -1
4 33 -1
4 37 -1
4 41 1
4 43 -1
4 51 1
4 53 1
4 55 -1
5 1 1
5 4 1
5 6 1
5 9 1
5 10 -1
5 11 -1
5 15 1
5 16 1
5 17 -1
5 31 -1
5 34 -1
5 40 -1
5 44 -1
5 56 -1
5 60 -1
5 63 1
6 1 -1
6 2 1
6 4 -1
6 5 1
6 7 -1
6 9 -1
6 12 1
6 15 1
6 18 1
6 36 1
6 43 -1
6 52 -1
6 54 1
6 64 -1
7 2 1
7 3 -1
7 6 -1
7 8 -1
7 9 1
7 10 1
7 14 1
7 16 -1
7 23 -1
7 41 -1
7 46 1
7 47 1
7 53 1
7 56 -1
7 63 -1
8 1 1
8 2 1
8 3 1
8 7 -1
8 10 1
8 13 1
8 14 1
8 16 -1
8 19 1
8 24 1
8 28 -1
8 30 -1
8 40 1
8 48 -1
8 54 -1
8 56 -1
9 4 1
9 5 1
9 6 -1
9 7 1
9 10 1
9 11 1
9 13 1
9 15 1
9 17 1
9 19 1
9 21 1
9 23 -1
9 32 1
9 37 1
9 46 1
9 55 1
10 5 -1
10 7 1
10 8 1
10 9 1
10 11 -1
10 12 -1
10 13 -1
10 15 -1
10 17 1
10 33 -1
10 37 1
10 44 1
10 48 1
10 53 -1
10 61 1
10 63 1
11 4 -1
11 5 -1
11 9 1
11 10 -1
11 13 1
11 14 1
11 15 -1
11 16 1
11 25 1
11 30 1
11 34 -1
11 47 1
11 50 1
11 54 -1
11 60 -1
12 1 1
12 3 -1
12 4 -1
12 6 1
12 10 -1
12 13 1
12 14 -1
12 16 -1
12 23 1
12 25 1
12 31 -1
12 43 1
12 53 1
12 55 -1
12 57 1
13 2 1
13 3 1
13 8 1
13 9 1
13 10 -1
13 11 1
13 12 1
13 15 -1
13 22 -1
13 26 1
13 29 -1
13 38 1
13 43 -1
13 45 -1
13 48 -1
13 54 -1
14 2 1
14 3 1
14 4 -1
14 7 1
14 8 1
14 11 1
14 12 -1
14 16 -1
14 28 1
14 42 1
14 44 1
14 46 1
14 50 1
14 61 1
14 62 1
15 2 -1
15 3 1
15 5 1
15 6 1
15 9 1
15 10 -1
15 11 -1
15 13 -1
15 19 1
15 28 1
15 31 1
15 32 -1
15 36 -1
15 41 1
15 47 -1
16 1 -1
16 2 -1
16 5 1
16 7 -1
16 8 -1
16 11 1
16 12 -1
16 14 -1
16 29 1
16 31 -1
16 32 1
16 37 -1
16 49 1
16 53 -1
16 54 -1
16 61 1
17 5 -1
17 9 1
17 10 1
17 19 1
17 20 -1
17 22 -1
17 24 -1
17 26 -1
17 29 1
17 30 1
17 31 -1
17 34 1
17 44 1
17 47 1
17 49 -1
17 64 1
18 3 -1
18 6 1
18 20 1
18 21 1
18 22 1
18 24 -1
18 26 -1
18 27 -1
18 28 -1
18 30 1
18 39 1
18 50 -1
18 54 1
18 55 1
18 60 1
19 8 1
19 9 1
19 15 1
19 17 1
19 22 1
19 23 -1
19 24 -1
19 26 1
19 28 -1
19 29 1
19 31 1
19 34 1
19 39 -1
19 42 -1
19 52 1
19 60 -1
20 1 1
20 17 -1
20 18 1
20 21 1
20 22 1
20 25 1
20 26 1
20 29 1
20 31 1
20 38 -1
20 39 1
20 42 1
20 50 -1
20 52 1
20 59 1
21 9 1
21 18 1
21 20 1
21 22 1
21 23 1
21 27 1
21 28 -1
21 29 -1
21 32 1
21 36 -1
21 38 -1
21 39 1
21 41 -1
21 49 1
21 52 -1
21 56 1
22 1 -1
22 13 -1
22 17 -1
22 18 1
22 19 1
22 20 1
22 21 1
22 24 1
22 28 -1
22 30 1
22 35 -1
22 43 -1
22 55 1
22 58 -1
22 62 1
23 1 1
23 7 -1
23 9 -1
23 12 1
23 19 -1
23 21 1
23 25 -1
23 27 1
23 28 1
23 29 1
23 30 1
23 31 1
23 40 -1
23 48 1
23 58 -1
23 63 1
24 1 -1
24 2 -1
24 8 1
24 17 -1
24 18 -1
24 19 -1
24 22 1
24 27 -1
24 28 1
24 31 1
24 32 1
24 39 1
24 42 -1
24 49 -1
24 51 1
25 3 1
25 11 1
25 12 1
25 20 1
25 23 -1
25 26 1
25 27 1
25 29 1
25 30 1
25 31 -1
25 32 -1
25 38 -1
25 43 -1
25 60 1
26 13 1
26 17 -1
26 18 -1
26 19 1
26 20 1
26 25 1
26 30 1
26 31 1
26 32 1
26 33 1
26 36 -1
26 42 1
26 50 -1
26 58 1
26 62 1
27 18 -1
27 21 1
27 23 1
27 24 -1
27 25 1
27 28 1
27 29 1
27 32 1
27 33 -1
27 36 -1
27 37 -1
27 45 1
27 46 -1
27 47 1
27 48 1
27 49 -1
28 8 -1
28 14 1
28 15 1
28 18 -1
28 19 -1
28 21 -1
28 22 -1
28 23 1
28 24 1
28 27 1
28 32 1
28 33 1
28 40 1
28 46 1
28 57 -1
28 59 -1
29 1 -1
29 13 -1
29 16 1
29 17 1
29 19 1
29 20 1
29 21 -1
29 23 1
29 25 1
29 27 1
29 30 1
29 34 -1
29 42 -1
29 52 -1
29 60 -1
29 63 1
30 8 -1
30 11 1
30 17 1
30 18 1
30 22 1
30 23 1
30 25 1
30 26 1
30 29 1
30 32 -1
30 44 1
30 48 1
30 56 1
30 57 1
30 59 1
30 62 1
31 5 -1
31 12 -1
31 15 1
31 16 -1
31 17 -1
31 19 1
31 20 1
31 23 1
31 24 1
31 25 -1
31 26 1
31 32 1
31 38 1
31 60 1
31 61 1
31 63 -1
32 9 1
32 15 -1
32 16 1
32 21 1
32 24 1
32 25 -1
32 26 1
32 27 1
32 28 1
32 30 -1
32 31 1
32 33 1
32 47 1
32 49 -1
32 55 -1
32 61 1
33 4 -1
33 10 -1
33 26 1
33 27 -1
33 28 1
33 32 1
33 36 1
33 37 1
33 40 -1
33 41 -1
33 42 -1
33 43 1
33 46 1
33 47 1
33 54 1
33 63 -1
34 3 -1
34 5 -1
34 11 -1
34 17 1
34 19 1
34 29 -1
34 35 -1
34 36 -1
34 40 1
34 42 -1
34 44 1
34 46 1
34 47 1
34 48 1
34 55 -1
34 61 1
35 3 1
35 22 -1
35 34 -1
35 37 -1
35 38 -1
35 39 1
35 44 -1
35 45 -1
35 46 -1
35 48 -1
35 50 -1
35 57 -1
35 59 1
35 62 -1
35 64 1
36 6 1
36 15 -1
36 21 -1
36 26 -1
36 27 -1
36 33 1
36 34 -1
36 39 1
36 40 1
36 42 1
36 43 1
36 44 -1
36 45 1
36 51 1
36 56 -1
36 62 1
37 2 1
37 4 -1
37 9 1
37 10 1
37 16 -1
37 27 -1
37 33 1
37 35 -1
37 40 1
37 41 1
37 42 1
37 43 1
37 45 1
37 48 1
37 52 1
37 59 -1
38 13 1
38 20 -1
38 21 -1
38 25 -1
38 31 1
38 35 -1
38 40 1
38 41 1
38 42 1
38 43 1
38 45 1
38 47 1
38 48 -1
38 58 1
38 62 1
39 2 1
39 18 1
39 19 -1
39 20 1
39 21 1
39 24 1
39 35 1
39 36 1
39 43 1
39 44 -1
39 45 1
39 46 -1
39 47 -1
39 48 1
39 49 -1
39 64 1
40 5 -1
40 8 1
40 23 -1
40 28 1
40 33 -1
40 34 1
40 36 1
40 37 1
40 38 1
40 41 1
40 45 1
40 47 1
40 49 -1
40 55 1
40 56 1
40 62 -1
41 4 1
41 7 -1
41 15 1
41 21 -1
41 33 -1
41 37 1
41 38 1
41 40 1
41 42 -1
41 43 -1
41 45 1
41 48 1
41 51 1
41 57 1
41 63 1
42 14 1
42 19 -1
42 20 1
42 24 -1
42 26 1
42 29 -1
42 33 -1
42 34 -1
42 36 1
42 37 1
42 38 1
42 41 -1
42 47 1
42 48 -1
42 51 1
43 4 -1
43 6 -1
43 12 1
43 13 -1
43 22 -1
43 25 -1
43 33 1
43 36 1
43 37 1
43 38 1
43 39 1
43 41 -1
43 44 -1
43 46 1
44 5 -1
44 10 1
44 14 1
44 17 1
44 30 1
44 34 1
44 35 -1
44 36 -1
44 39 -1
44 43 -1
44 45 1
44 46 -1
44 47 -1
44 58 1
44 61 -1
45 13 -1
45 27 1
45 35 -1
45 36 1
45 37 1
45 38 1
45 39 1
45 40 1
45 41 1
45 44 1
45 51 -1
45 53 1
45 54 1
45 57 -1
45 64 1
46 7 1
46 9 1
46 14 1
46 27 -1
46 28 1
46 33 1
46 34 1
46 35 -1
46 39 -1
46 43 1
46 44 -1
46 47 1
46 48 1
46 57 1
46 59 -1
47 7 1
47 11 1
47 15 -1
47 17 1
47 27 1
47 32 1
47 33 1
47 34 1
47 38 1
47 39 -1
47 40 1
47 42 1
47 44 -1
47 46 1
48 8 -1
48 10 1
48 13 -1
48 23 1
48 27 1
48 30 1
48 34 1
48 35 -1
48 37 1
48 38 -1
48 39 1
48 41 1
48 42 -1
48 46 1
48 56 1
48 57 -1
49 16 1
49 17 -1
49 21 1
49 24 -1
49 27 -1
49 32 -1
49 39 -1
49 40 -1
49 50 1
49 51 -1
49 55 1
49 57 -1
49 58 -1
49 59 1
49 61 -1
49 64 1
50 1 1
50 11 1
50 14 1
50 18 -1
50 20 -1
50 26 -1
50 35 -1
50 49 1
50 51 1
50 52 -1
50 54 1
50 58 1
50 59 -1
50 62 -1
50 63 1
51 1 1
51 4 1
51 24 1
51 36 1
51 41 1
51 42 1
51 45 -1
51 49 -1
51 50 1
51 53 1
51 54 -1
51 55 1
51 56 1
51 57 1
51 58 1
52 2 -1
52 3 -1
52 6 -1
52 19 1
52 20 1
52 21 -1
52 29 -1
52 37 1
52 50 -1
52 53 1
52 56 1
52 59 -1
52 60 1
52 61 1
52 63 1
52 64 -1
53 2 1
53 4 1
53 7 1
53 10 -1
53 12 1
53 16 -1
53 45 1
53 51 1
53 52 1
53 54 -1
53 55 1
53 56 1
53 60 -1
53 61 -1
53 62 1
54 6 1
54 8 -1
54 11 -1
54 13 -1
54 16 -1
54 18 1
54 33 1
54 45 1
54 50 1
54 51 -1
54 53 -1
54 55 1
54 57 1
54 61 1
54 63 1
54 64 1
55 4 -1
55 9 1
55 12 -1
55 18 1
55 22 1
55 32 -1
55 34 -1
55 40 1
55 49 1
55 51 1
55 53 1
55 54 1
55 58 -1
55 59 1
55 61 1
55 64 1
56 5 -1
56 7 -1
56 8 -1
56 21 1
56 30 1
56 36 -1
56 40 1
56 48 1
56 51 1
56 52 1
56 53 1
56 57 -1
56 60 1
56 61 -1
56 62 -1
56 63 -1
57 12 1
57 28 -1
57 30 1
57 35 -1
57 41 1
57 45 -1
57 46 1
57 48 -1
57 49 -1
57 51 1
57 54 1
57 56 -1
57 58 1
57 59 1
57 60 -1
57 63 1
58 2 1
58 22 -1
58 23 -1
58 26 1
58 38 1
58 44 1
58 49 -1
58 50 1
58 51 1
58 55 -1
58 57 1
58 59 1
58 60 -1
58 64 1
59 2 1
59 20 1
59 28 -1
59 30 1
59 35 1
59 37 -1
59 46 -1
59 49 1
59 50 -1
59 52 -1
59 55 1
59 57 1
59 58 1
59 62 1
59 64 1
60 3 -1
60 5 -1
60 11 -1
60 18 1
60 19 -1
60 25 1
60 29 -1
60 31 1
60 52 1
60 53 -1
60 56 1
60 57 -1
60 58 -1
60 61 1
60 62 -1
60 63 1
61 3 1
61 10 1
61 14 1
61 16 1
61 31 1
61 32 1
61 34 1
61 44 -1
61 49 -1
61 52 1
61 53 -1
61 54 1
61 55 1
61 56 -1
61 60 1
61 62 1
62 14 1
62 22 1
62 26 1
62 30 1
62 35 -1
62 36 1
62 38 1
62 40 -1
62 50 -1
62 53 1
62 56 -1
62 59 1
62 60 -1
62 61 1
62 63 1
62 64 1
63 5 1
63 7 -1
63 10 1
63 23 1
63 29 1
63 31 -1
63 33 -1
63 41 1
63 50 1
63 52 1
63 54 1
63 56 -1
63 57 1
63 60 1
63 62 1
63 64 1
64 1 -1
64 6 -1
64 17 1
64 35 1
64 39 1
64 45 1
64 49 1
64 52 -1
64 54 1
64 55 1
64 58 1
64 59 1
64 62 1
64 63 1
