1 4 1
1 5 1
1 6 1
1 7 1
1 10 1
1 11 1
1 13 1
1 14 -1
1 19 -1
1 24 -1
1 31 1
1 32 -1
1 33 1
1 36 -1
1 47 1
1 56 1
2 4 -1
2 6 1
2 7 1
2 8 -1
2 10 1
2 11 -1
2 14 -1
2 16 -1
2 26 -1
2 40 -1
2 46 1
2 52 1
2 57 -1
2 60 1
2 64 -1
3 6 1
3 7 -1
3 9 -1
3 10 -1
3 11 -1
3 12 -1
3 14 -1
3 16 -1
3 17 -1
3 33 1
3 37 1
3 42 -1
3 47 1
3 49 1
3 50 1
4 1 1
4 2 -1
4 9 -1
4 11 1
4 12 1
4 13 1
4 14 1
4 15 -1
4 24 -1
4 36 -1
4 38 1
4 55 1
4 56 -1
4 58 1
4 59 -1
4 63 -1
5 1 1
5 6 -1
5 8 1
5 9 1
5 11 1
5 13 1
5 14 -1
5 16 -1
5 25 -1
5 29 -1
5 30 1
5 34 1
5 40 -1
5 44 -1
5 45 -1
5 52 -1
6 1 1
6 2 1
6 3 1
6 5 -1
6 7 -1
6 9 -1
6 13 1
6 15 -1
6 21 -1
6 36 1
6 43 -1
6 48 1
6 54 -1
6 63 1
6 64 -1
7 1 1
7 2 1
7 3 -1
7 6 -1
7 8 1
7 9 -1
7 10 -1
7 11 1
7 38 -1
7 55 -1
7 57 -1
7 58 -1
7 61 1
7 62 1
7 64 1
8 2 -1
8 5 1
8 7 1
8 9 -1
8 12 -1
8 13 -1
8 14 1
8 15 1
8 19 -1
8 24 -1
8 29 1
8 44 -1
8 45 1
8 47 1
8 48 -1
8 59 -1
9 3 -1
9 4 -1
9 5 1
9 6 -1
9 7 -1
9 8 -1
9 12 1
9 15 -1
9 18 -1
9 20 -1
9 24 -1
9 32 -1
9 36 -1
9 41 1
9 64 -1
10 1 1
10 2 1
10 3 -1
10 7 -1
10 12 1
10 13 1
10 15 1
10 16 -1
10 22 -1
10 25 1
10 42 1
10 52 -1
10 56 1
10 57 -1
10 60 -1
11 1 1
11 2 -1
11 3 -1
11 4 1
11 5 1
11 7 1
11 12 1
11 13 -1
11 19 1
11 27 1
11 31 -1
11 33 1
11 42 1
11 43 1
11 56 1
11 61 -1
12 3 -1
12 4 1
12 8 -1
12 9 1
12 10 1
12 11 1
12 15 -1
12 16 1
12 20 1
12 21 1
12 32 1
12 33 -1
12 39 -1
12 44 -1
12 57 1
13 1 1
13 4 1
13 5 1
13 6 1
13 8 -1
13 10 1
13 11 -1
13 16 -1
13 17 -1
13 21 1
13 23 1
13 33 1
13 43 -1
13 53 -1
13 63 1
14 1 -1
14 2 -1
14 3 -1
14 4 1
14 5 -1
14 8 1
14 15 1
14 16 -1
14 23 1
14 29 -1
14 35 1
14 48 1
14 49 -1
14 56 1
14 58 -1
15 4 -1
15 6 -1
15 8 1
15 9 -1
15 10 1
15 12 -1
15 14 1
15 16 1
15 19 -1
15 28 1
15 30 1
15 31 -1
15 45 1
15 51 1
15 52 1
15 60 1
16 2 -1
16 3 -1
16 5 -1
16 10 -1
16 12 1
16 13 -1
16 14 -1
16 15 1
16 23 1
16 32 -1
16 38 1
16 42 -1
16 51 -1
16 57 -1
16 61 -1
16 62 1
17 3 -1
17 13 -1
17 18 1
17 21 -1
17 23 1
17 25 1
17 26 -1
17 28 -1
17 29 1
17 31 -1
17 34 -1
17 43 1
17 45 1
17 49 -1
17 53 1
17 63 -1
18 9 -1
18 17 1
18 19 -1
18 24 -1
18 25 -1
18 28 -1
18 29 -1
18 30 -1
18 31 1
18 34 1
18 37 1
18 39 -1
18 50 -1
18 52 -1
18 60 1
19 1 -1
19 8 -1
19 11 1
19 15 -1
19 18 -1
19 20 -1
19 22 -1
19 23 -1
19 24 1
19 25 1
19 26 1
19 30 1
19 42 -1
19 55 -1
19 63 1
20 9 -1
20 12 1
20 19 -1
20 23 1
20 24 1
20 25 -1
20 27 1
20 28 -1
20 31 -1
20 32 1
20 38 -1
20 41 -1
20 46 1
20 48 -1
20 53 1
20 60 -1
21 6 -1
21 12 1
21 13 1
21 17 -1
21 22 -1
21 23 1
21 24 1
21 26 1
21 27 -1
21 28 -1
21 31 1
21 39 1
21 41 1
21 49 1
21 53 -1
22 10 -1
22 19 -1
22 21 -1
22 23 -1
22 25 -1
22 26 1
22 27 1
22 28 1
22 30 -1
22 41 1
22 44 1
22 48 -1
22 49 -1
22 58 1
22 62 1
23 13 1
23 14 1
23 16 1
23 17 1
23 19 -1
23 20 1
23 21 1
23 22 -1
23 24 1
23 29 -1
23 32 -1
23 39 1
23 46 -1
23 54 1
24 1 -1
24 4 -1
24 8 -1
24 9 -1
24 18 -1
24 19 1
24 20 1
24 21 1
24 23 1
24 27 1
24 28 1
24 32 1
24 33 1
24 41 -1
24 43 1
24 59 -1
25 5 -1
25 10 1
25 17 1
25 18 -1
25 19 1
25 20 -1
25 22 -1
25 29 1
25 30 -1
25 31 1
25 35 1
25 36 1
25 38 -1
25 44 1
25 52 -1
25 64 -1
26 2 -1
26 17 -1
26 19 1
26 21 1
26 22 1
26 29 1
26 30 -1
26 31 1
26 32 -1
26 40 1
26 42 -1
26 45 1
26 48 1
26 50 1
26 62 1
27 11 1
27 20 1
27 21 -1
27 22 1
27 24 1
27 28 -1
27 29 1
27 30 1
27 32 -1
27 35 -1
27 37 -1
27 47 1
27 51 -1
27 55 1
27 64 1
28 15 1
28 17 -1
28 18 -1
28 20 -1
28 21 -1
28 22 1
28 24 1
28 27 -1
28 29 1
28 34 1
28 35 1
28 37 1
28 51 -1
28 54 -1
28 58 1
28 60 -1
29 5 -1
29 8 1
29 14 -1
29 17 1
29 18 -1
29 23 -1
29 25 1
29 26 1
29 27 1
29 28 1
29 32 -1
29 39 -1
29 44 -1
29 56 1
29 59 1
30 5 1
30 15 1
30 18 -1
30 19 1
30 22 -1
30 25 -1
30 26 -1
30 27 1
30 31 1
30 32 -1
30 34 -1
30 38 1
30 39 1
30 40 1
30 62 1
31 1 1
31 11 -1
31 15 -1
31 17 -1
31 18 1
31 20 -1
31 21 1
31 25 1
31 26 1
31 30 1
31 32 -1
31 37 1
31 42 1
31 50 1
31 56 -1
31 57 1
32 1 -1
32 9 -1
32 12 1
32 16 -1
32 20 1
32 23 -1
32 24 1
32 26 -1
32 27 -1
32 29 -1
32 30 -1
32 31 -1
32 49 1
32 59 -1
33 1 1
33 3 1
33 11 1
33 12 -1
33 13 1
33 24 1
33 34 -1
33 35 -1
33 39 1
33 40 -1
33 42 1
33 43 -1
33 44 1
33 47 -1
33 54 1
33 61 1
34 5 1
34 17 -1
34 18 1
34 28 1
34 30 -1
34 33 -1
34 36 -1
34 37 -1
34 39 1
34 43 1
34 44 -1
34 46 1
34 47 -1
34 55 -1
34 59 1
35 14 1
35 25 1
35 27 -1
35 28 1
35 33 -1
35 36 1
35 37 1
35 38 -1
35 41 -1
35 44 -1
35 45 1
35 48 -1
35 50 1
35 64 1
36 1 -1
36 4 -1
36 6 1
36 9 -1
36 25 1
36 34 -1
36 35 1
36 38 -1
36 41 -1
36 42 -1
36 43 1
36 45 1
36 48 1
36 53 -1
36 61 1
36 63 -1
37 3 1
37 18 1
37 27 -1
37 28 1
37 31 1
37 34 -1
37 35 1
37 39 -1
37 40 -1
37 41 -1
37 44 -1
37 45 1
37 48 -1
37 51 -1
37 56 -1
37 62 1
38 4 1
38 7 -1
38 16 1
38 20 -1
38 25 -1
38 30 1
38 35 -1
38 36 -1
38 39 -1
38 40 1
38 41 1
38 43 -1
38 44 1
38 45 1
38 51 1
38 57 1
39 12 -1
39 18 -1
39 21 1
39 23 1
39 29 -1
39 30 1
39 33 1
39 34 1
39 37 -1
39 38 -1
39 41 -1
39 44 -1
39 46 1
39 47 1
39 58 1
40 2 -1
40 5 -1
40 26 1
40 30 1
40 33 -1
40 37 -1
40 38 1
40 42 1
40 43 1
40 46 1
40 47 -1
40 48 -1
40 53 1
40 59 1
40 61 1
41 9 1
41 20 -1
41 21 1
41 22 1
41 24 -1
41 35 -1
41 36 -1
41 37 -1
41 38 1
41 39 -1
41 42 -1
41 43 1
41 45 -1
41 57 1
41 58 1
41 61 -1
42 3 -1
42 10 1
42 11 1
42 16 -1
42 19 -1
42 26 -1
42 31 1
42 33 1
42 36 -1
42 40 1
42 41 -1
42 45 -1
42 46 1
42 47 -1
42 48 1
42 49 1
43 6 -1
43 11 1
43 13 -1
43 17 1
43 24 1
43 33 -1
43 34 1
43 36 1
43 38 -1
43 40 1
43 41 1
43 45 -1
43 48 1
43 49 1
43 51 1
43 64 -1
44 5 -1
44 8 -1
44 12 -1
44 22 1
44 25 1
44 29 -1
44 33 1
44 34 -1
44 35 -1
44 37 -1
44 38 1
44 39 -1
44 46 1
44 47 -1
44 63 1
45 5 -1
45 8 1
45 15 1
45 17 1
45 26 1
45 35 1
45 36 1
45 37 1
45 38 1
45 41 -1
45 42 -1
45 43 -1
45 46 -1
45 52 1
45 53 1
45 54 1
46 2 1
46 20 1
46 23 -1
46 34 1
46 39 1
46 40 1
46 42 1
46 44 1
46 45 -1
46 47 -1
46 48 -1
46 50 -1
46 51 1
46 60 1
46 61 -1
47 1 1
47 3 1
47 8 1
47 27 1
47 33 -1
47 34 -1
47 39 1
47 40 -1
47 42 -1
47 44 -1
47 46 -1
47 48 -1
47 52 -1
47 54 -1
47 55 -1
48 6 1
48 8 -1
48 14 1
48 20 -1
48 22 -1
48 26 1
48 35 -1
48 36 1
48 37 -1
48 40 -1
48 42 1
48 43 1
48 46 -1
48 47 -1
48 53 -1
48 55 -1
49 3 1
49 14 -1
49 17 -1
49 21 1
49 22 -1
49 32 1
49 42 1
49 43 1
49 51 -1
49 56 -1
49 57 -1
49 58 -1
49 59 1
49 60 -1
49 61 1
49 64 -1
50 3 1
50 18 -1
50 26 1
50 31 1
50 35 1
50 46 -1
50 51 1
50 56 -1
50 57 1
50 59 1
50 60 -1
50 61 1
50 63 -1
50 64 -1
51 15 1
51 16 -1
51 27 -1
51 28 -1
51 37 -1
51 38 1
51 43 1
51 46 1
51 49 -1
51 50 1
51 52 -1
51 54 -1
51 55 1
51 60 1
51 61 -1
51 63 1
52 2 1
52 5 -1
52 10 -1
52 15 1
52 18 -1
52 25 -1
52 45 1
52 47 -1
52 51 -1
52 53 -1
52 54 1
52 55 -1
52 57 1
52 59 -1
52 62 -1
52 63 -1
53 13 -1
53 17 1
53 20 1
53 21 -1
53 36 -1
53 40 1
53 45 1
53 48 -1
53 52 -1
53 54 -1
53 55 1
53 56 -1
53 59 1
53 60 -1
53 61 -1
53 63 1
54 6 -1
54 23 1
54 28 -1
54 33 1
54 45 1
54 47 -1
54 51 -1
54 52 1
54 53 -1
54 58 1
54 59 1
54 61 1
54 62 -1
54 64 -1
55 4 1
55 7 -1
55 19 -1
55 27 1
55 34 -1
55 47 -1
55 48 -1
55 51 1
55 52 -1
55 53 1
55 56 -1
55 58 -1
55 61 1
55 62 1
55 64 1
56 1 1
56 4 -1
56 10 1
56 11 1
56 14 1
56 29 1
56 31 -1
56 37 -1
56 49 -1
56 50 -1
56 53 -1
56 55 -1
56 58 -1
56 59 -1
56 62 -1
56 64 1
57 2 -1
57 7 -1
57 10 -1
57 12 1
57 16 -1
57 31 1
57 38 1
57 41 1
57 49 -1
57 50 1
57 52 1
57 58 -1
57 59 1
57 60 1
57 62 1
57 63 1
58 4 1
58 7 -1
58 14 -1
58 22 1
58 28 1
58 39 1
58 41 1
58 49 -1
58 54 1
58 55 -1
58 56 -1
58 57 -1
58 59 -1
58 60 1
58 63 -1
59 4 -1
59 8 -1
59 24 -1
59 29 1
59 32 -1
59 34 1
59 40 1
59 49 1
59 50 1
59 52 -1
59 53 1
59 54 1
59 56 -1
59 57 1
59 58 -1
60 2 1
60 10 -1
60 15 1
60 18 1
60 20 -1
60 28 -1
60 46 1
60 49 -1
60 50 -1
60 51 1
60 53 -1
60 57 1
60 58 1
60 62 -1
60 64 -1
61 7 1
61 11 -1
61 16 -1
61 33 1
61 36 1
61 40 1
61 41 -1
61 46 -1
61 49 1
61 50 1
61 51 -1
61 53 -1
61 54 1
61 55 1
61 62 1
61 63 -1
62 7 1
62 16 1
62 22 1
62 26 1
62 30 1
62 37 1
62 52 -1
62 54 -1
62 55 1
62 56 -1
62 57 1
62 60 -1
62 61 1
62 64 -1
63 4 -1
63 6 1
63 13 1
63 17 -1
63 19 1
63 36 -1
63 44 1
63 50 -1
63 51 1
63 52 -1
63 53 1
63 57 1
63 58 -1
63 61 -1
63 64 1
64 2 -1
64 6 -1
64 7 1
64 9 -1
64 25 -1
64 27 1
64 35 1
64 43 -1
64 49 -1
64 50 -1
64 54 -1
64 55 1
64 56 1
64 60 -1
64 62 -1
64 63 1
