1 3 -1
1 8 -1
1 11 -1
1 12 -1
1 13 -1
1 14 -1
1 15 1
1 16 1
1 23 1
1 44 -1
1 46 1
1 48 -1
1 50 1
1 56 1
1 63 1
2 5 1
2 6 -1
2 7 -1
2 9 1
2 12 1
2 13 -1
2 14 1
2 15 -1
2 18 1
2 20 -1
2 23 -1
2 27 -1
2 30 1
2 34 -1
2 38 1
2 52 -1
3 1 -1
3 4 1
3 5 -1
3 6 1
3 9 1
3 10 1
3 15 -1
3 16 -1
3 18 -1
3 24 1
3 30 1
3 46 1
3 50 -1
3 54 1
3 57 1
4 3 1
4 5 -1
4 6 -1
4 7 -1
4 8 -1
4 9 -1
4 10 1
4 11 -1
4 17 1
4 28 1
4 31 1
4 32 -1
4 33 -1
4 35 -1
4 42 -1
5 2 1
5 3 -1
5 4 -1
5 7 1
5 9 1
5 10 -1
5 13 1
5 14 -1
5 26 1
5 32 1
5 37 -1
5 38 -1
5 41 -1
5 43 1
5 45 1
5 55 1
6 2 -1
6 3 1
6 4 -1
6 8 -1
6 9 -1
6 11 -1
6 12 -1
6 15 -1
6 27 -1
6 33 1
6 35 1
6 36 1
6 38 -1
6 56 1
6 57 -1
6 61 1
7 2 -1
7 4 -1
7 5 1
7 8 1
7 9 -1
7 10 -1
7 15 -1
7 16 1
7 26 1
7 28 -1
7 29 -1
7 36 -1
7 58 1
7 62 1
8 1 -1
8 4 -1
8 6 -1
8 7 1
8 10 -1
8 11 -1
8 12 1
8 13 -1
8 24 1
8 27 -1
8 30 -1
8 32 -1
8 40 -1
8 44 -1
8 55 -1
8 57 -1
9 2 1
9 3 1
9 4 -1
9 5 1
9 6 -1
9 7 -1
9 13 -1
9 16 1
9 24 1
9 36 -1
9 38 -1
9 45 1
9 48 -1
9 51 -1
9 56 1
9 63 1
10 3 1
10 4 1
10 5 -1
10 7 -1
10 8 -1
10 11 -1
10 14 -1
10 16 -1
10 20 -1
10 21 1
10 28 -1
10 54 -1
10 59 -1
10 60 1
10 61 -1
10 62 1
11 1 -1
11 4 -1
11 6 -1
11 8 -1
11 10 -1
11 12 -1
11 13 -1
11 14 -1
11 25 1
11 33 1
11 37 1
11 42 -1
11 43 -1
11 54 -1
11 62 -1
12 1 -1
12 2 1
12 6 -1
12 8 1
12 11 -1
12 13 -1
12 14 -1
12 15 -1
12 30 1
12 31 1
12 35 1
12 38 1
12 39 -1
12 47 -1
12 54 -1
13 1 -1
13 2 -1
13 5 1
13 8 -1
13 9 -1
13 11 -1
13 12 -1
13 16 -1
13 29 1
13 32 -1
13 41 -1
13 45 -1
13 48 1
13 51 1
14 1 -1
14 2 1
14 5 -1
14 10 -1
14 11 -1
14 12 -1
14 15 -1
14 16 -1
14 18 -1
14 20 -1
14 22 1
14 46 -1
14 48 1
14 56 -1
14 58 1
15 1 1
15 2 -1
15 3 -1
15 6 -1
15 7 -1
15 12 -1
15 14 -1
15 16 1
15 33 1
15 43 -1
15 44 1
15 47 -1
15 54 1
15 56 1
15 59 -1
16 1 1
16 3 -1
16 7 1
16 9 1
16 10 -1
16 13 -1
16 14 -1
16 15 1
16 17 -1
16 19 1
16 21 1
16 27 -1
16 40 -1
16 42 1
16 52 1
16 54 1
17 4 1
17 16 -1
17 19 1
17 20 1
17 23 1
17 24 1
17 25 -1
17 28 -1
17 30 -1
17 31 -1
17 36 -1
17 37 1
17 53 -1
17 58 -1
17 60 -1
17 61 1
18 2 1
18 3 -1
18 14 -1
18 21 1
18 22 -1
18 26 1
18 27 -1
18 28 1
18 30 -1
18 31 -1
18 32 1
18 36 -1
18 40 -1
18 41 1
18 44 -1
18 56 -1
19 16 1
19 17 1
19 20 -1
19 21 1
19 22 1
19 24 1
19 25 -1
19 26 -1
19 31 -1
19 40 1
19 41 1
19 48 -1
19 49 -1
19 53 1
19 57 -1
19 62 -1
20 2 -1
20 10 -1
20 14 -1
20 17 1
20 19 -1
20 21 1
20 23 1
20 24 -1
20 26 -1
20 27 1
20 29 1
20 40 1
20 41 -1
20 47 1
20 64 -1
21 10 1
21 16 1
21 18 1
21 19 1
21 20 1
21 23 -1
21 29 -1
21 30 -1
21 31 -1
21 32 -1
21 40 -1
21 47 -1
21 51 -1
21 55 -1
21 64 1
22 14 1
22 18 -1
22 19 1
22 24 -1
22 25 -1
22 27 1
22 28 -1
22 29 -1
22 32 1
22 42 -1
22 43 1
22 48 -1
22 49 -1
22 58 -1
22 64 -1
23 1 1
23 2 -1
23 17 1
23 20 1
23 21 -1
23 24 1
23 25 1
23 28 1
23 29 1
23 30 1
23 39 -1
23 40 1
23 46 1
23 52 1
24 3 1
24 8 1
24 9 1
24 17 1
24 19 1
24 20 -1
24 22 -1
24 23 1
24 28 1
24 29 1
24 32 1
24 42 1
24 45 1
24 58 -1
24 59 1
24 60 -1
25 11 1
25 17 -1
25 19 -1
25 22 -1
25 23 1
25 26 -1
25 27 -1
25 28 -1
25 31 -1
25 49 -1
25 50 -1
25 53 -1
25 55 -1
25 59 -1
25 64 -1
26 5 1
26 7 1
26 18 1
26 19 -1
26 20 -1
26 25 -1
26 29 -1
26 30 1
26 31 -1
26 32 -1
26 37 -1
26 43 -1
26 49 1
26 51 -1
27 2 -1
27 6 -1
27 8 -1
27 16 -1
27 18 -1
27 20 1
27 22 1
27 25 -1
27 28 -1
27 29 -1
27 30 -1
27 31 1
27 33 -1
27 38 1
27 53 -1
27 58 1
28 4 1
28 7 -1
28 10 -1
28 17 -1
28 18 1
28 22 -1
28 23 1
28 24 1
28 25 -1
28 27 -1
28 32 1
28 41 1
28 49 -1
28 63 -1
29 7 -1
29 13 1
29 20 1
29 21 -1
29 22 -1
29 23 1
29 24 1
29 26 -1
29 27 -1
29 30 1
29 33 -1
29 35 -1
29 45 -1
29 61 1
30 2 1
30 3 1
30 8 -1
30 12 1
30 17 -1
30 18 -1
30 21 -1
30 23 1
30 26 1
30 27 -1
30 29 1
30 32 1
30 39 -1
30 44 -1
30 55 -1
30 60 -1
31 4 1
31 12 1
31 17 -1
31 18 -1
31 19 -1
31 21 -1
31 25 -1
31 26 -1
31 27 1
31 32 -1
31 52 1
31 55 1
31 56 -1
31 63 -1
32 4 -1
32 5 1
32 8 -1
32 13 -1
32 18 1
32 21 -1
32 22 1
32 24 1
32 26 -1
32 28 1
32 30 1
32 31 -1
32 34 -1
32 60 -1
32 64 -1
33 4 -1
33 6 1
33 11 1
33 15 1
33 27 -1
33 29 -1
33 35 -1
33 36 -1
33 39 -1
33 43 1
33 44 1
33 45 -1
33 46 1
33 48 1
33 60 1
33 64 1
34 2 -1
34 32 -1
34 35 -1
34 36 1
34 37 -1
34 39 -1
34 40 1
34 42 -1
34 43 1
34 44 -1
34 50 1
34 57 -1
34 58 -1
34 60 1
34 62 -1
35 4 -1
35 6 1
35 12 1
35 29 -1
35 33 -1
35 34 -1
35 36 -1
35 41 1
35 42 1
35 45 1
35 47 -1
35 48 -1
35 53 -1
35 57 -1
35 58 1
35 61 -1
36 6 1
36 7 -1
36 9 -1
36 17 -1
36 18 -1
36 33 -1
36 34 1
36 35 -1
36 37 -1
36 39 -1
36 40 -1
36 42 -1
36 46 1
36 55 -1
36 59 -1
36 64 1
37 5 -1
37 11 1
37 17 1
37 26 -1
37 34 -1
37 36 -1
37 38 1
37 41 1
37 42 -1
37 43 -1
37 44 -1
37 47 -1
37 53 -1
37 60 1
38 2 1
38 5 -1
38 6 -1
38 9 -1
38 12 1
38 27 1
38 37 1
38 39 -1
38 40 1
38 41 -1
38 44 1
38 45 -1
38 46 -1
38 48 1
38 57 -1
38 63 -1
39 12 -1
39 23 -1
39 30 -1
39 33 -1
39 34 -1
39 36 -1
39 38 -1
39 42 1
39 45 1
39 46 -1
39 48 1
39 50 1
39 53 -1
39 57 -1
40 8 -1
40 16 -1
40 18 -1
40 19 1
40 20 1
40 21 -1
40 23 1
40 34 1
40 36 -1
40 38 1
40 41 1
40 44 -1
40 45 -1
40 47 -1
40 48 1
40 51 -1
41 5 -1
41 13 -1
41 18 1
41 19 1
41 20 -1
41 28 1
41 35 1
41 37 1
41 38 -1
41 40 1
41 42 -1
41 44 1
41 45 -1
41 46 -1
41 53 -1
42 4 -1
42 11 -1
42 16 1
42 22 -1
42 24 1
42 34 -1
42 35 1
42 36 -1
42 37 -1
42 39 1
42 41 -1
42 43 -1
42 46 -1
42 54 1
42 55 1
42 61 -1
43 5 1
43 11 -1
43 15 -1
43 22 1
43 26 -1
43 33 1
43 34 1
43 37 -1
43 42 -1
43 45 -1
43 46 -1
43 47 -1
43 48 -1
43 51 -1
43 64 1
44 1 -1
44 8 -1
44 15 1
44 18 -1
44 30 -1
44 33 1
44 34 -1
44 37 -1
44 38 1
44 40 -1
44 41 1
44 47 -1
44 48 -1
44 54 -1
44 56 -1
44 62 -1
45 5 1
45 9 1
45 13 -1
45 24 1
45 29 -1
45 33 -1
45 35 1
45 38 -1
45 39 1
45 40 -1
45 41 -1
45 43 -1
45 47 -1
45 49 -1
45 52 -1
45 63 -1
46 1 1
46 3 1
46 14 -1
46 23 1
46 33 1
46 36 1
46 38 -1
46 39 -1
46 41 -1
46 42 -1
46 43 -1
46 47 -1
46 49 -1
46 51 -1
46 61 -1
47 12 -1
47 15 -1
47 20 1
47 21 -1
47 35 -1
47 37 -1
47 40 -1
47 43 -1
47 44 -1
47 45 -1
47 46 -1
47 48 1
47 51 -1
47 52 1
48 1 -1
48 9 -1
48 13 1
48 14 1
48 19 -1
48 22 -1
48 33 1
48 35 -1
48 38 1
48 39 1
48 40 1
48 43 -1
48 44 -1
48 47 1
48 59 -1
48 61 -1
49 19 -1
49 22 -1
49 25 -1
49 26 1
49 28 -1
49 45 -1
49 46 -1
49 52 1
49 55 1
49 56 1
49 57 1
49 58 -1
49 59 -1
49 61 1
49 63 1
50 1 1
50 3 -1
50 25 -1
50 34 1
50 39 1
50 51 1
50 54 -1
50 56 -1
50 58 1
50 59 1
50 60 1
50 62 1
50 63 -1
51 9 -1
51 13 1
51 21 -1
51 26 -1
51 40 -1
51 43 -1
51 46 -1
51 47 -1
51 50 1
51 54 -1
51 55 -1
51 56 1
51 57 -1
51 59 1
51 62 1
51 64 -1
52 2 -1
52 16 1
52 23 1
52 31 1
52 45 -1
52 47 1
52 49 1
52 54 -1
52 55 1
52 56 -1
52 57 -1
52 58 1
52 60 -1
52 61 -1
53 17 -1
53 19 1
53 25 -1
53 27 -1
53 35 -1
53 37 -1
53 39 -1
53 41 -1
53 55 -1
53 58 -1
53 59 -1
53 60 -1
53 61 1
53 62 1
53 63 1
53 64 -1
54 3 1
54 10 -1
54 11 -1
54 12 -1
54 15 1
54 16 1
54 42 1
54 44 -1
54 50 -1
54 51 -1
54 52 -1
54 56 -1
54 59 -1
54 61 -1
54 63 -1
54 64 -1
55 5 1
55 8 -1
55 21 -1
55 25 -1
55 30 -1
55 31 1
55 36 -1
55 42 1
55 49 1
55 51 -1
55 52 1
55 53 -1
55 57 1
55 59 1
55 61 -1
55 62 -1
56 1 1
56 6 1
56 9 1
56 14 -1
56 15 1
56 18 -1
56 31 -1
56 44 -1
56 49 1
56 50 -1
56 51 1
56 52 -1
56 54 -1
56 59 -1
56 60 -1
56 62 -1
57 3 1
57 6 -1
57 8 -1
57 19 -1
57 34 -1
57 35 -1
57 38 -1
57 39 -1
57 49 1
57 51 -1
57 52 -1
57 55 1
57 58 1
57 59 -1
57 60 -1
57 62 1
58 7 1
58 14 1
58 17 -1
58 22 -1
58 24 -1
58 27 1
58 34 -1
58 35 1
58 49 -1
58 50 1
58 52 1
58 53 -1
58 57 1
58 62 1
58 63 1
58 64 -1
59 10 -1
59 15 -1
59 24 1
59 25 -1
59 36 -1
59 48 -1
59 49 -1
59 50 1
59 51 1
59 53 -1
59 54 -1
59 55 1
59 56 -1
59 57 -1
60 10 1
60 17 -1
60 24 -1
60 30 -1
60 32 -1
60 33 1
60 34 1
60 37 1
60 50 1
60 52 -1
60 53 -1
60 56 -1
60 57 -1
60 61 -1
60 63 -1
60 64 1
61 6 1
61 10 -1
61 17 1
61 29 1
61 35 -1
61 42 -1
61 46 -1
61 48 -1
61 49 1
61 52 -1
61 53 1
61 54 -1
61 55 -1
61 60 -1
61 63 1
61 64 1
62 7 1
62 10 1
62 11 -1
62 19 -1
62 34 -1
62 44 -1
62 50 1
62 51 1
62 53 1
62 55 -1
62 56 -1
62 57 1
62 58 1
62 64 1
63 1 1
63 9 1
63 28 -1
63 31 -1
63 38 -1
63 45 -1
63 49 1
63 50 -1
63 53 1
63 54 -1
63 58 1
63 60 -1
63 61 1
63 64 1
64 20 -1
64 21 1
64 22 -1
64 25 -1
64 32 -1
64 33 1
64 36 1
64 43 1
64 51 -1
64 53 -1
64 54 -1
64 58 -1
64 60 1
64 61 1
64 62 1
64 63 1
