1 4 -1
1 6 1
1 8 -1
1 11 1
1 12 1
1 13 -1
1 15 1
1 16 1
1 19 -1
1 20 -1
1 22 -1
1 26 1
1 34 1
1 52 1
1 57 1
1 58 1
2 4 1
2 5 1
2 6 1
2 10 -1
2 13 1
2 14 -1
2 15 1
2 16 1
2 22 1
2 23 1
2 24 1
2 31 1
2 44 1
2 47 1
2 54 1
2 56 1
3 5 1
3 6 1
3 9 -1
3 10 1
3 11 1
3 12 1
3 14 1
3 15 1
3 33 -1
3 35 -1
3 39 1
3 45 -1
3 51 1
3 57 1
3 63 1
4 1 -1
4 2 1
4 7 1
4 8 -1
4 9 1
4 12 1
4 13 1
4 14 1
4 19 -1
4 36 1
4 37 -1
4 48 1
4 58 1
4 60 -1
4 63 1
4 64 1
5 2 1
5 3 1
5 6 -1
5 7 1
5 9 -1
5 11 1
5 14 -1
5 15 -1
5 20 1
5 28 1
5 32 1
5 48 -1
5 52 1
5 60 -1
6 1 1
6 2 1
6 3 1
6 5 -1
6 8 1
6 13 -1
6 15 1
6 16 1
6 20 -1
6 26 -1
6 43 1
6 44 -1
6 59 -1
6 62 1
7 4 1
7 5 1
7 8 1
7 10 1
7 11 1
7 12 1
7 15 -1
7 16 1
7 18 -1
7 29 1
7 33 1
7 34 1
7 37 -1
7 42 -1
8 1 -1
8 4 -1
8 6 1
8 7 1
8 9 1
8 10 1
8 11 1
8 14 1
8 23 1
8 25 1
8 27 1
8 30 1
8 53 1
8 61 1
8 62 -1
8 63 -1
9 3 -1
9 4 1
9 5 -1
9 8 1
9 11 1
9 12 -1
9 13 1
9 16 1
9 23 1
9 32 -1
9 34 1
9 36 -1
9 46 1
9 49 1
9 52 1
9 63 1
10 2 -1
10 3 1
10 7 1
10 8 1
10 11 1
10 12 -1
10 14 1
10 15 -1
10 18 -1
10 35 1
10 37 1
10 42 -1
10 46 1
10 47 1
10 53 1
10 62 1
11 1 1
11 3 1
11 5 1
11 7 1
11 8 1
11 9 1
11 10 1
11 13 -1
11 24 1
11 25 1
11 27 1
11 48 -1
11 53 1
11 57 1
11 60 1
12 1 1
12 3 1
12 4 1
12 7 1
12 9 -1
12 10 -1
12 13 1
12 16 1
12 18 1
12 20 1
12 21 1
12 27 1
12 28 1
12 38 1
12 50 -1
12 55 1
13 1 -1
13 2 1
13 4 1
13 6 -1
13 9 1
13 11 -1
13 12 1
13 16 1
13 21 -1
13 30 -1
13 33 1
13 41 1
13 43 -1
13 46 1
13 53 -1
13 56 1
14 2 -1
14 3 1
14 4 1
14 5 -1
14 8 1
14 10 1
14 15 1
14 16 -1
14 23 1
14 28 1
14 30 1
14 38 1
14 45 1
14 51 -1
14 57 -1
14 64 -1
15 1 1
15 2 1
15 3 1
15 5 -1
15 6 1
15 7 -1
15 10 -1
15 14 1
15 26 -1
15 32 1
15 38 1
15 40 1
15 42 1
15 57 -1
15 58 -1
15 62 1
16 1 1
16 2 1
16 6 1
16 7 1
16 9 1
16 12 1
16 13 1
16 14 -1
16 20 -1
16 22 1
16 23 1
16 50 1
16 52 -1
16 56 -1
16 62 1
17 18 1
17 20 1
17 23 1
17 24 1
17 25 1
17 29 1
17 31 1
17 32 1
17 33 1
17 45 -1
17 47 -1
17 49 1
17 52 1
17 57 1
17 63 -1
18 7 -1
18 10 -1
18 12 1
18 17 1
18 19 1
18 20 1
18 22 1
18 27 1
18 28 1
18 31 1
18 32 1
18 33 -1
18 34 1
18 53 -1
18 56 -1
18 64 -1
19 1 -1
19 4 -1
19 18 1
19 20 1
19 22 -1
19 23 -1
19 24 1
19 27 1
19 31 1
19 32 -1
19 36 1
19 37 -1
19 49 1
19 51 1
19 55 -1
19 56 1
20 1 -1
20 5 1
20 6 -1
20 12 1
20 16 -1
20 17 1
20 18 1
20 19 1
20 21 -1
20 24 -1
20 26 1
20 29 1
20 32 1
20 55 1
21 12 1
21 13 -1
21 20 -1
21 22 1
21 23 1
21 25 -1
21 28 -1
21 29 1
21 30 1
21 31 -1
21 37 1
21 46 -1
21 47 1
21 51 1
21 59 -1
21 61 -1
22 1 -1
22 2 1
22 16 1
22 18 1
22 19 -1
22 21 1
22 23 1
22 24 1
22 26 -1
22 28 1
22 29 -1
22 33 -1
22 43 -1
22 46 -1
22 61 1
22 64 1
23 2 1
23 8 1
23 9 1
23 14 1
23 16 1
23 17 1
23 19 -1
23 21 1
23 22 1
23 26 1
23 28 1
23 30 -1
23 32 -1
23 34 -1
23 36 -1
23 44 1
24 2 1
24 11 1
24 17 1
24 19 1
24 20 -1
24 22 1
24 25 1
24 26 1
24 27 -1
24 30 1
24 38 1
24 43 -1
24 45 1
24 47 1
24 51 -1
24 56 1
25 8 1
25 11 1
25 17 1
25 21 -1
25 24 1
25 28 1
25 29 1
25 30 -1
25 31 -1
25 32 -1
25 37 1
25 41 1
25 52 1
25 53 -1
25 61 1
26 1 1
26 6 -1
26 15 -1
26 20 1
26 22 -1
26 23 1
26 24 1
26 27 1
26 28 -1
26 29 -1
26 30 1
26 37 -1
26 40 1
26 42 1
26 54 -1
26 62 1
27 8 1
27 11 1
27 12 1
27 18 1
27 19 1
27 24 -1
27 26 1
27 28 1
27 30 1
27 31 1
27 32 1
27 38 1
27 40 1
27 48 -1
27 58 -1
27 59 1
28 5 1
28 12 1
28 14 1
28 18 1
28 21 -1
28 22 1
28 23 1
28 25 1
28 26 -1
28 27 1
28 30 1
28 39 1
28 45 1
28 46 1
28 54 1
28 64 -1
29 7 1
29 17 1
29 20 1
29 21 1
29 22 -1
29 25 1
29 26 -1
29 30 1
29 31 -1
29 49 -1
29 56 1
29 57 1
29 58 1
29 59 1
30 8 1
30 13 -1
30 14 1
30 21 1
30 23 -1
30 24 1
30 25 -1
30 26 1
30 27 1
30 28 1
30 29 1
30 34 1
30 35 -1
30 43 -1
30 49 1
31 2 1
31 17 1
31 18 1
31 19 1
31 21 -1
31 25 -1
31 27 1
31 29 -1
31 32 1
31 34 -1
31 36 1
31 45 -1
31 46 -1
31 49 1
31 58 1
31 63 1
32 5 1
32 9 -1
32 15 1
32 17 1
32 18 1
32 19 -1
32 20 1
32 23 -1
32 25 -1
32 27 1
32 31 1
32 37 -1
32 38 1
32 41 -1
32 44 1
33 3 -1
33 7 1
33 13 1
33 17 1
33 18 -1
33 22 -1
33 36 1
33 38 1
33 40 1
33 43 1
33 44 1
33 46 1
33 47 1
33 48 1
33 62 1
33 64 1
34 1 1
34 7 1
34 9 1
34 18 1
34 23 -1
34 30 1
34 31 -1
34 35 1
34 37 -1
34 39 1
34 43 1
34 44 1
34 45 1
34 46 -1
34 48 1
34 59 1
35 3 -1
35 10 1
35 30 -1
35 34 1
35 36 1
35 37 1
35 38 1
35 42 1
35 43 1
35 46 -1
35 48 1
35 55 -1
35 60 1
35 63 -1
36 4 1
36 9 -1
36 19 1
36 23 -1
36 31 1
36 33 1
36 35 1
36 37 1
36 40 1
36 41 1
36 43 1
36 44 1
36 45 1
36 57 1
36 59 1
36 61 1
37 4 -1
37 7 -1
37 10 1
37 19 -1
37 21 1
37 25 1
37 26 -1
37 32 -1
37 34 -1
37 35 1
37 36 1
37 40 1
37 41 1
37 42 1
37 43 1
37 46 -1
38 12 1
38 14 1
38 15 1
38 24 1
38 27 1
38 32 1
38 33 1
38 35 1
38 39 1
38 40 1
38 41 1
38 44 1
38 46 1
38 47 1
38 51 -1
38 63 1
39 3 1
39 28 1
39 34 1
39 38 1
39 40 1
39 41 -1
39 42 1
39 44 1
39 45 -1
39 46 1
39 51 1
39 52 1
39 58 -1
39 60 1
40 15 1
40 26 1
40 27 1
40 33 1
40 36 1
40 37 1
40 38 1
40 39 1
40 41 1
40 45 1
40 47 1
40 50 1
40 64 1
41 13 1
41 25 1
41 32 -1
41 36 1
41 37 1
41 38 1
41 39 -1
41 40 1
41 42 1
41 45 1
41 47 1
41 51 1
41 53 1
41 55 1
41 56 -1
41 64 1
42 7 -1
42 10 -1
42 15 1
42 26 1
42 35 1
42 37 1
42 39 1
42 41 1
42 44 -1
42 45 -1
42 47 -1
42 48 -1
42 50 1
42 54 -1
43 6 1
43 13 -1
43 22 -1
43 24 -1
43 30 -1
43 33 1
43 34 1
43 35 1
43 36 1
43 37 1
43 44 1
43 47 1
43 48 1
43 58 1
43 61 1
44 2 1
44 6 -1
44 23 1
44 32 1
44 33 1
44 34 1
44 36 1
44 38 1
44 39 1
44 42 -1
44 43 1
44 48 1
44 49 1
44 61 1
45 3 -1
45 14 1
45 17 -1
45 24 1
45 28 1
45 31 -1
45 34 1
45 36 1
45 39 -1
45 40 1
45 41 1
45 42 -1
45 46 -1
45 48 1
45 53 1
45 59 1
46 9 1
46 10 1
46 13 1
46 21 -1
46 22 -1
46 28 1
46 31 -1
46 33 1
46 34 -1
46 35 -1
46 37 -1
46 38 1
46 39 1
46 45 -1
46 47 1
46 49 1
47 2 1
47 10 1
47 17 -1
47 21 1
47 24 1
47 33 1
47 38 1
47 40 1
47 41 1
47 42 -1
47 43 1
47 46 1
47 48 1
47 50 -1
47 55 -1
48 4 1
48 5 -1
48 11 -1
48 27 -1
48 33 1
48 34 1
48 35 1
48 42 -1
48 43 1
48 44 1
48 45 1
48 47 1
48 54 1
48 59 -1
48 61 1
49 9 1
49 17 1
49 19 1
49 29 -1
49 30 1
49 31 1
49 44 1
49 46 1
49 50 1
49 52 1
49 53 -1
49 55 -1
49 58 1
49 59 1
49 63 1
49 64 1
50 12 -1
50 16 1
50 40 1
50 42 1
50 47 -1
50 49 1
50 51 1
50 54 1
50 56 1
50 60 1
50 61 1
50 62 1
50 63 1
51 3 1
51 14 -1
51 19 1
51 21 1
51 24 -1
51 38 -1
51 39 1
51 41 1
51 50 1
51 52 1
51 55 1
51 56 1
51 57 -1
51 58 1
51 62 -1
51 64 1
52 1 1
52 5 1
52 9 1
52 16 -1
52 17 1
52 25 1
52 39 1
52 49 1
52 51 1
52 53 1
52 54 1
52 56 1
52 58 1
52 59 1
52 64 -1
53 8 1
53 10 1
53 11 1
53 13 -1
53 18 -1
53 25 -1
53 41 1
53 45 1
53 49 -1
53 52 1
53 55 1
53 58 -1
53 59 1
53 61 1
53 62 1
53 63 -1
54 2 1
54 26 -1
54 28 1
54 42 -1
54 48 1
54 50 1
54 52 1
54 55 -1
54 56 -1
54 57 1
54 60 1
54 61 -1
54 64 -1
55 12 1
55 19 -1
55 20 1
55 35 -1
55 41 1
55 47 -1
55 49 -1
55 51 1
55 53 1
55 54 -1
55 56 -1
55 60 1
55 62 -1
55 64 1
56 2 1
56 13 1
56 16 -1
56 18 -1
56 19 1
56 24 1
56 29 1
56 41 -1
56 50 1
56 51 1
56 52 1
56 54 -1
56 55 -1
56 57 1
56 59 1
56 60 1
57 1 1
57 3 1
57 11 1
57 14 -1
57 15 -1
57 17 1
57 29 1
57 36 1
57 51 -1
57 54 1
57 56 1
57 58 1
57 59 -1
57 60 1
57 61 1
57 63 1
58 1 1
58 4 1
58 15 -1
58 27 -1
58 29 1
58 31 1
58 39 -1
58 43 1
58 49 1
58 51 1
58 52 1
58 53 -1
58 57 1
58 60 -1
58 61 1
58 64 1
59 6 -1
59 21 -1
59 27 1
59 29 1
59 34 1
59 36 1
59 45 1
59 48 -1
59 49 1
59 52 1
59 53 1
59 56 1
59 57 -1
59 61 1
59 62 1
59 63 -1
60 4 -1
60 5 -1
60 11 1
60 35 1
60 39 1
60 50 1
60 54 1
60 55 1
60 56 1
60 57 1
60 58 -1
60 62 1
60 64 -1
61 8 1
61 21 -1
61 22 1
61 25 1
61 36 1
61 43 1
61 44 1
61 48 1
61 50 1
61 53 1
61 54 -1
61 57 1
61 58 1
61 59 1
61 62 1
61 63 1
62 6 1
62 8 -1
62 10 1
62 15 1
62 16 1
62 26 1
62 33 1
62 50 1
62 51 -1
62 53 1
62 55 -1
62 59 1
62 60 1
62 61 1
62 63 1
63 3 1
63 4 1
63 8 -1
63 9 1
63 17 -1
63 31 1
63 35 -1
63 38 1
63 49 1
63 50 1
63 53 -1
63 57 1
63 59 -1
63 61 1
63 62 1
63 64 -1
64 4 1
64 14 -1
64 18 -1
64 22 1
64 28 -1
64 33 1
64 40 1
64 41 1
64 49 1
64 51 1
64 52 -1
64 54 -1
64 55 1
64 58 1
64 60 -1
64 63 -1
