1 3 -1
1 4 1
1 6 -1
1 7 -1
1 9 1
1 13 -1
1 14 -1
1 15 1
1 20 -1
1 29 1
1 30 -1
1 36 -1
1 41 -1
1 58 1
1 61 1
1 63 1
2 3 1
2 4 -1
2 5 1
2 8 -1
2 9 -1
2 10 1
2 11 1
2 16 -1
2 17 -1
2 21 -1
2 22 -1
2 27 1
2 38 1
2 40 1
2 57 -1
3 1 -1
3 2 1
3 5 1
3 8 1
3 9 1
3 11 -1
3 12 1
3 15 -1
3 24 -1
3 27 1
3 32 -1
3 44 -1
3 51 -1
3 54 -1
3 58 -1
4 1 1
4 2 -1
4 6 1
4 8 -1
4 9 -1
4 10 1
4 12 -1
4 14 1
4 18 -1
4 19 -1
4 20 -1
4 44 -1
4 48 1
4 49 -1
4 56 -1
5 2 1
5 3 1
5 6 1
5 7 -1
5 9 1
5 10 1
5 13 1
5 14 1
5 19 1
5 32 -1
5 45 -1
5 48 1
5 50 -1
5 56 1
5 57 -1
5 61 1
6 1 -1
6 4 1
6 5 1
6 8 -1
6 11 -1
6 13 -1
6 15 1
6 16 -1
6 39 1
6 40 1
6 41 1
6 44 1
6 46 -1
6 52 1
6 63 1
7 1 -1
7 5 -1
7 9 1
7 10 1
7 11 -1
7 12 -1
7 14 -1
7 16 -1
7 18 -1
7 25 -1
7 34 1
7 49 -1
7 53 -1
7 62 -1
7 63 -1
8 2 -1
8 3 1
8 4 -1
8 6 -1
8 10 1
8 13 -1
8 15 1
8 16 -1
8 21 1
8 31 -1
8 40 1
8 42 -1
8 53 -1
8 55 -1
8 56 1
9 1 1
9 2 -1
9 3 1
9 4 -1
9 5 1
9 7 1
9 15 1
9 16 -1
9 19 1
9 20 1
9 26 1
9 27 -1
9 42 -1
9 44 1
9 56 -1
9 62 -1
10 2 1
10 4 1
10 5 1
10 7 1
10 8 1
10 11 1
10 13 -1
10 16 -1
10 26 1
10 27 1
10 43 -1
10 46 -1
10 47 1
10 50 -1
10 56 1
11 2 1
11 3 -1
11 6 -1
11 7 -1
11 10 1
11 12 -1
11 13 -1
11 14 1
11 19 1
11 27 -1
11 28 -1
11 45 1
11 55 1
11 59 -1
11 63 -1
12 3 1
12 4 -1
12 7 -1
12 11 -1
12 13 1
12 14 -1
12 15 -1
12 16 1
12 21 -1
12 31 -1
12 37 -1
12 39 -1
12 46 1
12 53 1
12 55 1
13 1 -1
13 5 1
13 6 -1
13 8 -1
13 10 -1
13 11 -1
13 12 1
13 15 1
13 24 -1
13 26 1
13 28 1
13 29 -1
13 32 1
13 50 1
14 1 -1
14 4 1
14 5 1
14 7 -1
14 11 1
14 12 -1
14 15 1
14 16 -1
14 20 -1
14 23 -1
14 25 -1
14 34 -1
14 51 -1
14 63 -1
15 1 1
15 3 -1
15 6 1
15 8 1
15 9 1
15 12 -1
15 13 1
15 14 1
15 23 -1
15 28 1
15 29 1
15 31 -1
15 33 1
15 38 1
15 40 -1
15 58 1
16 2 -1
16 6 -1
16 7 -1
16 8 -1
16 9 -1
16 10 -1
16 12 1
16 14 -1
16 20 -1
16 23 1
16 34 -1
16 39 1
16 40 -1
16 54 1
16 57 -1
16 63 -1
17 2 -1
17 18 1
17 19 -1
17 22 1
17 23 1
17 26 1
17 29 1
17 31 1
17 32 1
17 33 1
17 35 1
17 44 -1
17 46 -1
17 50 1
17 57 -1
18 4 -1
18 7 -1
18 17 1
18 20 -1
18 22 1
18 23 1
18 24 1
18 29 1
18 30 -1
18 32 1
18 33 -1
18 39 -1
18 40 -1
18 61 -1
18 64 -1
19 4 -1
19 5 1
19 9 1
19 11 1
19 17 -1
19 20 -1
19 22 -1
19 25 -1
19 26 1
19 27 1
19 28 -1
19 29 1
19 48 1
19 50 1
19 54 1
19 58 -1
20 1 -1
20 4 -1
20 9 1
20 14 -1
20 16 -1
20 18 -1
20 19 -1
20 22 -1
20 25 -1
20 27 -1
20 28 -1
20 29 1
20 32 -1
20 39 1
20 43 -1
20 45 -1
21 2 -1
21 8 1
21 12 -1
21 22 -1
21 23 1
21 24 -1
21 25 1
21 26 1
21 27 -1
21 28 1
21 30 -1
21 45 1
21 46 -1
21 48 1
21 54 -1
21 62 1
22 2 -1
22 17 1
22 18 1
22 19 -1
22 20 -1
22 21 -1
22 23 1
22 29 -1
22 31 -1
22 36 -1
22 38 -1
22 41 -1
22 42 -1
22 55 -1
22 59 1
23 14 -1
23 15 -1
23 16 1
23 17 1
23 18 1
23 21 1
23 22 1
23 25 -1
23 28 1
23 29 -1
23 31 -1
23 33 -1
23 47 -1
23 48 -1
24 3 -1
24 13 -1
24 18 1
24 21 -1
24 26 1
24 27 -1
24 28 1
24 30 1
24 31 -1
24 32 -1
24 33 1
24 55 1
24 61 -1
24 64 -1
25 7 -1
25 14 -1
25 19 -1
25 20 -1
25 21 1
25 23 -1
25 26 1
25 27 -1
25 28 1
25 30 1
25 39 -1
25 48 1
25 62 1
25 64 -1
26 9 1
26 10 1
26 13 1
26 17 1
26 19 1
26 21 1
26 24 1
26 25 1
26 29 -1
26 31 1
26 32 -1
26 33 1
26 35 1
26 49 1
26 61 1
27 2 1
27 3 1
27 9 -1
27 10 1
27 11 -1
27 19 1
27 20 -1
27 21 -1
27 24 -1
27 25 -1
27 30 1
27 31 -1
27 32 -1
27 37 -1
27 47 1
27 59 -1
28 11 -1
28 13 1
28 15 1
28 19 -1
28 20 -1
28 21 1
28 23 1
28 24 1
28 25 1
28 30 -1
28 31 1
28 36 -1
28 40 1
28 54 1
28 59 -1
28 60 -1
29 1 1
29 13 -1
29 15 1
29 17 1
29 18 1
29 19 1
29 20 1
29 22 -1
29 23 -1
29 26 -1
29 32 -1
29 35 1
29 46 1
29 57 -1
29 58 -1
30 1 -1
30 18 -1
30 21 -1
30 24 1
30 25 1
30 27 1
30 28 -1
30 31 -1
30 32 1
30 36 -1
30 38 1
30 52 -1
30 63 -1
30 64 1
31 8 -1
31 12 -1
31 15 -1
31 17 1
31 22 -1
31 23 -1
31 24 -1
31 26 1
31 27 -1
31 28 1
31 30 -1
31 41 1
31 46 -1
31 53 1
31 59 1
31 64 -1
32 3 -1
32 5 -1
32 13 1
32 17 1
32 18 1
32 20 -1
32 24 -1
32 26 -1
32 27 -1
32 29 -1
32 30 1
32 37 -1
32 43 -1
32 45 -1
32 59 1
33 15 1
33 17 1
33 18 -1
33 23 -1
33 24 1
33 26 1
33 34 1
33 35 1
33 37 1
33 40 -1
33 41 -1
33 44 -1
33 45 -1
33 47 1
33 56 1
33 60 -1
34 7 1
34 14 -1
34 16 -1
34 33 1
34 36 1
34 38 1
34 39 -1
34 41 -1
34 44 -1
34 46 1
34 47 1
34 53 -1
34 54 1
34 60 1
34 61 -1
35 17 1
35 26 1
35 29 1
35 33 1
35 37 1
35 38 -1
35 39 1
35 40 1
35 42 -1
35 44 1
35 46 -1
35 49 1
35 50 -1
35 51 -1
35 57 1
36 1 -1
36 22 -1
36 28 -1
36 30 -1
36 34 1
36 39 1
36 40 -1
36 41 -1
36 42 1
36 43 1
36 46 -1
36 48 -1
36 51 1
36 54 1
36 56 1
37 12 -1
37 27 -1
37 32 -1
37 33 1
37 35 1
37 38 -1
37 40 1
37 41 -1
37 43 -1
37 46 1
37 47 -1
37 58 1
37 60 1
38 2 1
38 15 1
38 22 -1
38 30 1
38 34 1
38 35 -1
38 37 -1
38 41 1
38 42 1
38 45 -1
38 46 -1
38 47 -1
38 51 1
38 52 1
38 53 1
38 63 -1
39 6 1
39 12 -1
39 16 1
39 18 -1
39 20 1
39 25 -1
39 34 -1
39 35 1
39 36 1
39 41 1
39 43 1
39 44 -1
39 45 -1
39 47 1
39 52 1
39 53 -1
40 2 1
40 6 1
40 8 1
40 15 -1
40 16 -1
40 18 -1
40 28 1
40 33 -1
40 35 1
40 36 -1
40 37 1
40 42 1
40 45 1
40 46 -1
40 48 1
41 1 -1
41 6 1
41 22 -1
41 31 1
41 33 -1
41 34 -1
41 36 -1
41 37 -1
41 38 1
41 39 1
41 42 1
41 45 -1
41 49 -1
41 50 1
41 60 1
41 64 1
42 8 -1
42 9 -1
42 22 -1
42 35 -1
42 36 1
42 38 1
42 40 1
42 41 1
42 44 1
42 47 -1
42 48 1
42 51 1
42 55 -1
42 60 -1
43 10 -1
43 20 -1
43 32 -1
43 36 1
43 37 -1
43 39 1
43 44 -1
43 45 -1
43 46 -1
43 47 1
43 48 1
43 49 -1
43 51 1
43 59 1
43 64 1
44 3 -1
44 4 -1
44 6 1
44 9 1
44 17 -1
44 33 -1
44 34 -1
44 35 1
44 39 -1
44 42 1
44 43 -1
44 45 1
44 48 1
44 49 -1
44 59 -1
45 5 -1
45 11 1
45 20 -1
45 21 1
45 32 -1
45 33 -1
45 38 -1
45 39 -1
45 40 1
45 41 -1
45 43 -1
45 44 1
45 48 1
45 52 -1
45 62 -1
45 64 -1
46 6 -1
46 10 -1
46 12 1
46 17 -1
46 21 -1
46 29 1
46 31 -1
46 34 1
46 35 -1
46 36 -1
46 37 1
46 38 -1
46 40 -1
46 43 -1
46 48 1
47 10 1
47 23 -1
47 27 1
47 33 1
47 34 1
47 37 -1
47 38 -1
47 39 1
47 42 -1
47 43 1
47 48 -1
47 56 1
47 57 1
47 62 1
48 4 1
48 5 1
48 19 1
48 21 1
48 23 -1
48 25 1
48 36 -1
48 40 1
48 42 1
48 43 1
48 44 1
48 45 1
48 46 1
48 47 -1
48 53 -1
48 61 -1
49 4 -1
49 7 -1
49 26 1
49 35 1
49 41 -1
49 43 -1
49 44 -1
49 52 -1
49 53 1
49 57 -1
49 58 -1
49 59 1
49 60 1
49 61 1
49 64 1
50 5 -1
50 10 -1
50 13 1
50 17 1
50 19 1
50 35 -1
50 41 1
50 51 1
50 52 1
50 53 1
50 55 -1
50 56 1
50 59 1
50 61 -1
50 64 -1
51 3 -1
51 14 -1
51 35 -1
51 36 1
51 38 1
51 42 1
51 43 1
51 50 1
51 52 1
51 53 1
51 55 1
51 57 1
51 60 -1
51 61 1
51 64 -1
52 6 1
52 30 -1
52 38 1
52 39 1
52 45 -1
52 49 -1
52 50 1
52 51 1
52 53 1
52 54 1
52 58 1
52 59 -1
52 63 1
53 7 -1
53 8 -1
53 12 1
53 31 1
53 34 -1
53 38 1
53 39 -1
53 48 -1
53 49 1
53 50 1
53 51 1
53 52 1
53 58 1
53 60 1
53 62 1
53 64 1
54 3 -1
54 16 1
54 19 1
54 21 -1
54 28 1
54 34 1
54 36 1
54 52 1
54 55 1
54 58 1
54 59 1
54 60 -1
54 61 1
54 62 1
54 63 1
55 8 -1
55 11 1
55 12 1
55 22 -1
55 24 1
55 42 -1
55 50 -1
55 51 1
55 54 1
55 56 -1
55 57 1
55 59 -1
55 62 -1
55 64 1
56 4 -1
56 5 1
56 8 1
56 9 -1
56 10 1
56 33 1
56 36 1
56 47 1
56 50 1
56 55 -1
56 57 -1
56 59 1
56 60 -1
56 61 1
56 62 1
56 63 1
57 2 -1
57 5 -1
57 16 -1
57 17 -1
57 29 -1
57 35 1
57 47 1
57 49 -1
57 51 1
57 55 1
57 56 -1
57 58 1
57 62 -1
57 63 -1
57 64 -1
58 1 1
58 3 -1
58 15 1
58 19 -1
58 29 -1
58 37 1
58 49 -1
58 52 1
58 53 1
58 54 1
58 57 1
58 61 -1
58 62 -1
58 63 1
59 11 -1
59 22 1
59 27 -1
59 28 -1
59 31 1
59 32 1
59 43 1
59 44 -1
59 49 1
59 50 1
59 52 -1
59 54 1
59 55 -1
59 56 1
59 60 -1
59 63 1
60 28 -1
60 33 -1
60 34 1
60 37 1
60 41 1
60 42 -1
60 49 1
60 51 -1
60 53 1
60 54 -1
60 56 -1
60 59 -1
60 63 1
60 64 1
61 1 1
61 5 1
61 18 -1
61 24 -1
61 26 1
61 34 -1
61 48 -1
61 49 1
61 50 -1
61 51 1
61 54 1
61 56 1
61 58 -1
61 62 1
61 64 -1
62 7 -1
62 9 -1
62 21 1
62 25 1
62 45 -1
62 47 1
62 53 1
62 54 1
62 55 -1
62 56 1
62 57 -1
62 58 -1
62 61 1
62 63 1
63 1 1
63 6 1
63 7 -1
63 11 -1
63 14 -1
63 16 -1
63 30 -1
63 38 -1
63 52 1
63 54 1
63 56 1
63 57 -1
63 58 1
63 59 1
63 60 1
63 62 1
64 18 -1
64 24 -1
64 25 -1
64 30 1
64 31 -1
64 41 1
64 43 1
64 45 -1
64 49 1
64 50 -1
64 51 -1
64 53 1
64 55 1
64 57 -1
64 60 1
64 61 -1
