1 5 -1
1 8 -1
1 9 1
1 10 -1
1 11 1
1 12 1
1 15 -1
1 16 1
1 17 -1
1 20 1
1 29 -1
1 35 1
1 42 -1
1 55 -1
2 3 -1
2 6 1
2 7 -1
2 8 1
2 11 -1
2 12 -1
2 13 -1
2 14 1
2 19 -1
2 23 1
2 30 1
2 39 1
2 46 -1
2 49 1
2 53 1
2 61 -1
3 2 -1
3 4 1
3 8 1
3 9 -1
3 10 -1
3 11 -1
3 13 1
3 15 -1
3 26 -1
3 45 -1
3 48 1
3 50 1
3 53 -1
3 54 -1
3 59 -1
4 3 1
4 6 1
4 7 1
4 8 1
4 9 -1
4 10 -1
4 15 1
4 16 -1
4 23 -1
4 24 -1
4 27 -1
4 36 -1
4 39 -1
4 49 1
4 51 1
4 55 -1
5 1 -1
5 6 1
5 7 -1
5 12 -1
5 13 -1
5 14 -1
5 15 -1
5 16 -1
5 17 1
5 20 -1
5 22 -1
5 25 -1
5 37 -1
5 38 -1
5 39 1
5 61 -1
6 2 1
6 4 1
6 5 1
6 7 1
6 10 -1
6 11 1
6 12 -1
6 15 -1
6 24 1
6 25 1
6 37 -1
6 39 1
6 48 1
6 50 1
6 60 1
7 2 -1
7 4 1
7 5 -1
7 6 1
7 8 1
7 11 1
7 13 1
7 14 1
7 17 -1
7 19 1
7 24 -1
7 34 -1
7 43 1
7 47 -1
7 54 1
8 1 -1
8 2 1
8 3 1
8 4 1
8 7 1
8 9 -1
8 14 -1
8 16 1
8 27 1
8 29 1
8 35 1
8 37 1
8 39 1
8 58 -1
8 63 -1
9 1 1
9 3 -1
9 4 -1
9 8 -1
9 10 -1
9 12 -1
9 13 1
9 14 1
9 23 -1
9 32 1
9 46 1
9 52 -1
9 55 1
9 60 -1
9 63 1
10 1 -1
10 3 -1
10 4 -1
10 6 -1
10 9 -1
10 12 1
10 15 1
10 16 -1
10 21 1
10 29 1
10 33 -1
10 34 1
10 38 1
10 52 -1
10 62 1
10 64 -1
11 1 1
11 2 -1
11 3 -1
11 6 1
11 7 1
11 13 1
11 14 1
11 16 -1
11 21 -1
11 26 -1
11 28 -1
11 41 1
11 46 1
11 50 1
11 51 1
11 61 1
12 1 1
12 2 -1
12 5 -1
12 6 -1
12 9 -1
12 10 1
12 14 -1
12 15 1
12 20 -1
12 25 -1
12 30 1
12 34 1
12 48 1
12 50 1
12 53 1
12 57 -1
13 2 -1
13 3 1
13 5 -1
13 7 1
13 9 1
13 11 1
13 15 -1
13 16 -1
13 32 1
13 38 -1
13 41 -1
13 46 -1
13 54 1
13 60 -1
13 62 -1
13 64 -1
14 2 1
14 5 -1
14 7 1
14 8 -1
14 9 1
14 11 1
14 12 -1
14 16 1
14 20 -1
14 22 -1
14 27 1
14 31 1
14 40 1
14 43 1
14 59 1
15 1 -1
15 3 -1
15 4 1
15 5 -1
15 6 -1
15 10 1
15 12 1
15 13 -1
15 19 1
15 21 -1
15 25 -1
15 36 -1
15 51 -1
15 60 1
15 63 1
16 1 1
16 4 -1
16 5 -1
16 8 1
16 10 -1
16 11 -1
16 13 -1
16 14 1
16 28 -1
16 34 -1
16 37 -1
16 46 -1
16 51 1
16 55 1
16 61 1
16 64 -1
17 1 -1
17 5 1
17 7 -1
17 18 -1
17 21 1
17 23 1
17 24 -1
17 29 1
17 30 1
17 31 1
17 32 -1
17 33 -1
17 35 1
17 37 1
17 54 1
17 62 1
18 17 -1
18 20 -1
18 23 1
18 24 -1
18 25 1
18 26 -1
18 27 -1
18 32 -1
18 36 1
18 44 -1
18 49 1
18 52 1
18 58 -1
18 62 1
19 2 -1
19 7 1
19 15 1
19 21 1
19 23 -1
19 24 -1
19 25 -1
19 26 1
19 28 -1
19 29 1
19 32 1
19 35 -1
19 40 1
19 56 1
19 64 1
20 1 1
20 5 -1
20 12 -1
20 14 -1
20 18 -1
20 21 1
20 26 -1
20 27 1
20 28 1
20 29 -1
20 30 1
20 31 1
20 34 -1
20 40 -1
20 46 -1
20 59 -1
21 10 1
21 11 -1
21 15 -1
21 17 1
21 19 1
21 20 1
21 22 1
21 25 1
21 27 -1
21 30 -1
21 31 -1
21 34 1
21 37 -1
21 49 1
21 55 1
21 57 -1
22 5 -1
22 14 -1
22 21 1
22 23 -1
22 24 1
22 25 -1
22 27 1
22 29 1
22 30 -1
22 32 1
22 33 -1
22 35 -1
22 41 -1
22 43 -1
22 51 -1
22 53 1
23 2 1
23 4 -1
23 9 -1
23 17 1
23 18 1
23 19 -1
23 22 -1
23 24 1
23 26 1
23 27 -1
23 28 1
23 34 1
23 51 -1
23 52 1
23 54 -1
24 4 -1
24 6 1
24 7 -1
24 17 -1
24 18 -1
24 19 -1
24 22 1
24 23 1
24 26 -1
24 27 1
24 29 1
24 38 1
24 40 1
24 47 -1
24 60 -1
25 5 -1
25 6 1
25 12 -1
25 15 -1
25 18 1
25 19 -1
25 21 1
25 22 -1
25 26 1
25 29 1
25 30 -1
25 31 -1
25 36 1
25 42 -1
25 49 -1
25 53 -1
26 3 -1
26 11 -1
26 18 -1
26 19 1
26 20 -1
26 23 1
26 24 -1
26 25 1
26 28 1
26 30 -1
26 33 1
26 34 -1
26 38 1
26 62 -1
26 64 -1
27 4 -1
27 8 1
27 14 1
27 18 -1
27 20 1
27 21 -1
27 22 1
27 23 -1
27 24 1
27 28 1
27 32 1
27 40 -1
27 58 1
27 59 -1
27 63 -1
28 11 -1
28 16 -1
28 19 -1
28 20 1
28 23 1
28 26 1
28 27 1
28 29 1
28 31 -1
28 32 1
28 33 -1
28 36 -1
28 37 -1
28 40 -1
28 56 -1
28 64 -1
29 1 -1
29 8 1
29 10 1
29 17 1
29 19 1
29 20 -1
29 22 1
29 24 1
29 25 1
29 28 1
29 31 1
29 35 -1
29 47 -1
29 54 -1
30 2 1
30 12 1
30 17 1
30 20 1
30 21 -1
30 22 -1
30 25 -1
30 26 -1
30 31 1
30 32 -1
30 40 1
30 42 1
30 47 1
30 49 1
30 53 1
30 60 1
31 14 1
31 17 1
31 20 1
31 21 -1
31 25 -1
31 28 -1
31 29 1
31 30 1
31 32 1
31 35 1
31 41 -1
31 45 1
31 48 1
31 51 -1
31 56 1
31 57 -1
32 9 1
32 13 1
32 17 -1
32 18 -1
32 19 1
32 22 1
32 27 1
32 28 1
32 30 -1
32 31 1
32 39 -1
32 45 1
32 52 -1
32 57 -1
32 60 1
33 10 -1
33 17 -1
33 22 -1
33 26 1
33 28 -1
33 35 -1
33 37 1
33 38 1
33 39 -1
33 40 1
33 41 -1
33 44 1
33 47 1
33 57 1
33 61 -1
34 7 -1
34 10 1
34 12 1
34 16 -1
34 20 -1
34 21 1
34 23 1
34 26 -1
34 35 1
34 36 -1
34 38 1
34 40 1
34 42 1
34 45 1
34 46 1
34 48 1
35 1 1
35 8 1
35 17 1
35 19 -1
35 22 -1
35 29 -1
35 31 1
35 33 -1
35 34 1
35 36 -1
35 39 -1
35 40 1
35 41 1
35 42 1
35 48 1
36 4 -1
36 15 -1
36 18 1
36 25 1
36 28 -1
36 34 -1
36 35 -1
36 39 -1
36 41 -1
36 43 -1
36 45 1
36 46 -1
36 47 1
36 57 1
36 59 -1
37 5 -1
37 6 -1
37 8 1
37 16 -1
37 17 1
37 21 -1
37 28 -1
37 33 1
37 39 -1
37 41 -1
37 42 1
37 43 1
37 44 -1
37 46 1
37 47 1
37 58 1
38 5 -1
38 10 1
38 13 -1
38 24 1
38 26 1
38 33 1
38 34 1
38 40 1
38 42 1
38 43 -1
38 44 -1
38 46 1
38 48 -1
38 51 1
38 55 -1
39 2 1
39 4 -1
39 5 1
39 6 1
39 8 1
39 32 -1
39 33 -1
39 35 -1
39 36 -1
39 37 -1
39 43 1
39 44 1
39 46 1
39 47 1
40 14 1
40 19 1
40 20 -1
40 24 1
40 27 -1
40 28 -1
40 30 1
40 33 1
40 34 1
40 35 1
40 38 1
40 41 1
40 43 1
40 45 -1
40 47 1
40 59 1
41 11 1
41 13 -1
41 22 -1
41 31 -1
41 33 -1
41 35 1
41 36 -1
41 37 -1
41 40 1
41 44 -1
41 47 -1
41 48 1
41 53 -1
41 54 -1
41 62 -1
42 1 -1
42 25 -1
42 30 1
42 34 1
42 35 1
42 37 1
42 38 1
42 43 1
42 44 1
42 45 -1
42 48 1
42 52 -1
42 56 -1
42 58 -1
42 64 -1
43 7 1
43 14 1
43 22 -1
43 36 -1
43 37 1
43 38 -1
43 39 1
43 40 1
43 42 1
43 45 -1
43 47 1
43 54 1
43 58 1
43 61 -1
43 63 1
44 18 -1
44 33 1
44 37 -1
44 38 -1
44 39 1
44 41 -1
44 42 1
44 46 -1
44 48 -1
44 56 -1
44 57 1
44 58 1
44 61 -1
45 3 -1
45 31 1
45 32 1
45 34 1
45 36 1
45 40 -1
45 42 -1
45 43 -1
45 46 1
45 47 -1
45 48 -1
45 50 1
45 55 -1
45 60 1
45 62 -1
45 63 1
46 2 -1
46 9 1
46 11 1
46 13 -1
46 16 -1
46 20 -1
46 34 1
46 36 -1
46 37 1
46 38 1
46 39 1
46 44 -1
46 45 1
46 48 1
46 49 -1
46 53 -1
47 7 -1
47 24 -1
47 29 -1
47 30 1
47 33 1
47 36 1
47 37 1
47 39 1
47 40 1
47 41 -1
47 43 1
47 45 -1
47 50 1
47 52 -1
47 56 -1
48 3 1
48 6 1
48 12 1
48 31 1
48 34 1
48 35 1
48 38 -1
48 41 1
48 42 1
48 44 -1
48 45 -1
48 46 1
48 49 1
48 55 -1
48 59 -1
48 63 -1
49 2 1
49 4 1
49 18 1
49 21 1
49 25 -1
49 30 1
49 46 -1
49 48 1
49 50 1
49 51 1
49 52 -1
49 53 -1
49 54 -1
49 55 1
49 58 -1
49 62 1
50 3 1
50 6 1
50 11 1
50 12 1
50 45 1
50 47 1
50 49 1
50 51 -1
50 53 -1
50 54 1
50 55 1
50 58 -1
50 62 -1
50 63 1
51 4 1
51 11 1
51 15 -1
51 16 1
51 22 -1
51 23 -1
51 31 -1
51 38 1
51 49 1
51 50 -1
51 54 -1
51 58 1
51 60 1
51 61 -1
51 62 1
51 64 -1
52 9 -1
52 10 -1
52 18 1
52 23 1
52 32 -1
52 42 -1
52 47 -1
52 49 -1
52 54 -1
52 55 -1
52 56 -1
52 58 -1
52 60 1
52 61 -1
52 63 1
53 2 1
53 3 -1
53 12 1
53 22 1
53 25 -1
53 30 1
53 41 -1
53 46 -1
53 49 -1
53 50 -1
53 55 1
53 57 -1
53 60 -1
53 62 1
53 63 -1
53 64 -1
54 3 -1
54 7 1
54 13 1
54 17 1
54 23 -1
54 29 -1
54 41 -1
54 43 1
54 49 -1
54 50 1
54 51 -1
54 52 -1
54 55 -1
54 56 -1
54 59 1
54 60 -1
55 1 -1
55 4 -1
55 9 1
55 16 1
55 21 1
55 38 -1
55 45 -1
55 48 -1
55 49 1
55 50 1
55 52 -1
55 53 1
55 54 -1
55 59 -1
55 62 -1
55 63 -1
56 19 1
56 28 -1
56 31 1
56 42 -1
56 44 -1
56 47 -1
56 52 -1
56 54 -1
56 57 -1
56 58 1
56 59 1
56 61 -1
56 63 -1
56 64 1
57 12 -1
57 21 -1
57 31 -1
57 32 -1
57 33 1
57 36 1
57 44 1
57 53 -1
57 56 -1
57 58 1
57 59 1
57 60 1
57 62 1
57 63 -1
57 64 -1
58 8 -1
58 18 -1
58 27 1
58 37 1
58 42 -1
58 43 1
58 44 1
58 49 -1
58 50 -1
58 51 1
58 52 -1
58 56 1
58 57 1
58 60 1
58 64 -1
59 3 -1
59 14 1
59 20 -1
59 27 -1
59 36 -1
59 40 1
59 48 -1
59 54 1
59 55 -1
59 56 1
59 57 1
59 60 1
59 61 1
59 62 -1
59 64 1
60 6 1
60 9 -1
60 13 -1
60 15 1
60 24 -1
60 30 1
60 32 1
60 45 1
60 51 1
60 52 1
60 53 -1
60 54 -1
60 57 1
60 58 1
60 59 1
60 61 1
61 2 -1
61 5 -1
61 11 1
61 16 1
61 33 -1
61 43 -1
61 44 -1
61 51 -1
61 52 -1
61 56 -1
61 59 1
61 60 1
61 62 -1
61 63 1
61 64 1
62 10 1
62 13 -1
62 17 1
62 18 1
62 26 -1
62 41 -1
62 45 -1
62 49 1
62 50 -1
62 51 1
62 53 1
62 55 -1
62 57 1
62 59 -1
62 61 -1
63 8 -1
63 9 1
63 15 1
63 27 -1
63 43 1
63 45 1
63 48 -1
63 50 1
63 52 1
63 53 -1
63 55 -1
63 56 -1
63 57 -1
63 61 1
63 64 1
64 10 -1
64 13 -1
64 16 -1
64 19 1
64 26 -1
64 28 -1
64 42 -1
64 51 -1
64 53 -1
64 56 1
64 57 -1
64 58 -1
64 59 1
64 61 1
64 63 1
