1 3 -1
1 5 -1
1 8 -1
1 10 -1
1 12 -1
1 13 -1
1 14 -1
1 16 -1
1 23 1
1 38 -1
1 40 -1
1 44 -1
1 47 -1
1 58 -1
1 61 -1
2 4 -1
2 7 -1
2 8 -1
2 9 -1
2 10 1
2 14 -1
2 15 -1
2 16 -1
2 23 -1
2 27 -1
2 33 -1
2 35 -1
2 49 -1
2 55 -1
2 61 -1
2 62 -1
3 1 -1
3 5 -1
3 7 -1
3 8 1
3 9 1
3 12 1
3 15 -1
3 16 1
3 28 -1
3 37 -1
3 43 -1
3 44 -1
3 48 -1
3 56 -1
3 61 1
3 62 -1
4 2 -1
4 6 -1
4 7 -1
4 9 1
4 11 1
4 12 1
4 14 -1
4 15 -1
4 25 -1
4 29 1
4 33 -1
4 39 -1
4 45 1
4 51 -1
4 53 -1
4 63 1
5 1 -1
5 3 -1
5 6 -1
5 8 -1
5 10 -1
5 11 -1
5 12 -1
5 15 -1
5 19 1
5 25 -1
5 27 -1
5 28 1
5 42 -1
5 51 -1
5 56 1
5 61 1
6 4 -1
6 5 -1
6 7 -1
6 9 -1
6 11 -1
6 13 -1
6 14 -1
6 16 -1
6 19 -1
6 22 1
6 31 -1
6 49 1
6 50 -1
6 56 -1
6 59 -1
6 63 1
7 2 -1
7 3 -1
7 4 -1
7 6 -1
7 9 -1
7 10 1
7 11 -1
7 13 -1
7 17 -1
7 20 -1
7 21 1
7 22 -1
7 36 -1
7 41 -1
7 54 -1
7 62 -1
8 1 -1
8 2 -1
8 3 1
8 5 -1
8 9 -1
8 10 -1
8 11 -1
8 12 -1
8 17 -1
8 19 -1
8 20 1
8 21 -1
8 22 -1
8 26 -1
8 39 -1
8 41 1
9 2 -1
9 3 1
9 4 1
9 6 -1
9 7 -1
9 8 -1
9 11 -1
9 16 -1
9 22 1
9 29 -1
9 32 -1
9 40 -1
9 47 -1
9 54 1
9 56 1
9 63 -1
10 1 -1
10 2 1
10 5 -1
10 7 1
10 8 -1
10 11 -1
10 14 -1
10 15 -1
10 31 1
10 34 -1
10 46 -1
10 51 -1
10 55 -1
10 57 -1
10 60 -1
11 4 1
11 5 -1
11 6 -1
11 7 -1
11 8 -1
11 9 -1
11 10 -1
11 13 -1
11 25 -1
11 26 -1
11 34 -1
11 35 1
11 36 -1
11 45 -1
11 54 -1
11 57 -1
12 1 -1
12 3 1
12 4 1
12 5 -1
12 8 -1
12 13 -1
12 14 -1
12 15 -1
12 17 -1
12 22 -1
12 27 -1
12 32 -1
12 33 -1
12 35 -1
12 47 -1
12 59 -1
13 1 -1
13 6 -1
13 7 -1
13 11 -1
13 12 -1
13 14 -1
13 15 -1
13 16 -1
13 19 -1
13 21 -1
13 38 -1
13 39 -1
13 42 -1
13 45 1
13 50 -1
13 55 -1
14 1 -1
14 2 -1
14 4 -1
14 6 -1
14 10 -1
14 12 -1
14 13 -1
14 16 -1
14 18 -1
14 24 -1
14 34 -1
14 38 1
14 44 1
14 59 1
14 60 -1
14 63 1
15 2 -1
15 3 -1
15 4 -1
15 5 -1
15 10 -1
15 12 -1
15 13 -1
15 16 -1
15 26 -1
15 33 1
15 43 -1
15 53 -1
15 55 -1
15 60 -1
15 63 -1
15 64 -1
16 1 -1
16 2 -1
16 3 1
16 6 -1
16 9 -1
16 13 -1
16 14 -1
16 15 -1
16 19 -1
16 20 -1
16 21 -1
16 25 -1
16 28 -1
16 39 1
16 48 1
16 51 -1
17 7 -1
17 8 -1
17 12 -1
17 18 -1
17 19 -1
17 20 -1
17 22 -1
17 24 -1
17 25 -1
17 31 1
17 32 -1
17 41 1
17 42 -1
17 46 -1
17 52 -1
17 59 -1
18 14 -1
18 17 -1
18 20 -1
18 21 1
18 23 -1
18 26 -1
18 28 -1
18 30 -1
18 32 -1
18 35 -1
18 37 -1
18 40 -1
18 45 -1
18 48 -1
18 58 -1
18 60 -1
19 5 1
19 6 -1
19 8 -1
19 13 -1
19 16 -1
19 17 -1
19 20 -1
19 21 -1
19 22 1
19 26 -1
19 28 -1
19 29 -1
19 30 1
19 39 -1
19 43 -1
19 60 1
20 7 -1
20 8 1
20 16 -1
20 17 -1
20 18 -1
20 19 -1
20 21 1
20 27 -1
20 28 -1
20 30 -1
20 31 -1
20 43 -1
20 46 1
20 54 -1
20 60 -1
20 62 1
21 7 1
21 8 -1
21 13 -1
21 16 -1
21 18 1
21 19 -1
21 20 1
21 22 -1
21 24 -1
21 26 -1
21 27 -1
21 32 -1
21 51 -1
21 52 -1
21 56 -1
21 63 -1
22 6 1
22 7 -1
22 8 -1
22 9 1
22 12 -1
22 17 -1
22 19 1
22 21 -1
22 23 -1
22 25 -1
22 26 -1
22 30 1
22 32 -1
22 34 -1
22 56 -1
23 1 1
23 2 -1
23 18 -1
23 22 -1
23 25 -1
23 27 -1
23 28 1
23 29 1
23 30 -1
23 32 1
23 34 -1
23 37 -1
23 40 1
23 43 1
23 48 1
23 64 -1
24 14 -1
24 17 -1
24 21 -1
24 26 -1
24 27 -1
24 28 -1
24 29 1
24 30 -1
24 31 -1
24 33 1
24 40 -1
24 49 -1
24 50 -1
24 51 -1
24 55 1
25 4 -1
25 5 -1
25 11 -1
25 16 -1
25 17 -1
25 22 -1
25 23 -1
25 26 -1
25 28 1
25 29 -1
25 31 -1
25 32 -1
25 39 -1
25 54 -1
25 56 1
26 8 -1
26 11 -1
26 15 -1
26 18 -1
26 19 -1
26 21 -1
26 22 -1
26 24 -1
26 25 -1
26 27 -1
26 29 -1
26 36 -1
26 43 -1
26 44 -1
26 52 1
26 63 -1
27 2 -1
27 5 -1
27 12 -1
27 20 -1
27 21 -1
27 23 -1
27 24 -1
27 26 -1
27 28 -1
27 30 1
27 31 -1
27 39 -1
27 41 -1
27 53 -1
27 61 1
28 3 -1
28 5 1
28 16 -1
28 18 -1
28 19 -1
28 20 -1
28 23 1
28 24 -1
28 25 1
28 27 -1
28 31 -1
28 47 -1
28 50 1
28 53 1
28 55 -1
28 64 1
29 4 1
29 9 -1
29 19 -1
29 23 1
29 24 1
29 25 -1
29 26 -1
29 30 -1
29 31 -1
29 32 -1
29 34 1
29 40 -1
29 42 -1
29 49 -1
29 59 -1
29 60 -1
30 18 -1
30 19 1
30 20 -1
30 22 1
30 23 -1
30 24 -1
30 27 1
30 29 -1
30 33 -1
30 43 -1
30 45 -1
30 47 -1
30 55 -1
30 59 1
30 61 1
31 6 -1
31 10 1
31 17 1
31 20 -1
31 24 -1
31 25 -1
31 27 -1
31 28 -1
31 29 -1
31 32 -1
31 34 -1
31 37 -1
31 40 -1
31 42 -1
31 48 -1
31 61 -1
32 9 -1
32 12 -1
32 17 -1
32 18 -1
32 21 -1
32 22 -1
32 23 1
32 25 -1
32 29 -1
32 31 -1
32 36 -1
32 41 -1
32 47 -1
32 52 -1
32 58 -1
32 59 -1
33 2 -1
33 4 -1
33 12 -1
33 15 1
33 24 1
33 30 -1
33 34 -1
33 36 -1
33 38 -1
33 39 -1
33 42 -1
33 43 -1
33 44 -1
33 46 -1
33 58 1
33 60 -1
34 10 -1
34 11 -1
34 14 -1
34 22 -1
34 23 -1
34 29 1
34 31 -1
34 33 -1
34 35 -1
34 36 1
34 41 -1
34 42 -1
34 44 -1
34 45 -1
34 47 -1
35 2 -1
35 11 1
35 12 -1
35 18 -1
35 34 -1
35 36 -1
35 39 -1
35 42 -1
35 44 -1
35 45 -1
35 46 1
35 48 -1
35 52 -1
35 54 -1
35 57 -1
36 7 -1
36 11 -1
36 26 -1
36 32 -1
36 33 -1
36 34 1
36 35 -1
36 39 -1
36 40 -1
36 41 -1
36 43 -1
36 46 1
36 51 -1
36 52 -1
36 57 1
36 62 -1
37 3 -1
37 18 -1
37 23 -1
37 31 -1
37 38 -1
37 39 -1
37 40 1
37 41 -1
37 42 -1
37 44 -1
37 47 1
37 48 -1
37 49 1
37 53 -1
37 58 -1
37 61 -1
38 1 -1
38 13 -1
38 14 1
38 33 -1
38 37 -1
38 40 -1
38 42 -1
38 43 1
38 46 -1
38 47 -1
38 48 -1
38 50 -1
38 58 -1
38 62 -1
38 64 -1
39 4 -1
39 8 -1
39 13 -1
39 16 1
39 19 -1
39 25 -1
39 27 -1
39 33 -1
39 35 -1
39 36 -1
39 37 -1
39 40 1
39 42 -1
39 45 -1
39 46 -1
39 59 -1
40 1 -1
40 9 -1
40 18 -1
40 23 1
40 24 -1
40 29 -1
40 31 -1
40 36 -1
40 37 1
40 38 -1
40 39 1
40 43 -1
40 44 1
40 45 -1
40 47 -1
41 7 -1
41 8 1
41 17 1
41 27 -1
41 32 -1
41 34 -1
41 36 -1
41 37 -1
41 43 -1
41 44 -1
41 45 1
41 46 -1
41 48 1
41 50 -1
41 54 -1
41 57 1
42 5 -1
42 13 -1
42 17 -1
42 29 -1
42 31 -1
42 33 -1
42 34 -1
42 35 -1
42 37 -1
42 38 -1
42 39 -1
42 47 -1
42 48 -1
42 49 1
42 53 -1
42 57 -1
43 3 -1
43 15 -1
43 19 -1
43 20 -1
43 23 1
43 26 -1
43 30 -1
43 33 -1
43 36 -1
43 38 1
43 40 -1
43 41 -1
43 44 1
43 45 1
43 48 -1
44 1 -1
44 3 -1
44 14 1
44 26 -1
44 33 -1
44 34 -1
44 35 -1
44 37 -1
44 40 1
44 41 -1
44 43 1
44 45 -1
44 50 -1
44 52 -1
44 53 -1
44 64 -1
45 4 1
45 11 -1
45 13 1
45 18 -1
45 30 -1
45 34 -1
45 35 -1
45 39 -1
45 40 -1
45 41 1
45 43 1
45 44 -1
45 47 -1
45 50 1
45 55 -1
45 63 -1
46 10 -1
46 17 -1
46 20 1
46 33 -1
46 35 1
46 36 1
46 38 -1
46 39 -1
46 41 -1
46 47 1
46 48 -1
46 49 -1
46 51 1
46 52 -1
46 58 -1
47 1 -1
47 9 -1
47 12 -1
47 28 -1
47 30 -1
47 32 -1
47 34 -1
47 37 1
47 38 -1
47 40 -1
47 42 -1
47 45 -1
47 46 1
47 48 -1
47 62 1
47 64 -1
48 3 -1
48 16 1
48 18 -1
48 23 1
48 31 -1
48 35 -1
48 37 -1
48 38 -1
48 41 1
48 42 -1
48 43 -1
48 46 -1
48 47 -1
48 57 -1
48 64 -1
49 2 -1
49 6 1
49 24 -1
49 29 -1
49 37 1
49 42 1
49 46 -1
49 50 -1
49 51 -1
49 52 -1
49 53 -1
49 56 -1
49 58 -1
49 59 -1
49 64 1
50 6 -1
50 13 -1
50 24 -1
50 28 1
50 38 -1
50 41 -1
50 44 -1
50 45 1
50 49 -1
50 51 -1
50 53 -1
50 54 1
50 56 -1
50 60 -1
50 62 -1
50 64 -1
51 4 -1
51 5 -1
51 10 -1
51 16 -1
51 21 -1
51 24 -1
51 36 -1
51 46 1
51 49 -1
51 50 -1
51 52 1
51 54 -1
51 55 1
51 56 -1
51 61 -1
51 63 1
52 17 -1
52 21 -1
52 26 1
52 32 -1
52 35 -1
52 36 -1
52 44 -1
52 46 -1
52 49 -1
52 51 1
52 53 -1
52 55 -1
52 57 -1
52 59 -1
52 61 -1
52 63 -1
53 4 -1
53 15 -1
53 27 -1
53 28 1
53 37 -1
53 42 -1
53 44 -1
53 49 -1
53 50 -1
53 52 -1
53 55 -1
53 57 -1
53 59 -1
53 60 1
53 63 1
54 7 -1
54 9 1
54 11 -1
54 20 -1
54 25 -1
54 35 -1
54 41 -1
54 50 1
54 51 -1
54 57 -1
54 58 1
54 61 -1
54 62 -1
54 63 -1
54 64 1
55 2 -1
55 10 -1
55 13 -1
55 15 -1
55 24 1
55 28 -1
55 30 -1
55 45 -1
55 51 1
55 52 -1
55 53 -1
55 57 -1
55 58 -1
55 61 -1
55 63 -1
55 64 -1
56 3 -1
56 5 1
56 6 -1
56 9 1
56 21 -1
56 22 -1
56 25 1
56 49 -1
56 50 -1
56 51 -1
56 59 -1
56 60 -1
56 61 -1
56 62 -1
56 64 -1
57 10 -1
57 11 -1
57 35 -1
57 36 1
57 41 1
57 42 -1
57 48 -1
57 52 -1
57 53 -1
57 54 -1
57 55 -1
57 59 1
57 60 -1
57 62 -1
57 63 -1
58 1 -1
58 18 -1
58 32 -1
58 33 1
58 37 -1
58 38 -1
58 46 -1
58 49 -1
58 54 1
58 55 -1
58 59 -1
58 60 -1
58 61 -1
58 63 -1
58 64 -1
59 6 -1
59 12 -1
59 14 1
59 17 -1
59 29 -1
59 30 1
59 32 -1
59 39 -1
59 49 -1
59 52 -1
59 53 -1
59 56 -1
59 57 1
59 58 -1
59 60 1
59 64 1
60 10 -1
60 14 -1
60 15 -1
60 18 -1
60 19 1
60 20 -1
60 29 -1
60 33 -1
60 50 -1
60 53 1
60 56 -1
60 57 -1
60 58 -1
60 59 1
60 61 -1
60 62 1
61 1 -1
61 2 -1
61 3 1
61 5 1
61 27 1
61 30 1
61 31 -1
61 37 -1
61 51 -1
61 52 -1
61 54 -1
61 55 -1
61 56 -1
61 58 -1
61 60 -1
61 62 -1
62 2 -1
62 3 -1
62 7 -1
62 20 1
62 36 -1
62 38 -1
62 47 1
62 50 -1
62 54 -1
62 56 -1
62 57 -1
62 60 1
62 61 -1
62 63 -1
62 64 -1
63 4 1
63 6 1
63 9 -1
63 14 1
63 15 -1
63 21 -1
63 26 -1
63 45 -1
63 51 1
63 52 -1
63 53 1
63 54 -1
63 55 -1
63 57 -1
63 58 -1
63 62 -1
64 15 -1
64 23 -1
64 28 1
64 38 -1
64 44 -1
64 47 -1
64 48 -1
64 49 1
64 50 -1
64 54 1
64 55 -1
64 56 -1
64 58 -1
64 59 1
64 62 -1
