1 2 1
1 5 -1
1 6 -1
1 7 1
1 9 -1
1 12 -1
1 15 1
1 16 1
1 21 1
1 25 -1
1 34 1
1 46 1
1 48 -1
1 53 -1
1 54 1
2 1 1
2 6 -1
2 7 1
2 8 1
2 10 -1
2 11 1
2 14 1
2 15 1
2 17 -1
2 24 1
2 36 1
2 44 1
2 50 1
2 52 1
2 61 -1
2 62 1
3 4 1
3 5 1
3 6 -1
3 8 1
3 12 1
3 14 1
3 15 -1
3 16 -1
3 20 1
3 24 1
3 26 -1
3 28 -1
3 31 -1
3 35 1
3 47 -1
3 57 -1
4 3 1
4 5 -1
4 7 1
4 9 1
4 11 1
4 12 1
4 13 1
4 14 -1
4 20 -1
4 34 1
4 38 1
4 48 -1
4 50 -1
4 52 1
4 58 1
4 62 1
5 1 -1
5 3 1
5 4 -1
5 8 1
5 9 1
5 10 1
5 13 1
5 14 -1
5 23 1
5 30 1
5 31 -1
5 38 1
5 40 1
5 41 1
5 44 1
5 60 1
6 1 -1
6 2 -1
6 3 -1
6 8 1
6 9 -1
6 11 1
6 12 -1
6 14 1
6 35 -1
6 36 1
6 51 -1
6 52 -1
6 56 1
6 61 -1
6 63 1
7 1 1
7 2 1
7 4 1
7 8 1
7 10 1
7 14 1
7 15 1
7 16 1
7 17 1
7 31 1
7 43 1
7 44 1
7 46 -1
7 52 1
7 54 -1
7 63 1
8 2 1
8 3 1
8 5 1
8 6 1
8 7 1
8 9 1
8 10 -1
8 13 1
8 20 1
8 23 1
8 42 1
8 45 -1
8 50 1
8 64 1
9 1 -1
9 4 1
9 5 1
9 6 -1
9 8 1
9 12 1
9 13 1
9 15 1
9 19 -1
9 26 1
9 30 1
9 37 1
9 39 -1
9 42 1
9 58 1
9 64 -1
10 2 -1
10 5 1
10 7 1
10 8 -1
10 11 1
10 12 1
10 13 1
10 16 1
10 21 1
10 25 1
10 27 1
10 29 1
10 43 1
10 57 1
11 2 1
11 4 1
11 6 1
11 10 1
11 12 1
11 13 -1
11 15 -1
11 16 1
11 30 -1
11 34 1
11 41 1
11 46 -1
11 48 -1
11 52 1
11 62 1
12 1 -1
12 3 1
12 4 1
12 6 -1
12 9 1
12 10 1
12 11 1
12 14 -1
12 21 1
12 25 -1
12 35 -1
12 40 -1
12 42 -1
12 43 -1
12 49 -1
12 54 1
13 4 1
13 5 1
13 8 1
13 9 1
13 10 1
13 11 -1
13 15 1
13 16 1
13 21 1
13 29 -1
13 31 -1
13 34 -1
13 49 1
13 50 1
13 62 1
14 2 1
14 3 1
14 4 -1
14 5 -1
14 6 1
14 7 1
14 12 -1
14 16 -1
14 36 1
14 45 1
14 46 -1
14 54 -1
14 60 1
14 62 1
14 63 1
15 1 1
15 2 1
15 3 -1
15 7 1
15 9 1
15 11 -1
15 13 1
15 16 1
15 18 1
15 24 1
15 41 -1
15 43 1
15 51 1
15 57 1
15 61 1
16 1 1
16 3 -1
16 7 1
16 10 1
16 11 1
16 13 1
16 14 -1
16 15 1
16 18 -1
16 31 -1
16 37 -1
16 51 1
16 54 1
16 64 1
17 2 -1
17 7 1
17 19 1
17 20 -1
17 21 1
17 22 1
17 24 1
17 26 1
17 29 1
17 30 -1
17 33 1
17 36 1
17 55 -1
17 59 1
17 61 1
17 64 -1
18 15 1
18 16 -1
18 19 1
18 22 -1
18 23 1
18 24 1
18 25 -1
18 26 -1
18 31 1
18 32 -1
18 37 1
18 53 1
18 57 -1
18 59 -1
18 61 1
19 9 -1
19 17 1
19 18 1
19 23 -1
19 24 1
19 26 1
19 28 1
19 29 1
19 32 1
19 33 1
19 35 1
19 47 1
19 49 1
19 56 1
19 63 1
20 3 1
20 4 -1
20 8 1
20 17 -1
20 21 1
20 23 1
20 25 1
20 27 1
20 28 1
20 29 -1
20 31 -1
20 38 -1
20 53 1
20 56 -1
20 59 1
20 63 -1
21 1 1
21 10 1
21 12 1
21 13 1
21 17 1
21 20 1
21 22 1
21 23 -1
21 24 1
21 27 1
21 30 -1
21 31 1
21 36 -1
21 43 1
21 55 1
22 17 1
22 18 -1
22 21 1
22 25 1
22 27 1
22 30 1
22 31 1
22 32 1
22 38 1
22 41 1
22 42 1
22 43 1
22 45 -1
22 53 1
22 57 -1
22 60 1
23 5 1
23 8 1
23 18 1
23 19 -1
23 20 1
23 21 -1
23 25 1
23 28 1
23 29 -1
23 30 -1
23 36 1
23 43 1
23 50 1
23 55 1
23 56 -1
23 58 1
24 2 1
24 3 1
24 15 1
24 17 1
24 18 1
24 19 1
24 21 1
24 25 1
24 26 1
24 27 1
24 31 -1
24 40 -1
24 48 1
24 56 -1
24 58 -1
24 60 1
25 1 -1
25 10 1
25 12 -1
25 18 -1
25 20 1
25 22 1
25 23 1
25 24 1
25 27 1
25 29 -1
25 30 1
25 33 1
25 35 1
25 39 1
25 46 1
25 49 1
26 3 -1
26 9 1
26 17 1
26 18 -1
26 19 1
26 24 1
26 27 1
26 28 -1
26 31 1
26 32 1
26 36 1
26 38 -1
26 42 1
26 45 -1
26 60 1
26 64 -1
27 10 1
27 20 1
27 21 1
27 22 1
27 24 1
27 25 1
27 26 1
27 28 1
27 32 -1
27 33 1
27 37 1
27 38 -1
27 46 -1
27 47 -1
27 59 1
28 3 -1
28 19 1
28 20 1
28 23 1
28 26 -1
28 27 1
28 30 1
28 31 1
28 32 1
28 34 1
28 40 1
28 55 1
28 56 1
28 60 1
28 64 -1
29 10 1
29 13 -1
29 17 1
29 19 1
29 20 -1
29 23 -1
29 25 -1
29 30 -1
29 31 1
29 32 1
29 35 1
29 44 1
29 50 1
29 58 -1
29 59 1
30 5 1
30 9 1
30 11 -1
30 17 -1
30 21 -1
30 22 1
30 23 -1
30 25 1
30 28 1
30 29 -1
30 32 -1
30 37 1
30 39 1
30 41 1
30 49 -1
30 51 -1
31 3 -1
31 5 -1
31 7 1
31 13 -1
31 16 -1
31 18 1
31 20 -1
31 21 1
31 22 1
31 24 -1
31 26 1
31 28 1
31 29 1
31 33 -1
31 44 1
31 60 1
32 18 -1
32 19 1
32 22 1
32 26 1
32 27 -1
32 28 1
32 29 1
32 30 -1
32 34 1
32 35 -1
32 36 -1
32 38 1
32 40 -1
32 48 1
32 56 1
33 17 1
33 19 1
33 25 1
33 27 1
33 31 -1
33 34 1
33 35 1
33 38 1
33 40 1
33 42 1
33 43 -1
33 45 1
33 47 1
33 51 1
33 63 1
34 1 1
34 4 1
34 11 1
34 13 -1
34 28 1
34 32 1
34 33 1
34 35 -1
34 36 1
34 37 -1
34 39 1
34 43 1
34 44 1
34 48 1
34 57 1
34 61 1
35 3 1
35 6 -1
35 12 -1
35 19 1
35 25 1
35 29 1
35 32 -1
35 33 1
35 34 -1
35 37 -1
35 38 1
35 39 1
35 41 1
35 43 -1
35 46 -1
35 50 1
36 2 1
36 6 1
36 14 1
36 17 1
36 21 -1
36 23 1
36 26 1
36 32 -1
36 34 1
36 38 -1
36 39 1
36 40 -1
36 41 1
36 42 -1
36 46 1
36 48 1
37 9 1
37 16 -1
37 18 1
37 27 1
37 30 1
37 34 -1
37 35 -1
37 38 1
37 39 -1
37 44 1
37 45 1
37 46 -1
37 47 -1
37 52 -1
37 57 1
37 59 -1
38 4 1
38 5 1
38 20 -1
38 22 1
38 26 -1
38 27 -1
38 32 1
38 33 1
38 35 1
38 36 -1
38 37 1
38 41 1
38 42 1
38 45 1
38 46 1
38 63 1
39 9 -1
39 25 1
39 30 1
39 34 1
39 35 1
39 36 1
39 37 -1
39 40 -1
39 41 1
39 44 1
39 47 1
39 53 1
39 54 1
39 56 1
39 59 1
39 60 1
40 5 1
40 12 -1
40 24 -1
40 28 1
40 32 -1
40 33 1
40 36 -1
40 39 -1
40 44 1
40 45 1
40 46 -1
40 47 1
40 48 -1
40 53 1
40 58 1
41 5 1
41 11 1
41 15 -1
41 22 1
41 30 1
41 35 1
41 36 1
41 38 1
41 39 1
41 42 1
41 44 1
41 45 1
41 48 1
41 49 1
41 58 1
41 61 -1
42 8 1
42 9 1
42 12 -1
42 22 1
42 26 1
42 33 1
42 36 -1
42 38 1
42 41 1
42 43 -1
42 44 1
42 45 1
42 47 -1
42 55 1
42 59 1
42 63 1
43 7 1
43 10 1
43 12 -1
43 15 1
43 21 1
43 22 1
43 23 1
43 33 -1
43 34 1
43 35 -1
43 42 -1
43 44 1
43 45 1
43 47 1
43 48 1
43 51 1
44 2 1
44 5 1
44 7 1
44 29 1
44 31 1
44 34 1
44 37 1
44 39 1
44 40 1
44 41 1
44 42 1
44 43 1
44 46 1
44 53 -1
44 55 1
45 8 -1
45 14 1
45 22 -1
45 26 -1
45 33 1
45 37 1
45 38 1
45 40 1
45 41 1
45 42 1
45 43 1
45 48 1
45 51 1
45 55 1
45 62 1
46 1 1
46 7 -1
46 11 -1
46 14 -1
46 25 1
46 27 -1
46 35 -1
46 36 1
46 37 -1
46 38 1
46 40 -1
46 44 1
46 47 -1
46 48 1
46 49 1
46 55 1
47 3 -1
47 19 1
47 27 -1
47 33 1
47 37 -1
47 39 1
47 40 1
47 42 -1
47 43 1
47 46 -1
47 48 1
47 49 1
47 54 -1
47 57 -1
47 62 1
48 1 -1
48 4 -1
48 11 -1
48 24 1
48 32 1
48 34 1
48 36 1
48 40 -1
48 41 1
48 43 1
48 45 1
48 46 1
48 47 1
48 51 1
49 12 -1
49 13 1
49 19 1
49 25 1
49 30 -1
49 41 1
49 46 1
49 47 1
49 51 1
49 55 -1
49 56 1
49 57 1
49 59 1
49 61 1
49 63 1
49 64 1
50 2 1
50 4 -1
50 8 1
50 13 1
50 23 1
50 29 1
50 35 1
50 53 1
50 54 1
50 56 1
50 58 1
50 60 -1
50 61 -1
50 63 1
50 64 1
51 6 -1
51 15 1
51 16 1
51 30 -1
51 33 1
51 43 1
51 45 1
51 48 1
51 49 1
51 52 1
51 54 1
51 55 1
51 59 1
51 60 1
51 61 -1
51 62 -1
52 2 1
52 4 1
52 6 -1
52 7 1
52 11 1
52 37 -1
52 51 1
52 53 1
52 57 1
52 58 1
52 60 1
52 62 1
52 63 -1
52 64 1
53 1 -1
53 18 1
53 20 1
53 22 1
53 39 1
53 40 1
53 44 -1
53 50 1
53 52 1
53 56 -1
53 57 1
53 58 1
53 59 1
53 60 -1
53 61 1
54 1 1
54 7 -1
54 12 1
54 14 -1
54 16 1
54 39 1
54 47 -1
54 50 1
54 51 1
54 55 1
54 56 1
54 57 1
54 59 -1
54 61 -1
54 64 -1
55 17 -1
55 21 1
55 23 1
55 28 1
55 42 1
55 44 1
55 45 1
55 46 1
55 49 -1
55 51 1
55 54 1
55 58 1
55 59 1
55 60 1
55 63 -1
55 64 1
56 6 1
56 19 1
56 20 -1
56 23 -1
56 24 -1
56 28 1
56 32 1
56 39 1
56 49 1
56 50 1
56 53 -1
56 54 1
56 57 -1
56 60 1
56 61 1
56 63 1
57 3 -1
57 10 1
57 15 1
57 18 -1
57 22 -1
57 34 1
57 37 1
57 47 -1
57 49 1
57 52 1
57 53 1
57 54 1
57 56 -1
57 58 1
57 61 -1
57 62 1
58 4 1
58 9 1
58 23 1
58 24 -1
58 29 -1
58 40 1
58 41 1
58 50 1
58 52 1
58 53 1
58 55 1
58 57 1
58 62 1
58 63 -1
58 64 1
59 17 1
59 18 -1
59 20 1
59 27 1
59 29 1
59 37 -1
59 39 1
59 42 1
59 49 1
59 51 1
59 53 1
59 54 -1
59 55 1
59 61 1
59 62 1
59 63 1
60 5 1
60 14 1
60 22 1
60 24 1
60 26 1
60 28 1
60 31 1
60 39 1
60 50 -1
60 51 1
60 52 1
60 53 -1
60 55 1
60 56 1
60 62 1
60 64 1
61 2 -1
61 6 -1
61 15 1
61 17 1
61 18 1
61 34 1
61 41 -1
61 49 1
61 50 -1
61 51 -1
61 53 1
61 54 -1
61 56 1
61 57 -1
61 59 1
62 2 1
62 4 1
62 11 1
62 13 1
62 14 1
62 45 1
62 47 1
62 51 -1
62 52 1
62 57 1
62 58 1
62 59 1
62 60 1
62 63 -1
62 64 1
63 6 1
63 7 1
63 14 1
63 19 1
63 20 -1
63 33 1
63 38 1
63 42 1
63 49 1
63 50 1
63 52 -1
63 55 -1
63 56 1
63 58 -1
63 59 1
63 62 -1
64 8 1
64 9 -1
64 16 1
64 17 -1
64 26 -1
64 28 -1
64 49 1
64 50 1
64 52 1
64 54 -1
64 55 1
64 58 1
64 60 1
64 62 1
