1 3 1
1 5 1
1 6 1
1 7 1
1 11 -1
1 13 1
1 14 1
1 16 1
1 18 1
1 28 1
1 32 1
1 38 1
1 41 1
1 58 1
1 64 1
2 3 1
2 4 -1
2 6 1
2 8 1
2 9 -1
2 13 1
2 15 1
2 16 1
2 24 1
2 29 1
2 48 1
2 49 1
2 51 -1
2 55 1
2 59 1
3 1 1
3 2 1
3 4 1
3 5 1
3 7 1
3 11 -1
3 12 1
3 15 1
3 20 -1
3 24 -1
3 35 1
3 48 -1
3 54 1
3 56 -1
3 58 1
3 64 -1
4 2 -1
4 3 1
4 6 1
4 8 1
4 9 1
4 10 -1
4 13 -1
4 14 1
4 17 1
4 22 1
4 27 1
4 35 -1
4 39 -1
4 40 1
5 1 1
5 3 1
5 7 -1
5 9 1
5 10 1
5 11 1
5 13 1
5 15 -1
5 18 -1
5 30 1
5 33 1
5 41 1
5 43 -1
5 44 1
5 57 1
5 59 -1
6 1 1
6 2 1
6 4 1
6 7 -1
6 8 -1
6 10 1
6 11 1
6 12 1
6 25 1
6 30 -1
6 34 -1
6 43 1
6 51 1
6 60 1
6 61 -1
6 62 1
7 1 1
7 3 1
7 5 -1
7 6 -1
7 9 -1
7 12 -1
7 14 1
7 16 -1
7 19 1
7 25 1
7 30 -1
7 31 1
7 33 1
7 41 1
7 55 1
7 63 -1
8 2 1
8 4 1
8 6 -1
8 10 1
8 11 -1
8 13 -1
8 15 -1
8 16 1
8 21 -1
8 27 1
8 29 1
8 33 1
8 37 1
8 49 1
9 2 -1
9 4 1
9 5 1
9 7 -1
9 11 1
9 12 1
9 14 1
9 16 1
9 27 -1
9 36 1
9 46 -1
9 57 1
9 60 1
9 64 -1
10 4 -1
10 5 1
10 6 1
10 8 1
10 12 -1
10 14 1
10 15 1
10 16 -1
10 17 1
10 23 1
10 42 1
10 44 1
10 53 1
10 55 1
10 61 -1
11 1 -1
11 3 -1
11 5 1
11 6 1
11 8 -1
11 9 1
11 12 1
11 15 1
11 19 1
11 24 1
11 41 1
11 42 -1
11 47 1
11 55 1
11 58 1
11 59 1
12 3 1
12 6 1
12 7 -1
12 9 1
12 10 -1
12 11 1
12 13 1
12 16 1
12 21 1
12 31 1
12 37 1
12 39 -1
12 47 1
12 51 1
12 53 -1
12 62 1
13 1 1
13 2 1
13 4 -1
13 5 1
13 8 -1
13 12 1
13 14 1
13 15 1
13 17 -1
13 21 1
13 22 1
13 37 -1
13 44 1
13 51 1
14 1 1
14 4 1
14 7 1
14 9 1
14 10 1
14 13 1
14 15 1
14 16 1
14 20 1
14 23 -1
14 28 -1
14 32 1
14 35 -1
14 52 1
15 2 1
15 3 1
15 5 -1
15 8 -1
15 10 1
15 11 1
15 13 1
15 14 1
15 26 1
15 29 1
15 30 1
15 43 1
15 46 1
15 47 -1
15 56 1
15 63 -1
16 1 1
16 2 1
16 7 -1
16 8 1
16 9 1
16 10 -1
16 12 1
16 14 1
16 20 1
16 26 1
16 30 1
16 46 1
16 54 1
16 58 1
16 63 1
17 4 1
17 10 1
17 13 -1
17 19 1
17 20 -1
17 21 1
17 23 1
17 26 1
17 30 1
17 31 1
17 32 1
17 36 -1
17 40 -1
17 49 -1
17 57 1
18 1 1
18 5 -1
18 19 -1
18 20 1
18 21 -1
18 23 -1
18 26 -1
18 28 -1
18 29 1
18 32 -1
18 39 1
18 45 1
18 53 1
18 54 1
18 61 1
19 7 1
19 11 1
19 17 1
19 18 -1
19 21 1
19 24 1
19 25 -1
19 27 1
19 29 1
19 32 -1
19 45 -1
19 46 1
19 50 1
19 54 -1
19 55 1
20 3 -1
20 14 1
20 16 1
20 17 -1
20 18 1
20 22 1
20 23 1
20 24 1
20 28 -1
20 29 1
20 30 1
20 37 1
20 43 1
20 48 1
20 53 1
21 8 -1
21 12 1
21 13 1
21 17 1
21 18 -1
21 19 1
21 22 1
21 23 1
21 24 1
21 25 -1
21 26 1
21 38 1
21 49 1
21 58 1
21 59 1
22 4 1
22 13 1
22 20 1
22 21 1
22 24 -1
22 25 1
22 26 1
22 27 1
22 28 1
22 31 1
22 39 1
22 56 1
22 64 1
23 10 1
23 14 -1
23 17 1
23 18 -1
23 20 1
23 21 1
23 28 1
23 29 1
23 30 1
23 31 1
23 38 -1
23 41 1
23 42 1
23 46 1
23 56 -1
24 2 1
24 3 -1
24 11 1
24 19 1
24 20 1
24 21 1
24 22 -1
24 25 1
24 27 1
24 28 -1
24 30 1
24 37 1
24 39 -1
24 49 1
24 57 1
24 63 1
25 6 1
25 7 1
25 19 -1
25 21 -1
25 22 1
25 24 1
25 26 1
25 29 1
25 31 1
25 32 1
25 44 1
25 48 1
25 56 1
25 59 -1
25 60 1
25 63 1
26 15 1
26 16 1
26 17 1
26 18 -1
26 21 1
26 22 1
26 25 1
26 27 -1
26 30 1
26 31 1
26 34 1
26 35 1
26 38 1
26 49 1
26 54 -1
27 4 1
27 8 1
27 9 -1
27 19 1
27 22 1
27 24 1
27 26 -1
27 29 -1
27 30 -1
27 31 -1
27 32 1
27 48 -1
27 52 1
27 60 1
28 1 1
28 14 -1
28 18 -1
28 20 -1
28 22 1
28 23 1
28 24 -1
28 29 1
28 30 1
28 32 1
28 37 -1
28 42 1
28 50 -1
28 55 1
29 2 1
29 8 1
29 15 1
29 18 1
29 19 1
29 20 1
29 23 1
29 25 1
29 27 -1
29 28 1
29 31 1
29 41 1
29 42 1
29 48 -1
29 54 -1
29 60 1
30 5 1
30 6 -1
30 7 -1
30 15 1
30 16 1
30 17 1
30 20 1
30 23 1
30 24 1
30 26 1
30 27 -1
30 28 1
30 32 1
30 33 -1
30 53 1
30 64 1
31 7 1
31 12 1
31 17 1
31 22 1
31 23 1
31 25 1
31 26 1
31 27 -1
31 29 1
31 32 1
31 33 1
31 35 1
31 44 1
31 45 1
31 47 1
31 57 1
32 1 1
32 14 1
32 17 1
32 18 -1
32 19 -1
32 25 1
32 27 1
32 28 1
32 30 1
32 31 1
32 43 1
32 45 1
32 52 -1
32 57 1
33 5 1
33 7 1
33 8 1
33 30 -1
33 31 1
33 34 1
33 36 -1
33 38 1
33 41 -1
33 42 1
33 44 1
33 45 1
33 46 -1
33 51 -1
33 58 -1
33 63 1
34 6 -1
34 26 1
34 33 1
34 38 -1
34 42 1
34 43 1
34 44 1
34 45 -1
34 46 1
34 47 1
34 50 -1
34 53 -1
34 58 -1
34 62 -1
34 64 1
35 3 1
35 4 -1
35 14 -1
35 26 1
35 31 1
35 37 -1
35 40 1
35 42 1
35 43 -1
35 45 -1
35 46 -1
35 47 -1
35 48 -1
35 50 -1
35 61 -1
36 9 1
36 17 -1
36 33 -1
36 37 1
36 38 1
36 40 1
36 41 1
36 46 1
36 47 1
36 48 1
36 50 -1
36 52 1
36 53 -1
36 62 1
37 8 1
37 12 1
37 13 -1
37 20 1
37 24 1
37 28 -1
37 35 -1
37 36 1
37 38 1
37 39 1
37 40 1
37 42 1
37 44 -1
37 46 -1
37 59 1
37 64 -1
38 1 1
38 21 1
38 23 -1
38 26 1
38 33 1
38 34 -1
38 36 1
38 37 1
38 40 1
38 41 1
38 44 1
38 47 1
38 51 -1
38 56 1
38 57 1
39 4 -1
39 12 -1
39 18 1
39 22 1
39 24 -1
39 37 1
39 40 1
39 41 1
39 42 -1
39 43 -1
39 44 -1
39 45 -1
39 48 -1
39 49 -1
39 50 1
39 59 1
40 4 1
40 17 -1
40 35 1
40 36 1
40 37 1
40 38 1
40 39 1
40 41 1
40 42 -1
40 46 1
40 52 1
40 56 -1
40 58 1
40 62 -1
41 1 1
41 5 1
41 7 1
41 11 1
41 23 1
41 29 1
41 33 -1
41 36 1
41 38 1
41 39 1
41 40 1
41 45 -1
41 46 1
41 47 1
41 52 1
41 62 -1
42 10 1
42 11 -1
42 23 1
42 28 1
42 29 1
42 33 1
42 34 1
42 35 1
42 37 1
42 39 -1
42 40 -1
42 43 1
42 48 1
42 52 -1
42 56 1
42 63 1
43 5 -1
43 6 1
43 15 1
43 20 1
43 32 1
43 34 1
43 35 -1
43 39 -1
43 42 1
43 44 1
43 45 -1
43 47 1
43 48 1
43 60 1
43 64 1
44 5 1
44 10 1
44 13 1
44 25 1
44 31 1
44 33 1
44 34 1
44 37 -1
44 38 1
44 39 -1
44 43 1
44 47 1
44 48 1
44 51 -1
44 61 -1
45 18 1
45 19 -1
45 31 1
45 32 1
45 33 1
45 34 -1
45 35 -1
45 39 -1
45 41 -1
45 43 -1
45 46 1
45 48 1
45 53 -1
45 54 -1
45 60 1
46 9 -1
46 15 1
46 16 1
46 19 1
46 23 1
46 33 -1
46 34 1
46 35 -1
46 36 1
46 37 -1
46 40 1
46 41 1
46 45 1
46 55 1
46 59 -1
47 11 1
47 12 1
47 15 -1
47 31 1
47 34 1
47 35 -1
47 36 1
47 38 1
47 41 1
47 43 1
47 44 1
47 48 1
47 49 -1
47 61 1
47 63 1
48 2 1
48 3 -1
48 20 1
48 25 1
48 27 -1
48 29 -1
48 35 -1
48 36 1
48 39 -1
48 42 1
48 43 1
48 44 1
48 45 1
48 47 1
48 55 -1
48 57 1
49 2 1
49 8 1
49 17 -1
49 21 1
49 24 1
49 26 1
49 39 -1
49 47 -1
49 51 1
49 54 1
49 57 1
49 58 1
49 59 -1
49 61 -1
49 63 1
49 64 -1
50 19 1
50 28 -1
50 34 -1
50 35 -1
50 36 -1
50 39 1
50 52 -1
50 53 1
50 54 1
50 55 1
50 60 -1
50 61 1
50 63 1
50 64 1
51 2 -1
51 6 1
51 12 1
51 13 1
51 33 -1
51 38 -1
51 44 -1
51 49 1
51 52 1
51 55 1
51 56 -1
51 57 1
51 59 1
51 62 1
51 63 1
52 14 1
52 27 1
52 32 -1
52 36 1
52 40 1
52 41 1
52 42 -1
52 50 -1
52 51 1
52 53 1
52 54 -1
52 56 1
52 58 1
52 60 -1
52 61 1
53 10 1
53 12 -1
53 18 1
53 20 1
53 30 1
53 34 -1
53 36 -1
53 45 -1
53 50 1
53 52 1
53 54 1
53 55 1
53 56 -1
53 60 1
53 62 1
53 63 -1
54 3 1
54 16 1
54 18 1
54 19 -1
54 26 -1
54 29 -1
54 45 -1
54 49 1
54 50 1
54 52 -1
54 53 1
54 58 -1
54 59 -1
54 62 1
54 64 1
55 2 1
55 7 1
55 10 1
55 11 1
55 19 1
55 28 1
55 46 1
55 48 -1
55 50 1
55 51 1
55 53 1
55 56 -1
55 61 1
55 62 1
55 63 1
55 64 1
56 3 -1
56 15 1
56 22 1
56 23 -1
56 25 1
56 38 1
56 40 -1
56 42 1
56 51 -1
56 52 1
56 53 -1
56 55 -1
56 57 1
56 58 -1
56 60 1
56 62 1
57 5 1
57 9 1
57 17 1
57 24 1
57 31 1
57 32 1
57 38 1
57 48 1
57 49 1
57 51 1
57 56 1
57 58 -1
57 59 1
57 60 1
57 61 1
57 63 1
58 1 1
58 3 1
58 11 1
58 16 1
58 21 1
58 33 -1
58 34 -1
58 40 1
58 49 1
58 52 1
58 54 -1
58 56 -1
58 57 -1
58 60 1
58 62 -1
58 64 1
59 2 1
59 5 -1
59 11 1
59 21 1
59 25 -1
59 37 1
59 39 1
59 46 -1
59 49 -1
59 51 1
59 54 -1
59 57 1
59 60 1
59 61 1
59 63 1
59 64 1
60 6 1
60 9 1
60 25 1
60 27 1
60 29 1
60 43 1
60 45 1
60 50 -1
60 52 -1
60 53 1
60 56 1
60 57 1
60 58 1
60 59 1
60 62 -1
61 6 -1
61 10 -1
61 18 1
61 35 -1
61 44 -1
61 47 1
61 49 -1
61 50 1
61 52 1
61 55 1
61 57 1
61 59 1
61 63 1
61 64 1
62 6 1
62 12 1
62 34 -1
62 36 1
62 40 -1
62 41 -1
62 51 1
62 53 1
62 54 1
62 55 1
62 56 1
62 58 -1
62 60 -1
62 64 1
63 7 -1
63 15 -1
63 16 1
63 24 1
63 25 1
63 33 1
63 42 1
63 47 1
63 49 1
63 50 1
63 51 1
63 53 -1
63 55 1
63 57 1
63 59 1
63 61 1
64 1 1
64 3 -1
64 9 -1
64 22 1
64 30 1
64 34 1
64 37 -1
64 43 1
64 49 -1
64 50 1
64 54 1
64 55 1
64 58 1
64 59 1
64 61 1
64 62 1
