1 2 1
1 3 1
1 4 -1
1 5 -1
1 6 1
1 8 1
1 15 1
1 16 -1
1 24 1
1 27 -1
1 38 1
1 42 1
1 47 -1
1 51 1
1 53 -1
1 56 -1
2 1 1
2 3 1
2 5 -1
2 8 -1
2 9 1
2 12 1
2 13 -1
2 15 1
2 18 -1
2 38 -1
2 41 1
2 47 -1
2 50 1
2 51 -1
2 55 1
2 62 1
3 1 1
3 2 1
3 6 1
3 7 -1
3 9 -1
3 11 -1
3 14 1
3 16 -1
3 19 -1
3 22 -1
3 26 -1
3 34 -1
3 39 1
3 49 -1
4 1 -1
4 8 1
4 9 1
4 10 -1
4 11 -1
4 13 1
4 15 -1
4 16 1
4 17 -1
4 22 -1
4 25 1
4 30 -1
4 47 1
4 60 1
4 62 1
5 1 -1
5 2 -1
5 6 1
5 7 1
5 9 -1
5 12 -1
5 13 -1
5 16 -1
5 21 1
5 28 1
5 34 -1
5 40 -1
5 45 -1
5 59 1
5 62 -1
6 1 1
6 3 1
6 5 1
6 8 1
6 10 1
6 11 1
6 13 1
6 14 -1
6 17 1
6 25 -1
6 30 1
6 43 -1
6 55 1
6 63 1
6 64 -1
7 3 -1
7 5 1
7 8 -1
7 9 1
7 10 -1
7 13 1
7 14 1
7 16 1
7 17 -1
7 31 -1
7 35 1
7 40 1
7 43 -1
7 46 -1
7 47 -1
7 61 -1
8 1 1
8 2 -1
8 4 1
8 6 1
8 7 -1
8 9 -1
8 10 1
8 11 -1
8 17 -1
8 19 -1
8 23 -1
8 25 -1
8 35 1
8 38 -1
8 42 -1
8 49 1
9 2 1
9 3 -1
9 4 1
9 5 -1
9 7 1
9 8 -1
9 12 1
9 15 1
9 21 1
9 41 -1
9 51 -1
9 53 1
9 54 1
9 57 -1
9 58 -1
9 60 -1
10 4 -1
10 6 1
10 7 -1
10 8 1
10 11 -1
10 12 -1
10 14 -1
10 15 -1
10 21 -1
10 26 1
10 28 1
10 31 -1
10 37 -1
10 45 1
10 53 1
11 3 -1
11 4 -1
11 6 1
11 8 -1
11 10 -1
11 12 -1
11 14 1
11 16 1
11 24 -1
11 30 -1
11 32 1
11 38 1
11 48 1
11 50 1
11 53 -1
12 2 1
12 5 -1
12 9 1
12 10 -1
12 11 -1
12 13 -1
12 14 1
12 15 1
12 25 -1
12 30 -1
12 33 -1
12 39 -1
12 47 -1
12 56 -1
12 57 1
12 64 1
13 2 -1
13 4 1
13 5 -1
13 6 1
13 7 1
13 12 -1
13 14 -1
13 16 -1
13 18 1
13 35 1
13 36 1
13 40 1
13 43 1
13 44 -1
13 59 -1
14 3 1
14 6 -1
14 7 1
14 10 -1
14 11 1
14 12 1
14 13 -1
14 15 -1
14 19 -1
14 21 -1
14 25 1
14 31 1
14 36 -1
14 47 -1
14 59 -1
14 61 1
15 1 1
15 2 1
15 4 -1
15 9 1
15 10 -1
15 12 1
15 14 -1
15 16 -1
15 20 1
15 24 -1
15 26 1
15 31 1
15 36 -1
15 37 -1
15 38 1
15 61 -1
16 1 -1
16 3 -1
16 4 1
16 5 -1
16 7 1
16 11 1
16 13 -1
16 15 -1
16 20 -1
16 33 -1
16 37 1
16 39 1
16 42 -1
16 54 -1
17 4 -1
17 6 1
17 7 -1
17 8 -1
17 21 1
17 22 1
17 23 -1
17 24 1
17 26 -1
17 27 1
17 28 -1
17 32 -1
17 36 -1
17 48 -1
17 56 1
17 64 -1
18 2 -1
18 13 1
18 19 1
18 20 -1
18 21 -1
18 26 1
18 29 1
18 30 -1
18 31 -1
18 32 1
18 48 -1
18 52 -1
18 56 -1
18 58 1
18 59 1
18 60 -1
19 3 -1
19 8 -1
19 14 -1
19 18 1
19 20 -1
19 22 -1
19 27 -1
19 28 -1
19 29 -1
19 30 -1
19 31 -1
19 45 -1
19 49 1
19 55 -1
20 15 1
20 16 -1
20 18 -1
20 19 -1
20 23 -1
20 24 -1
20 25 1
20 26 1
20 27 -1
20 29 -1
20 39 -1
20 52 -1
20 58 -1
20 64 1
21 5 1
21 9 1
21 10 -1
21 14 -1
21 17 1
21 18 -1
21 22 -1
21 23 -1
21 24 -1
21 27 1
21 29 -1
21 31 -1
21 39 1
21 42 -1
21 43 -1
21 64 -1
22 3 -1
22 4 -1
22 17 1
22 19 -1
22 21 -1
22 24 1
22 26 -1
22 27 -1
22 28 -1
22 32 -1
22 34 1
22 39 -1
22 42 -1
22 44 1
22 50 -1
22 55 -1
23 8 -1
23 17 -1
23 20 -1
23 21 -1
23 25 -1
23 28 -1
23 29 -1
23 30 -1
23 31 1
23 41 -1
23 42 -1
23 45 1
23 47 -1
23 49 1
23 56 -1
23 57 1
24 1 1
24 11 -1
24 15 -1
24 17 1
24 20 -1
24 21 -1
24 22 1
24 28 -1
24 29 1
24 30 -1
24 32 -1
24 47 -1
24 49 -1
24 51 1
24 52 -1
24 55 1
25 4 1
25 6 -1
25 8 -1
25 12 -1
25 14 1
25 20 1
25 23 -1
25 26 -1
25 27 1
25 28 -1
25 30 1
25 31 1
25 32 -1
25 34 -1
25 51 1
25 53 -1
26 3 -1
26 10 1
26 15 1
26 17 -1
26 18 1
26 20 1
26 22 -1
26 25 -1
26 29 1
26 30 -1
26 32 1
26 35 1
26 41 1
26 44 -1
26 58 -1
26 61 1
27 1 -1
27 17 1
27 19 -1
27 20 -1
27 21 1
27 22 -1
27 25 1
27 28 1
27 31 1
27 42 1
27 44 1
27 60 -1
27 63 1
28 5 1
28 10 1
28 17 -1
28 19 -1
28 22 -1
28 23 -1
28 24 -1
28 25 -1
28 27 1
28 29 -1
28 45 -1
28 50 1
28 52 1
28 54 1
28 57 1
29 18 1
29 19 -1
29 20 -1
29 21 -1
29 23 -1
29 24 1
29 26 1
29 28 -1
29 33 -1
29 43 -1
29 48 -1
29 58 1
29 63 1
29 64 1
30 4 -1
30 6 1
30 11 -1
30 12 -1
30 18 -1
30 19 -1
30 23 -1
30 24 -1
30 25 1
30 26 -1
30 31 -1
30 32 1
30 49 1
30 53 -1
30 61 1
31 7 -1
31 10 -1
31 14 1
31 15 1
31 18 -1
31 19 -1
31 21 -1
31 23 1
31 25 1
31 27 1
31 30 -1
31 32 -1
31 34 -1
31 40 1
31 45 -1
31 46 -1
32 11 1
32 17 -1
32 18 1
32 22 -1
32 24 -1
32 25 -1
32 26 1
32 30 1
32 31 -1
32 37 -1
32 43 1
32 45 -1
32 46 -1
32 50 -1
32 62 -1
32 63 1
33 12 -1
33 16 -1
33 29 -1
33 34 1
33 39 -1
33 40 1
33 42 -1
33 43 1
33 45 -1
33 47 1
33 48 -1
33 55 1
33 57 1
33 58 1
33 63 -1
34 3 -1
34 5 -1
34 22 1
34 25 -1
34 31 -1
34 33 1
34 35 -1
34 36 1
34 38 -1
34 39 -1
34 44 1
34 45 1
34 48 -1
34 59 -1
35 7 1
35 8 1
35 13 1
35 26 1
35 34 -1
35 37 -1
35 38 -1
35 39 1
35 43 1
35 44 -1
35 46 -1
35 48 -1
35 50 -1
35 52 1
35 58 -1
35 59 -1
36 13 1
36 14 -1
36 15 -1
36 17 -1
36 34 1
36 38 -1
36 40 1
36 41 -1
36 42 -1
36 43 1
36 47 -1
36 48 -1
36 54 -1
36 57 -1
36 63 1
36 64 -1
37 10 -1
37 15 -1
37 16 1
37 32 -1
37 35 -1
37 38 -1
37 41 1
37 42 1
37 43 -1
37 44 -1
37 45 -1
37 46 -1
37 52 -1
37 59 1
37 60 -1
37 61 1
38 1 1
38 2 -1
38 8 -1
38 11 1
38 15 1
38 34 -1
38 35 -1
38 36 -1
38 37 -1
38 40 -1
38 43 -1
38 47 -1
38 48 -1
38 55 -1
38 61 -1
39 3 1
39 12 -1
39 16 1
39 20 -1
39 21 1
39 22 -1
39 33 -1
39 34 -1
39 35 1
39 41 -1
39 42 1
39 44 1
39 45 -1
39 47 -1
39 57 -1
39 64 -1
40 5 -1
40 7 1
40 13 1
40 31 1
40 33 1
40 36 1
40 38 -1
40 41 -1
40 44 -1
40 45 -1
40 46 -1
40 47 1
40 52 -1
40 54 -1
40 62 -1
41 2 1
41 9 -1
41 23 -1
41 26 1
41 36 -1
41 37 1
41 39 -1
41 40 -1
41 43 -1
41 45 1
41 46 -1
41 47 -1
41 50 -1
41 51 -1
42 1 1
42 8 -1
42 16 -1
42 21 -1
42 22 -1
42 23 -1
42 27 1
42 33 -1
42 36 -1
42 37 1
42 39 1
42 44 1
42 46 1
42 47 1
42 48 -1
43 6 -1
43 7 -1
43 13 1
43 21 -1
43 29 -1
43 32 1
43 33 1
43 35 1
43 36 1
43 37 -1
43 38 -1
43 41 -1
43 46 -1
43 48 1
43 52 -1
43 58 -1
44 13 -1
44 22 1
44 26 -1
44 27 1
44 34 1
44 35 -1
44 37 -1
44 39 1
44 40 -1
44 42 1
44 45 1
44 48 1
44 57 -1
44 61 -1
44 63 1
45 5 -1
45 10 1
45 19 -1
45 23 1
45 28 -1
45 31 -1
45 32 -1
45 33 -1
45 34 1
45 37 -1
45 39 -1
45 40 -1
45 41 1
45 44 1
45 46 1
45 55 1
46 7 -1
46 31 -1
46 32 -1
46 35 -1
46 37 -1
46 40 -1
46 41 -1
46 42 1
46 43 -1
46 45 1
46 47 -1
46 54 -1
46 56 1
46 62 1
47 1 -1
47 2 -1
47 4 1
47 7 -1
47 12 -1
47 14 -1
47 23 -1
47 24 -1
47 33 1
47 36 -1
47 38 -1
47 39 -1
47 40 1
47 41 -1
47 42 1
47 46 -1
48 11 1
48 17 -1
48 18 -1
48 29 -1
48 33 -1
48 34 -1
48 35 -1
48 36 -1
48 38 -1
48 42 -1
48 43 1
48 44 1
48 53 -1
48 56 1
48 62 -1
49 3 -1
49 8 1
49 19 1
49 23 1
49 24 -1
49 30 1
49 54 -1
49 55 -1
49 56 -1
49 57 1
49 59 -1
49 60 -1
49 61 -1
49 62 -1
50 2 1
50 11 1
50 22 -1
50 28 1
50 32 -1
50 35 -1
50 41 -1
50 53 1
50 54 1
50 55 1
50 58 -1
50 59 1
50 60 1
50 61 -1
50 63 -1
51 1 1
51 2 -1
51 9 -1
51 24 1
51 25 1
51 41 -1
51 52 -1
51 53 -1
51 55 1
51 56 1
51 57 1
51 58 -1
51 62 -1
51 63 -1
52 18 -1
52 20 -1
52 24 -1
52 28 1
52 35 1
52 37 -1
52 40 -1
52 43 -1
52 51 -1
52 54 -1
52 55 1
52 56 1
52 58 -1
52 59 -1
52 60 1
52 64 -1
53 1 -1
53 9 1
53 10 1
53 11 -1
53 25 -1
53 30 -1
53 48 -1
53 50 1
53 51 -1
53 55 -1
53 56 1
53 58 1
53 61 1
53 62 -1
53 64 1
54 9 1
54 16 -1
54 28 1
54 36 -1
54 40 -1
54 46 -1
54 49 -1
54 50 1
54 52 -1
54 56 -1
54 60 1
54 61 -1
54 62 -1
54 63 1
55 2 1
55 6 1
55 19 -1
55 22 -1
55 24 1
55 33 1
55 38 -1
55 45 1
55 49 -1
55 50 1
55 51 1
55 52 1
55 53 -1
55 56 -1
55 62 1
55 63 -1
56 1 -1
56 12 -1
56 17 1
56 18 -1
56 23 -1
56 46 1
56 48 1
56 49 -1
56 51 1
56 52 1
56 53 1
56 54 -1
56 55 -1
56 59 1
56 64 -1
57 9 -1
57 12 1
57 23 1
57 28 1
57 33 1
57 36 -1
57 39 -1
57 44 -1
57 49 1
57 51 1
57 58 -1
57 59 -1
57 60 -1
57 61 -1
57 63 -1
57 64 -1
58 9 -1
58 18 1
58 20 -1
58 26 -1
58 29 1
58 33 1
58 35 -1
58 43 -1
58 50 -1
58 51 -1
58 52 -1
58 53 1
58 57 -1
58 61 -1
58 62 -1
58 64 -1
59 5 1
59 13 -1
59 14 -1
59 18 1
59 34 -1
59 35 -1
59 37 1
59 49 -1
59 50 1
59 52 -1
59 56 1
59 57 -1
59 60 -1
59 62 1
59 63 -1
60 4 1
60 9 -1
60 18 -1
60 27 -1
60 37 -1
60 49 -1
60 50 1
60 52 1
60 54 1
60 57 -1
60 59 -1
60 61 -1
60 63 1
61 7 -1
61 14 1
61 15 -1
61 26 1
61 30 1
61 37 1
61 38 -1
61 44 -1
61 49 -1
61 50 -1
61 53 1
61 54 -1
61 57 -1
61 58 -1
61 60 -1
61 64 1
62 2 1
62 4 1
62 5 -1
62 32 -1
62 40 -1
62 46 1
62 48 -1
62 49 -1
62 51 -1
62 53 -1
62 54 -1
62 55 1
62 58 -1
62 59 1
62 64 -1
63 6 1
63 27 1
63 29 1
63 32 1
63 33 -1
63 36 1
63 44 1
63 50 -1
63 51 -1
63 54 1
63 55 -1
63 57 -1
63 59 -1
63 60 1
63 64 -1
64 6 -1
64 12 1
64 17 -1
64 20 1
64 21 -1
64 29 1
64 36 -1
64 39 -1
64 52 -1
64 53 1
64 56 -1
64 57 -1
64 58 -1
64 61 1
64 62 -1
64 63 -1
