1 2 1
1 4 1
1 5 1
1 6 1
1 9 1
1 10 1
1 13 1
1 16 1
1 27 1
1 28 1
1 29 1
1 45 1
1 51 1
1 53 1
1 56 1
1 59 1
2 1 1
2 3 1
2 7 1
2 8 1
2 9 1
2 11 1
2 14 1
2 15 1
2 22 1
2 26 1
2 37 1
2 39 -1
2 44 1
2 45 1
2 52 1
3 2 1
3 4 1
3 11 1
3 12 1
3 13 -1
3 14 1
3 15 -1
3 16 1
3 18 1
3 20 1
3 38 1
3 41 1
3 42 1
3 44 1
3 50 1
3 54 1
4 1 1
4 3 1
4 7 1
4 8 1
4 10 1
4 11 -1
4 12 1
4 15 1
4 17 -1
4 19 1
4 32 -1
4 41 1
4 47 1
4 50 1
4 54 -1
4 60 1
5 1 1
5 6 1
5 7 1
5 8 1
5 9 1
5 10 1
5 14 1
5 15 1
5 21 1
5 23 1
5 25 1
5 37 1
5 41 1
5 42 -1
5 54 1
5 59 1
6 1 1
6 5 1
6 8 1
6 9 1
6 10 1
6 12 1
6 13 1
6 16 1
6 21 1
6 41 -1
6 45 1
6 50 -1
6 53 1
6 56 1
6 57 1
6 63 1
7 2 1
7 4 1
7 5 1
7 9 1
7 10 1
7 12 -1
7 15 1
7 16 1
7 18 1
7 27 1
7 28 1
7 33 1
7 40 -1
7 49 1
7 59 1
7 60 1
8 2 1
8 4 1
8 5 1
8 6 1
8 10 1
8 11 1
8 14 -1
8 15 1
8 22 1
8 23 1
8 30 1
8 33 1
8 36 1
8 48 1
8 50 1
8 54 -1
9 1 1
9 2 1
9 5 1
9 6 1
9 7 1
9 11 1
9 13 1
9 16 1
9 18 1
9 24 1
9 26 1
9 38 1
9 42 1
9 51 -1
9 56 1
9 61 -1
10 1 1
10 4 1
10 5 1
10 6 1
10 7 1
10 8 1
10 13 1
10 15 1
10 18 1
10 22 1
10 26 1
10 36 1
10 39 1
10 47 1
11 2 1
11 3 1
11 4 -1
11 8 1
11 9 1
11 12 1
11 14 1
11 16 1
11 19 1
11 22 1
11 27 1
11 33 1
11 44 -1
11 50 1
11 62 -1
12 3 1
12 4 1
12 6 1
12 7 -1
12 11 1
12 13 1
12 14 1
12 16 1
12 20 1
12 22 1
12 23 1
12 38 1
12 42 1
12 62 1
13 1 1
13 3 -1
13 6 1
13 9 1
13 10 1
13 12 1
13 14 1
13 16 1
13 21 1
13 25 1
13 29 1
13 33 1
13 35 1
13 55 1
13 57 1
14 2 1
14 3 1
14 5 1
14 8 -1
14 11 1
14 12 1
14 13 1
14 15 1
14 17 -1
14 22 1
14 28 1
14 29 1
14 44 1
14 45 1
14 63 1
15 2 1
15 3 -1
15 4 1
15 5 1
15 7 1
15 8 1
15 10 1
15 14 1
15 17 1
15 29 1
15 30 1
15 50 1
15 53 1
15 58 1
15 59 1
16 1 1
16 3 1
16 6 1
16 7 1
16 9 1
16 11 1
16 12 1
16 13 1
16 19 1
16 23 1
16 38 1
16 39 1
16 52 1
16 56 1
16 60 1
16 64 1
17 4 -1
17 14 -1
17 15 1
17 18 1
17 19 1
17 20 1
17 24 1
17 28 -1
17 30 1
17 31 1
17 32 1
17 34 1
17 36 1
17 37 1
17 55 1
17 59 1
18 3 1
18 7 1
18 9 1
18 10 1
18 17 1
18 19 1
18 22 1
18 23 1
18 25 1
18 27 1
18 29 1
18 32 1
18 33 1
18 35 1
18 51 1
19 4 1
19 11 1
19 16 1
19 17 1
19 18 1
19 20 1
19 25 1
19 26 1
19 27 1
19 30 -1
19 31 1
19 36 1
19 38 -1
19 40 1
19 53 1
19 56 1
20 3 1
20 12 1
20 17 1
20 19 1
20 21 1
20 22 1
20 24 1
20 25 -1
20 27 1
20 30 1
20 39 -1
20 41 1
20 49 1
20 55 -1
21 5 1
21 6 1
21 13 1
21 20 1
21 22 -1
21 23 1
21 26 -1
21 27 1
21 29 -1
21 31 1
21 32 1
21 35 1
21 39 1
21 45 1
21 49 1
21 61 1
22 2 1
22 8 1
22 10 1
22 11 1
22 12 1
22 14 1
22 18 1
22 20 1
22 21 -1
22 23 1
22 25 1
22 28 1
22 31 1
22 32 1
22 37 1
23 5 1
23 8 1
23 12 1
23 16 1
23 18 1
23 21 1
23 22 1
23 24 1
23 26 1
23 28 1
23 29 1
23 32 1
23 39 1
23 46 1
23 49 1
23 59 1
24 9 1
24 17 1
24 20 1
24 23 1
24 25 1
24 26 1
24 28 1
24 29 1
24 31 1
24 34 1
24 44 1
24 48 1
24 56 1
24 58 1
24 61 1
25 5 1
25 13 1
25 18 1
25 19 1
25 20 -1
25 22 1
25 24 1
25 26 1
25 28 1
25 30 1
25 35 1
25 45 1
25 50 -1
25 52 1
25 57 1
25 64 1
26 2 1
26 9 1
26 10 1
26 19 1
26 21 -1
26 23 1
26 24 1
26 25 1
26 27 1
26 28 1
26 32 1
26 46 -1
26 52 1
26 56 1
26 63 1
26 64 1
27 1 1
27 7 1
27 11 1
27 18 1
27 19 1
27 20 1
27 21 1
27 26 1
27 29 1
27 30 -1
27 31 1
27 40 1
27 44 1
27 47 1
27 50 1
27 52 1
28 1 1
28 7 1
28 14 1
28 17 -1
28 22 1
28 23 1
28 24 1
28 25 1
28 26 1
28 29 1
28 31 1
28 36 1
28 41 1
28 56 1
28 61 1
28 63 -1
29 1 1
29 13 1
29 14 1
29 15 1
29 18 1
29 21 -1
29 23 1
29 24 1
29 27 1
29 28 1
29 30 1
29 32 1
29 51 1
29 60 1
30 8 1
30 15 1
30 17 1
30 19 -1
30 20 1
30 25 1
30 27 -1
30 29 1
30 31 1
30 32 1
30 33 1
30 34 1
30 38 1
30 48 -1
31 17 1
31 19 1
31 21 1
31 22 1
31 24 1
31 27 1
31 28 1
31 30 1
31 33 1
31 40 1
31 41 1
31 43 1
31 47 1
31 51 1
31 54 1
31 63 1
32 4 -1
32 17 1
32 18 1
32 21 1
32 22 1
32 23 1
32 26 1
32 29 1
32 30 1
32 34 1
32 38 -1
32 48 1
32 52 1
32 55 1
32 58 1
33 7 1
33 8 1
33 11 1
33 13 1
33 18 1
33 30 1
33 31 1
33 34 1
33 36 1
33 37 1
33 40 1
33 44 1
33 46 -1
33 47 1
33 48 1
33 60 1
34 17 1
34 24 1
34 30 1
34 32 1
34 33 1
34 35 1
34 41 1
34 42 1
34 43 1
34 46 1
34 47 1
34 48 1
34 53 1
34 58 1
34 64 1
35 13 1
35 18 1
35 21 1
35 25 1
35 34 1
35 37 1
35 39 1
35 40 1
35 41 1
35 43 1
35 44 1
35 45 1
35 52 1
35 54 1
35 60 1
36 8 1
36 10 1
36 17 1
36 19 1
36 28 1
36 33 1
36 38 1
36 39 1
36 40 1
36 43 1
36 45 1
36 46 1
36 48 1
36 63 1
37 2 1
37 5 1
37 17 1
37 22 1
37 33 1
37 35 1
37 38 1
37 39 1
37 42 1
37 43 1
37 44 1
37 48 1
37 53 1
37 54 1
37 58 1
37 64 1
38 3 1
38 9 1
38 12 1
38 16 1
38 19 -1
38 30 1
38 32 -1
38 36 1
38 37 1
38 40 1
38 41 1
38 42 1
38 44 1
38 45 1
38 46 1
38 61 -1
39 2 -1
39 10 1
39 16 1
39 20 -1
39 21 1
39 23 1
39 35 1
39 36 1
39 37 1
39 40 1
39 42 1
39 43 1
39 46 1
39 47 1
39 55 1
39 60 1
40 7 -1
40 19 1
40 27 1
40 31 1
40 33 1
40 35 1
40 36 1
40 38 1
40 39 1
40 45 1
40 47 1
40 48 1
40 49 1
40 53 -1
40 57 1
40 59 1
41 3 1
41 4 1
41 5 1
41 6 -1
41 20 1
41 28 1
41 31 1
41 34 1
41 35 1
41 38 1
41 44 1
41 45 1
41 46 1
41 47 1
41 48 1
41 57 1
42 3 1
42 5 -1
42 9 1
42 12 1
42 34 1
42 37 1
42 38 1
42 39 1
42 43 1
42 44 1
42 46 -1
42 47 1
42 49 1
42 57 1
42 63 1
43 31 1
43 34 1
43 35 1
43 36 1
43 37 1
43 39 1
43 42 1
43 45 1
43 46 1
43 49 -1
43 54 1
43 57 1
43 59 1
43 62 -1
43 64 1
44 2 1
44 3 1
44 11 -1
44 14 1
44 24 1
44 27 1
44 33 1
44 35 1
44 37 1
44 38 1
44 41 1
44 42 1
44 45 -1
44 47 1
44 51 1
44 61 1
45 1 1
45 2 1
45 6 1
45 14 1
45 21 1
45 25 1
45 35 1
45 36 1
45 38 1
45 40 1
45 41 1
45 43 1
45 44 -1
45 48 1
45 64 1
46 23 1
46 26 -1
46 33 -1
46 34 1
46 36 1
46 38 1
46 39 1
46 41 1
46 42 -1
46 43 1
46 52 1
46 53 1
46 58 1
46 61 1
46 62 1
47 4 1
47 10 1
47 27 1
47 31 1
47 33 1
47 34 1
47 39 1
47 40 1
47 41 1
47 42 1
47 44 1
47 48 1
47 49 1
47 51 1
47 55 1
47 62 1
48 8 1
48 24 1
48 30 -1
48 32 1
48 33 1
48 34 1
48 36 1
48 37 1
48 40 1
48 41 1
48 45 1
48 47 1
48 55 -1
48 58 1
48 62 1
48 63 1
49 7 1
49 20 1
49 21 1
49 23 1
49 40 1
49 42 1
49 43 -1
49 47 1
49 52 1
49 53 1
49 54 -1
49 56 1
49 58 1
49 60 -1
49 61 1
49 64 1
50 3 1
50 4 1
50 6 -1
50 8 1
50 11 1
50 15 1
50 25 -1
50 27 1
50 51 1
50 52 1
50 53 1
50 56 1
50 57 1
50 59 1
50 62 1
50 64 1
51 1 1
51 9 -1
51 18 1
51 29 1
51 31 1
51 44 1
51 47 1
51 50 1
51 52 1
51 54 1
51 55 1
51 56 1
51 59 1
51 63 1
51 64 1
52 2 1
52 16 1
52 25 1
52 26 1
52 27 1
52 32 1
52 35 1
52 46 1
52 49 1
52 50 1
52 51 1
52 53 1
52 54 1
52 55 -1
52 59 1
52 63 1
53 1 1
53 6 1
53 15 1
53 19 1
53 34 1
53 37 1
53 40 -1
53 46 1
53 49 1
53 50 1
53 52 1
53 54 -1
53 55 1
53 56 1
53 58 1
53 64 1
54 3 1
54 4 -1
54 5 1
54 8 -1
54 31 1
54 35 1
54 37 1
54 43 1
54 49 -1
54 51 1
54 52 1
54 53 -1
54 55 1
54 57 -1
54 60 1
54 64 1
55 13 1
55 17 1
55 20 -1
55 32 1
55 39 1
55 47 1
55 48 -1
55 51 1
55 52 -1
55 53 1
55 54 1
55 57 1
55 59 -1
55 61 1
55 62 1
56 1 1
56 6 1
56 9 1
56 16 1
56 19 1
56 24 1
56 26 1
56 28 1
56 49 1
56 50 1
56 51 1
56 53 1
56 58 1
56 59 1
56 62 1
56 64 1
57 6 1
57 13 1
57 25 1
57 40 1
57 41 1
57 42 1
57 43 1
57 50 1
57 54 -1
57 55 1
57 58 1
57 60 1
57 61 1
57 62 1
57 63 1
58 15 1
58 24 1
58 32 1
58 34 1
58 37 1
58 46 1
58 48 1
58 49 1
58 53 1
58 56 1
58 57 1
58 59 1
58 60 1
58 61 1
58 62 1
59 1 1
59 5 1
59 7 1
59 15 1
59 17 1
59 23 1
59 40 1
59 43 1
59 50 1
59 51 1
59 52 1
59 55 -1
59 56 1
59 58 1
59 61 1
59 63 1
60 4 1
60 7 1
60 16 1
60 29 1
60 33 1
60 35 1
60 39 1
60 49 -1
60 54 1
60 57 1
60 58 1
60 61 1
60 62 1
60 63 1
60 64 1
61 9 -1
61 21 1
61 24 1
61 28 1
61 38 -1
61 44 1
61 46 1
61 49 1
61 55 1
61 57 1
61 58 1
61 59 1
61 60 1
61 62 1
61 63 1
62 11 -1
62 12 1
62 43 -1
62 46 1
62 47 1
62 48 1
62 50 1
62 55 1
62 56 1
62 57 1
62 58 1
62 60 1
62 61 1
62 63 1
63 6 1
63 14 1
63 26 1
63 28 -1
63 31 1
63 36 1
63 42 1
63 48 1
63 51 1
63 52 1
63 57 1
63 59 1
63 60 1
63 61 1
63 62 1
63 64 -1
64 16 1
64 25 1
64 26 1
64 34 1
64 37 1
64 43 1
64 45 1
64 49 1
64 50 1
64 51 1
64 53 1
64 54 1
64 56 1
64 60 1
64 63 -1
