1 4 -1
1 7 -1
1 8 -1
1 9 -1
1 10 -1
1 13 -1
1 15 -1
1 16 -1
1 22 1
1 34 -1
1 40 -1
1 42 -1
1 44 -1
1 49 -1
1 54 -1
2 4 -1
2 5 -1
2 9 -1
2 10 -1
2 11 -1
2 13 -1
2 15 -1
2 16 -1
2 21 -1
2 26 -1
2 28 -1
2 32 -1
2 37 1
2 43 -1
2 45 1
2 53 -1
3 4 -1
3 6 -1
3 9 -1
3 10 -1
3 11 -1
3 13 -1
3 14 -1
3 15 -1
3 18 -1
3 23 -1
3 30 -1
3 32 -1
3 40 -1
3 47 -1
3 60 -1
4 1 -1
4 2 -1
4 3 -1
4 6 -1
4 7 -1
4 12 -1
4 14 -1
4 15 -1
4 18 -1
4 20 -1
4 47 -1
4 53 -1
4 54 -1
4 59 -1
4 60 1
5 2 -1
5 6 -1
5 7 -1
5 8 -1
5 10 -1
5 12 -1
5 14 -1
5 16 -1
5 20 1
5 29 -1
5 33 -1
5 37 -1
5 44 -1
5 52 1
5 57 1
5 62 -1
6 3 -1
6 4 -1
6 5 -1
6 7 -1
6 8 -1
6 9 -1
6 10 1
6 14 -1
6 18 -1
6 23 -1
6 24 -1
6 29 -1
6 34 -1
6 37 1
6 56 1
6 61 -1
7 1 -1
7 4 -1
7 5 -1
7 6 -1
7 8 -1
7 9 -1
7 12 -1
7 15 -1
7 17 -1
7 19 -1
7 23 -1
7 27 -1
7 34 1
7 51 -1
7 58 1
7 64 -1
8 1 -1
8 5 -1
8 6 -1
8 7 -1
8 10 -1
8 12 -1
8 13 -1
8 16 -1
8 17 -1
8 20 -1
8 22 -1
8 23 -1
8 35 -1
8 59 -1
8 64 -1
9 1 -1
9 2 -1
9 3 -1
9 6 -1
9 7 -1
9 11 -1
9 13 -1
9 16 -1
9 35 1
9 39 -1
9 45 -1
9 46 -1
9 50 -1
9 51 -1
9 54 -1
9 63 -1
10 1 -1
10 2 -1
10 3 -1
10 5 -1
10 6 1
10 8 -1
10 11 -1
10 15 -1
10 21 -1
10 27 1
10 30 -1
10 43 -1
10 48 -1
10 60 -1
10 61 -1
11 2 -1
11 3 -1
11 9 -1
11 10 -1
11 12 -1
11 14 -1
11 15 1
11 16 1
11 21 -1
11 27 -1
11 29 -1
11 38 -1
11 41 -1
11 44 -1
11 56 -1
11 61 -1
12 4 -1
12 5 -1
12 7 -1
12 8 -1
12 11 -1
12 13 1
12 14 1
12 16 -1
12 23 -1
12 25 1
12 33 -1
12 49 1
12 55 -1
12 57 -1
12 59 -1
13 1 -1
13 2 -1
13 3 -1
13 8 -1
13 9 -1
13 12 1
13 14 -1
13 15 -1
13 20 -1
13 35 -1
13 37 -1
13 38 -1
13 40 -1
13 42 -1
13 46 -1
13 47 -1
14 3 -1
14 4 -1
14 5 -1
14 6 -1
14 11 -1
14 12 1
14 13 -1
14 16 1
14 25 -1
14 31 -1
14 36 -1
14 39 -1
14 42 -1
14 54 -1
14 61 -1
14 63 -1
15 1 -1
15 2 -1
15 3 -1
15 4 -1
15 7 -1
15 10 -1
15 11 1
15 13 -1
15 19 -1
15 32 1
15 43 -1
15 47 -1
15 50 -1
15 55 -1
15 63 -1
15 64 -1
16 1 -1
16 2 -1
16 5 -1
16 8 -1
16 9 -1
16 11 1
16 12 -1
16 14 1
16 27 -1
16 36 -1
16 44 -1
16 54 -1
16 59 -1
16 61 -1
16 64 -1
17 7 -1
17 8 -1
17 18 -1
17 20 -1
17 22 -1
17 23 -1
17 26 -1
17 27 -1
17 28 -1
17 30 -1
17 37 -1
17 40 -1
17 42 -1
17 46 -1
17 62 -1
18 3 -1
18 4 -1
18 6 -1
18 17 -1
18 19 -1
18 21 -1
18 22 -1
18 23 -1
18 27 -1
18 28 -1
18 29 -1
18 37 -1
18 40 -1
18 43 -1
18 51 -1
18 64 1
19 7 -1
19 15 -1
19 18 -1
19 20 -1
19 21 -1
19 24 -1
19 25 -1
19 26 -1
19 30 -1
19 31 -1
19 38 -1
19 48 -1
19 52 1
19 53 1
19 59 -1
20 4 -1
20 5 1
20 8 -1
20 13 -1
20 17 -1
20 19 -1
20 21 -1
20 22 -1
20 25 -1
20 29 1
20 30 -1
20 32 -1
20 49 1
20 61 1
20 62 -1
21 2 -1
21 10 -1
21 11 -1
21 18 -1
21 19 -1
21 20 -1
21 24 -1
21 25 -1
21 26 -1
21 29 1
21 32 -1
21 36 1
21 40 -1
21 42 -1
21 48 -1
21 62 -1
22 1 1
22 8 -1
22 17 -1
22 18 -1
22 20 -1
22 24 -1
22 26 -1
22 27 -1
22 28 -1
22 31 -1
22 34 -1
22 45 -1
22 46 -1
22 54 -1
22 57 -1
23 3 -1
23 6 -1
23 7 -1
23 8 -1
23 12 -1
23 17 -1
23 18 -1
23 24 -1
23 25 -1
23 26 -1
23 27 -1
23 28 1
23 29 -1
23 40 -1
23 42 -1
23 49 -1
24 6 -1
24 19 -1
24 21 -1
24 22 -1
24 23 -1
24 26 -1
24 28 -1
24 31 -1
24 32 -1
24 34 -1
24 36 -1
24 49 -1
24 62 -1
24 64 -1
25 12 1
25 14 -1
25 19 -1
25 20 -1
25 21 -1
25 23 -1
25 27 -1
25 30 -1
25 31 -1
25 32 -1
25 35 -1
25 43 -1
25 55 -1
25 56 -1
25 59 -1
26 2 -1
26 17 -1
26 19 -1
26 21 -1
26 22 -1
26 23 -1
26 24 -1
26 27 -1
26 32 -1
26 33 -1
26 34 -1
26 36 -1
26 41 -1
26 44 -1
26 50 -1
26 52 -1
27 7 -1
27 10 1
27 11 -1
27 16 -1
27 17 -1
27 18 -1
27 22 -1
27 23 -1
27 25 -1
27 26 -1
27 30 -1
27 31 -1
27 35 -1
27 41 -1
27 54 -1
28 2 -1
28 17 -1
28 18 -1
28 22 -1
28 23 1
28 24 -1
28 29 -1
28 30 -1
28 32 -1
28 40 -1
28 43 1
28 44 -1
28 50 -1
28 61 -1
28 63 -1
29 5 -1
29 6 -1
29 11 -1
29 18 -1
29 20 1
29 21 1
29 23 -1
29 28 -1
29 30 -1
29 31 -1
29 32 -1
29 42 -1
29 48 -1
29 52 -1
29 53 -1
29 58 -1
30 3 -1
30 10 -1
30 17 -1
30 19 -1
30 20 -1
30 25 -1
30 27 -1
30 28 -1
30 29 -1
30 31 1
30 49 -1
30 50 -1
30 57 -1
30 58 1
30 62 -1
30 63 -1
31 14 -1
31 19 -1
31 22 -1
31 24 -1
31 25 -1
31 27 -1
31 29 -1
31 30 1
31 32 -1
31 39 -1
31 46 -1
31 51 -1
31 53 -1
31 56 -1
32 2 -1
32 3 -1
32 15 1
32 20 -1
32 21 -1
32 24 -1
32 25 -1
32 26 -1
32 28 -1
32 29 -1
32 31 -1
32 44 -1
32 45 -1
32 50 -1
32 58 -1
33 5 -1
33 12 -1
33 26 -1
33 34 -1
33 35 -1
33 39 -1
33 40 -1
33 41 1
33 42 1
33 43 -1
33 48 -1
33 52 -1
33 56 -1
33 59 -1
33 60 -1
33 63 1
34 1 -1
34 6 -1
34 7 1
34 22 -1
34 24 -1
34 26 -1
34 33 -1
34 36 -1
34 37 -1
34 40 -1
34 42 -1
34 43 -1
34 46 -1
34 48 -1
34 57 -1
34 59 -1
35 8 -1
35 9 1
35 13 -1
35 25 -1
35 27 -1
35 33 -1
35 36 -1
35 38 -1
35 41 -1
35 42 -1
35 44 -1
35 45 -1
35 46 -1
35 50 -1
35 63 -1
36 14 -1
36 16 -1
36 21 1
36 24 -1
36 26 -1
36 34 -1
36 35 -1
36 37 -1
36 39 -1
36 41 -1
36 42 1
36 43 -1
36 46 -1
36 49 -1
36 55 -1
37 2 1
37 5 -1
37 6 1
37 13 -1
37 17 -1
37 18 -1
37 34 -1
37 36 -1
37 39 -1
37 42 -1
37 44 1
37 45 -1
37 46 -1
37 47 -1
37 56 -1
37 60 -1
38 11 -1
38 13 -1
38 19 -1
38 35 -1
38 40 -1
38 42 -1
38 43 -1
38 44 -1
38 45 -1
38 46 -1
38 48 -1
38 53 -1
38 55 -1
38 58 -1
39 9 -1
39 14 -1
39 31 -1
39 33 -1
39 36 -1
39 37 -1
39 40 -1
39 42 -1
39 44 -1
39 45 -1
39 48 -1
39 52 -1
39 56 -1
39 61 -1
39 64 -1
40 1 -1
40 3 -1
40 13 -1
40 17 -1
40 18 -1
40 21 -1
40 23 -1
40 28 -1
40 33 -1
40 34 -1
40 38 -1
40 39 -1
40 44 -1
40 45 -1
40 46 -1
40 47 -1
41 11 -1
41 26 -1
41 27 -1
41 33 1
41 35 -1
41 36 -1
41 43 -1
41 44 -1
41 45 -1
41 47 -1
41 48 -1
41 49 -1
41 52 -1
41 55 -1
41 62 -1
42 1 -1
42 13 -1
42 14 -1
42 17 -1
42 21 -1
42 23 -1
42 29 -1
42 33 1
42 34 -1
42 35 -1
42 36 1
42 37 -1
42 38 -1
42 39 -1
42 45 -1
42 57 -1
43 2 -1
43 10 -1
43 15 -1
43 18 -1
43 25 -1
43 28 1
43 33 -1
43 34 -1
43 36 -1
43 38 -1
43 41 -1
43 46 -1
43 47 -1
43 48 1
43 53 -1
43 62 -1
44 1 -1
44 5 -1
44 11 -1
44 16 -1
44 26 -1
44 28 -1
44 32 -1
44 35 -1
44 37 1
44 38 -1
44 39 -1
44 40 -1
44 41 -1
44 47 -1
44 48 -1
45 2 1
45 9 -1
45 22 -1
45 32 -1
45 35 -1
45 37 -1
45 38 -1
45 39 -1
45 40 -1
45 41 -1
45 42 -1
45 47 -1
45 51 -1
45 53 -1
45 55 -1
45 60 -1
46 9 -1
46 13 -1
46 17 -1
46 22 -1
46 31 -1
46 34 -1
46 35 -1
46 36 -1
46 37 -1
46 38 -1
46 40 -1
46 43 -1
46 47 1
47 3 -1
47 4 -1
47 13 -1
47 15 -1
47 37 -1
47 40 -1
47 41 -1
47 43 -1
47 44 -1
47 45 -1
47 46 1
47 48 1
47 51 -1
47 56 -1
48 10 -1
48 19 -1
48 21 -1
48 29 -1
48 33 -1
48 34 -1
48 38 -1
48 39 -1
48 41 -1
48 43 1
48 44 -1
48 47 1
48 55 -1
48 57 -1
49 1 -1
49 12 1
49 20 1
49 23 -1
49 24 -1
49 30 -1
49 36 -1
49 41 -1
49 50 1
49 52 -1
49 54 -1
49 55 -1
49 56 -1
49 57 -1
49 58 -1
49 63 -1
50 9 -1
50 15 -1
50 26 -1
50 28 -1
50 30 -1
50 32 -1
50 35 -1
50 49 1
50 52 -1
50 53 -1
50 57 -1
50 58 1
50 59 -1
50 62 -1
50 64 -1
51 7 -1
51 9 -1
51 18 -1
51 31 -1
51 45 -1
51 47 -1
51 53 -1
51 54 -1
51 55 -1
51 57 -1
51 58 -1
51 59 -1
51 61 1
51 63 -1
52 5 1
52 19 1
52 26 -1
52 29 -1
52 33 -1
52 39 -1
52 41 -1
52 49 -1
52 50 -1
52 53 -1
52 55 -1
52 56 -1
52 57 -1
52 62 -1
52 64 -1
53 2 -1
53 4 -1
53 19 1
53 29 -1
53 31 -1
53 38 -1
53 43 -1
53 45 -1
53 50 -1
53 51 -1
53 52 -1
53 57 -1
53 58 -1
53 60 -1
53 61 -1
53 63 -1
54 1 -1
54 4 -1
54 9 -1
54 14 -1
54 16 -1
54 22 -1
54 27 -1
54 49 -1
54 51 -1
54 55 -1
54 56 -1
54 58 -1
54 59 -1
54 60 1
54 63 -1
55 12 -1
55 15 -1
55 25 -1
55 36 -1
55 38 -1
55 41 -1
55 45 -1
55 48 -1
55 49 -1
55 51 -1
55 52 -1
55 54 -1
55 56 -1
55 60 -1
55 61 -1
55 62 -1
56 6 1
56 11 -1
56 25 -1
56 31 -1
56 33 -1
56 37 -1
56 39 -1
56 47 -1
56 49 -1
56 52 -1
56 54 -1
56 55 -1
56 59 1
56 60 -1
56 61 -1
56 63 -1
57 5 1
57 12 -1
57 22 -1
57 30 -1
57 34 -1
57 42 -1
57 48 -1
57 49 -1
57 50 -1
57 51 -1
57 52 -1
57 53 -1
57 60 -1
57 61 -1
57 63 -1
58 7 1
58 29 -1
58 30 1
58 32 -1
58 38 -1
58 49 -1
58 50 1
58 51 -1
58 53 -1
58 54 -1
58 59 -1
58 62 -1
58 64 -1
59 4 -1
59 8 -1
59 12 -1
59 16 -1
59 19 -1
59 25 -1
59 33 -1
59 34 -1
59 50 -1
59 51 -1
59 54 -1
59 56 1
59 58 -1
59 60 1
59 61 -1
59 64 -1
60 3 -1
60 4 1
60 10 -1
60 33 -1
60 37 -1
60 45 -1
60 53 -1
60 54 1
60 55 -1
60 56 -1
60 57 -1
60 59 1
60 62 1
60 64 -1
61 6 -1
61 10 -1
61 11 -1
61 14 -1
61 16 -1
61 20 1
61 28 -1
61 39 -1
61 51 1
61 53 -1
61 55 -1
61 56 -1
61 57 -1
61 59 -1
61 62 -1
61 64 -1
62 5 -1
62 17 -1
62 20 -1
62 21 -1
62 24 -1
62 30 -1
62 41 -1
62 43 -1
62 50 -1
62 52 -1
62 55 -1
62 58 -1
62 60 1
62 61 -1
62 63 -1
62 64 -1
63 9 -1
63 14 -1
63 15 -1
63 28 -1
63 30 -1
63 33 1
63 35 -1
63 49 -1
63 51 -1
63 53 -1
63 54 -1
63 56 -1
63 57 -1
63 62 -1
63 64 -1
64 7 -1
64 8 -1
64 15 -1
64 16 -1
64 18 1
64 24 -1
64 39 -1
64 50 -1
64 52 -1
64 58 -1
64 59 -1
64 60 -1
64 61 -1
64 62 -1
64 63 -1
