1 2 -1
1 4 1
1 5 1
1 7 -1
1 11 1
1 12 1
1 13 1
1 15 -1
1 26 1
1 27 1
1 29 1
1 33 -1
1 41 -1
1 47 1
1 61 1
2 1 -1
2 3 -1
2 5 1
2 7 1
2 8 1
2 10 1
2 15 1
2 16 -1
2 19 -1
2 29 -1
2 37 1
2 39 -1
2 46 1
2 53 1
2 56 1
2 59 -1
3 2 -1
3 4 -1
3 5 1
3 7 -1
3 8 -1
3 11 1
3 13 1
3 15 -1
3 17 -1
3 22 1
3 26 1
3 27 -1
3 34 -1
3 38 1
3 39 -1
3 45 1
4 1 1
4 3 -1
4 7 -1
4 8 -1
4 10 1
4 11 1
4 13 -1
4 14 1
4 20 1
4 22 1
4 31 -1
4 37 1
4 51 1
4 54 1
4 62 1
4 64 -1
5 1 1
5 2 1
5 3 1
5 6 -1
5 9 1
5 12 1
5 14 1
5 15 1
5 21 -1
5 36 1
5 47 1
5 48 1
5 61 -1
5 62 -1
5 63 1
6 5 -1
6 7 -1
6 8 1
6 9 1
6 10 -1
6 11 -1
6 12 1
6 13 1
6 19 -1
6 22 -1
6 30 -1
6 37 1
6 48 -1
7 1 -1
7 2 1
7 3 -1
7 4 -1
7 6 -1
7 11 1
7 14 1
7 16 -1
7 23 -1
7 25 1
7 35 -1
7 46 -1
7 51 1
7 52 1
7 54 1
8 2 1
8 3 -1
8 4 -1
8 6 1
8 10 -1
8 11 -1
8 13 -1
8 16 1
8 20 1
8 33 1
8 36 1
8 40 -1
8 41 -1
8 53 -1
8 61 -1
9 5 1
9 6 1
9 10 1
9 12 -1
9 13 1
9 14 -1
9 15 1
9 16 1
9 17 -1
9 34 -1
9 40 1
9 43 1
9 44 1
9 45 1
9 50 -1
9 55 -1
10 2 1
10 4 1
10 6 -1
10 8 -1
10 9 1
10 13 -1
10 14 -1
10 16 -1
10 25 -1
10 30 1
10 37 1
10 42 1
10 48 1
10 50 1
10 55 -1
10 61 -1
11 1 1
11 3 1
11 4 1
11 6 -1
11 7 1
11 8 -1
11 14 -1
11 16 1
11 21 1
11 27 -1
11 33 1
11 35 1
11 41 1
11 43 -1
11 47 -1
11 53 -1
12 1 1
12 5 1
12 6 1
12 9 -1
12 13 -1
12 14 -1
12 15 -1
12 16 1
12 36 1
12 39 1
12 42 -1
12 51 1
12 56 -1
12 58 1
12 64 -1
13 1 1
13 3 1
13 4 -1
13 6 1
13 8 -1
13 9 1
13 10 -1
13 12 -1
13 28 1
13 29 1
13 36 -1
13 51 1
13 55 -1
13 57 -1
13 59 -1
13 61 -1
14 4 1
14 5 1
14 7 1
14 9 -1
14 10 -1
14 11 -1
14 12 -1
14 15 1
14 24 -1
14 26 1
14 28 -1
14 43 1
14 44 -1
14 51 -1
14 53 -1
14 58 -1
15 1 -1
15 2 1
15 3 -1
15 5 1
15 9 1
15 12 -1
15 14 1
15 16 -1
15 42 -1
15 45 1
15 50 1
15 52 1
15 54 -1
15 57 1
16 2 -1
16 7 -1
16 8 1
16 9 1
16 10 -1
16 11 1
16 12 1
16 15 -1
16 21 -1
16 25 1
16 31 -1
16 35 1
16 43 1
16 55 -1
16 63 -1
17 3 -1
17 9 -1
17 20 -1
17 22 -1
17 23 -1
17 24 1
17 27 1
17 28 -1
17 30 1
17 32 -1
17 37 1
17 46 1
17 49 -1
17 56 -1
17 59 1
17 62 -1
18 20 1
18 21 -1
18 24 1
18 25 -1
18 26 -1
18 28 1
18 29 1
18 32 1
18 38 -1
18 43 -1
18 46 1
18 56 -1
18 58 -1
18 59 1
18 62 1
18 63 -1
19 2 -1
19 6 -1
19 20 1
19 21 1
19 22 1
19 27 1
19 28 -1
19 30 1
19 31 -1
19 32 -1
19 40 1
19 43 1
19 45 -1
19 58 1
19 62 1
19 64 -1
20 4 1
20 8 1
20 17 -1
20 18 1
20 19 1
20 21 1
20 28 -1
20 29 1
20 31 1
20 32 -1
20 33 1
20 35 -1
20 46 1
20 57 -1
20 59 -1
21 5 -1
21 11 1
21 16 -1
21 18 -1
21 19 1
21 20 1
21 22 1
21 23 -1
21 27 -1
21 29 1
21 31 -1
21 40 -1
21 42 -1
21 53 -1
21 55 -1
22 3 1
22 4 1
22 6 -1
22 17 -1
22 19 1
22 21 1
22 25 1
22 26 -1
22 29 1
22 31 1
22 32 -1
22 39 -1
22 45 1
22 47 -1
23 7 -1
23 17 -1
23 21 -1
23 24 1
23 27 1
23 28 1
23 29 -1
23 30 -1
23 32 1
23 33 1
23 35 -1
23 36 1
23 53 1
23 59 1
23 61 -1
23 64 1
24 14 -1
24 17 1
24 18 1
24 23 1
24 26 -1
24 27 1
24 28 1
24 29 -1
24 30 -1
24 52 -1
24 56 1
24 60 -1
24 62 -1
24 64 1
25 7 1
25 10 -1
25 16 1
25 18 -1
25 22 1
25 26 -1
25 27 1
25 28 -1
25 30 1
25 31 -1
25 32 -1
25 49 -1
25 51 1
25 59 -1
25 61 1
26 1 1
26 3 1
26 14 1
26 18 -1
26 22 -1
26 24 -1
26 25 -1
26 29 -1
26 30 1
26 31 -1
26 32 -1
26 35 -1
26 40 -1
26 42 1
26 48 1
26 60 1
27 1 1
27 3 -1
27 11 -1
27 17 1
27 19 1
27 21 -1
27 23 1
27 24 1
27 25 1
27 30 1
27 31 -1
27 36 -1
27 49 -1
27 54 -1
27 56 -1
28 13 1
28 14 -1
28 17 -1
28 18 1
28 19 -1
28 20 -1
28 23 1
28 24 1
28 25 -1
28 29 -1
28 38 1
28 42 -1
28 50 1
28 52 1
28 60 -1
28 62 1
29 1 1
29 2 -1
29 13 1
29 18 1
29 20 1
29 21 1
29 22 1
29 23 -1
29 24 -1
29 26 -1
29 28 -1
29 34 -1
29 38 1
29 45 1
29 46 -1
29 52 1
30 6 -1
30 10 1
30 17 1
30 19 1
30 23 -1
30 24 -1
30 25 1
30 26 1
30 27 1
30 31 1
30 45 -1
30 52 1
30 54 -1
30 58 -1
31 4 -1
31 16 -1
31 19 -1
31 20 1
31 21 -1
31 22 1
31 25 -1
31 26 -1
31 27 -1
31 30 1
31 33 1
31 36 -1
31 39 1
31 42 -1
31 50 -1
31 53 -1
32 17 -1
32 18 1
32 19 -1
32 20 -1
32 22 -1
32 23 1
32 25 -1
32 26 -1
32 34 1
32 37 1
32 38 1
32 43 -1
32 44 1
32 54 1
32 57 -1
33 1 -1
33 8 1
33 11 1
33 20 1
33 23 1
33 31 1
33 34 -1
33 35 1
33 41 -1
33 43 1
33 44 -1
33 45 1
33 47 -1
33 48 1
33 50 1
33 53 1
34 3 -1
34 9 -1
34 29 -1
34 32 1
34 33 -1
34 36 1
34 37 -1
34 38 -1
34 39 1
34 40 -1
34 44 -1
34 47 1
34 54 1
34 58 1
34 63 -1
35 7 -1
35 11 1
35 16 1
35 20 -1
35 23 -1
35 26 -1
35 33 1
35 37 -1
35 40 -1
35 43 1
35 44 1
35 46 1
35 47 -1
35 48 -1
35 50 -1
35 61 -1
36 5 1
36 8 1
36 12 1
36 13 -1
36 23 1
36 27 -1
36 31 -1
36 34 1
36 38 -1
36 41 -1
36 42 -1
36 44 -1
36 45 1
36 46 -1
36 48 1
36 49 1
37 2 1
37 4 1
37 6 1
37 10 1
37 17 1
37 32 1
37 34 -1
37 35 -1
37 38 1
37 40 -1
37 43 -1
37 46 -1
37 47 -1
37 48 -1
37 59 -1
37 64 1
38 3 1
38 18 -1
38 28 1
38 29 1
38 32 1
38 34 -1
38 36 -1
38 37 1
38 39 1
38 41 1
38 42 1
38 44 1
38 45 1
38 57 1
39 2 -1
39 3 -1
39 12 1
39 22 -1
39 31 1
39 34 1
39 38 1
39 40 1
39 41 1
39 43 -1
39 44 -1
39 46 -1
39 47 1
39 55 -1
39 64 -1
40 8 -1
40 9 1
40 19 1
40 21 -1
40 26 -1
40 34 -1
40 35 -1
40 37 -1
40 39 1
40 41 1
40 42 -1
40 45 1
40 46 -1
40 49 1
40 52 -1
40 54 -1
41 1 -1
41 8 -1
41 11 1
41 33 -1
41 36 -1
41 38 1
41 39 1
41 40 1
41 42 1
41 45 1
41 48 1
41 50 1
41 55 1
41 60 1
41 64 1
42 10 1
42 12 -1
42 15 -1
42 21 -1
42 26 1
42 28 -1
42 31 -1
42 36 -1
42 38 1
42 40 -1
42 41 1
42 43 1
42 44 1
42 46 -1
42 47 -1
43 9 1
43 11 -1
43 14 1
43 16 1
43 18 -1
43 19 1
43 32 -1
43 33 1
43 35 1
43 37 -1
43 39 -1
43 42 1
43 45 1
43 46 1
43 48 1
43 49 1
44 9 1
44 14 -1
44 32 1
44 33 -1
44 34 -1
44 35 1
44 36 -1
44 38 1
44 39 -1
44 42 1
44 47 -1
44 58 -1
44 60 1
44 62 1
44 63 -1
45 3 1
45 9 1
45 15 1
45 19 -1
45 22 1
45 29 1
45 30 -1
45 33 1
45 36 1
45 38 1
45 40 1
45 41 1
45 43 1
45 47 1
45 48 -1
45 52 -1
46 2 1
46 7 -1
46 17 1
46 18 1
46 20 1
46 29 -1
46 35 1
46 36 -1
46 37 -1
46 39 -1
46 40 -1
46 42 -1
46 43 1
46 48 1
46 51 1
46 63 -1
47 1 1
47 5 1
47 11 -1
47 22 -1
47 33 -1
47 34 1
47 35 -1
47 37 -1
47 39 1
47 42 -1
47 44 -1
47 45 1
47 51 1
47 56 1
47 57 -1
48 5 1
48 6 -1
48 10 1
48 26 1
48 33 1
48 35 -1
48 36 1
48 37 -1
48 41 1
48 43 1
48 45 -1
48 46 1
48 49 -1
48 55 -1
48 60 -1
49 17 -1
49 25 -1
49 27 -1
49 36 1
49 40 1
49 43 1
49 48 -1
49 50 -1
49 51 1
49 54 -1
49 55 -1
49 56 -1
49 59 -1
49 62 1
49 64 1
50 9 -1
50 10 1
50 15 1
50 28 1
50 31 -1
50 33 1
50 35 -1
50 41 1
50 49 -1
50 51 1
50 54 1
50 56 1
50 57 1
50 59 1
50 62 -1
50 64 1
51 4 1
51 7 1
51 12 1
51 13 1
51 14 -1
51 25 1
51 46 1
51 47 1
51 49 1
51 50 1
51 52 -1
51 53 1
51 54 1
51 55 1
51 59 -1
51 61 -1
52 7 1
52 15 1
52 24 -1
52 28 1
52 29 1
52 30 1
52 40 -1
52 45 -1
52 51 -1
52 56 1
52 57 -1
52 59 1
52 60 1
52 61 -1
52 63 1
52 64 -1
53 2 1
53 8 -1
53 11 -1
53 14 -1
53 21 -1
53 23 1
53 31 -1
53 33 1
53 51 1
53 54 -1
53 55 -1
53 57 -1
53 58 1
53 59 -1
53 62 -1
53 64 1
54 4 1
54 7 1
54 15 -1
54 27 -1
54 30 -1
54 32 1
54 34 1
54 40 -1
54 49 -1
54 50 1
54 51 1
54 53 -1
54 59 -1
54 60 -1
54 61 -1
54 63 -1
55 9 -1
55 10 -1
55 13 -1
55 16 -1
55 21 -1
55 39 -1
55 41 1
55 48 -1
55 49 -1
55 51 1
55 53 -1
55 56 -1
55 60 1
55 61 1
55 63 1
55 64 1
56 2 1
56 12 -1
56 17 -1
56 18 -1
56 24 1
56 27 -1
56 47 1
56 49 -1
56 50 1
56 52 1
56 55 -1
56 57 1
56 58 1
56 62 -1
56 63 -1
57 13 -1
57 15 1
57 20 -1
57 32 -1
57 38 1
57 47 -1
57 50 1
57 52 -1
57 53 -1
57 56 1
57 58 1
57 60 -1
57 61 -1
57 63 1
58 12 1
58 14 -1
58 18 -1
58 19 1
58 30 -1
58 34 1
58 44 -1
58 53 1
58 56 1
58 57 1
58 60 -1
58 61 -1
58 62 1
58 63 -1
58 64 -1
59 2 -1
59 13 -1
59 17 1
59 18 1
59 20 -1
59 23 1
59 25 -1
59 37 -1
59 49 -1
59 50 1
59 51 -1
59 52 1
59 53 -1
59 54 -1
59 60 1
59 62 1
60 24 -1
60 26 1
60 28 -1
60 41 1
60 44 1
60 48 -1
60 52 1
60 54 -1
60 55 1
60 57 -1
60 58 -1
60 59 1
60 61 -1
60 62 -1
61 1 1
61 5 -1
61 8 -1
61 10 -1
61 13 -1
61 23 -1
61 25 1
61 35 -1
61 51 -1
61 52 -1
61 54 -1
61 55 1
61 57 -1
61 58 -1
61 60 -1
61 64 -1
62 4 1
62 5 -1
62 17 -1
62 18 1
62 19 1
62 24 -1
62 28 1
62 44 1
62 49 1
62 50 -1
62 53 -1
62 56 -1
62 58 1
62 59 1
62 60 -1
62 63 -1
63 5 1
63 16 -1
63 18 -1
63 34 -1
63 44 -1
63 46 -1
63 52 1
63 54 -1
63 55 1
63 56 -1
63 57 1
63 58 -1
63 62 -1
63 64 -1
64 4 -1
64 12 -1
64 19 -1
64 23 1
64 24 1
64 37 1
64 39 -1
64 41 1
64 49 1
64 50 1
64 52 -1
64 53 1
64 55 1
64 58 -1
64 61 -1
64 63 -1
