1 3 -1
1 4 1
1 5 -1
1 9 -1
1 11 -1
1 13 -1
1 14 -1
1 16 -1
1 31 -1
1 49 -1
1 50 -1
1 53 -1
1 54 -1
1 57 -1
2 4 -1
2 5 -1
2 6 -1
2 7 -1
2 9 -1
2 12 -1
2 15 -1
2 16 -1
2 23 -1
2 28 -1
2 29 -1
2 35 -1
2 36 -1
2 46 -1
2 49 -1
2 59 1
3 1 -1
3 4 -1
3 5 -1
3 6 -1
3 7 -1
3 8 -1
3 11 1
3 12 -1
3 19 -1
3 23 -1
3 37 -1
3 41 -1
3 46 -1
3 55 -1
3 56 -1
4 1 1
4 2 -1
4 3 -1
4 5 -1
4 6 -1
4 8 -1
4 10 -1
4 14 -1
4 18 -1
4 24 -1
4 34 -1
4 47 -1
4 52 -1
4 64 -1
5 1 -1
5 2 -1
5 3 -1
5 4 -1
5 6 -1
5 8 -1
5 14 -1
5 15 -1
5 17 -1
5 20 -1
5 25 -1
5 40 -1
5 41 -1
5 51 -1
5 64 -1
6 2 -1
6 3 -1
6 4 -1
6 5 -1
6 11 -1
6 12 -1
6 13 1
6 15 -1
6 17 1
6 19 -1
6 32 -1
6 35 -1
6 37 1
6 42 -1
6 43 -1
6 50 -1
7 2 -1
7 3 -1
7 9 -1
7 10 -1
7 11 -1
7 13 -1
7 15 -1
7 16 -1
7 20 -1
7 30 -1
7 34 -1
7 39 -1
7 54 -1
7 55 -1
7 63 -1
7 64 1
8 3 -1
8 4 -1
8 5 -1
8 9 -1
8 10 -1
8 12 -1
8 15 -1
8 16 1
8 20 -1
8 24 -1
8 29 -1
8 38 -1
8 52 -1
8 53 1
8 58 -1
8 62 -1
9 1 -1
9 2 -1
9 7 -1
9 8 -1
9 10 -1
9 11 -1
9 12 -1
9 16 -1
9 24 -1
9 34 -1
9 35 -1
9 36 -1
9 45 -1
9 48 -1
9 52 -1
9 55 -1
10 4 -1
10 7 -1
10 8 -1
10 9 -1
10 12 -1
10 13 -1
10 15 1
10 16 -1
10 19 -1
10 21 -1
10 25 -1
10 27 -1
10 33 -1
10 49 -1
10 51 -1
11 1 -1
11 3 1
11 6 -1
11 7 -1
11 9 -1
11 12 -1
11 13 -1
11 14 -1
11 25 -1
11 32 -1
11 34 -1
11 42 1
11 48 -1
11 59 1
11 62 -1
12 2 -1
12 3 -1
12 6 -1
12 8 -1
12 9 -1
12 10 -1
12 11 -1
12 14 -1
12 17 -1
12 30 -1
12 33 -1
12 38 -1
12 44 -1
12 51 -1
12 64 -1
13 1 -1
13 6 1
13 7 -1
13 10 -1
13 11 -1
13 14 -1
13 15 -1
13 16 -1
13 39 -1
13 42 -1
13 43 -1
13 48 -1
13 53 -1
13 57 1
13 64 -1
14 1 -1
14 4 -1
14 5 -1
14 11 -1
14 12 -1
14 13 -1
14 15 -1
14 16 -1
14 22 -1
14 27 -1
14 29 -1
14 36 -1
14 37 -1
14 44 1
14 47 -1
14 61 -1
15 2 -1
15 5 -1
15 6 -1
15 7 -1
15 8 -1
15 10 1
15 13 -1
15 14 -1
15 30 -1
15 36 -1
15 39 -1
15 46 -1
15 52 -1
15 54 -1
15 55 -1
15 64 -1
16 1 -1
16 2 -1
16 7 -1
16 8 1
16 9 -1
16 10 -1
16 13 -1
16 14 -1
16 21 -1
16 28 -1
16 30 -1
16 31 -1
16 56 -1
16 58 -1
16 61 -1
17 5 -1
17 6 1
17 12 -1
17 19 -1
17 20 -1
17 23 1
17 24 -1
17 25 -1
17 27 -1
17 30 -1
17 32 -1
17 34 -1
17 50 -1
17 56 -1
17 62 -1
18 4 -1
18 21 -1
18 22 -1
18 23 -1
18 24 -1
18 25 -1
18 27 -1
18 29 -1
18 32 -1
18 35 -1
18 39 -1
18 41 -1
18 47 -1
18 55 -1
18 59 -1
18 61 -1
19 3 -1
19 6 -1
19 10 -1
19 17 -1
19 20 -1
19 22 -1
19 23 -1
19 24 -1
19 26 -1
19 27 1
19 31 -1
19 35 -1
19 38 -1
19 39 -1
19 62 -1
20 5 -1
20 7 -1
20 8 -1
20 17 -1
20 19 -1
20 23 -1
20 24 -1
20 25 -1
20 26 -1
20 31 -1
20 32 -1
20 35 -1
20 54 -1
20 58 -1
20 63 -1
21 10 -1
21 16 -1
21 18 -1
21 22 -1
21 24 -1
21 26 -1
21 27 -1
21 29 -1
21 30 1
21 31 -1
21 48 -1
21 50 -1
21 53 -1
21 57 -1
21 59 -1
21 60 -1
22 14 -1
22 18 -1
22 19 -1
22 21 -1
22 24 -1
22 26 -1
22 28 -1
22 29 -1
22 30 -1
22 44 -1
22 45 -1
22 54 -1
22 58 -1
22 61 -1
22 64 -1
23 2 -1
23 3 -1
23 17 1
23 18 -1
23 19 -1
23 20 -1
23 27 -1
23 28 -1
23 29 -1
23 32 1
23 41 1
23 48 -1
23 56 -1
23 57 -1
23 60 -1
23 61 -1
24 4 -1
24 8 -1
24 9 -1
24 17 -1
24 18 -1
24 19 -1
24 20 -1
24 21 -1
24 22 -1
24 26 -1
24 28 -1
24 33 -1
24 43 -1
24 52 -1
24 53 -1
25 5 -1
25 10 -1
25 11 -1
25 17 -1
25 18 -1
25 20 -1
25 27 -1
25 28 -1
25 29 1
25 30 -1
25 31 -1
25 34 -1
25 43 -1
25 45 -1
25 46 -1
25 55 -1
26 19 -1
26 20 -1
26 21 -1
26 22 -1
26 24 -1
26 28 1
26 29 1
26 32 -1
26 34 -1
26 38 -1
26 43 -1
26 44 -1
26 45 -1
26 54 -1
26 63 -1
27 10 -1
27 14 -1
27 17 -1
27 18 -1
27 19 1
27 21 -1
27 23 -1
27 25 -1
27 30 -1
27 31 1
27 33 -1
27 37 -1
27 45 1
27 51 -1
27 55 1
28 2 -1
28 16 -1
28 22 -1
28 23 -1
28 24 -1
28 25 -1
28 26 1
28 30 -1
28 31 -1
28 32 -1
28 33 -1
28 39 -1
28 44 -1
28 45 -1
28 51 1
29 2 -1
29 8 -1
29 14 -1
29 18 -1
29 21 -1
29 22 -1
29 23 -1
29 25 1
29 26 1
29 30 -1
29 32 -1
29 37 -1
29 39 -1
29 44 -1
29 52 -1
29 60 1
30 7 -1
30 12 -1
30 15 -1
30 16 -1
30 17 -1
30 21 1
30 22 -1
30 25 -1
30 27 -1
30 28 -1
30 29 -1
30 31 -1
30 38 -1
30 46 -1
30 52 -1
31 1 -1
31 16 -1
31 19 -1
31 20 -1
31 21 -1
31 25 -1
31 27 1
31 28 -1
31 30 -1
31 32 -1
31 38 -1
31 46 -1
31 48 -1
31 56 -1
31 60 -1
32 6 -1
32 11 -1
32 17 -1
32 18 -1
32 20 -1
32 23 1
32 26 -1
32 28 -1
32 29 -1
32 31 -1
32 40 -1
32 41 -1
32 59 -1
32 62 -1
32 63 -1
33 10 -1
33 12 -1
33 24 -1
33 27 -1
33 28 -1
33 34 -1
33 35 -1
33 36 -1
33 40 1
33 41 -1
33 43 -1
33 44 1
33 46 -1
33 50 -1
33 60 -1
34 4 -1
34 7 -1
34 9 -1
34 11 -1
34 17 -1
34 25 -1
34 26 -1
34 33 -1
34 35 -1
34 38 -1
34 43 -1
34 44 -1
34 45 -1
34 47 -1
34 48 -1
35 2 -1
35 6 -1
35 9 -1
35 18 -1
35 19 -1
35 20 -1
35 33 -1
35 34 -1
35 36 -1
35 39 -1
35 41 -1
35 42 -1
35 46 -1
35 48 -1
35 54 -1
35 60 -1
36 2 -1
36 9 -1
36 14 -1
36 15 -1
36 33 -1
36 35 -1
36 37 1
36 38 -1
36 40 -1
36 41 -1
36 42 -1
36 45 1
36 49 1
36 53 1
36 57 -1
36 59 -1
37 3 -1
37 6 1
37 14 -1
37 27 -1
37 29 -1
37 36 1
37 38 -1
37 39 1
37 41 -1
37 43 -1
37 45 -1
37 46 -1
37 47 -1
37 50 1
37 51 -1
37 59 -1
38 8 -1
38 12 -1
38 19 -1
38 26 -1
38 30 -1
38 31 -1
38 34 -1
38 36 -1
38 37 -1
38 42 1
38 43 -1
38 44 -1
38 45 -1
38 48 -1
38 58 -1
38 61 -1
39 7 -1
39 13 -1
39 15 -1
39 18 -1
39 19 -1
39 28 -1
39 29 -1
39 35 -1
39 37 1
39 40 -1
39 42 -1
39 44 -1
39 46 -1
39 47 -1
39 48 1
39 50 1
40 5 -1
40 32 -1
40 33 1
40 36 -1
40 39 -1
40 41 -1
40 42 -1
40 45 -1
40 47 -1
40 48 -1
40 56 -1
40 58 -1
40 62 -1
41 3 -1
41 5 -1
41 18 -1
41 23 1
41 32 -1
41 33 -1
41 35 -1
41 36 -1
41 37 -1
41 40 -1
41 43 -1
41 47 -1
41 48 -1
41 49 -1
41 63 -1
42 6 -1
42 11 1
42 13 -1
42 35 -1
42 36 -1
42 38 1
42 39 -1
42 40 -1
42 43 1
42 45 -1
42 48 1
42 57 -1
42 59 -1
42 63 -1
43 6 -1
43 13 -1
43 24 -1
43 25 -1
43 26 -1
43 33 -1
43 34 -1
43 37 -1
43 38 -1
43 41 -1
43 42 1
43 44 1
43 47 -1
43 61 -1
43 64 -1
44 12 -1
44 14 1
44 22 -1
44 26 -1
44 28 -1
44 29 -1
44 33 1
44 34 -1
44 38 -1
44 39 -1
44 43 1
44 45 1
44 46 -1
44 47 -1
44 56 -1
44 58 -1
45 9 -1
45 22 -1
45 25 -1
45 26 -1
45 27 1
45 28 -1
45 34 -1
45 36 1
45 37 -1
45 38 -1
45 40 -1
45 42 -1
45 44 1
45 46 -1
45 51 -1
46 2 -1
46 3 -1
46 15 -1
46 25 -1
46 30 -1
46 31 -1
46 33 -1
46 35 -1
46 37 -1
46 39 -1
46 44 -1
46 45 -1
46 47 -1
46 48 -1
47 4 -1
47 14 -1
47 18 -1
47 34 -1
47 37 -1
47 39 -1
47 40 -1
47 41 -1
47 43 -1
47 44 -1
47 46 -1
47 50 -1
47 55 -1
47 58 -1
47 60 -1
48 9 -1
48 11 -1
48 13 -1
48 21 -1
48 23 -1
48 31 -1
48 34 -1
48 35 -1
48 38 -1
48 39 1
48 40 -1
48 41 -1
48 42 1
48 46 -1
48 49 -1
48 63 -1
49 1 -1
49 2 -1
49 10 -1
49 36 1
49 41 -1
49 48 -1
49 52 -1
49 53 1
49 54 1
49 55 -1
49 56 1
49 59 -1
49 60 -1
49 64 -1
50 1 -1
50 6 -1
50 17 -1
50 21 -1
50 33 -1
50 37 1
50 39 1
50 47 -1
50 53 -1
50 54 -1
50 55 -1
50 57 -1
50 59 -1
50 60 -1
50 61 -1
50 62 -1
51 5 -1
51 10 -1
51 12 -1
51 27 -1
51 28 1
51 37 -1
51 45 -1
51 52 -1
51 53 -1
51 55 -1
51 58 -1
51 59 -1
51 61 -1
51 62 -1
51 63 -1
52 4 -1
52 8 -1
52 9 -1
52 15 -1
52 24 -1
52 29 -1
52 30 -1
52 49 -1
52 51 -1
52 53 -1
52 56 -1
52 58 -1
52 60 -1
52 62 -1
52 63 -1
53 1 -1
53 8 1
53 13 -1
53 21 -1
53 24 -1
53 36 1
53 49 1
53 50 -1
53 51 -1
53 52 -1
53 54 1
53 57 1
53 58 -1
53 60 -1
54 1 -1
54 7 -1
54 15 -1
54 20 -1
54 22 -1
54 26 -1
54 35 -1
54 49 1
54 50 -1
54 53 1
54 56 -1
54 61 -1
54 62 -1
54 63 -1
54 64 -1
55 3 -1
55 7 -1
55 9 -1
55 15 -1
55 18 -1
55 25 -1
55 27 1
55 47 -1
55 49 -1
55 50 -1
55 51 -1
55 57 -1
55 60 -1
55 61 -1
55 62 1
55 63 -1
56 3 -1
56 16 -1
56 17 -1
56 23 -1
56 31 -1
56 40 -1
56 44 -1
56 49 1
56 52 -1
56 54 -1
56 57 -1
56 58 -1
56 59 -1
56 60 -1
56 64 1
57 1 -1
57 13 1
57 21 -1
57 23 -1
57 36 -1
57 42 -1
57 50 -1
57 53 1
57 55 -1
57 56 -1
57 58 -1
57 61 -1
57 62 -1
57 64 -1
58 8 -1
58 16 -1
58 20 -1
58 22 -1
58 38 -1
58 40 -1
58 44 -1
58 47 -1
58 51 -1
58 52 -1
58 53 -1
58 56 -1
58 57 -1
58 62 -1
58 63 -1
58 64 -1
59 2 1
59 11 1
59 18 -1
59 21 -1
59 32 -1
59 36 -1
59 37 -1
59 42 -1
59 49 -1
59 50 -1
59 51 -1
59 56 -1
59 60 -1
59 61 -1
59 62 -1
59 63 -1
60 21 -1
60 23 -1
60 29 1
60 31 -1
60 33 -1
60 35 -1
60 47 -1
60 49 -1
60 50 -1
60 52 -1
60 53 -1
60 55 -1
60 56 -1
60 59 -1
60 64 -1
61 14 -1
61 16 -1
61 18 -1
61 22 -1
61 23 -1
61 38 -1
61 43 -1
61 50 -1
61 51 -1
61 54 -1
61 55 -1
61 57 -1
61 59 -1
61 63 -1
61 64 -1
62 8 -1
62 11 -1
62 17 -1
62 19 -1
62 32 -1
62 40 -1
62 50 -1
62 51 -1
62 52 -1
62 54 -1
62 55 1
62 57 -1
62 58 -1
62 59 -1
63 7 -1
63 20 -1
63 26 -1
63 32 -1
63 41 -1
63 42 -1
63 48 -1
63 51 -1
63 52 -1
63 54 -1
63 55 -1
63 58 -1
63 59 -1
63 61 -1
63 64 -1
64 4 -1
64 5 -1
64 7 1
64 12 -1
64 13 -1
64 15 -1
64 22 -1
64 43 -1
64 49 -1
64 54 -1
64 56 1
64 57 -1
64 58 -1
64 60 -1
64 61 -1
64 63 -1
