1 2 -1
1 4 -1
1 5 -1
1 6 1
1 9 -1
1 10 -1
1 14 -1
1 15 -1
1 21 -1
1 29 -1
1 33 1
1 38 1
1 41 -1
1 47 -1
1 54 -1
1 55 -1
2 1 -1
2 4 -1
2 5 -1
2 7 -1
2 8 -1
2 9 -1
2 12 -1
2 16 -1
2 18 1
2 21 -1
2 25 -1
2 32 -1
2 36 -1
2 54 -1
2 55 1
2 59 -1
3 6 -1
3 8 1
3 9 -1
3 10 -1
3 11 -1
3 13 -1
3 15 -1
3 16 -1
3 28 -1
3 29 -1
3 34 -1
3 45 -1
3 54 -1
3 58 -1
3 60 -1
3 64 -1
4 1 -1
4 2 -1
4 6 -1
4 7 -1
4 10 -1
4 11 -1
4 13 -1
4 16 -1
4 19 -1
4 23 -1
4 29 -1
4 31 1
4 38 -1
4 41 -1
4 51 -1
5 1 -1
5 2 -1
5 6 -1
5 8 -1
5 10 1
5 11 -1
5 12 -1
5 13 -1
5 34 1
5 38 -1
5 44 1
5 47 -1
5 48 -1
5 50 -1
5 58 -1
5 63 -1
6 1 1
6 3 -1
6 4 -1
6 5 -1
6 7 -1
6 9 -1
6 15 -1
6 16 -1
6 29 -1
6 33 -1
6 44 1
6 48 1
6 50 -1
6 58 -1
6 62 -1
7 2 -1
7 4 -1
7 6 -1
7 8 -1
7 9 1
7 11 -1
7 13 1
7 14 -1
7 23 -1
7 29 1
7 35 -1
7 45 -1
7 48 1
7 49 1
7 60 -1
8 2 -1
8 3 1
8 5 -1
8 7 -1
8 10 -1
8 11 -1
8 12 -1
8 14 -1
8 20 -1
8 30 1
8 36 1
8 41 -1
8 44 -1
8 46 1
8 55 -1
8 64 1
9 1 -1
9 2 -1
9 3 -1
9 6 -1
9 7 1
9 10 -1
9 14 -1
9 15 -1
9 27 -1
9 28 -1
9 31 1
9 33 -1
9 35 -1
9 43 -1
9 55 -1
9 63 -1
10 1 -1
10 3 -1
10 4 -1
10 5 1
10 8 -1
10 9 -1
10 14 -1
10 16 1
10 37 -1
10 39 -1
10 41 -1
10 55 -1
10 57 -1
10 60 -1
10 61 -1
10 62 -1
11 3 -1
11 4 -1
11 5 -1
11 7 -1
11 8 -1
11 12 -1
11 14 -1
11 15 -1
11 19 1
11 21 -1
11 23 -1
11 32 -1
11 38 1
11 42 1
11 50 1
11 59 -1
12 2 -1
12 5 -1
12 8 -1
12 11 -1
12 13 -1
12 14 -1
12 15 -1
12 16 1
12 21 -1
12 22 -1
12 23 -1
12 24 1
12 33 -1
12 45 -1
12 47 -1
13 3 -1
13 4 -1
13 5 -1
13 7 1
13 12 -1
13 14 -1
13 15 -1
13 16 -1
13 18 -1
13 31 1
13 41 -1
13 42 1
13 51 -1
13 61 -1
14 1 -1
14 7 -1
14 8 -1
14 9 -1
14 10 -1
14 11 -1
14 12 -1
14 13 -1
14 26 -1
14 29 -1
14 45 1
14 49 1
14 50 -1
14 51 -1
14 64 1
15 1 -1
15 3 -1
15 6 -1
15 9 -1
15 11 -1
15 12 -1
15 13 -1
15 16 -1
15 33 -1
15 36 1
15 37 1
15 52 -1
15 57 -1
15 58 -1
15 60 -1
15 61 -1
16 2 -1
16 3 -1
16 4 -1
16 6 -1
16 10 1
16 12 1
16 13 -1
16 15 -1
16 22 -1
16 43 -1
16 45 -1
16 51 -1
16 55 -1
16 57 -1
16 63 -1
17 19 -1
17 21 1
17 22 -1
17 27 -1
17 28 -1
17 29 -1
17 30 -1
17 32 -1
17 39 -1
17 47 -1
17 52 -1
17 57 -1
17 59 -1
17 61 -1
17 63 -1
17 64 1
18 2 1
18 13 -1
18 21 -1
18 22 -1
18 26 1
18 28 -1
18 29 -1
18 30 -1
18 31 -1
18 32 -1
18 34 -1
18 36 -1
18 38 1
18 50 -1
18 60 -1
18 64 -1
19 4 -1
19 11 1
19 17 -1
19 20 -1
19 21 -1
19 25 1
19 26 -1
19 29 -1
19 30 -1
19 31 -1
19 37 -1
19 44 -1
19 52 -1
19 55 1
19 58 -1
19 60 1
20 8 -1
20 19 -1
20 21 -1
20 22 -1
20 23 -1
20 24 -1
20 25 1
20 30 1
20 31 1
20 35 -1
20 36 -1
20 39 -1
20 40 -1
20 42 -1
20 49 -1
20 63 -1
21 1 -1
21 2 -1
21 11 -1
21 12 -1
21 17 1
21 18 -1
21 19 -1
21 20 -1
21 24 -1
21 26 -1
21 29 -1
21 30 -1
21 43 -1
21 56 1
21 57 -1
21 63 -1
22 12 -1
22 16 -1
22 17 -1
22 18 -1
22 20 -1
22 23 -1
22 24 -1
22 27 -1
22 29 1
22 32 -1
22 33 -1
22 40 -1
22 42 -1
22 46 -1
23 4 -1
23 7 -1
23 11 -1
23 12 -1
23 20 -1
23 22 -1
23 24 1
23 25 -1
23 26 -1
23 27 1
23 30 -1
23 31 -1
23 41 -1
23 46 -1
23 54 -1
23 56 -1
24 12 1
24 20 -1
24 21 -1
24 22 -1
24 23 1
24 26 -1
24 27 -1
24 28 -1
24 31 -1
24 34 -1
24 35 -1
24 42 1
24 43 -1
24 52 -1
24 53 -1
24 61 -1
25 2 -1
25 19 1
25 20 1
25 23 -1
25 26 -1
25 28 -1
25 29 1
25 30 1
25 32 -1
25 33 -1
25 40 -1
25 49 -1
25 52 -1
25 53 -1
25 62 1
26 14 -1
26 18 1
26 19 -1
26 21 -1
26 23 -1
26 24 -1
26 25 -1
26 28 -1
26 32 -1
26 37 1
26 46 -1
26 47 1
26 48 -1
26 50 -1
26 62 -1
27 9 -1
27 17 -1
27 22 -1
27 23 1
27 24 -1
27 28 -1
27 29 1
27 31 -1
27 32 -1
27 36 -1
27 37 -1
27 46 1
27 50 -1
27 54 1
27 57 -1
27 59 -1
28 3 -1
28 9 -1
28 17 -1
28 18 -1
28 24 -1
28 25 -1
28 26 -1
28 27 -1
28 31 -1
28 32 -1
28 33 -1
28 46 -1
28 48 -1
28 49 -1
28 53 -1
29 1 -1
29 3 -1
29 4 -1
29 6 -1
29 7 1
29 14 -1
29 17 -1
29 18 -1
29 19 -1
29 21 -1
29 22 1
29 25 1
29 27 1
29 30 -1
29 36 -1
29 64 -1
30 8 1
30 17 -1
30 18 -1
30 19 -1
30 20 1
30 21 -1
30 23 -1
30 25 1
30 29 -1
30 34 -1
30 39 -1
30 46 -1
30 56 -1
30 57 -1
30 59 -1
31 4 1
31 9 1
31 13 1
31 18 -1
31 19 -1
31 20 1
31 23 -1
31 24 -1
31 27 -1
31 28 -1
31 32 -1
31 48 -1
31 53 1
31 61 -1
32 2 -1
32 11 -1
32 17 -1
32 18 -1
32 22 -1
32 25 -1
32 26 -1
32 27 -1
32 28 -1
32 31 -1
32 39 -1
32 43 -1
32 45 -1
32 49 -1
32 56 -1
33 1 1
33 6 -1
33 9 -1
33 12 -1
33 15 -1
33 22 -1
33 25 -1
33 28 -1
33 35 1
33 37 -1
33 39 -1
33 41 1
33 42 -1
33 43 -1
33 47 -1
33 48 -1
34 3 -1
34 5 1
34 18 -1
34 24 -1
34 30 -1
34 35 1
34 38 -1
34 40 -1
34 41 -1
34 42 -1
34 43 -1
34 46 -1
34 48 1
34 54 -1
35 7 -1
35 9 -1
35 20 -1
35 24 -1
35 33 1
35 34 1
35 36 -1
35 37 -1
35 40 -1
35 43 -1
35 44 -1
35 48 -1
35 51 -1
35 52 -1
35 55 -1
35 59 -1
36 2 -1
36 8 1
36 15 1
36 18 -1
36 20 -1
36 27 -1
36 29 -1
36 35 -1
36 37 -1
36 39 -1
36 42 1
36 43 -1
36 44 1
36 46 -1
36 47 1
36 57 1
37 10 -1
37 15 1
37 19 -1
37 26 1
37 27 -1
37 33 -1
37 35 -1
37 36 -1
37 38 -1
37 41 -1
37 43 1
37 44 -1
37 46 1
37 50 -1
37 52 1
37 63 -1
38 1 1
38 4 -1
38 5 -1
38 11 1
38 18 1
38 34 -1
38 37 -1
38 39 -1
38 42 -1
38 45 -1
38 46 -1
38 47 1
38 48 -1
38 51 -1
38 53 1
39 10 -1
39 17 -1
39 20 -1
39 30 -1
39 32 -1
39 33 -1
39 36 -1
39 38 -1
39 40 -1
39 42 1
39 45 -1
39 46 -1
39 47 -1
39 54 -1
39 60 1
39 64 -1
40 20 -1
40 22 -1
40 25 -1
40 34 -1
40 35 -1
40 39 -1
40 41 -1
40 42 -1
40 44 -1
40 45 1
40 48 1
40 58 1
40 61 -1
41 1 -1
41 4 -1
41 8 -1
41 10 -1
41 13 -1
41 23 -1
41 33 1
41 34 -1
41 37 -1
41 40 -1
41 44 -1
41 45 1
41 46 -1
41 47 1
41 53 1
42 11 1
42 13 1
42 20 -1
42 22 -1
42 24 1
42 33 -1
42 34 -1
42 36 1
42 38 -1
42 39 1
42 40 -1
42 43 -1
42 48 -1
42 51 1
42 53 -1
43 9 -1
43 16 -1
43 21 -1
43 24 -1
43 32 -1
43 33 -1
43 34 -1
43 35 -1
43 36 -1
43 37 1
43 42 -1
43 45 -1
43 47 -1
43 49 -1
43 62 -1
44 5 1
44 6 1
44 8 -1
44 19 -1
44 35 -1
44 36 1
44 37 -1
44 40 -1
44 41 -1
44 46 -1
44 47 -1
44 48 -1
44 52 1
44 56 -1
44 59 1
45 3 -1
45 7 -1
45 12 -1
45 14 1
45 16 -1
45 32 -1
45 38 -1
45 39 -1
45 40 1
45 41 1
45 43 -1
45 46 -1
45 47 -1
45 48 1
45 58 -1
46 8 1
46 22 -1
46 23 -1
46 26 -1
46 27 1
46 28 -1
46 30 -1
46 34 -1
46 36 -1
46 37 1
46 38 -1
46 39 -1
46 41 -1
46 44 -1
46 45 -1
46 56 -1
47 1 -1
47 5 -1
47 12 -1
47 17 -1
47 26 1
47 33 -1
47 36 1
47 38 1
47 39 -1
47 41 1
47 43 -1
47 44 -1
47 45 -1
47 49 -1
47 59 -1
47 62 -1
48 5 -1
48 6 1
48 7 1
48 26 -1
48 28 -1
48 31 -1
48 33 -1
48 34 1
48 35 -1
48 38 -1
48 40 1
48 42 -1
48 44 -1
48 45 1
48 56 -1
49 7 1
49 14 1
49 20 -1
49 25 -1
49 28 -1
49 32 -1
49 43 -1
49 47 -1
49 51 -1
49 52 -1
49 56 -1
49 58 -1
49 59 -1
49 62 -1
49 63 -1
49 64 1
50 5 -1
50 6 -1
50 11 1
50 14 -1
50 18 -1
50 26 -1
50 27 -1
50 37 -1
50 51 -1
50 52 -1
50 53 -1
50 55 -1
50 56 -1
50 57 -1
50 59 1
50 62 -1
51 4 -1
51 13 -1
51 14 -1
51 16 -1
51 35 -1
51 38 -1
51 42 1
51 49 -1
51 50 -1
51 52 1
51 53 -1
51 56 -1
51 58 -1
51 59 -1
51 64 -1
52 15 -1
52 17 -1
52 19 -1
52 24 -1
52 25 -1
52 35 -1
52 37 1
52 44 1
52 49 -1
52 50 -1
52 51 1
52 56 -1
52 60 -1
52 61 1
52 62 -1
52 64 -1
53 24 -1
53 25 -1
53 28 -1
53 31 1
53 38 1
53 41 1
53 42 -1
53 50 -1
53 51 -1
53 54 -1
53 57 -1
53 58 -1
53 59 -1
53 61 -1
53 63 -1
54 1 -1
54 2 -1
54 3 -1
54 23 -1
54 27 1
54 34 -1
54 39 -1
54 53 -1
54 56 1
54 57 -1
54 58 -1
54 59 -1
54 60 -1
54 63 -1
54 64 -1
55 1 -1
55 2 1
55 8 -1
55 9 -1
55 10 -1
55 16 -1
55 19 1
55 35 -1
55 50 -1
55 57 1
55 58 1
55 59 -1
55 60 1
55 61 -1
55 62 1
55 63 -1
56 21 1
56 23 -1
56 30 -1
56 32 -1
56 44 -1
56 46 -1
56 48 -1
56 49 -1
56 50 -1
56 51 -1
56 52 -1
56 54 1
56 60 -1
56 61 1
56 64 1
57 10 -1
57 15 -1
57 16 -1
57 17 -1
57 21 -1
57 27 -1
57 30 -1
57 36 1
57 50 -1
57 53 -1
57 54 -1
57 55 1
57 58 -1
57 60 -1
57 61 -1
57 62 -1
58 3 -1
58 5 -1
58 6 -1
58 15 -1
58 19 -1
58 40 1
58 45 -1
58 49 -1
58 51 -1
58 53 -1
58 54 -1
58 55 1
58 57 -1
58 60 -1
58 63 1
59 2 -1
59 11 -1
59 17 -1
59 27 -1
59 30 -1
59 35 -1
59 44 1
59 47 -1
59 49 -1
59 50 1
59 51 -1
59 53 -1
59 54 -1
59 55 -1
59 62 -1
59 63 -1
60 3 -1
60 7 -1
60 10 -1
60 15 -1
60 18 -1
60 19 1
60 39 1
60 52 -1
60 54 -1
60 55 1
60 56 -1
60 57 -1
60 58 -1
60 62 1
60 64 -1
61 10 -1
61 13 -1
61 15 -1
61 17 -1
61 24 -1
61 31 -1
61 40 -1
61 52 1
61 53 -1
61 55 -1
61 56 1
61 57 -1
61 62 -1
61 63 -1
61 64 -1
62 6 -1
62 10 -1
62 25 1
62 26 -1
62 43 -1
62 47 -1
62 49 -1
62 50 -1
62 52 -1
62 55 1
62 57 -1
62 59 -1
62 60 1
62 61 -1
63 5 -1
63 9 -1
63 16 -1
63 17 -1
63 20 -1
63 21 -1
63 37 -1
63 49 -1
63 53 -1
63 54 -1
63 55 -1
63 58 1
63 59 -1
63 61 -1
63 64 1
64 3 -1
64 8 1
64 14 1
64 17 1
64 18 -1
64 29 -1
64 39 -1
64 49 1
64 51 -1
64 52 -1
64 54 -1
64 56 1
64 60 -1
64 61 -1
64 63 1
