1 3 -1
1 5 -1
1 6 1
1 9 1
1 10 1
1 13 1
1 14 1
1 16 1
1 27 1
1 32 -1
1 33 1
1 46 1
1 54 1
1 55 1
1 60 1
2 3 -1
2 4 1
2 6 1
2 7 1
2 8 1
2 12 1
2 14 1
2 15 1
2 21 1
2 30 1
2 38 1
2 39 1
2 40 1
2 46 1
2 50 1
2 55 1
3 1 -1
3 2 -1
3 4 1
3 5 1
3 6 1
3 7 1
3 10 1
3 12 1
3 22 1
3 25 1
3 37 1
3 53 -1
3 61 -1
3 62 1
3 63 -1
3 64 1
4 2 1
4 3 1
4 5 1
4 6 1
4 7 1
4 9 -1
4 11 1
4 15 1
4 18 1
4 19 1
4 25 -1
4 31 1
4 35 1
4 44 1
4 57 -1
5 1 -1
5 3 1
5 4 1
5 7 1
5 10 1
5 12 1
5 13 1
5 15 1
5 18 1
5 24 1
5 27 -1
5 36 1
5 41 1
5 42 1
5 54 1
5 64 1
6 1 1
6 2 1
6 3 1
6 4 1
6 9 1
6 10 1
6 13 1
6 15 1
6 18 -1
6 21 1
6 29 1
6 49 1
6 51 1
6 54 1
6 56 1
7 2 1
7 3 1
7 4 1
7 5 1
7 11 1
7 12 1
7 13 1
7 16 1
7 17 1
7 33 1
7 45 -1
7 49 1
7 57 1
7 59 1
8 2 1
8 9 1
8 10 1
8 11 1
8 12 1
8 14 1
8 15 1
8 16 1
8 18 1
8 19 1
8 22 -1
8 28 1
8 31 -1
8 41 -1
8 46 1
8 58 1
9 1 1
9 4 -1
9 6 1
9 8 1
9 11 1
9 12 -1
9 15 1
9 16 1
9 33 1
9 39 -1
9 43 1
9 48 1
9 49 -1
9 51 1
9 59 1
10 1 1
10 3 1
10 5 1
10 6 1
10 8 1
10 13 1
10 14 1
10 16 1
10 34 1
10 35 -1
10 47 1
10 48 1
10 58 1
10 62 -1
10 63 1
11 4 1
11 7 1
11 8 1
11 9 1
11 12 1
11 13 1
11 14 -1
11 15 1
11 19 1
11 25 1
11 29 1
11 35 1
11 39 -1
11 45 1
11 63 1
12 2 1
12 3 1
12 5 1
12 7 1
12 8 1
12 9 -1
12 11 1
12 16 1
12 29 -1
12 33 1
12 41 1
12 42 -1
12 56 1
12 57 1
12 58 1
13 1 1
13 5 1
13 6 1
13 7 1
13 10 1
13 11 1
13 14 1
13 16 -1
13 20 1
13 25 -1
13 37 1
13 45 1
13 50 -1
13 54 -1
13 56 1
13 61 1
14 1 1
14 2 1
14 8 1
14 10 1
14 11 -1
14 13 1
14 15 1
14 16 1
14 23 1
14 28 1
14 30 -1
14 43 1
14 44 1
14 47 -1
14 60 1
15 2 1
15 4 1
15 5 1
15 6 1
15 8 1
15 9 1
15 11 1
15 14 1
15 30 1
15 38 1
15 40 1
15 45 1
15 52 -1
15 53 1
15 56 1
16 1 1
16 7 1
16 8 1
16 9 1
16 10 1
16 12 1
16 13 -1
16 14 1
16 28 1
16 30 1
16 34 1
16 35 1
16 39 -1
16 50 1
16 62 1
17 7 1
17 19 1
17 24 1
17 25 1
17 27 1
17 28 1
17 30 -1
17 31 1
17 32 1
17 34 1
17 43 1
17 54 1
17 59 1
17 64 -1
18 4 1
18 5 1
18 6 -1
18 8 1
18 19 -1
18 20 1
18 21 -1
18 23 1
18 24 1
18 25 1
18 27 1
18 32 1
18 44 1
18 47 1
18 59 1
18 61 -1
19 4 1
19 8 1
19 11 1
19 17 1
19 18 -1
19 21 1
19 22 1
19 23 1
19 25 1
19 29 -1
19 31 1
19 35 1
19 50 1
19 64 1
20 13 1
20 18 1
20 21 1
20 24 1
20 25 1
20 26 -1
20 27 1
20 28 -1
20 29 1
20 43 -1
20 48 1
20 50 1
20 55 1
20 58 1
20 64 1
21 2 1
21 6 1
21 18 -1
21 19 1
21 20 1
21 25 1
21 26 -1
21 27 1
21 28 1
21 32 1
21 40 1
21 41 1
21 44 1
21 46 -1
21 63 1
22 3 1
22 8 -1
22 19 1
22 26 1
22 27 -1
22 28 1
22 29 1
22 30 1
22 31 1
22 32 1
22 36 1
22 42 1
22 48 -1
22 54 1
22 57 1
23 14 1
23 18 1
23 19 1
23 24 1
23 25 1
23 26 1
23 30 -1
23 31 1
23 32 1
23 37 1
23 45 1
23 52 1
23 54 1
23 56 1
23 63 1
24 5 1
24 17 1
24 18 1
24 20 1
24 23 1
24 26 1
24 30 1
24 31 1
24 32 1
24 34 1
24 39 1
24 42 1
24 43 1
24 46 1
24 55 1
24 62 1
25 3 1
25 4 -1
25 11 1
25 13 -1
25 17 1
25 18 1
25 19 1
25 20 1
25 21 1
25 23 1
25 27 -1
25 30 1
25 52 -1
25 62 1
26 20 -1
26 21 -1
26 22 1
26 23 1
26 24 1
26 29 1
26 30 1
26 31 -1
26 34 1
26 36 1
26 47 -1
26 51 1
26 58 1
27 1 1
27 5 -1
27 17 1
27 18 1
27 20 1
27 21 1
27 22 -1
27 25 -1
27 28 -1
27 32 1
27 34 1
27 51 1
27 52 1
27 53 1
27 59 1
27 61 -1
28 8 1
28 14 1
28 16 1
28 17 1
28 20 -1
28 21 1
28 22 1
28 27 -1
28 29 1
28 30 1
28 31 1
28 33 1
28 36 -1
28 53 1
28 55 1
28 60 1
29 6 1
29 11 1
29 12 -1
29 19 -1
29 20 1
29 22 1
29 26 1
29 28 1
29 30 1
29 31 1
29 32 1
29 35 1
29 42 1
29 56 -1
29 62 -1
30 2 1
30 14 -1
30 15 1
30 16 1
30 17 -1
30 22 1
30 23 -1
30 24 1
30 25 1
30 26 1
30 28 1
30 29 1
30 45 1
30 46 1
30 55 1
30 60 1
31 4 1
31 8 -1
31 17 1
31 19 1
31 22 1
31 23 1
31 24 1
31 26 -1
31 28 1
31 29 1
31 37 1
31 40 1
31 42 1
31 46 1
31 50 1
32 1 -1
32 17 1
32 18 1
32 21 1
32 22 1
32 23 1
32 24 1
32 27 1
32 29 1
32 42 1
32 46 1
32 47 1
32 60 1
33 1 1
33 7 1
33 9 1
33 12 1
33 28 1
33 35 1
33 37 -1
33 38 -1
33 39 1
33 41 1
33 43 1
33 45 1
33 48 1
33 52 1
33 53 -1
33 62 -1
34 10 1
34 16 1
34 17 1
34 24 1
34 26 1
34 27 1
34 36 1
34 37 1
34 38 1
34 40 1
34 42 1
34 45 1
34 46 -1
34 47 -1
35 4 1
35 10 -1
35 11 1
35 16 1
35 19 1
35 29 1
35 33 1
35 36 1
35 40 1
35 42 1
35 43 1
35 45 1
35 46 1
35 47 1
35 50 1
35 60 1
36 5 1
36 22 1
36 26 1
36 28 -1
36 34 1
36 35 1
36 39 1
36 40 1
36 41 1
36 42 1
36 44 1
36 48 1
36 53 1
36 61 -1
37 3 1
37 13 1
37 23 1
37 31 1
37 33 -1
37 34 1
37 38 1
37 39 1
37 42 -1
37 43 1
37 46 1
37 48 1
37 51 -1
37 58 1
37 61 1
37 63 -1
38 2 1
38 15 1
38 33 -1
38 34 1
38 37 1
38 39 -1
38 40 1
38 41 1
38 44 1
38 46 -1
38 49 -1
38 57 1
38 61 1
39 2 1
39 9 -1
39 11 -1
39 16 -1
39 24 1
39 33 1
39 36 1
39 37 1
39 38 -1
39 40 -1
39 41 -1
39 46 1
39 48 1
39 52 1
39 57 1
39 63 1
40 2 1
40 15 1
40 21 1
40 31 1
40 34 1
40 35 1
40 36 1
40 38 1
40 39 -1
40 41 1
40 42 -1
40 45 -1
40 53 1
40 59 1
40 63 -1
41 5 1
41 8 -1
41 12 1
41 21 1
41 33 1
41 36 1
41 38 1
41 39 -1
41 40 1
41 42 1
41 44 1
41 47 1
41 49 1
41 58 -1
41 59 -1
41 64 1
42 5 1
42 12 -1
42 22 1
42 24 1
42 29 1
42 31 1
42 32 1
42 34 1
42 35 1
42 36 1
42 37 -1
42 40 -1
42 41 1
42 44 1
42 47 -1
43 9 1
43 14 1
43 17 1
43 20 -1
43 24 1
43 33 1
43 35 1
43 37 1
43 44 -1
43 45 -1
43 46 1
43 47 1
43 48 1
43 50 1
43 51 1
43 64 1
44 4 1
44 14 1
44 18 1
44 21 1
44 36 1
44 38 1
44 41 1
44 42 1
44 43 -1
44 45 1
44 47 -1
44 48 1
44 53 1
44 59 1
44 61 -1
45 7 -1
45 11 1
45 13 1
45 15 1
45 23 1
45 30 1
45 33 1
45 34 1
45 35 1
45 40 -1
45 43 -1
45 44 1
45 46 1
45 48 -1
45 54 1
46 1 1
46 2 1
46 8 1
46 21 -1
46 24 1
46 30 1
46 31 1
46 32 1
46 34 -1
46 35 1
46 37 1
46 38 -1
46 39 1
46 43 1
46 45 1
46 47 1
47 10 1
47 14 -1
47 18 1
47 26 -1
47 32 1
47 34 -1
47 35 1
47 41 1
47 42 -1
47 43 1
47 44 -1
47 46 1
47 48 -1
47 49 1
47 51 1
47 52 1
48 9 1
48 10 1
48 20 1
48 22 -1
48 33 1
48 36 1
48 37 1
48 39 1
48 43 1
48 44 1
48 45 -1
48 47 -1
48 55 1
49 6 1
49 7 1
49 9 -1
49 38 -1
49 41 1
49 47 1
49 50 1
49 51 1
49 53 1
49 54 1
49 55 1
49 56 1
49 57 1
49 61 1
50 2 1
50 13 -1
50 16 1
50 19 1
50 20 1
50 31 1
50 35 1
50 43 1
50 49 1
50 52 1
50 53 -1
50 55 1
50 59 -1
50 61 -1
50 62 1
50 64 1
51 6 1
51 9 1
51 26 1
51 27 1
51 37 -1
51 43 1
51 47 1
51 49 1
51 52 1
51 54 1
51 56 1
51 58 -1
51 59 1
51 60 1
51 64 1
52 15 -1
52 23 1
52 25 -1
52 27 1
52 33 1
52 39 1
52 47 1
52 50 1
52 51 1
52 55 1
52 56 1
52 57 1
52 59 -1
52 60 1
52 64 1
53 3 -1
53 15 1
53 27 1
53 28 1
53 33 -1
53 36 1
53 40 1
53 44 1
53 49 1
53 50 -1
53 55 1
53 58 1
53 61 1
53 62 1
53 63 1
53 64 1
54 1 1
54 5 1
54 6 1
54 13 -1
54 17 1
54 22 1
54 23 1
54 45 1
54 49 1
54 51 1
54 55 1
54 56 1
54 57 1
54 58 1
54 59 1
54 62 1
55 1 1
55 2 1
55 20 1
55 24 1
55 28 1
55 30 1
55 48 1
55 49 1
55 50 1
55 52 1
55 53 1
55 54 1
55 56 1
55 57 -1
55 63 1
56 6 1
56 12 1
56 13 1
56 15 1
56 23 1
56 29 -1
56 49 1
56 51 1
56 52 1
56 54 1
56 55 1
56 58 1
56 59 1
56 61 1
57 4 -1
57 7 1
57 12 1
57 22 1
57 38 1
57 39 1
57 49 1
57 52 1
57 54 1
57 55 -1
57 60 1
57 61 1
57 63 -1
57 64 1
58 8 1
58 10 1
58 12 1
58 20 1
58 26 1
58 37 1
58 41 -1
58 51 -1
58 53 1
58 54 1
58 56 1
58 60 -1
58 62 1
58 63 -1
58 64 -1
59 7 1
59 9 1
59 17 1
59 18 1
59 27 1
59 40 1
59 41 -1
59 44 1
59 50 -1
59 51 1
59 52 -1
59 54 1
59 56 1
59 60 -1
59 62 1
59 63 1
60 1 1
60 14 1
60 28 1
60 30 1
60 32 1
60 35 1
60 51 1
60 52 1
60 57 1
60 58 -1
60 59 -1
60 61 1
60 62 -1
60 63 1
61 3 -1
61 13 1
61 18 -1
61 27 -1
61 36 -1
61 37 1
61 38 1
61 44 -1
61 49 1
61 50 -1
61 53 1
61 56 1
61 57 1
61 60 1
61 63 -1
61 64 1
62 3 1
62 10 -1
62 16 1
62 24 1
62 25 1
62 29 -1
62 33 -1
62 50 1
62 53 1
62 54 1
62 58 1
62 59 1
62 60 -1
62 63 1
62 64 1
63 3 -1
63 10 1
63 11 1
63 21 1
63 23 1
63 37 -1
63 39 1
63 40 -1
63 53 1
63 55 1
63 57 -1
63 58 -1
63 59 1
63 60 1
63 61 -1
63 62 1
64 3 1
64 5 1
64 17 -1
64 19 1
64 20 1
64 41 1
64 43 1
64 50 1
64 51 1
64 52 1
64 53 1
64 57 1
64 58 -1
64 61 1
64 62 1
