1 2 1
1 4 1
1 5 -1
1 6 -1
1 7 -1
1 9 -1
1 10 -1
1 15 1
1 18 1
1 27 1
1 41 1
1 43 1
1 47 1
1 51 1
1 53 -1
1 60 1
2 1 1
2 4 -1
2 7 1
2 8 -1
2 11 -1
2 12 -1
2 13 -1
2 14 1
2 25 -1
2 27 -1
2 32 -1
2 34 1
2 36 -1
2 44 -1
2 63 -1
2 64 1
3 5 -1
3 6 1
3 8 -1
3 10 1
3 11 -1
3 14 1
3 15 1
3 16 1
3 20 -1
3 21 1
3 31 -1
3 44 1
3 45 1
3 58 -1
3 59 -1
4 1 1
4 2 -1
4 5 1
4 8 -1
4 9 -1
4 10 -1
4 12 -1
4 14 1
4 29 1
4 31 -1
4 47 1
4 51 1
4 53 -1
4 57 1
4 64 -1
5 1 -1
5 3 -1
5 4 1
5 6 1
5 8 -1
5 10 1
5 12 1
5 16 1
5 18 1
5 20 1
5 26 1
5 27 -1
5 40 -1
5 43 -1
5 61 -1
5 62 -1
6 1 -1
6 3 1
6 5 1
6 10 -1
6 11 -1
6 14 -1
6 15 1
6 16 1
6 23 1
6 25 1
6 30 1
6 32 1
6 46 1
6 50 1
6 56 -1
7 1 -1
7 2 1
7 9 1
7 11 1
7 12 1
7 13 -1
7 14 -1
7 16 1
7 17 1
7 21 1
7 23 -1
7 39 1
7 41 1
7 51 -1
7 63 -1
7 64 -1
8 2 -1
8 3 -1
8 4 -1
8 5 -1
8 9 1
8 11 -1
8 12 -1
8 13 1
8 17 -1
8 30 -1
8 36 1
8 37 -1
8 38 1
8 59 1
8 62 -1
9 1 -1
9 4 -1
9 7 1
9 8 1
9 13 1
9 14 -1
9 15 -1
9 16 -1
9 18 -1
9 20 1
9 22 1
9 31 1
9 32 -1
9 33 -1
9 58 1
9 60 -1
10 1 -1
10 3 1
10 4 -1
10 5 1
10 6 -1
10 12 1
10 14 -1
10 15 -1
10 28 -1
10 30 1
10 34 -1
10 40 1
10 43 -1
10 48 1
10 52 1
10 56 1
11 2 -1
11 3 -1
11 6 -1
11 7 1
11 8 -1
11 13 -1
11 15 1
11 16 1
11 18 -1
11 44 -1
11 48 -1
11 52 1
11 57 -1
11 58 1
11 64 -1
12 2 -1
12 4 -1
12 5 1
12 7 1
12 8 -1
12 10 1
12 13 -1
12 16 1
12 18 1
12 19 -1
12 30 1
12 36 -1
12 38 1
12 45 1
12 52 -1
12 62 1
13 2 -1
13 7 -1
13 8 1
13 9 1
13 11 -1
13 12 -1
13 14 1
13 15 -1
13 27 1
13 38 -1
13 40 -1
13 42 -1
13 43 1
13 52 -1
13 53 1
14 2 1
14 3 1
14 4 1
14 6 -1
14 7 -1
14 9 -1
14 10 -1
14 13 1
14 30 1
14 33 -1
14 39 -1
14 41 -1
14 43 -1
14 59 1
14 61 1
15 1 1
15 3 1
15 6 1
15 9 -1
15 10 -1
15 11 1
15 13 -1
15 16 -1
15 18 -1
15 19 1
15 21 1
15 24 -1
15 30 -1
15 57 -1
15 60 -1
15 63 -1
16 3 1
16 5 1
16 6 1
16 7 1
16 9 -1
16 11 1
16 12 1
16 15 -1
16 28 1
16 30 1
16 42 1
16 48 -1
16 50 -1
16 51 -1
16 52 -1
16 61 -1
17 7 1
17 8 -1
17 18 1
17 19 -1
17 20 1
17 23 -1
17 26 -1
17 29 1
17 30 -1
17 31 1
17 34 -1
17 38 1
17 46 1
17 49 1
17 54 -1
17 58 1
18 1 1
18 5 1
18 9 -1
18 11 -1
18 12 1
18 15 -1
18 17 1
18 20 -1
18 24 1
18 27 -1
18 28 -1
18 29 1
18 31 1
18 32 1
18 35 1
18 43 1
19 12 -1
19 15 1
19 17 -1
19 20 -1
19 22 1
19 24 -1
19 25 1
19 27 -1
19 28 -1
19 30 -1
19 37 1
19 40 1
19 54 -1
19 56 1
19 58 1
19 60 1
20 3 -1
20 5 1
20 9 1
20 17 1
20 18 -1
20 19 -1
20 21 -1
20 23 -1
20 28 1
20 29 -1
20 30 -1
20 39 -1
20 40 1
20 48 -1
20 55 -1
21 3 1
21 7 1
21 15 1
21 20 -1
21 22 1
21 23 1
21 24 1
21 25 -1
21 27 -1
21 31 1
21 32 1
21 38 1
21 45 1
21 51 -1
21 53 1
21 60 1
22 9 1
22 19 1
22 21 1
22 24 1
22 25 -1
22 26 -1
22 28 -1
22 31 1
22 32 -1
22 34 -1
22 40 1
22 46 -1
22 48 1
22 56 -1
22 62 1
23 6 1
23 7 -1
23 17 -1
23 20 -1
23 21 1
23 24 -1
23 26 1
23 28 -1
23 31 -1
23 32 -1
23 44 1
23 45 -1
23 47 -1
23 53 1
23 56 -1
23 62 -1
24 15 -1
24 18 1
24 19 -1
24 21 1
24 22 1
24 23 -1
24 25 1
24 26 -1
24 27 -1
24 46 1
24 48 1
24 52 -1
24 55 1
24 64 -1
25 2 -1
25 6 1
25 19 1
25 21 -1
25 22 -1
25 24 1
25 26 -1
25 29 1
25 30 -1
25 32 -1
25 35 -1
25 41 1
25 47 -1
25 54 1
25 64 -1
26 5 1
26 17 -1
26 22 -1
26 23 1
26 24 -1
26 25 -1
26 27 1
26 30 1
26 31 1
26 40 -1
26 46 1
26 47 -1
26 50 1
26 52 1
26 61 -1
26 62 -1
27 1 1
27 2 -1
27 5 -1
27 13 1
27 18 -1
27 19 -1
27 21 -1
27 24 -1
27 26 1
27 28 1
27 29 1
27 31 1
27 38 1
27 59 -1
27 60 -1
27 62 -1
28 10 -1
28 16 1
28 18 -1
28 19 -1
28 20 1
28 22 -1
28 23 -1
28 27 1
28 29 -1
28 30 1
28 39 1
28 42 1
28 44 -1
28 46 1
28 51 1
29 4 1
29 17 1
29 18 1
29 20 -1
29 25 1
29 27 1
29 28 -1
29 30 -1
29 32 -1
29 34 1
29 36 -1
29 37 -1
29 47 1
29 51 -1
29 57 1
30 6 1
30 8 -1
30 10 1
30 12 1
30 14 1
30 15 -1
30 16 1
30 17 -1
30 19 -1
30 20 -1
30 25 -1
30 26 1
30 28 1
30 29 -1
30 32 -1
30 45 1
31 3 -1
31 4 -1
31 9 1
31 17 1
31 18 1
31 21 1
31 22 1
31 23 -1
31 26 1
31 27 1
31 32 1
31 48 -1
31 54 -1
31 58 1
31 60 -1
32 2 -1
32 6 1
32 9 -1
32 18 1
32 21 1
32 22 -1
32 23 -1
32 25 -1
32 29 -1
32 30 -1
32 31 1
32 35 -1
32 37 1
32 42 -1
32 46 1
33 9 -1
33 14 -1
33 37 1
33 38 1
33 39 -1
33 40 1
33 41 1
33 42 -1
33 43 -1
33 46 1
33 49 1
33 52 1
33 55 1
33 59 -1
33 61 1
33 63 1
34 2 1
34 10 -1
34 17 -1
34 22 -1
34 29 1
34 35 -1
34 37 1
34 38 -1
34 42 1
34 43 1
34 45 -1
34 47 1
34 48 1
34 50 -1
35 18 1
35 25 -1
35 32 -1
35 34 -1
35 38 1
35 40 1
35 41 1
35 44 -1
35 45 -1
35 46 1
35 47 -1
35 54 -1
35 55 -1
35 59 1
36 2 -1
36 8 1
36 12 -1
36 29 -1
36 37 -1
36 40 -1
36 41 1
36 42 1
36 43 1
36 44 1
36 46 1
36 48 -1
36 49 1
36 61 -1
36 63 -1
37 8 -1
37 19 1
37 29 -1
37 32 1
37 33 1
37 34 1
37 36 -1
37 39 1
37 40 1
37 45 1
37 46 -1
37 48 -1
37 51 -1
37 55 -1
37 59 1
38 8 1
38 12 1
38 13 -1
38 17 1
38 21 1
38 27 1
38 33 1
38 34 -1
38 35 1
38 39 1
38 40 -1
38 41 1
38 44 1
38 47 -1
38 57 -1
39 7 1
39 14 -1
39 20 -1
39 28 1
39 33 -1
39 37 1
39 38 1
39 42 1
39 43 1
39 45 1
39 46 1
39 47 -1
39 49 -1
39 57 -1
39 58 1
39 64 1
40 5 -1
40 10 1
40 13 -1
40 19 1
40 20 1
40 22 1
40 26 -1
40 33 1
40 35 1
40 36 -1
40 37 1
40 38 -1
40 41 1
40 45 1
40 48 1
40 53 -1
41 1 1
41 7 1
41 14 -1
41 25 1
41 33 1
41 35 1
41 36 1
41 38 1
41 40 1
41 43 -1
41 44 -1
41 47 -1
41 49 -1
41 54 -1
41 56 -1
41 60 -1
42 13 -1
42 16 1
42 28 1
42 32 -1
42 33 -1
42 34 1
42 36 1
42 39 1
42 43 1
42 44 -1
42 45 -1
42 47 1
42 49 -1
42 50 -1
42 61 -1
43 1 1
43 5 -1
43 10 -1
43 13 1
43 14 -1
43 18 1
43 33 -1
43 34 1
43 36 1
43 39 1
43 41 -1
43 42 1
43 44 -1
43 48 1
43 54 -1
43 58 1
44 2 -1
44 3 1
44 11 -1
44 23 1
44 28 -1
44 35 -1
44 36 1
44 38 1
44 41 -1
44 42 -1
44 43 -1
44 47 -1
44 48 -1
44 55 1
44 63 -1
45 3 1
45 12 1
45 21 1
45 23 -1
45 30 1
45 34 -1
45 35 -1
45 37 1
45 39 1
45 40 1
45 42 -1
45 46 -1
45 48 -1
45 49 1
45 55 1
45 64 1
46 6 1
46 17 1
46 22 -1
46 24 1
46 26 1
46 28 1
46 32 1
46 33 1
46 35 1
46 36 1
46 37 -1
46 39 1
46 45 -1
46 47 1
46 48 1
47 1 1
47 4 1
47 23 -1
47 25 -1
47 26 -1
47 29 1
47 34 1
47 35 -1
47 38 -1
47 39 -1
47 41 -1
47 42 1
47 44 -1
47 46 1
47 49 1
47 63 1
48 10 1
48 11 -1
48 16 -1
48 20 -1
48 22 1
48 24 1
48 31 -1
48 34 1
48 36 -1
48 37 -1
48 40 1
48 43 1
48 44 -1
48 45 -1
48 46 1
49 17 1
49 33 1
49 36 1
49 39 -1
49 41 -1
49 42 -1
49 45 1
49 47 1
49 52 -1
49 54 -1
49 55 -1
49 59 -1
49 61 1
49 62 -1
49 63 -1
49 64 1
50 6 1
50 16 -1
50 26 1
50 34 -1
50 42 -1
50 51 1
50 53 1
50 54 1
50 56 1
50 57 -1
50 59 1
50 60 1
50 64 1
51 1 1
51 4 1
51 7 -1
51 16 -1
51 21 -1
51 28 1
51 29 -1
51 37 -1
51 50 1
51 53 -1
51 55 -1
51 56 -1
51 58 -1
51 59 -1
51 60 1
51 61 1
52 10 1
52 11 1
52 12 -1
52 13 -1
52 16 -1
52 24 -1
52 26 1
52 33 1
52 49 -1
52 53 -1
52 56 -1
52 57 -1
52 61 1
52 62 -1
52 63 1
52 64 1
53 1 -1
53 4 -1
53 13 1
53 21 1
53 23 1
53 40 -1
53 50 1
53 51 -1
53 52 -1
53 55 1
53 58 1
53 60 -1
53 63 1
53 64 -1
54 17 -1
54 19 -1
54 25 1
54 31 -1
54 35 -1
54 41 -1
54 43 -1
54 49 -1
54 50 1
54 55 -1
54 59 -1
54 60 1
54 61 1
54 62 -1
54 64 1
55 20 -1
55 24 1
55 33 1
55 35 -1
55 37 -1
55 44 1
55 45 1
55 49 -1
55 51 -1
55 53 1
55 54 -1
55 56 1
55 58 -1
55 62 1
55 63 1
56 6 -1
56 10 1
56 19 1
56 22 -1
56 23 -1
56 41 -1
56 50 1
56 51 -1
56 52 -1
56 55 1
56 59 1
56 60 -1
56 62 1
56 64 -1
57 4 1
57 11 -1
57 15 -1
57 29 1
57 38 -1
57 39 -1
57 50 -1
57 52 -1
57 58 1
57 59 1
57 60 1
57 61 1
57 62 1
57 64 -1
58 3 -1
58 9 1
58 11 1
58 17 1
58 19 1
58 31 1
58 39 1
58 43 1
58 51 -1
58 53 1
58 55 -1
58 57 1
58 59 -1
58 61 1
58 62 1
58 63 -1
59 3 -1
59 8 1
59 14 1
59 27 -1
59 33 -1
59 35 1
59 37 1
59 49 -1
59 50 1
59 51 -1
59 54 -1
59 56 1
59 57 1
59 58 -1
59 63 1
60 1 1
60 9 -1
60 15 -1
60 19 1
60 21 1
60 27 -1
60 31 -1
60 41 -1
60 50 1
60 51 1
60 53 -1
60 54 1
60 56 -1
60 57 1
60 63 -1
60 64 -1
61 5 -1
61 14 1
61 16 -1
61 26 -1
61 33 1
61 36 -1
61 42 -1
61 49 1
61 51 1
61 52 1
61 54 1
61 57 1
61 58 1
61 62 -1
61 63 -1
62 5 -1
62 8 -1
62 12 1
62 22 1
62 23 -1
62 26 -1
62 27 -1
62 49 -1
62 52 -1
62 54 -1
62 55 1
62 56 1
62 57 1
62 58 1
62 61 -1
63 2 -1
63 7 -1
63 15 -1
63 33 1
63 36 -1
63 44 -1
63 47 1
63 49 -1
63 52 1
63 53 1
63 55 1
63 58 -1
63 59 1
63 60 -1
63 61 -1
64 2 1
64 4 -1
64 7 -1
64 11 -1
64 24 -1
64 25 -1
64 39 1
64 45 1
64 49 1
64 50 1
64 52 1
64 53 -1
64 54 1
64 56 -1
64 57 -1
64 60 -1
