1 2 1
1 4 1
1 6 1
1 7 -1
1 8 1
1 12 -1
1 13 1
1 15 1
1 23 1
1 27 1
1 33 -1
1 37 1
1 45 -1
1 61 -1
2 1 1
2 6 1
2 7 1
2 9 1
2 10 1
2 12 1
2 13 -1
2 16 -1
2 22 1
2 24 1
2 28 -1
2 32 -1
2 39 1
2 43 -1
2 46 1
2 60 1
3 4 1
3 5 1
3 8 1
3 11 -1
3 12 1
3 13 1
3 14 1
3 15 -1
3 18 1
3 20 -1
3 21 1
3 30 1
3 31 1
3 34 -1
3 40 1
3 64 1
4 1 1
4 3 1
4 6 1
4 7 1
4 9 -1
4 11 1
4 13 1
4 14 1
4 22 -1
4 33 -1
4 34 1
4 45 1
4 49 1
4 53 -1
4 54 1
5 3 1
5 8 -1
5 9 1
5 10 1
5 11 1
5 13 -1
5 14 1
5 15 1
5 22 1
5 30 1
5 32 1
5 33 1
5 34 1
5 36 -1
5 54 -1
6 1 1
6 2 1
6 4 1
6 9 -1
6 12 -1
6 14 1
6 15 -1
6 16 1
6 23 1
6 25 -1
6 35 -1
6 38 1
6 47 1
6 50 1
6 52 1
6 62 1
7 1 -1
7 2 1
7 4 1
7 10 1
7 12 -1
7 13 1
7 15 1
7 16 1
7 22 1
7 29 1
7 30 1
7 35 1
7 37 1
7 56 -1
7 58 1
7 63 1
8 1 1
8 3 1
8 5 -1
8 9 -1
8 10 1
8 11 1
8 14 1
8 16 1
8 27 1
8 32 1
8 34 1
8 36 1
8 38 1
8 44 1
8 46 1
8 51 1
9 2 1
9 4 -1
9 5 1
9 6 -1
9 8 -1
9 10 1
9 12 -1
9 15 1
9 18 1
9 22 1
9 27 1
9 33 1
9 50 -1
9 55 -1
9 62 1
9 64 1
10 2 1
10 5 1
10 7 1
10 8 1
10 9 1
10 13 1
10 14 -1
10 16 1
10 18 -1
10 19 -1
10 30 1
10 31 1
10 40 1
10 52 1
10 55 1
11 3 -1
11 4 1
11 5 1
11 8 1
11 12 1
11 14 -1
11 15 -1
11 16 1
11 23 1
11 26 1
11 36 -1
11 42 -1
11 60 -1
11 62 1
12 1 -1
12 2 1
12 3 1
12 6 -1
12 7 -1
12 9 -1
12 11 1
12 16 1
12 18 1
12 20 1
12 29 1
12 32 1
12 36 1
12 41 1
12 47 1
12 58 1
13 1 1
13 2 -1
13 3 1
13 4 1
13 5 -1
13 7 1
13 10 1
13 16 1
13 23 1
13 37 1
13 44 -1
13 46 -1
13 57 -1
13 60 1
13 62 1
13 63 -1
14 3 1
14 4 1
14 5 1
14 6 1
14 8 1
14 10 -1
14 11 -1
14 15 -1
14 34 1
14 36 1
14 43 1
14 48 1
14 52 1
14 57 1
14 58 1
14 61 -1
15 1 1
15 3 -1
15 5 1
15 6 -1
15 7 1
15 9 1
15 11 -1
15 14 -1
15 39 1
15 46 1
15 56 -1
15 59 1
15 60 1
15 61 -1
16 2 -1
16 6 1
16 7 1
16 8 1
16 10 1
16 11 1
16 12 1
16 13 1
16 17 -1
16 28 1
16 31 1
16 38 1
16 51 1
16 52 1
16 54 1
17 16 -1
17 19 1
17 20 -1
17 21 1
17 22 -1
17 23 1
17 24 1
17 26 1
17 27 -1
17 40 1
17 45 -1
17 47 -1
17 52 -1
17 53 1
17 55 1
17 60 1
18 3 1
18 9 1
18 10 -1
18 12 1
18 19 -1
18 21 1
18 23 -1
18 24 1
18 26 1
18 28 1
18 29 -1
18 31 1
18 50 -1
18 56 1
18 58 1
18 64 -1
19 10 -1
19 17 1
19 18 -1
19 20 1
19 23 1
19 25 1
19 27 1
19 30 1
19 32 -1
19 42 -1
19 48 1
19 52 1
19 55 1
19 62 1
19 63 1
20 3 -1
20 12 1
20 17 -1
20 19 1
20 21 1
20 23 -1
20 25 -1
20 28 1
20 29 -1
20 31 1
20 37 -1
20 38 -1
20 49 1
20 50 1
20 53 -1
20 54 1
21 3 1
21 17 1
21 18 1
21 20 1
21 22 1
21 24 1
21 28 -1
21 30 -1
21 32 1
21 39 1
21 40 -1
21 52 1
21 53 -1
21 58 1
21 61 1
21 64 1
22 2 1
22 4 -1
22 5 1
22 7 1
22 9 1
22 17 -1
22 21 1
22 23 1
22 25 -1
22 27 1
22 29 1
22 31 1
22 32 1
22 37 1
22 39 -1
23 1 1
23 6 1
23 11 1
23 13 1
23 17 1
23 18 -1
23 19 1
23 20 -1
23 22 1
23 25 1
23 26 -1
23 27 -1
23 40 1
23 51 1
23 58 1
23 62 1
24 2 1
24 17 1
24 18 1
24 21 1
24 26 1
24 27 -1
24 29 1
24 30 1
24 31 1
24 42 1
24 44 1
24 55 1
24 56 1
24 57 1
25 6 -1
25 19 1
25 20 -1
25 22 -1
25 23 1
25 28 1
25 30 1
25 31 1
25 32 1
25 38 1
25 59 1
25 60 1
25 62 1
25 64 1
26 11 1
26 17 1
26 18 1
26 23 -1
26 24 1
26 27 1
26 28 1
26 29 1
26 32 -1
26 39 -1
26 41 -1
26 43 -1
26 45 1
26 58 -1
26 61 -1
27 1 1
27 8 1
27 9 1
27 17 -1
27 19 1
27 22 1
27 23 -1
27 24 -1
27 26 1
27 30 -1
27 32 1
27 39 1
27 44 1
27 55 -1
27 59 1
28 2 -1
28 16 1
28 18 1
28 20 1
28 21 -1
28 25 1
28 26 1
28 29 -1
28 30 1
28 31 1
28 33 1
28 38 -1
28 39 1
28 43 -1
28 48 -1
29 7 1
29 12 1
29 18 -1
29 20 -1
29 22 1
29 24 1
29 26 1
29 28 -1
29 31 -1
29 32 1
29 36 1
29 39 -1
29 43 1
29 52 1
29 56 1
29 61 1
30 3 1
30 5 1
30 7 1
30 10 1
30 19 1
30 21 -1
30 24 1
30 25 1
30 27 -1
30 28 1
30 31 1
30 32 1
30 50 -1
30 54 -1
31 3 1
31 10 1
31 16 1
31 18 1
31 20 1
31 22 1
31 24 1
31 25 1
31 28 1
31 29 -1
31 30 1
31 35 1
31 37 -1
31 48 1
31 54 1
32 2 -1
32 5 1
32 8 1
32 12 1
32 19 -1
32 21 1
32 22 1
32 25 1
32 26 -1
32 27 1
32 29 1
32 30 1
32 41 -1
32 42 1
32 44 -1
32 47 1
33 1 -1
33 4 -1
33 5 1
33 9 1
33 28 1
33 35 -1
33 37 1
33 38 1
33 39 -1
33 41 1
33 44 1
33 46 1
33 48 1
33 56 -1
33 59 1
34 3 -1
34 4 1
34 5 1
34 8 1
34 14 1
34 38 1
34 40 1
34 41 1
34 42 1
34 43 1
34 45 1
34 46 1
34 48 1
34 51 1
34 53 -1
34 63 1
35 6 -1
35 7 1
35 31 1
35 33 -1
35 37 -1
35 38 1
35 40 1
35 42 1
35 43 1
35 45 -1
35 48 -1
35 49 -1
35 51 1
35 64 -1
36 5 -1
36 8 1
36 11 -1
36 12 1
36 14 1
36 29 1
36 37 -1
36 39 1
36 42 -1
36 43 1
36 44 -1
36 45 1
36 46 -1
36 48 1
36 57 1
36 63 1
37 1 1
37 7 1
37 13 1
37 20 -1
37 22 1
37 31 -1
37 33 1
37 35 -1
37 36 -1
37 39 1
37 42 1
37 44 1
37 47 1
37 48 1
37 56 1
37 57 1
38 6 1
38 8 1
38 16 1
38 20 -1
38 25 1
38 28 -1
38 33 1
38 34 1
38 35 1
38 40 -1
38 43 -1
38 44 1
38 45 1
38 47 1
39 2 1
39 15 1
39 21 1
39 22 -1
39 26 -1
39 27 1
39 28 1
39 29 -1
39 33 -1
39 36 1
39 37 1
39 40 1
39 41 1
39 43 1
39 46 -1
39 47 1
40 3 1
40 10 1
40 17 1
40 21 -1
40 23 1
40 34 1
40 35 1
40 38 -1
40 39 1
40 41 1
40 43 1
40 44 1
40 47 1
40 49 1
40 51 -1
40 61 1
41 12 1
41 26 -1
41 32 -1
41 33 1
41 34 1
41 39 1
41 40 1
41 42 1
41 43 -1
41 44 1
41 47 1
41 49 1
41 51 1
41 55 1
41 60 1
41 63 1
42 11 -1
42 19 -1
42 24 1
42 32 1
42 34 1
42 35 1
42 36 -1
42 37 1
42 41 1
42 43 1
42 46 1
42 47 1
42 49 1
42 54 1
43 2 -1
43 14 1
43 26 -1
43 28 -1
43 29 1
43 34 1
43 35 1
43 36 1
43 38 -1
43 39 1
43 40 1
43 41 -1
43 42 1
43 61 -1
43 63 1
43 64 1
44 8 1
44 13 -1
44 24 1
44 27 1
44 32 -1
44 33 1
44 36 -1
44 37 1
44 38 1
44 40 1
44 41 1
44 45 1
44 48 1
44 50 -1
45 1 -1
45 4 1
45 17 -1
45 26 1
45 34 1
45 35 -1
45 36 1
45 38 1
45 44 1
45 46 1
45 47 1
45 48 1
45 54 1
45 58 1
45 59 1
46 2 1
46 8 1
46 13 -1
46 15 1
46 33 1
46 34 1
46 36 -1
46 39 -1
46 42 1
46 45 1
46 47 1
46 48 -1
46 53 1
46 55 1
46 59 1
47 6 1
47 12 1
47 17 -1
47 32 1
47 37 1
47 38 1
47 39 1
47 40 1
47 41 1
47 42 1
47 45 1
47 46 1
47 57 -1
47 59 -1
47 63 1
48 14 1
48 19 1
48 28 -1
48 31 1
48 33 1
48 34 1
48 35 -1
48 36 1
48 37 1
48 44 1
48 45 1
48 46 -1
48 49 1
48 50 -1
48 51 1
48 53 1
49 4 1
49 20 1
49 35 -1
49 40 1
49 41 1
49 42 1
49 48 1
49 50 -1
49 52 1
49 55 -1
49 57 1
49 59 -1
49 62 1
49 63 -1
49 64 -1
50 6 1
50 9 -1
50 18 -1
50 20 1
50 30 -1
50 44 -1
50 48 -1
50 49 -1
50 54 -1
50 55 -1
50 56 1
50 57 -1
50 58 1
50 62 1
50 64 -1
51 8 1
51 16 1
51 23 1
51 34 1
51 35 1
51 40 -1
51 41 1
51 48 1
51 53 1
51 54 -1
51 55 1
51 57 1
51 59 1
51 60 -1
51 61 1
51 63 1
52 6 1
52 10 1
52 14 1
52 16 1
52 17 -1
52 19 1
52 21 1
52 29 1
52 49 1
52 53 -1
52 55 -1
52 56 1
52 57 -1
52 59 1
52 61 1
52 63 1
53 4 -1
53 17 1
53 20 -1
53 21 -1
53 34 -1
53 46 1
53 48 1
53 51 1
53 52 -1
53 54 1
53 56 1
53 59 -1
53 60 1
53 61 -1
53 63 -1
54 4 1
54 5 -1
54 16 1
54 20 1
54 30 -1
54 31 1
54 42 1
54 45 1
54 50 -1
54 51 -1
54 53 1
54 56 1
54 57 1
54 58 1
54 60 -1
54 62 1
55 9 -1
55 10 1
55 17 1
55 19 1
55 24 1
55 27 -1
55 41 1
55 46 1
55 49 -1
55 50 -1
55 51 1
55 52 -1
55 56 1
55 58 1
55 60 1
55 64 1
56 7 -1
56 15 -1
56 18 1
56 24 1
56 29 1
56 33 -1
56 37 1
56 50 1
56 52 1
56 53 1
56 54 1
56 55 1
56 58 1
56 59 1
56 60 -1
57 13 -1
57 14 1
57 24 1
57 36 1
57 37 1
57 47 -1
57 49 1
57 50 -1
57 51 1
57 52 -1
57 54 1
57 59 1
57 62 1
57 64 -1
58 7 1
58 12 1
58 14 1
58 18 1
58 21 1
58 23 1
58 26 -1
58 45 1
58 50 1
58 54 1
58 55 1
58 56 1
58 61 1
58 62 1
58 63 -1
58 64 -1
59 15 1
59 25 1
59 27 1
59 33 1
59 45 1
59 46 1
59 47 -1
59 49 -1
59 51 1
59 52 1
59 53 -1
59 56 1
59 57 1
59 61 -1
59 63 1
60 2 1
60 11 -1
60 13 1
60 15 1
60 17 1
60 25 1
60 41 1
60 51 -1
60 53 1
60 54 -1
60 55 1
60 56 -1
60 61 -1
60 62 1
60 64 1
61 1 -1
61 14 -1
61 15 -1
61 21 1
61 26 -1
61 29 1
61 40 1
61 43 -1
61 51 1
61 52 1
61 53 -1
61 58 1
61 59 -1
61 60 -1
61 62 -1
61 64 -1
62 6 1
62 9 1
62 11 1
62 13 1
62 19 1
62 23 1
62 25 1
62 49 1
62 50 1
62 54 1
62 57 1
62 58 1
62 60 1
62 61 -1
62 63 1
63 7 1
63 13 -1
63 19 1
63 34 1
63 36 1
63 41 1
63 43 1
63 47 1
63 49 -1
63 51 1
63 52 1
63 53 -1
63 58 -1
63 59 1
63 62 1
63 64 1
64 3 1
64 9 1
64 18 -1
64 21 1
64 25 1
64 35 -1
64 43 1
64 49 -1
64 50 -1
64 55 1
64 57 -1
64 58 -1
64 60 1
64 61 -1
64 63 1
