1 2 -1
1 6 -1
1 9 1
1 10 -1
1 12 1
1 13 1
1 14 1
1 16 -1
1 33 -1
1 53 -1
1 57 1
1 59 -1
1 61 1
1 63 -1
1 64 -1
2 1 -1
2 3 -1
2 4 1
2 5 1
2 6 1
2 10 1
2 11 -1
2 14 1
2 17 -1
2 28 -1
2 34 -1
2 35 1
2 53 -1
2 55 1
2 61 1
2 63 1
3 2 -1
3 4 1
3 7 1
3 8 -1
3 12 1
3 13 -1
3 15 1
3 16 1
3 32 -1
3 34 1
3 52 -1
3 58 -1
3 64 -1
4 2 1
4 3 1
4 5 1
4 8 1
4 9 1
4 10 1
4 14 1
4 15 -1
4 19 -1
4 22 -1
4 30 1
4 35 -1
4 39 1
4 46 1
4 49 -1
4 53 -1
5 2 1
5 4 1
5 7 1
5 8 1
5 10 1
5 11 1
5 14 -1
5 16 1
5 22 1
5 34 1
5 36 -1
5 39 1
5 46 1
5 61 1
6 1 -1
6 2 1
6 7 1
6 9 -1
6 11 1
6 13 -1
6 14 -1
6 16 -1
6 17 -1
6 27 1
6 31 1
6 35 -1
6 43 1
6 46 -1
6 64 1
7 3 1
7 5 1
7 6 1
7 8 -1
7 11 1
7 13 1
7 14 -1
7 15 -1
7 26 -1
7 27 1
7 33 1
7 38 1
7 40 1
7 47 -1
7 50 -1
7 54 1
8 3 -1
8 4 1
8 5 1
8 7 -1
8 9 1
8 13 -1
8 15 -1
8 16 -1
8 20 -1
8 40 1
8 41 1
8 52 -1
8 53 -1
8 62 1
9 1 1
9 4 1
9 6 -1
9 8 1
9 10 1
9 11 1
9 15 1
9 16 1
9 25 1
9 28 -1
9 30 -1
9 36 -1
9 43 -1
9 45 1
9 51 -1
10 1 -1
10 2 1
10 4 1
10 5 1
10 9 1
10 12 1
10 13 -1
10 16 -1
10 22 -1
10 28 1
10 36 -1
10 50 1
10 52 1
10 58 1
10 61 -1
11 2 -1
11 5 1
11 6 1
11 7 1
11 9 1
11 12 -1
11 13 -1
11 15 1
11 26 1
11 29 1
11 38 -1
11 42 1
11 48 -1
11 50 1
11 58 -1
12 1 1
12 3 1
12 10 1
12 11 -1
12 13 1
12 14 -1
12 15 1
12 16 1
12 21 1
12 23 1
12 27 1
12 51 -1
12 55 -1
12 61 1
13 1 1
13 3 -1
13 6 -1
13 7 1
13 8 -1
13 10 -1
13 11 -1
13 12 1
13 35 1
13 38 -1
13 44 1
13 49 1
13 52 1
13 54 1
13 60 -1
13 63 1
14 1 1
14 2 1
14 4 1
14 5 -1
14 6 -1
14 7 -1
14 12 -1
14 15 1
14 35 1
14 36 -1
14 42 -1
14 43 1
14 46 1
14 50 -1
14 63 1
15 3 1
15 4 -1
15 7 -1
15 8 -1
15 9 1
15 11 1
15 12 1
15 14 1
15 19 1
15 34 1
15 37 1
15 38 1
15 40 -1
15 43 -1
15 44 1
15 52 1
16 1 -1
16 3 1
16 5 1
16 6 -1
16 8 -1
16 9 1
16 10 -1
16 12 1
16 20 1
16 25 -1
16 33 -1
16 36 1
16 37 1
16 45 1
16 49 -1
16 59 1
17 2 -1
17 6 -1
17 21 1
17 22 1
17 23 -1
17 28 -1
17 29 -1
17 30 1
17 31 1
17 32 -1
17 38 1
17 54 1
17 57 1
17 60 1
17 61 1
18 20 1
18 21 -1
18 22 -1
18 24 1
18 25 1
18 27 1
18 30 -1
18 32 -1
18 36 1
18 42 1
18 53 1
18 54 1
18 57 1
19 4 -1
19 15 1
19 20 1
19 21 -1
19 23 1
19 25 1
19 26 1
19 27 -1
19 28 -1
19 29 -1
19 39 1
19 42 1
19 45 1
19 49 1
19 60 1
20 8 -1
20 16 1
20 18 1
20 19 1
20 24 1
20 26 1
20 27 1
20 30 1
20 31 -1
20 32 1
20 40 -1
20 41 -1
20 42 1
20 46 1
20 51 1
20 59 1
21 12 1
21 17 1
21 18 -1
21 19 -1
21 23 1
21 24 1
21 27 -1
21 29 -1
21 32 1
21 34 1
21 36 1
21 39 1
21 44 -1
21 49 1
21 55 1
21 64 1
22 4 -1
22 5 1
22 10 -1
22 17 1
22 18 -1
22 23 1
22 26 -1
22 27 1
22 28 1
22 29 -1
22 30 1
22 44 -1
22 54 -1
22 56 1
23 12 1
23 17 -1
23 19 1
23 21 1
23 22 1
23 24 -1
23 26 -1
23 28 -1
23 29 1
23 40 1
23 41 1
23 50 1
23 56 1
23 57 1
23 59 1
24 18 1
24 20 1
24 21 1
24 23 -1
24 25 1
24 26 -1
24 28 1
24 32 1
24 37 -1
24 40 1
24 43 1
24 45 1
24 48 1
24 56 1
24 58 -1
25 9 1
25 16 -1
25 18 1
25 19 1
25 24 1
25 26 1
25 28 -1
25 29 1
25 30 -1
25 31 1
25 35 1
25 37 1
25 41 1
25 43 -1
25 46 1
25 48 -1
26 7 -1
26 11 1
26 19 1
26 20 1
26 22 -1
26 23 -1
26 24 -1
26 25 1
26 30 1
26 31 1
26 44 1
26 48 -1
26 55 1
26 56 1
27 6 1
27 7 1
27 12 1
27 18 1
27 19 -1
27 20 1
27 21 -1
27 22 1
27 29 1
27 31 -1
27 32 1
27 39 -1
27 45 1
27 51 1
27 63 1
28 2 -1
28 9 -1
28 10 1
28 17 -1
28 19 -1
28 22 1
28 23 -1
28 24 1
28 25 -1
28 31 1
28 32 1
28 37 1
28 47 1
28 57 1
29 11 1
29 17 -1
29 19 -1
29 21 -1
29 22 -1
29 23 1
29 25 1
29 27 1
29 31 -1
29 39 1
29 43 -1
29 51 1
29 52 -1
29 55 -1
29 60 1
30 4 1
30 9 -1
30 17 1
30 18 -1
30 20 1
30 22 1
30 25 -1
30 26 1
30 31 -1
30 32 -1
30 48 1
30 56 1
30 61 1
30 62 1
31 6 1
31 17 1
31 20 -1
31 25 1
31 26 1
31 27 -1
31 28 1
31 29 -1
31 30 -1
31 40 -1
31 44 1
31 46 1
31 47 1
31 49 1
31 53 -1
31 64 1
32 3 -1
32 17 -1
32 18 -1
32 20 1
32 21 1
32 24 1
32 27 1
32 28 1
32 30 -1
32 48 -1
32 56 1
32 58 1
32 62 1
33 1 -1
33 7 1
33 16 -1
33 37 1
33 38 1
33 39 1
33 42 -1
33 43 -1
33 44 -1
33 46 1
33 48 1
33 52 1
33 53 1
33 57 -1
33 60 -1
33 62 1
34 2 -1
34 3 1
34 5 1
34 15 1
34 21 1
34 35 1
34 36 1
34 38 1
34 40 1
34 44 -1
34 45 1
34 47 1
34 48 -1
34 49 -1
35 2 1
35 4 -1
35 6 -1
35 13 1
35 14 1
35 25 1
35 34 1
35 38 -1
35 39 1
35 41 1
35 43 1
35 45 -1
35 46 -1
35 47 -1
35 52 -1
35 64 1
36 5 -1
36 9 -1
36 10 -1
36 14 -1
36 16 1
36 18 1
36 21 1
36 34 1
36 37 1
36 39 1
36 41 1
36 42 1
36 43 1
36 45 1
36 47 -1
37 15 1
37 16 1
37 24 -1
37 25 1
37 28 1
37 33 1
37 36 1
37 39 -1
37 40 1
37 41 -1
37 43 -1
37 44 -1
37 48 1
37 50 1
37 63 1
38 7 1
38 11 -1
38 13 -1
38 15 1
38 17 1
38 33 1
38 34 1
38 35 -1
38 40 1
38 41 1
38 42 -1
38 44 -1
38 46 -1
38 57 -1
38 59 1
39 4 1
39 5 1
39 19 1
39 21 1
39 27 -1
39 29 1
39 33 1
39 35 1
39 36 1
39 37 -1
39 41 -1
39 43 -1
39 45 -1
39 48 1
39 64 1
40 7 1
40 8 1
40 15 -1
40 20 -1
40 23 1
40 24 1
40 31 -1
40 34 1
40 37 1
40 38 1
40 41 -1
40 42 1
40 43 1
40 46 -1
40 47 -1
41 8 1
41 20 -1
41 23 1
41 25 1
41 35 1
41 36 1
41 37 -1
41 38 1
41 39 -1
41 40 -1
41 42 1
41 47 -1
41 59 -1
41 62 1
41 63 1
42 11 1
42 14 -1
42 18 1
42 19 1
42 20 1
42 33 -1
42 36 1
42 38 -1
42 40 1
42 41 1
42 43 -1
42 44 1
42 45 -1
42 55 1
42 59 1
43 6 1
43 9 -1
43 14 1
43 15 -1
43 24 1
43 25 -1
43 29 -1
43 33 -1
43 35 1
43 36 1
43 37 -1
43 39 -1
43 40 1
43 42 -1
43 44 -1
43 60 1
44 13 1
44 15 1
44 21 -1
44 22 -1
44 26 1
44 31 1
44 33 -1
44 34 -1
44 37 -1
44 38 -1
44 42 1
44 43 -1
44 46 1
44 48 -1
45 9 1
45 16 1
45 19 1
45 24 1
45 27 1
45 34 1
45 35 -1
45 36 1
45 39 -1
45 42 -1
45 46 -1
45 47 -1
45 48 -1
45 51 1
45 54 -1
46 4 1
46 5 1
46 6 -1
46 14 1
46 20 1
46 25 1
46 31 1
46 33 1
46 35 -1
46 38 -1
46 40 -1
46 44 1
46 45 -1
46 47 1
46 48 1
47 7 -1
47 28 1
47 31 1
47 34 1
47 35 -1
47 36 -1
47 40 -1
47 41 -1
47 45 -1
47 46 1
47 48 -1
47 49 -1
47 50 -1
47 51 1
47 58 1
47 60 1
48 11 -1
48 24 1
48 25 -1
48 26 -1
48 30 1
48 32 -1
48 33 1
48 34 -1
48 37 1
48 39 1
48 44 -1
48 45 -1
48 46 1
48 47 -1
48 59 -1
49 4 -1
49 13 1
49 16 -1
49 19 1
49 21 1
49 31 1
49 34 -1
49 47 -1
49 51 -1
49 53 1
49 55 -1
49 59 1
49 61 1
49 62 -1
49 63 -1
49 64 1
50 7 -1
50 10 1
50 11 1
50 14 -1
50 23 1
50 37 1
50 47 -1
50 51 1
50 52 -1
50 54 1
50 57 -1
50 58 1
50 60 1
50 61 -1
50 64 1
51 9 -1
51 12 -1
51 20 1
51 27 1
51 29 1
51 45 1
51 47 1
51 49 -1
51 50 1
51 54 1
51 56 -1
51 59 -1
51 60 1
51 61 -1
51 64 1
52 3 -1
52 8 -1
52 10 1
52 13 1
52 15 1
52 29 -1
52 33 1
52 35 -1
52 50 -1
52 54 1
52 55 -1
52 56 1
52 57 1
52 58 1
52 62 -1
52 63 -1
53 1 -1
53 2 -1
53 4 -1
53 8 -1
53 18 1
53 31 -1
53 33 1
53 49 1
53 54 -1
53 55 1
53 58 -1
53 59 1
53 60 -1
53 61 1
53 63 -1
54 7 1
54 13 1
54 17 1
54 18 1
54 22 -1
54 45 -1
54 50 1
54 51 1
54 52 1
54 53 -1
54 55 1
54 56 1
54 62 1
54 63 1
55 2 1
55 12 -1
55 21 1
55 26 1
55 29 -1
55 42 1
55 49 -1
55 52 -1
55 53 1
55 54 1
55 57 1
55 59 -1
55 60 1
55 62 1
56 22 1
56 23 1
56 24 1
56 26 1
56 30 1
56 32 1
56 51 -1
56 52 1
56 54 1
56 57 1
56 58 -1
56 60 -1
56 62 1
56 63 -1
57 1 1
57 17 1
57 18 1
57 23 1
57 28 1
57 33 -1
57 38 -1
57 50 -1
57 52 1
57 55 1
57 56 1
57 60 1
57 61 -1
57 62 -1
57 64 1
58 3 -1
58 10 1
58 11 -1
58 24 -1
58 32 1
58 47 1
58 50 1
58 52 1
58 53 -1
58 56 -1
58 59 1
58 61 1
58 63 -1
58 64 -1
59 1 -1
59 16 1
59 20 1
59 23 1
59 38 1
59 41 -1
59 42 1
59 48 -1
59 49 1
59 51 -1
59 53 1
59 55 -1
59 58 1
59 60 -1
59 61 1
59 62 1
60 13 -1
60 17 1
60 19 1
60 29 1
60 33 -1
60 43 1
60 47 1
60 50 1
60 51 1
60 53 -1
60 55 1
60 56 -1
60 57 1
60 59 -1
60 64 1
61 1 1
61 2 1
61 5 1
61 10 -1
61 12 1
61 17 1
61 30 1
61 49 1
61 50 -1
61 51 -1
61 53 1
61 57 -1
61 58 1
61 59 1
61 64 -1
62 8 1
62 30 1
62 32 1
62 33 1
62 41 1
62 49 -1
62 52 -1
62 54 1
62 55 1
62 56 1
62 57 -1
62 59 1
62 63 -1
63 1 -1
63 2 1
63 13 1
63 14 1
63 27 1
63 37 1
63 41 1
63 49 -1
63 52 -1
63 53 -1
63 54 1
63 56 -1
63 58 -1
63 62 -1
63 64 -1
64 1 -1
64 3 -1
64 6 1
64 21 1
64 31 1
64 35 1
64 39 1
64 49 1
64 50 1
64 51 1
64 57 1
64 58 -1
64 60 1
64 61 -1
64 63 -1
