1 4 1
1 5 -1
1 7 1
1 8 -1
1 9 1
1 10 1
1 13 1
1 16 1
1 17 1
1 18 1
1 25 1
1 26 1
1 40 1
1 45 1
1 47 1
1 62 -1
2 4 1
2 7 1
2 9 1
2 11 -1
2 13 1
2 14 1
2 15 1
2 16 1
2 23 -1
2 29 1
2 35 -1
2 39 1
2 45 -1
2 53 1
2 57 1
2 61 1
3 5 1
3 6 -1
3 8 -1
3 10 1
3 11 1
3 12 1
3 13 1
3 15 -1
3 19 1
3 28 -1
3 38 -1
3 39 -1
3 43 1
3 58 -1
3 62 1
3 63 1
4 1 1
4 2 1
4 7 -1
4 9 1
4 11 1
4 12 1
4 14 -1
4 16 1
4 20 1
4 31 1
4 32 1
4 41 1
4 52 1
4 55 1
4 57 1
5 1 -1
5 3 1
5 7 1
5 8 -1
5 10 -1
5 11 1
5 14 1
5 15 1
5 18 -1
5 19 -1
5 24 -1
5 25 1
5 26 1
5 31 1
5 53 1
5 62 1
6 3 -1
6 7 1
6 9 -1
6 10 1
6 11 -1
6 13 1
6 15 1
6 16 1
6 23 -1
6 31 1
6 37 1
6 45 1
6 47 1
6 49 1
6 57 1
7 1 1
7 2 1
7 4 -1
7 5 1
7 6 1
7 12 1
7 13 1
7 14 1
7 20 -1
7 22 -1
7 23 -1
7 25 1
7 35 1
7 41 -1
7 61 1
7 63 1
8 1 -1
8 3 -1
8 5 -1
8 9 1
8 10 -1
8 11 1
8 13 -1
8 15 1
8 22 1
8 23 1
8 41 -1
8 44 -1
8 54 1
8 55 1
8 63 -1
9 1 1
9 2 1
9 4 1
9 6 -1
9 8 1
9 11 1
9 12 -1
9 16 1
9 19 1
9 36 1
9 37 1
9 40 1
9 49 -1
9 52 1
9 58 -1
9 59 1
10 1 1
10 3 1
10 5 -1
10 6 1
10 8 -1
10 12 1
10 14 1
10 16 -1
10 17 1
10 26 1
10 27 -1
10 30 1
10 35 -1
10 40 1
10 45 1
10 47 -1
11 2 -1
11 3 1
11 4 1
11 5 1
11 6 -1
11 8 1
11 9 1
11 12 1
11 24 1
11 25 -1
11 27 1
11 29 1
11 39 1
11 42 1
11 55 -1
11 58 1
12 3 1
12 4 1
12 7 1
12 9 -1
12 10 1
12 11 1
12 13 1
12 15 -1
12 18 1
12 26 1
12 28 1
12 32 1
12 44 1
12 49 1
12 54 1
12 56 1
13 1 1
13 2 1
13 3 1
13 6 1
13 7 1
13 8 -1
13 12 1
13 14 -1
13 21 1
13 27 1
13 37 -1
13 42 1
13 44 1
13 54 1
13 61 -1
14 2 1
14 4 -1
14 5 1
14 7 1
14 10 1
14 13 -1
14 15 -1
14 16 -1
14 17 -1
14 21 1
14 35 1
14 36 1
14 37 -1
14 38 1
14 60 1
14 61 1
15 2 1
15 3 -1
15 5 1
15 6 1
15 8 1
15 12 -1
15 14 -1
15 16 -1
15 28 1
15 29 1
15 33 1
15 40 1
15 46 1
15 58 -1
15 59 -1
16 1 1
16 2 1
16 4 1
16 6 1
16 9 1
16 10 -1
16 14 -1
16 15 -1
16 27 1
16 32 1
16 37 1
16 40 1
16 48 1
16 53 -1
16 64 1
17 1 1
17 10 1
17 14 -1
17 19 1
17 20 -1
17 25 -1
17 28 1
17 29 -1
17 30 1
17 31 -1
17 32 -1
17 35 1
17 46 -1
17 48 -1
17 51 1
18 1 1
18 5 -1
18 12 1
18 19 1
18 22 1
18 24 1
18 25 -1
18 28 1
18 29 1
18 30 -1
18 32 1
18 34 1
18 39 -1
18 44 1
18 50 -1
18 62 1
19 3 1
19 5 -1
19 9 1
19 17 1
19 18 1
19 22 -1
19 23 1
19 26 1
19 29 -1
19 31 1
19 32 -1
19 39 1
19 51 -1
19 52 -1
19 53 1
19 57 1
20 4 1
20 7 -1
20 17 -1
20 21 1
20 22 1
20 24 -1
20 25 1
20 26 1
20 30 1
20 32 -1
20 35 1
20 39 1
20 45 1
20 48 1
20 53 1
20 61 1
21 13 1
21 14 1
21 20 1
21 22 1
21 23 1
21 24 1
21 27 -1
21 28 1
21 31 1
21 32 -1
21 38 1
21 41 1
21 50 1
21 56 1
21 58 -1
21 63 1
22 7 -1
22 8 1
22 18 1
22 19 -1
22 20 1
22 21 1
22 25 1
22 26 1
22 27 1
22 32 1
22 36 1
22 41 1
22 44 1
22 47 1
22 50 1
23 2 -1
23 6 -1
23 7 -1
23 8 1
23 19 1
23 21 1
23 25 -1
23 26 -1
23 27 -1
23 28 1
23 29 1
23 30 -1
23 34 1
23 36 1
23 48 -1
23 62 1
24 5 -1
24 11 1
24 18 1
24 20 -1
24 21 1
24 26 -1
24 27 1
24 28 1
24 30 1
24 31 -1
24 33 -1
24 38 1
24 55 1
24 57 -1
24 60 1
24 63 1
25 1 1
25 5 1
25 7 1
25 11 -1
25 17 -1
25 18 -1
25 20 1
25 22 1
25 23 -1
25 27 1
25 29 1
25 31 1
25 33 1
25 42 1
25 43 1
25 53 1
26 1 1
26 5 1
26 10 1
26 12 1
26 19 1
26 20 1
26 22 1
26 23 -1
26 24 -1
26 27 1
26 28 1
26 30 1
26 43 -1
26 60 1
26 64 1
27 10 -1
27 11 1
27 13 1
27 16 1
27 21 -1
27 22 1
27 23 -1
27 24 1
27 25 1
27 26 1
27 29 1
27 32 -1
27 36 1
27 42 1
27 58 1
27 63 1
28 3 -1
28 12 1
28 15 1
28 17 1
28 18 1
28 21 1
28 23 1
28 24 1
28 26 1
28 31 1
28 32 1
28 36 1
28 50 1
28 52 1
28 54 1
28 62 1
29 2 1
29 11 1
29 15 1
29 17 -1
29 18 1
29 19 -1
29 23 1
29 25 1
29 27 1
29 30 -1
29 31 1
29 41 1
29 47 -1
29 54 -1
29 63 -1
29 64 1
30 10 1
30 17 1
30 18 -1
30 20 1
30 23 -1
30 24 1
30 26 1
30 29 -1
30 31 -1
30 38 1
30 44 1
30 50 1
30 51 1
30 56 -1
30 57 -1
30 61 1
31 4 1
31 5 1
31 6 1
31 17 -1
31 19 1
31 21 1
31 24 -1
31 25 1
31 28 1
31 29 1
31 30 -1
31 37 -1
31 42 1
31 50 1
31 61 1
32 4 1
32 12 1
32 16 1
32 17 -1
32 18 1
32 19 -1
32 20 -1
32 21 -1
32 22 1
32 27 -1
32 28 1
32 37 1
32 43 -1
32 53 1
32 55 1
33 15 1
33 24 -1
33 25 1
33 35 -1
33 36 1
33 37 -1
33 38 -1
33 39 1
33 40 -1
33 44 1
33 48 1
33 49 1
33 55 1
33 62 1
33 64 1
34 18 1
34 23 1
34 35 1
34 36 -1
34 37 1
34 41 -1
34 42 -1
34 43 1
34 47 -1
34 48 1
34 50 -1
34 52 1
34 56 1
34 60 1
35 2 -1
35 7 1
35 10 -1
35 14 1
35 17 1
35 20 1
35 33 -1
35 34 1
35 37 1
35 39 1
35 40 1
35 45 -1
35 47 1
35 48 1
35 58 1
35 59 1
36 9 1
36 14 1
36 22 1
36 23 1
36 27 1
36 28 1
36 33 1
36 34 -1
36 38 1
36 42 -1
36 44 -1
36 45 1
36 47 -1
36 48 1
36 51 1
36 59 1
37 6 1
37 9 1
37 13 -1
37 14 -1
37 16 1
37 31 -1
37 32 1
37 33 -1
37 34 1
37 35 1
37 39 1
37 40 -1
37 41 1
37 43 1
37 46 -1
37 53 -1
38 3 -1
38 14 1
38 21 1
38 24 1
38 30 1
38 33 -1
38 36 1
38 40 1
38 41 1
38 43 1
38 46 1
38 47 1
38 48 -1
38 50 -1
38 60 1
38 64 1
39 2 1
39 3 -1
39 11 1
39 18 -1
39 19 1
39 20 1
39 33 1
39 35 1
39 37 1
39 40 1
39 41 1
39 42 1
39 45 -1
39 46 1
39 52 -1
39 55 1
40 1 1
40 9 1
40 10 1
40 15 1
40 16 1
40 33 -1
40 35 1
40 37 -1
40 38 1
40 39 1
40 44 1
40 45 1
40 47 1
40 49 -1
40 52 -1
40 56 1
41 4 1
41 7 -1
41 8 -1
41 21 1
41 22 1
41 29 1
41 34 -1
41 37 1
41 38 1
41 39 1
41 42 -1
41 43 1
41 45 1
41 46 1
41 51 1
41 52 1
42 11 1
42 13 1
42 25 1
42 27 1
42 31 1
42 34 -1
42 36 -1
42 39 1
42 41 -1
42 43 1
42 44 1
42 46 1
42 48 1
42 51 1
42 57 1
42 59 -1
43 3 1
43 25 1
43 26 -1
43 32 -1
43 34 1
43 37 1
43 38 1
43 41 1
43 42 1
43 44 1
43 45 1
43 46 -1
43 49 -1
43 63 1
43 64 1
44 8 -1
44 12 1
44 13 1
44 18 1
44 22 1
44 30 1
44 33 1
44 36 -1
44 40 1
44 42 1
44 43 1
44 45 1
44 46 1
44 48 -1
44 59 -1
45 1 1
45 2 -1
45 6 1
45 10 1
45 20 1
45 35 -1
45 36 1
45 39 -1
45 40 1
45 41 1
45 43 1
45 44 1
45 47 1
45 49 -1
45 61 1
45 62 1
46 15 1
46 17 -1
46 37 -1
46 38 1
46 39 1
46 41 1
46 42 1
46 43 -1
46 44 1
46 47 1
46 49 1
46 51 1
46 59 1
47 1 1
47 6 1
47 10 -1
47 22 1
47 29 -1
47 34 -1
47 35 1
47 36 -1
47 38 1
47 40 1
47 45 1
47 46 1
47 48 -1
47 51 1
47 54 -1
47 58 1
48 16 1
48 17 -1
48 20 1
48 23 -1
48 33 1
48 34 1
48 35 1
48 36 1
48 38 -1
48 42 1
48 44 -1
48 47 -1
48 56 1
48 60 1
49 6 1
49 9 -1
49 12 1
49 33 1
49 40 -1
49 43 -1
49 45 -1
49 46 1
49 53 -1
49 54 1
49 56 -1
49 57 1
49 58 1
49 61 -1
49 62 -1
49 64 -1
50 18 -1
50 21 1
50 22 1
50 28 1
50 30 1
50 31 1
50 34 -1
50 38 -1
50 51 1
50 52 -1
50 54 -1
50 55 1
50 58 1
50 59 1
50 60 1
50 63 1
51 17 1
51 19 -1
51 30 1
51 36 1
51 41 1
51 42 1
51 46 1
51 47 1
51 50 1
51 52 1
51 54 1
51 56 1
51 58 1
51 61 -1
51 62 1
51 64 1
52 4 1
52 9 1
52 19 -1
52 28 1
52 34 1
52 39 -1
52 40 -1
52 41 1
52 50 -1
52 51 1
52 56 -1
52 57 1
52 58 1
52 59 1
52 60 1
52 63 -1
53 2 1
53 5 1
53 16 -1
53 19 1
53 20 1
53 25 1
53 32 1
53 37 -1
53 49 -1
53 55 1
53 58 1
53 60 -1
53 61 -1
53 62 1
53 63 -1
53 64 1
54 8 1
54 12 1
54 13 1
54 28 1
54 29 -1
54 47 -1
54 49 1
54 50 -1
54 51 1
54 55 -1
54 58 1
54 59 1
54 60 1
54 63 1
55 4 1
55 8 1
55 11 -1
55 24 1
55 32 1
55 33 1
55 39 1
55 50 1
55 53 1
55 54 -1
55 56 1
55 57 1
55 59 1
55 62 1
55 64 1
56 12 1
56 21 1
56 30 -1
56 34 1
56 40 1
56 48 1
56 49 -1
56 51 1
56 52 -1
56 55 1
56 57 -1
56 59 1
56 61 -1
56 64 1
57 2 1
57 4 1
57 6 1
57 19 1
57 24 -1
57 30 -1
57 42 1
57 49 1
57 52 1
57 55 1
57 56 -1
57 58 -1
57 61 1
57 62 1
57 63 1
58 3 -1
58 9 -1
58 11 1
58 15 -1
58 21 -1
58 27 1
58 35 1
58 47 1
58 49 1
58 50 1
58 51 1
58 52 1
58 53 1
58 54 1
58 57 -1
58 64 1
59 9 1
59 15 -1
59 35 1
59 36 1
59 42 -1
59 44 -1
59 46 1
59 50 1
59 52 1
59 54 1
59 55 1
59 56 1
59 60 -1
59 61 1
59 64 1
60 14 1
60 24 1
60 26 1
60 34 1
60 38 1
60 48 1
60 50 1
60 52 1
60 53 -1
60 54 1
60 59 -1
60 62 1
60 63 -1
60 64 -1
61 2 1
61 7 1
61 13 -1
61 14 1
61 20 1
61 30 1
61 31 1
61 45 1
61 49 -1
61 51 -1
61 53 -1
61 56 -1
61 57 1
61 59 1
61 62 -1
61 63 1
62 1 -1
62 3 1
62 5 1
62 18 1
62 23 1
62 28 1
62 33 1
62 45 1
62 49 -1
62 51 1
62 53 1
62 55 1
62 57 1
62 60 1
62 61 -1
62 63 -1
63 3 1
63 7 1
63 8 -1
63 21 1
63 24 1
63 27 1
63 29 -1
63 43 1
63 50 1
63 52 -1
63 53 -1
63 54 1
63 57 1
63 60 -1
63 61 1
63 62 -1
64 16 1
64 26 1
64 29 1
64 33 1
64 38 1
64 43 1
64 49 -1
64 51 1
64 53 1
64 55 1
64 56 1
64 58 1
64 59 1
64 60 -1
