1 2 1
1 3 1
1 4 1
1 9 1
1 11 1
1 12 1
1 14 1
1 16 -1
1 17 -1
1 20 1
1 39 1
1 48 1
1 52 -1
1 54 1
1 55 1
2 1 1
2 4 1
2 6 1
2 9 1
2 11 1
2 13 1
2 14 1
2 15 -1
2 26 -1
2 27 1
2 31 1
2 33 1
2 37 1
2 40 1
2 43 1
2 61 1
3 1 1
3 6 1
3 7 1
3 9 1
3 10 1
3 11 1
3 12 1
3 16 1
3 17 1
3 21 1
3 24 1
3 34 1
3 41 1
3 44 1
3 61 1
4 1 1
4 2 1
4 5 1
4 8 1
4 10 1
4 11 1
4 14 1
4 15 1
4 18 1
4 23 1
4 30 1
4 36 1
4 39 1
4 45 1
4 46 -1
4 62 1
5 4 1
5 6 -1
5 7 1
5 9 1
5 10 1
5 11 1
5 12 1
5 16 1
5 19 1
5 20 1
5 22 1
5 31 1
5 34 -1
5 44 1
5 63 1
6 2 1
6 3 1
6 5 -1
6 7 1
6 10 1
6 12 1
6 13 1
6 15 -1
6 22 1
6 23 -1
6 26 1
6 34 1
6 38 1
6 45 1
6 52 1
6 62 1
7 3 1
7 5 1
7 6 1
7 9 -1
7 11 1
7 12 1
7 13 1
7 14 1
7 19 1
7 22 1
7 29 1
7 30 1
7 42 -1
7 47 1
7 48 -1
7 62 1
8 4 1
8 10 1
8 11 -1
8 12 1
8 13 1
8 14 1
8 15 -1
8 16 1
8 24 1
8 27 1
8 37 1
8 40 1
8 43 1
8 44 1
8 57 -1
8 63 1
9 1 1
9 2 1
9 3 1
9 5 1
9 7 -1
9 10 -1
9 14 -1
9 15 -1
9 18 1
9 26 1
9 28 1
9 41 -1
9 50 1
9 53 1
9 56 1
9 64 1
10 3 1
10 4 1
10 5 1
10 6 1
10 8 1
10 9 -1
10 13 1
10 15 -1
10 20 -1
10 23 1
10 26 1
10 46 -1
10 55 1
10 56 -1
10 63 1
11 1 1
11 2 1
11 3 1
11 4 1
11 5 1
11 7 1
11 8 -1
11 13 1
11 22 1
11 30 1
11 40 1
11 47 1
11 51 1
11 54 1
11 55 1
11 58 1
12 1 1
12 3 1
12 5 1
12 6 1
12 7 1
12 8 1
12 14 1
12 16 1
12 18 -1
12 19 1
12 20 1
12 23 1
12 26 -1
12 29 1
12 37 1
12 58 -1
13 2 1
13 6 1
13 7 1
13 8 1
13 10 1
13 11 1
13 15 -1
13 16 1
13 25 1
13 28 -1
13 44 1
13 50 1
13 56 1
13 58 1
13 62 -1
14 1 1
14 2 1
14 4 1
14 7 1
14 8 1
14 9 -1
14 12 1
14 16 1
14 36 1
14 45 -1
14 47 1
14 48 -1
14 51 1
14 54 1
14 55 1
14 56 1
15 2 -1
15 4 1
15 6 -1
15 8 -1
15 9 -1
15 10 -1
15 13 -1
15 16 -1
15 23 1
15 33 1
15 43 1
15 45 1
15 51 1
15 59 1
15 63 1
16 1 -1
16 3 1
16 5 1
16 8 1
16 12 1
16 13 1
16 14 1
16 15 -1
16 27 1
16 31 1
16 35 -1
16 38 1
16 48 1
16 51 1
16 57 1
17 1 -1
17 3 1
17 18 1
17 19 1
17 21 1
17 22 1
17 25 1
17 27 1
17 31 1
17 32 1
17 37 -1
17 53 1
17 54 1
17 58 1
17 62 1
17 64 -1
18 4 1
18 9 1
18 12 -1
18 17 1
18 21 1
18 22 1
18 23 1
18 24 1
18 26 1
18 30 1
18 32 -1
18 34 1
18 42 1
18 46 1
18 54 1
18 60 1
19 5 1
19 7 1
19 12 1
19 17 1
19 20 -1
19 24 1
19 27 1
19 28 1
19 29 1
19 30 1
19 31 -1
19 59 1
19 61 -1
19 63 1
19 64 1
20 1 1
20 5 1
20 10 -1
20 12 1
20 19 -1
20 21 1
20 23 -1
20 25 1
20 26 1
20 28 1
20 30 1
20 32 -1
20 33 1
20 39 1
20 47 -1
20 51 1
21 3 1
21 17 1
21 18 1
21 20 1
21 22 -1
21 23 1
21 25 1
21 27 1
21 32 1
21 42 1
21 47 1
21 53 1
21 62 -1
21 64 1
22 5 1
22 6 1
22 7 1
22 11 1
22 17 1
22 18 1
22 21 -1
22 23 1
22 24 1
22 26 1
22 28 1
22 30 1
22 38 -1
22 52 -1
22 54 1
22 64 -1
23 4 1
23 6 -1
23 10 1
23 12 1
23 15 1
23 18 1
23 20 -1
23 21 1
23 22 1
23 26 1
23 29 1
23 30 1
23 31 1
23 37 1
23 46 -1
23 62 1
24 3 1
24 8 1
24 18 1
24 19 1
24 22 1
24 25 -1
24 26 1
24 27 1
24 28 -1
24 31 1
24 38 1
24 39 1
24 40 1
24 50 1
24 60 1
25 13 1
25 17 1
25 20 1
25 21 1
25 24 -1
25 26 -1
25 27 1
25 29 1
25 31 1
25 40 -1
25 45 1
25 46 1
25 47 -1
25 56 1
25 58 1
26 2 -1
26 6 1
26 9 1
26 10 1
26 12 -1
26 18 1
26 20 1
26 22 1
26 23 1
26 24 1
26 25 -1
26 27 1
26 28 1
26 43 1
26 49 1
26 53 1
27 2 1
27 8 1
27 16 1
27 17 1
27 19 1
27 21 1
27 24 1
27 25 1
27 26 1
27 29 -1
27 32 1
27 40 1
27 53 1
27 56 1
27 58 -1
27 59 1
28 9 1
28 13 -1
28 19 1
28 20 1
28 22 1
28 24 -1
28 26 1
28 29 1
28 30 1
28 32 -1
28 35 -1
28 41 1
28 43 1
28 49 1
28 51 1
28 59 1
29 7 1
29 12 1
29 19 1
29 23 1
29 25 1
29 27 -1
29 28 1
29 30 1
29 31 1
29 32 1
29 34 -1
29 43 -1
29 44 1
29 45 1
29 49 -1
29 57 1
30 4 1
30 7 1
30 11 1
30 18 1
30 19 1
30 20 1
30 22 1
30 23 1
30 28 1
30 29 1
30 31 1
30 38 1
30 41 1
30 52 1
30 60 1
30 61 -1
31 2 1
31 5 1
31 16 1
31 17 1
31 19 -1
31 23 1
31 24 1
31 25 1
31 29 1
31 30 1
31 32 -1
31 35 1
31 36 1
31 47 -1
31 53 1
32 17 1
32 18 -1
32 20 -1
32 21 1
32 27 1
32 28 -1
32 29 1
32 31 -1
32 33 1
32 36 1
32 37 -1
32 45 1
32 49 1
32 50 1
32 52 1
32 57 1
33 2 1
33 15 1
33 20 1
33 32 1
33 34 -1
33 36 1
33 38 1
33 40 1
33 42 1
33 43 1
33 45 1
33 46 1
33 54 1
33 57 1
33 59 1
33 60 -1
34 3 1
34 5 -1
34 6 1
34 18 1
34 29 -1
34 33 -1
34 38 -1
34 39 1
34 41 1
34 43 1
34 44 1
34 46 1
34 47 -1
34 60 1
34 64 1
35 16 -1
35 28 -1
35 31 1
35 36 1
35 37 -1
35 38 1
35 41 1
35 42 1
35 44 -1
35 45 1
35 48 -1
35 49 -1
35 58 1
35 59 1
35 60 1
36 4 1
36 14 1
36 31 1
36 32 1
36 33 1
36 35 1
36 38 -1
36 39 -1
36 40 1
36 43 -1
36 44 -1
36 45 -1
36 52 -1
36 59 -1
36 60 -1
36 64 1
37 2 1
37 8 1
37 12 1
37 17 -1
37 23 1
37 32 -1
37 35 -1
37 39 1
37 42 1
37 43 1
37 44 1
37 46 1
37 47 1
37 48 -1
37 49 1
38 6 1
38 16 1
38 22 -1
38 24 1
38 30 1
38 33 1
38 34 -1
38 35 1
38 36 -1
38 39 1
38 40 -1
38 45 1
38 47 1
38 51 1
38 61 1
39 1 1
39 4 1
39 20 1
39 24 1
39 34 1
39 36 -1
39 37 1
39 38 1
39 40 1
39 41 1
39 43 1
39 48 1
39 55 1
39 61 1
40 2 1
40 8 1
40 11 1
40 24 1
40 25 -1
40 27 1
40 33 1
40 36 1
40 38 -1
40 39 1
40 41 1
40 43 1
40 47 -1
40 48 -1
40 57 1
41 3 1
41 9 -1
41 28 1
41 30 1
41 34 1
41 35 1
41 39 1
41 40 1
41 42 1
41 44 1
41 46 1
41 47 1
41 50 1
41 55 1
41 57 1
42 7 -1
42 18 1
42 21 1
42 33 1
42 35 1
42 37 1
42 41 1
42 44 -1
42 46 1
42 47 1
42 48 1
42 51 1
42 52 1
42 55 1
42 57 -1
42 60 1
43 2 1
43 8 1
43 15 1
43 26 1
43 28 1
43 29 -1
43 33 1
43 34 1
43 36 -1
43 37 1
43 39 1
43 40 1
43 45 1
43 47 1
43 54 -1
44 3 1
44 5 1
44 8 1
44 13 1
44 29 1
44 34 1
44 35 -1
44 36 -1
44 37 1
44 41 1
44 42 -1
44 45 1
44 46 1
44 53 1
44 56 1
44 64 1
45 4 1
45 6 1
45 14 -1
45 15 1
45 25 1
45 29 1
45 32 1
45 33 1
45 35 1
45 36 -1
45 38 1
45 43 1
45 44 1
45 46 -1
45 48 1
45 62 1
46 4 -1
46 10 -1
46 18 1
46 23 -1
46 25 1
46 33 1
46 34 1
46 37 1
46 41 1
46 42 1
46 44 1
46 45 -1
46 48 -1
46 63 -1
47 7 1
47 11 1
47 14 1
47 20 -1
47 21 1
47 25 -1
47 31 -1
47 34 -1
47 37 1
47 38 1
47 40 -1
47 41 1
47 42 1
47 43 1
47 48 1
47 49 1
48 1 1
48 7 -1
48 14 -1
48 16 1
48 35 -1
48 37 -1
48 39 1
48 40 -1
48 42 1
48 45 1
48 46 -1
48 47 1
48 50 1
48 52 -1
48 55 1
48 56 1
49 26 1
49 28 1
49 29 -1
49 32 1
49 35 -1
49 37 1
49 47 1
49 51 1
49 54 1
49 55 1
49 56 1
49 58 1
49 59 -1
49 61 1
49 62 1
50 9 1
50 13 1
50 24 1
50 32 1
50 41 1
50 48 1
50 51 1
50 52 1
50 53 1
50 54 1
50 55 1
50 57 1
50 61 1
50 64 -1
51 11 1
51 14 1
51 15 1
51 16 1
51 20 1
51 28 1
51 38 1
51 42 1
51 49 1
51 50 1
51 52 1
51 53 -1
51 55 1
51 56 1
51 58 1
51 62 1
52 1 -1
52 6 1
52 22 -1
52 30 1
52 32 1
52 36 -1
52 42 1
52 48 -1
52 50 1
52 51 1
52 53 1
52 54 1
52 55 1
52 56 1
52 60 1
52 64 1
53 9 1
53 17 1
53 21 1
53 26 1
53 27 1
53 31 1
53 44 1
53 50 1
53 51 -1
53 52 1
53 56 1
53 59 1
53 62 1
53 63 1
53 64 1
54 1 1
54 11 1
54 14 1
54 17 1
54 18 1
54 22 1
54 33 1
54 43 -1
54 49 1
54 50 1
54 52 1
54 57 1
54 58 1
54 59 1
54 61 1
54 63 1
55 1 1
55 10 1
55 11 1
55 14 1
55 39 1
55 41 1
55 42 1
55 48 1
55 49 1
55 50 1
55 51 1
55 52 1
55 58 1
55 59 1
55 60 1
55 61 -1
56 9 1
56 10 -1
56 13 1
56 14 1
56 25 1
56 27 1
56 44 1
56 48 1
56 49 1
56 51 1
56 52 1
56 53 1
56 57 1
56 60 -1
56 63 1
56 64 1
57 8 -1
57 16 1
57 29 1
57 32 1
57 33 1
57 40 1
57 41 1
57 42 -1
57 50 1
57 54 1
57 56 1
57 60 1
57 61 1
57 62 -1
57 63 1
57 64 1
58 11 1
58 12 -1
58 13 1
58 17 1
58 25 1
58 27 -1
58 35 1
58 49 1
58 51 1
58 54 1
58 55 1
58 59 1
58 61 1
58 63 1
58 64 1
59 15 1
59 19 1
59 27 1
59 28 1
59 33 1
59 35 1
59 36 -1
59 49 -1
59 53 1
59 54 1
59 55 1
59 58 1
59 61 1
59 62 -1
59 63 1
60 18 1
60 24 1
60 30 1
60 33 -1
60 34 1
60 35 1
60 36 -1
60 42 1
60 52 1
60 55 1
60 56 -1
60 57 1
60 61 1
60 62 1
60 63 1
60 64 1
61 2 1
61 3 1
61 19 -1
61 30 -1
61 38 1
61 39 1
61 49 1
61 50 1
61 54 1
61 55 -1
61 57 1
61 58 1
61 59 1
61 60 1
62 4 1
62 6 1
62 7 1
62 13 -1
62 17 1
62 21 -1
62 23 1
62 45 1
62 49 1
62 51 1
62 53 1
62 57 -1
62 59 -1
62 60 1
62 63 1
62 64 1
63 5 1
63 8 1
63 10 1
63 15 1
63 19 1
63 46 -1
63 53 1
63 54 1
63 56 1
63 57 1
63 58 1
63 59 1
63 60 1
63 62 1
64 9 1
64 17 -1
64 19 1
64 21 1
64 22 -1
64 34 1
64 36 1
64 44 1
64 50 -1
64 52 1
64 53 1
64 56 1
64 57 1
64 58 1
64 60 1
64 62 1
