1 2 1
1 6 1
1 9 -1
1 10 1
1 11 1
1 14 1
1 15 1
1 16 1
1 29 1
1 30 1
1 36 1
1 45 1
1 50 1
1 51 1
1 55 1
1 63 1
2 1 1
2 4 1
2 6 1
2 9 1
2 10 1
2 12 -1
2 14 1
2 16 1
2 20 1
2 25 -1
2 26 1
2 28 -1
2 30 1
2 42 -1
2 49 1
2 56 1
3 4 1
3 5 -1
3 8 -1
3 9 1
3 11 1
3 13 1
3 14 -1
3 15 1
3 28 1
3 32 1
3 44 1
3 55 1
3 56 1
3 57 1
3 58 1
3 63 1
4 2 1
4 3 1
4 5 1
4 6 1
4 7 1
4 8 1
4 11 1
4 16 1
4 24 1
4 44 -1
4 46 -1
4 53 1
4 61 1
4 63 -1
5 3 -1
5 4 1
5 7 1
5 8 1
5 10 1
5 11 -1
5 12 1
5 15 1
5 17 1
5 23 1
5 28 1
5 34 -1
5 40 1
5 61 1
5 63 1
6 1 1
6 2 1
6 4 1
6 10 1
6 11 1
6 12 1
6 14 -1
6 15 1
6 21 1
6 28 1
6 29 1
6 41 -1
6 49 1
6 63 1
7 4 1
7 5 1
7 8 -1
7 9 1
7 11 1
7 12 1
7 13 1
7 15 -1
7 26 1
7 36 1
7 47 1
7 48 1
7 50 1
7 54 1
7 58 1
7 64 -1
8 3 -1
8 4 1
8 5 1
8 7 -1
8 12 1
8 13 1
8 14 1
8 15 1
8 24 1
8 28 -1
8 34 1
8 36 1
8 46 -1
8 47 1
8 50 1
8 62 -1
9 1 -1
9 2 1
9 3 1
9 7 1
9 10 1
9 12 1
9 13 -1
9 16 1
9 29 1
9 32 1
9 37 1
9 38 -1
9 48 1
9 50 1
9 52 1
9 58 1
10 1 1
10 2 1
10 5 1
10 6 1
10 9 1
10 13 1
10 15 -1
10 16 1
10 20 1
10 28 1
10 34 1
10 39 1
10 45 1
10 51 1
10 56 1
10 60 1
11 1 1
11 3 1
11 4 1
11 5 -1
11 6 1
11 7 1
11 13 1
11 16 1
11 21 1
11 22 1
11 31 1
11 32 -1
11 35 1
11 43 1
11 46 1
11 52 1
12 2 -1
12 5 1
12 6 1
12 7 1
12 8 1
12 9 1
12 13 -1
12 14 1
12 24 -1
12 46 -1
12 48 -1
12 52 1
12 56 1
13 3 1
13 7 1
13 8 1
13 9 -1
13 10 1
13 11 1
13 12 -1
13 16 1
13 22 1
13 32 1
13 33 1
13 39 1
13 44 -1
13 59 1
13 60 1
14 1 1
14 2 1
14 3 -1
14 6 -1
14 8 1
14 12 1
14 15 1
14 16 1
14 20 1
14 26 -1
14 38 1
14 42 1
14 45 1
14 49 1
14 53 1
15 1 1
15 3 1
15 5 1
15 6 1
15 7 -1
15 8 1
15 10 -1
15 14 1
15 17 -1
15 18 1
15 33 1
15 39 -1
15 40 1
15 51 -1
15 57 1
16 1 1
16 2 1
16 4 1
16 9 1
16 10 1
16 11 1
16 13 1
16 14 1
16 22 1
16 26 1
16 30 1
16 40 1
16 41 1
16 46 -1
16 50 -1
16 64 1
17 5 1
17 15 -1
17 18 -1
17 19 1
17 20 1
17 21 1
17 23 1
17 24 1
17 25 1
17 28 1
17 36 1
17 42 1
17 54 1
17 56 -1
18 15 1
18 17 -1
18 19 1
18 22 -1
18 23 1
18 24 1
18 26 1
18 29 -1
18 32 1
18 33 -1
18 37 1
18 41 1
18 51 1
18 55 1
18 61 1
19 17 1
19 18 1
19 26 1
19 27 1
19 28 -1
19 30 1
19 31 1
19 32 -1
19 36 1
19 38 1
19 39 1
19 40 1
19 41 -1
19 52 -1
19 53 1
19 59 1
20 2 1
20 10 1
20 14 1
20 17 1
20 23 1
20 24 1
20 25 1
20 26 1
20 27 -1
20 28 1
20 31 1
20 40 1
20 43 1
20 48 1
20 58 1
21 6 1
21 11 1
21 17 1
21 23 -1
21 24 1
21 25 -1
21 26 1
21 27 1
21 28 1
21 30 1
21 38 1
21 44 1
21 53 1
21 56 1
21 60 1
22 11 1
22 13 1
22 16 1
22 18 -1
22 24 -1
22 25 1
22 26 1
22 27 -1
22 28 1
22 29 1
22 32 1
22 33 -1
22 42 1
22 55 1
22 58 1
23 5 1
23 17 1
23 18 1
23 20 1
23 21 -1
23 25 1
23 28 1
23 30 1
23 32 1
23 43 1
23 45 1
23 53 1
23 61 1
23 62 1
24 4 1
24 8 1
24 12 -1
24 17 1
24 18 1
24 20 1
24 21 1
24 22 -1
24 25 1
24 29 1
24 30 1
24 51 1
24 55 1
24 57 1
25 2 -1
25 17 1
25 20 1
25 21 -1
25 22 1
25 23 1
25 24 1
25 29 -1
25 31 1
25 39 1
25 44 -1
25 49 -1
25 51 -1
25 53 1
25 57 1
25 64 1
26 2 1
26 7 1
26 14 -1
26 16 1
26 18 1
26 19 1
26 20 1
26 21 1
26 22 1
26 27 1
26 30 1
26 31 -1
26 41 -1
26 43 1
26 57 1
26 64 1
27 19 1
27 20 -1
27 21 1
27 22 -1
27 26 1
27 29 1
27 30 -1
27 31 1
27 36 -1
27 42 1
27 47 1
27 51 -1
27 55 1
27 60 1
28 2 -1
28 3 1
28 5 1
28 6 1
28 8 -1
28 10 1
28 17 1
28 19 -1
28 20 1
28 21 1
28 22 1
28 23 1
28 29 1
28 32 1
28 35 1
29 1 1
29 6 1
29 9 1
29 18 -1
29 22 1
29 24 1
29 25 -1
29 27 1
29 28 1
29 31 1
29 32 1
29 35 1
29 40 1
29 44 -1
29 45 1
29 51 1
30 1 1
30 2 1
30 16 1
30 19 1
30 21 1
30 23 1
30 24 1
30 26 1
30 27 -1
30 31 1
30 32 -1
30 34 1
30 43 -1
30 48 1
30 63 1
31 11 1
31 19 1
31 20 1
31 25 1
31 26 -1
31 27 1
31 29 1
31 30 1
31 32 1
31 33 1
31 40 -1
31 42 1
31 44 1
31 56 1
31 59 1
31 62 1
32 3 1
32 9 1
32 11 -1
32 13 1
32 18 1
32 19 -1
32 22 1
32 23 1
32 28 1
32 29 1
32 30 -1
32 31 1
32 33 1
32 37 1
32 59 -1
32 63 1
33 13 1
33 15 1
33 18 -1
33 22 -1
33 31 1
33 32 1
33 34 1
33 35 -1
33 41 1
33 42 1
33 43 1
33 45 1
33 47 1
33 48 -1
33 54 1
34 5 -1
34 8 1
34 10 1
34 30 1
34 33 1
34 37 -1
34 38 1
34 39 1
34 41 1
34 45 1
34 47 1
34 48 1
34 58 1
34 64 -1
35 11 1
35 28 1
35 29 1
35 33 -1
35 37 1
35 39 1
35 40 1
35 43 -1
35 45 1
35 47 1
35 48 -1
35 49 1
35 54 1
35 59 1
35 62 -1
36 1 1
36 7 1
36 8 1
36 17 1
36 19 1
36 27 -1
36 37 1
36 38 1
36 39 1
36 40 1
36 45 1
36 46 -1
36 47 1
36 48 1
36 57 1
37 9 1
37 18 1
37 32 1
37 34 -1
37 35 1
37 36 1
37 39 1
37 40 1
37 41 1
37 44 1
37 47 1
37 52 1
37 54 1
37 55 1
37 60 1
38 9 -1
38 14 1
38 19 1
38 21 1
38 34 1
38 36 1
38 39 1
38 42 1
38 43 -1
38 44 1
38 46 1
38 48 1
38 59 1
38 64 -1
39 10 1
39 13 1
39 15 -1
39 19 1
39 25 1
39 34 1
39 35 1
39 36 1
39 37 1
39 38 1
39 40 1
39 45 1
39 46 1
39 50 1
39 62 -1
40 5 1
40 15 1
40 16 1
40 19 1
40 20 1
40 29 1
40 31 -1
40 35 1
40 36 1
40 37 1
40 39 1
40 42 -1
40 44 1
40 46 1
40 47 -1
40 59 1
41 6 -1
41 16 1
41 18 1
41 19 -1
41 26 -1
41 33 1
41 34 1
41 37 1
41 42 1
41 43 1
41 44 1
41 45 -1
41 48 -1
41 52 1
41 54 1
41 62 1
42 2 -1
42 14 1
42 17 1
42 22 1
42 27 1
42 31 1
42 33 1
42 38 1
42 40 -1
42 41 1
42 43 1
42 44 1
42 47 1
42 48 1
42 55 -1
43 11 1
43 20 1
43 23 1
43 26 1
43 30 -1
43 33 1
43 35 -1
43 38 -1
43 41 1
43 42 1
43 44 1
43 45 1
43 46 1
43 61 1
43 62 1
44 3 1
44 4 -1
44 13 -1
44 21 1
44 25 -1
44 29 -1
44 31 1
44 37 1
44 38 1
44 40 1
44 41 1
44 42 1
44 43 1
44 46 1
44 47 1
45 1 1
45 10 1
45 14 1
45 23 1
45 29 1
45 33 1
45 34 1
45 35 1
45 36 1
45 39 1
45 41 -1
45 43 1
45 46 1
45 56 1
45 61 1
46 4 -1
46 8 -1
46 11 1
46 12 -1
46 16 -1
46 36 -1
46 38 1
46 39 1
46 40 1
46 43 1
46 44 1
46 45 1
46 48 1
46 63 1
47 7 1
47 8 1
47 27 1
47 33 1
47 34 1
47 35 1
47 36 1
47 37 1
47 40 -1
47 42 1
47 44 1
47 50 1
47 52 1
47 54 1
47 60 -1
47 61 -1
48 7 1
48 9 1
48 12 -1
48 20 1
48 30 1
48 33 -1
48 34 1
48 35 -1
48 36 1
48 38 1
48 41 -1
48 42 1
48 46 1
48 49 1
48 61 1
49 2 1
49 6 1
49 14 1
49 25 -1
49 35 1
49 48 1
49 54 1
49 55 1
49 56 1
49 57 -1
49 59 1
49 60 -1
49 62 -1
49 64 1
50 1 1
50 7 1
50 8 1
50 9 1
50 16 -1
50 39 1
50 47 1
50 51 1
50 54 1
50 55 1
50 56 1
50 59 1
50 61 -1
50 62 1
50 64 1
51 1 1
51 10 1
51 15 -1
51 18 1
51 24 1
51 25 -1
51 27 -1
51 29 1
51 50 1
51 55 1
51 59 1
51 60 1
51 61 1
51 62 1
51 63 1
51 64 1
52 9 1
52 11 1
52 12 1
52 19 -1
52 37 1
52 41 1
52 47 1
52 53 -1
52 54 1
52 55 1
52 57 1
52 58 1
52 60 -1
52 63 1
52 64 -1
53 4 1
53 14 1
53 19 1
53 21 1
53 23 1
53 25 1
53 52 -1
53 56 1
53 57 1
53 58 -1
53 60 1
53 61 -1
53 62 -1
53 64 1
54 7 1
54 17 1
54 33 1
54 35 1
54 37 1
54 41 1
54 47 1
54 49 1
54 50 1
54 52 1
54 58 1
54 59 1
54 61 -1
54 62 1
54 63 1
55 1 1
55 3 1
55 18 1
55 22 1
55 24 1
55 27 1
55 37 1
55 42 -1
55 49 1
55 50 1
55 51 1
55 52 1
55 56 1
55 57 1
55 59 1
55 63 1
56 2 1
56 3 1
56 10 1
56 12 1
56 17 -1
56 21 1
56 31 1
56 45 1
56 49 1
56 50 1
56 53 1
56 55 1
56 57 1
56 58 1
56 59 1
56 63 1
57 3 1
57 15 1
57 24 1
57 25 1
57 26 1
57 36 1
57 49 -1
57 52 1
57 53 1
57 55 1
57 56 1
57 60 1
57 61 1
57 64 1
58 3 1
58 7 1
58 9 1
58 20 1
58 22 1
58 34 1
58 52 1
58 53 -1
58 54 1
58 56 1
58 59 1
58 60 1
58 62 1
58 63 1
59 13 1
59 19 1
59 31 1
59 32 -1
59 35 1
59 38 1
59 40 1
59 49 1
59 50 1
59 51 1
59 54 1
59 55 1
59 56 1
59 58 1
59 61 -1
60 10 1
60 13 1
60 21 1
60 27 1
60 37 1
60 47 -1
60 49 -1
60 51 1
60 52 -1
60 53 1
60 57 1
60 58 1
60 62 -1
60 64 1
61 4 1
61 5 1
61 18 1
61 23 1
61 43 1
61 45 1
61 47 -1
61 48 1
61 50 -1
61 51 1
61 53 -1
61 54 -1
61 57 1
61 59 -1
61 63 1
61 64 1
62 8 -1
62 23 1
62 31 1
62 35 -1
62 39 -1
62 41 1
62 43 1
62 49 -1
62 50 1
62 51 1
62 53 -1
62 54 1
62 58 1
62 60 -1
62 63 1
63 1 1
63 3 1
63 4 -1
63 5 1
63 6 1
63 30 1
63 32 1
63 46 1
63 51 1
63 52 1
63 54 1
63 55 1
63 56 1
63 58 1
63 61 1
63 62 1
64 7 -1
64 16 1
64 25 1
64 26 1
64 34 -1
64 38 -1
64 49 1
64 50 1
64 51 1
64 52 -1
64 53 1
64 57 1
64 60 1
64 61 1
