1 4 1
1 6 1
1 9 -1
1 10 -1
1 12 -1
1 13 1
1 14 -1
1 16 1
1 17 -1
1 26 1
1 27 1
1 40 1
1 41 -1
1 50 1
1 55 1
1 63 1
2 5 -1
2 7 1
2 8 -1
2 9 -1
2 12 1
2 13 1
2 14 1
2 16 -1
2 19 -1
2 32 -1
2 34 1
2 41 -1
2 49 -1
2 55 -1
3 4 -1
3 5 -1
3 7 1
3 10 1
3 11 -1
3 12 1
3 15 -1
3 16 1
3 23 1
3 31 -1
3 33 -1
3 35 -1
3 43 -1
3 44 1
3 52 1
3 60 1
4 1 1
4 3 -1
4 6 1
4 7 -1
4 10 1
4 11 1
4 13 -1
4 16 -1
4 17 1
4 37 1
4 38 1
4 42 -1
4 45 -1
4 48 -1
4 52 -1
4 62 -1
5 2 -1
5 3 -1
5 6 -1
5 8 1
5 12 -1
5 13 1
5 14 -1
5 15 -1
5 21 -1
5 30 -1
5 33 -1
5 52 1
5 57 1
5 59 1
5 60 -1
5 61 -1
6 1 1
6 4 1
6 5 -1
6 8 1
6 11 1
6 12 -1
6 13 -1
6 15 1
6 26 1
6 27 -1
6 35 1
6 36 1
6 38 1
6 46 1
6 54 -1
6 55 1
7 2 1
7 3 1
7 4 -1
7 9 1
7 13 -1
7 14 -1
7 15 1
7 16 -1
7 24 -1
7 25 1
7 42 1
7 53 -1
7 58 -1
7 59 -1
7 61 1
7 62 -1
8 2 -1
8 5 1
8 6 1
8 10 -1
8 11 1
8 13 -1
8 15 1
8 16 -1
8 18 1
8 20 -1
8 28 1
8 35 -1
8 39 1
8 40 1
8 46 1
8 50 1
9 1 -1
9 2 -1
9 7 1
9 12 1
9 13 1
9 14 1
9 15 1
9 16 1
9 18 -1
9 21 1
9 23 1
9 28 -1
9 32 1
9 34 1
9 41 1
9 50 1
10 1 -1
10 3 1
10 4 1
10 8 -1
10 11 -1
10 12 -1
10 14 -1
10 16 -1
10 30 1
10 36 1
10 44 1
10 48 -1
10 49 1
10 55 1
10 61 -1
11 3 -1
11 4 1
11 6 1
11 8 1
11 10 -1
11 12 1
11 14 1
11 15 1
11 19 1
11 36 1
11 39 1
11 47 1
11 48 1
11 57 1
11 61 -1
12 1 -1
12 2 1
12 3 1
12 5 -1
12 6 -1
12 9 1
12 10 -1
12 11 1
12 22 -1
12 27 1
12 36 -1
12 47 1
12 50 -1
12 52 -1
12 56 -1
12 60 1
13 1 1
13 2 1
13 4 -1
13 5 1
13 6 -1
13 7 -1
13 8 -1
13 9 1
13 18 1
13 24 1
13 34 1
13 35 -1
13 44 -1
13 48 -1
13 51 1
13 62 -1
14 1 -1
14 2 1
14 5 -1
14 7 -1
14 9 1
14 10 -1
14 11 1
14 15 1
14 23 -1
14 26 1
14 48 -1
14 52 -1
14 56 1
14 58 -1
14 62 -1
15 3 -1
15 5 -1
15 6 1
15 7 1
15 8 1
15 9 1
15 11 1
15 14 1
15 18 1
15 20 -1
15 26 -1
15 29 1
15 36 -1
15 41 1
15 48 -1
15 54 1
16 1 1
16 2 -1
16 3 1
16 4 -1
16 7 -1
16 8 -1
16 9 1
16 10 -1
16 21 -1
16 26 -1
16 27 1
16 29 1
16 48 -1
16 53 -1
16 58 1
16 59 1
17 1 -1
17 4 1
17 18 1
17 19 1
17 20 -1
17 25 1
17 27 1
17 29 -1
17 31 -1
17 32 1
17 34 -1
17 47 -1
17 52 1
17 53 -1
17 62 1
17 64 -1
18 8 1
18 9 -1
18 13 1
18 15 1
18 17 1
18 19 -1
18 20 1
18 21 -1
18 22 1
18 23 -1
18 28 1
18 31 -1
18 40 -1
18 44 1
18 56 1
18 61 -1
19 2 -1
19 11 1
19 17 1
19 18 -1
19 21 1
19 22 -1
19 23 1
19 26 1
19 27 -1
19 28 1
19 36 -1
19 40 -1
19 45 1
19 49 -1
19 51 -1
19 52 -1
20 8 -1
20 15 -1
20 17 -1
20 18 1
20 23 1
20 24 1
20 25 1
20 26 -1
20 28 -1
20 32 -1
20 33 -1
20 35 1
20 36 -1
20 54 1
20 64 -1
21 5 -1
21 9 1
21 16 -1
21 18 -1
21 19 1
21 22 -1
21 24 1
21 25 -1
21 28 1
21 29 1
21 32 -1
21 34 -1
21 57 1
21 58 1
21 61 -1
22 12 -1
22 18 1
22 19 -1
22 21 -1
22 23 -1
22 24 1
22 26 1
22 31 1
22 32 -1
22 40 1
22 43 -1
22 44 -1
22 55 -1
22 58 1
22 60 1
22 64 -1
23 3 1
23 9 1
23 14 -1
23 18 -1
23 19 1
23 20 1
23 22 -1
23 26 1
23 27 -1
23 30 -1
23 31 1
23 45 -1
23 49 -1
23 50 -1
23 51 -1
23 61 -1
24 7 -1
24 13 1
24 20 1
24 21 1
24 22 1
24 25 -1
24 27 -1
24 29 -1
24 30 1
24 32 -1
24 35 1
24 36 1
24 39 1
24 53 -1
24 60 -1
24 63 -1
25 7 1
25 17 1
25 20 1
25 21 -1
25 24 -1
25 26 -1
25 29 -1
25 30 -1
25 32 -1
25 40 -1
25 43 1
25 45 -1
25 46 1
25 47 -1
25 49 -1
25 54 1
26 1 1
26 6 1
26 14 1
26 15 -1
26 16 -1
26 19 1
26 20 -1
26 22 1
26 23 1
26 25 -1
26 28 -1
26 29 1
26 30 -1
26 33 1
26 54 -1
26 63 -1
27 1 1
27 6 -1
27 12 1
27 16 1
27 17 1
27 19 -1
27 23 -1
27 24 -1
27 28 -1
27 29 -1
27 30 1
27 32 -1
27 34 1
27 35 -1
27 60 -1
27 63 1
28 8 1
28 9 -1
28 18 1
28 19 1
28 20 -1
28 21 1
28 26 -1
28 27 -1
28 30 -1
28 31 -1
28 33 -1
28 39 -1
28 43 -1
28 49 1
28 59 -1
28 62 1
29 15 1
29 16 1
29 17 -1
29 21 1
29 24 -1
29 25 -1
29 26 1
29 27 -1
29 30 -1
29 31 1
29 34 -1
29 41 -1
29 42 -1
29 44 1
29 46 1
29 53 1
30 5 -1
30 10 1
30 23 -1
30 24 1
30 25 -1
30 26 -1
30 27 1
30 28 -1
30 29 -1
30 31 -1
30 39 -1
30 47 1
30 51 -1
30 57 1
30 63 1
31 3 -1
31 17 -1
31 18 -1
31 22 1
31 23 1
31 28 -1
31 29 1
31 30 -1
31 32 -1
31 33 1
31 37 -1
31 38 1
31 43 -1
31 48 1
31 51 -1
31 57 -1
32 2 -1
32 9 1
32 17 1
32 20 -1
32 21 -1
32 22 -1
32 24 -1
32 25 -1
32 27 -1
32 31 -1
32 37 -1
32 40 1
32 54 -1
32 58 1
33 3 -1
33 5 -1
33 20 -1
33 26 1
33 28 -1
33 31 1
33 35 1
33 37 1
33 38 -1
33 39 -1
33 40 1
33 41 1
33 42 1
33 43 -1
33 53 1
33 57 -1
34 2 1
34 9 1
34 13 1
34 17 -1
34 21 -1
34 27 1
34 29 -1
34 35 -1
34 38 1
34 39 -1
34 40 1
34 42 1
34 45 -1
34 46 1
34 48 1
35 3 -1
35 6 1
35 8 -1
35 13 -1
35 20 1
35 24 1
35 27 -1
35 33 1
35 34 -1
35 37 -1
35 38 1
35 42 -1
35 43 -1
35 45 -1
35 48 -1
35 58 1
36 6 1
36 10 1
36 11 1
36 12 -1
36 15 -1
36 19 -1
36 20 -1
36 24 1
36 39 1
36 40 1
36 41 -1
36 42 1
36 44 -1
36 45 1
36 47 1
36 48 -1
37 4 1
37 31 -1
37 32 -1
37 33 1
37 35 -1
37 38 -1
37 39 -1
37 41 1
37 44 1
37 46 -1
37 47 -1
37 56 1
37 57 -1
37 60 -1
37 62 -1
37 63 -1
38 4 1
38 6 1
38 31 1
38 33 -1
38 34 1
38 35 1
38 37 -1
38 43 1
38 44 -1
38 46 1
38 47 1
38 51 1
38 54 -1
38 59 1
38 64 -1
39 8 1
39 11 1
39 24 1
39 28 -1
39 30 -1
39 33 -1
39 34 -1
39 36 1
39 37 -1
39 41 -1
39 44 -1
39 46 -1
39 48 -1
39 55 -1
39 59 1
40 1 1
40 8 1
40 18 -1
40 19 -1
40 22 1
40 25 -1
40 32 1
40 33 1
40 34 1
40 36 1
40 41 -1
40 42 1
40 43 1
40 45 1
40 47 -1
40 49 1
41 1 -1
41 2 -1
41 9 1
41 15 1
41 29 -1
41 33 1
41 36 -1
41 37 1
41 39 -1
41 40 -1
41 44 1
41 46 -1
41 48 -1
41 50 1
41 52 1
42 4 -1
42 7 1
42 29 -1
42 33 1
42 34 1
42 35 -1
42 36 1
42 40 1
42 45 1
42 47 -1
42 48 1
42 56 1
42 59 -1
42 64 1
43 3 -1
43 22 -1
43 25 1
43 28 -1
43 31 -1
43 33 -1
43 35 -1
43 38 1
43 40 1
43 44 1
43 46 1
43 47 -1
43 48 -1
43 50 1
43 54 -1
43 55 1
44 3 1
44 10 1
44 13 -1
44 18 1
44 22 -1
44 29 1
44 36 -1
44 37 1
44 38 -1
44 39 -1
44 41 1
44 43 1
44 45 1
44 48 1
44 56 -1
45 4 -1
45 19 1
45 23 -1
45 25 -1
45 34 -1
45 35 -1
45 36 1
45 40 1
45 42 1
45 44 1
45 46 1
45 47 1
45 49 -1
45 55 1
45 61 1
45 64 1
46 6 1
46 8 1
46 25 1
46 29 1
46 34 1
46 37 -1
46 38 1
46 39 -1
46 41 -1
46 43 1
46 45 1
46 47 1
46 51 1
46 53 1
46 59 -1
46 63 -1
47 11 1
47 12 1
47 17 -1
47 25 -1
47 30 1
47 36 1
47 37 -1
47 38 1
47 40 -1
47 42 -1
47 43 -1
47 45 1
47 46 1
47 51 1
47 53 1
47 60 1
48 4 -1
48 10 -1
48 11 1
48 13 -1
48 14 -1
48 15 -1
48 16 -1
48 31 1
48 34 1
48 35 -1
48 36 -1
48 39 -1
48 41 -1
48 42 1
48 43 -1
48 44 1
49 2 -1
49 10 1
49 19 -1
49 23 -1
49 25 -1
49 28 1
49 40 1
49 45 -1
49 50 -1
49 51 1
49 57 1
49 59 -1
49 60 1
49 61 1
49 62 1
49 64 1
50 1 1
50 8 1
50 9 1
50 12 -1
50 23 -1
50 41 1
50 43 1
50 49 -1
50 54 -1
50 55 -1
50 57 1
50 58 -1
50 60 -1
50 62 1
50 64 1
51 13 1
51 19 -1
51 23 -1
51 30 -1
51 31 -1
51 38 1
51 46 1
51 47 1
51 49 1
51 53 1
51 55 -1
51 57 1
51 61 1
51 62 1
51 63 1
51 64 1
52 3 1
52 4 -1
52 5 1
52 12 -1
52 14 -1
52 17 1
52 19 -1
52 41 1
52 56 1
52 57 1
52 58 -1
52 60 1
52 61 1
52 62 1
52 63 -1
52 64 -1
53 7 -1
53 16 -1
53 17 -1
53 24 -1
53 29 1
53 33 1
53 46 1
53 47 1
53 51 1
53 54 -1
53 56 1
53 58 -1
53 60 -1
53 61 -1
53 62 -1
53 63 -1
54 6 -1
54 15 1
54 20 1
54 25 1
54 26 -1
54 32 -1
54 38 -1
54 43 -1
54 50 -1
54 53 -1
54 56 -1
54 58 -1
54 59 1
54 62 1
54 63 -1
54 64 1
55 1 1
55 2 -1
55 6 1
55 10 1
55 22 -1
55 39 -1
55 43 1
55 45 1
55 50 -1
55 51 -1
55 57 1
55 58 1
55 59 1
55 61 -1
55 62 1
55 63 -1
56 12 -1
56 14 1
56 18 1
56 37 1
56 42 1
56 44 -1
56 52 1
56 53 1
56 54 -1
56 57 -1
56 59 -1
56 60 -1
56 61 -1
56 64 1
57 5 1
57 11 1
57 21 1
57 30 1
57 31 -1
57 33 -1
57 37 -1
57 49 1
57 50 1
57 51 1
57 52 1
57 55 1
57 56 -1
57 59 1
57 60 1
58 7 -1
58 14 -1
58 16 1
58 21 1
58 22 1
58 32 1
58 35 1
58 50 -1
58 52 -1
58 53 -1
58 54 -1
58 55 1
58 59 1
58 61 -1
58 62 -1
59 5 1
59 7 -1
59 16 1
59 28 -1
59 38 1
59 39 1
59 42 -1
59 46 -1
59 49 -1
59 54 1
59 55 1
59 56 -1
59 57 1
59 58 1
59 60 1
59 63 1
60 3 1
60 5 -1
60 12 1
60 22 1
60 24 -1
60 27 -1
60 37 -1
60 47 1
60 49 1
60 50 -1
60 52 1
60 53 -1
60 56 -1
60 57 1
60 59 1
60 63 -1
61 5 -1
61 7 1
61 10 -1
61 11 -1
61 18 -1
61 21 -1
61 23 -1
61 45 1
61 49 1
61 51 1
61 52 1
61 53 -1
61 55 -1
61 56 -1
61 58 -1
61 64 -1
62 4 -1
62 7 -1
62 13 -1
62 14 -1
62 17 1
62 28 1
62 37 -1
62 49 1
62 50 1
62 51 1
62 52 1
62 53 -1
62 54 1
62 55 1
62 58 -1
63 1 1
63 24 -1
63 26 -1
63 27 1
63 30 1
63 37 -1
63 46 -1
63 51 1
63 52 -1
63 53 -1
63 54 -1
63 55 -1
63 59 1
63 60 -1
63 64 1
64 17 -1
64 20 -1
64 22 -1
64 38 -1
64 42 1
64 45 1
64 49 1
64 50 1
64 51 1
64 52 -1
64 54 1
64 56 1
64 61 -1
64 63 1
