1 2 1
1 3 -1
1 5 -1
1 6 -1
1 8 1
1 10 -1
1 12 -1
1 15 1
1 19 -1
1 26 1
1 39 1
1 49 -1
1 55 1
1 57 -1
1 58 1
1 61 1
2 1 1
2 5 -1
2 6 -1
2 8 -1
2 11 -1
2 12 -1
2 14 -1
2 15 1
2 21 -1
2 28 -1
2 42 1
2 46 -1
2 52 -1
3 1 -1
3 4 1
3 5 1
3 7 -1
3 10 1
3 11 1
3 13 1
3 14 -1
3 28 1
3 31 1
3 32 1
3 33 -1
3 38 -1
3 40 -1
3 44 1
3 47 1
4 3 1
4 8 1
4 9 1
4 11 -1
4 12 -1
4 14 -1
4 15 -1
4 16 -1
4 24 -1
4 28 1
4 32 -1
4 41 1
4 44 1
4 47 1
4 54 -1
4 62 1
5 1 -1
5 2 -1
5 3 1
5 6 -1
5 7 -1
5 8 1
5 10 1
5 16 -1
5 18 1
5 25 -1
5 28 1
5 34 1
5 37 -1
5 43 1
5 45 -1
6 1 -1
6 2 -1
6 5 -1
6 9 -1
6 10 -1
6 13 -1
6 15 1
6 16 -1
6 22 -1
6 32 1
6 33 -1
6 36 -1
6 37 -1
6 49 -1
6 51 -1
6 54 -1
7 3 -1
7 5 -1
7 8 1
7 9 1
7 10 -1
7 11 -1
7 12 -1
7 16 1
7 20 1
7 26 1
7 27 -1
7 36 1
7 39 1
7 49 1
7 50 1
7 60 -1
8 1 1
8 2 -1
8 4 1
8 5 1
8 7 1
8 9 1
8 13 1
8 15 1
8 29 1
8 33 -1
8 34 -1
8 52 -1
8 56 -1
8 58 1
8 62 1
8 63 1
9 4 1
9 6 -1
9 7 1
9 8 1
9 10 1
9 11 -1
9 12 -1
9 16 1
9 18 -1
9 23 1
9 46 1
9 51 1
9 54 1
9 55 1
9 61 -1
10 1 -1
10 3 1
10 5 1
10 6 -1
10 7 -1
10 9 1
10 14 1
10 15 -1
10 21 1
10 25 1
10 30 1
10 32 -1
10 47 1
10 49 1
10 58 1
10 63 -1
11 2 -1
11 3 1
11 4 -1
11 7 -1
11 9 -1
11 13 -1
11 14 -1
11 15 1
11 28 1
11 29 1
11 31 -1
11 38 -1
11 45 -1
11 53 1
11 64 -1
12 1 -1
12 2 -1
12 4 -1
12 7 -1
12 9 -1
12 13 -1
12 14 1
12 16 -1
12 20 1
12 27 -1
12 31 -1
12 32 -1
12 34 -1
12 39 -1
12 57 1
12 59 -1
13 3 1
13 6 -1
13 8 1
13 11 -1
13 12 -1
13 14 1
13 15 1
13 16 -1
13 17 -1
13 19 1
13 28 1
13 39 1
13 42 1
13 44 -1
13 53 -1
13 61 1
14 2 -1
14 3 -1
14 4 -1
14 10 1
14 11 -1
14 12 1
14 13 1
14 16 1
14 21 -1
14 22 1
14 37 1
14 40 -1
14 45 1
14 53 -1
14 61 -1
14 63 -1
15 1 1
15 2 1
15 4 -1
15 6 1
15 8 1
15 10 -1
15 11 1
15 13 1
15 20 -1
15 31 -1
15 44 1
15 48 -1
15 52 -1
15 56 -1
15 58 -1
16 4 -1
16 5 -1
16 6 -1
16 7 1
16 9 1
16 12 -1
16 13 -1
16 14 1
16 30 -1
16 33 1
16 35 -1
16 40 -1
16 42 1
16 44 -1
16 46 -1
16 62 -1
17 13 -1
17 18 -1
17 20 1
17 23 1
17 24 -1
17 26 1
17 27 1
17 28 -1
17 32 -1
17 37 -1
17 38 -1
17 41 -1
17 52 1
17 55 1
17 60 1
17 62 -1
18 5 1
18 9 -1
18 17 -1
18 19 1
18 21 1
18 22 1
18 23 1
18 29 1
18 30 -1
18 32 1
18 35 -1
18 47 -1
18 49 -1
18 51 1
18 61 -1
19 1 -1
19 13 1
19 18 1
19 20 -1
19 21 1
19 24 1
19 26 1
19 29 -1
19 30 -1
19 31 -1
19 39 1
19 45 -1
19 55 1
19 57 1
19 62 1
20 7 1
20 12 1
20 15 -1
20 17 1
20 19 -1
20 22 1
20 23 1
20 24 1
20 25 1
20 28 -1
20 29 -1
20 35 1
20 38 -1
20 47 1
20 56 -1
20 63 1
21 2 -1
21 10 1
21 14 -1
21 18 1
21 19 1
21 23 -1
21 25 -1
21 27 -1
21 28 -1
21 30 -1
21 31 1
21 37 -1
21 59 1
21 62 -1
22 6 -1
22 14 1
22 18 1
22 20 1
22 23 -1
22 26 1
22 27 1
22 29 1
22 30 -1
22 31 1
22 36 -1
22 42 1
22 48 -1
22 51 -1
22 53 1
22 60 1
23 9 1
23 17 1
23 18 1
23 20 1
23 21 -1
23 22 -1
23 25 1
23 28 1
23 30 1
23 36 1
23 40 1
23 42 -1
23 51 -1
23 53 -1
23 57 -1
24 4 -1
24 17 -1
24 19 1
24 20 1
24 25 -1
24 27 -1
24 30 1
24 31 1
24 32 -1
24 38 -1
24 42 1
24 54 1
24 56 -1
24 58 1
24 62 1
24 64 -1
25 5 -1
25 10 1
25 20 1
25 21 -1
25 23 1
25 24 -1
25 26 -1
25 27 1
25 28 1
25 32 1
25 34 1
25 36 -1
25 43 -1
25 50 1
25 56 1
25 57 1
26 1 1
26 7 1
26 17 1
26 19 1
26 22 1
26 25 -1
26 27 -1
26 29 -1
26 31 -1
26 32 1
26 47 -1
26 51 1
26 56 -1
26 57 1
26 63 -1
27 7 -1
27 12 -1
27 17 1
27 21 -1
27 22 1
27 24 -1
27 25 1
27 26 -1
27 29 -1
27 31 -1
27 33 -1
27 40 -1
27 41 1
27 46 -1
27 49 1
27 52 1
28 2 -1
28 3 1
28 4 1
28 5 1
28 11 1
28 13 1
28 17 -1
28 20 -1
28 21 -1
28 23 1
28 25 1
28 29 1
28 30 1
28 32 1
28 41 1
28 49 1
29 8 1
29 11 1
29 18 1
29 19 -1
29 20 -1
29 22 1
29 26 -1
29 27 -1
29 28 1
29 32 1
29 40 -1
29 44 1
29 46 1
30 10 1
30 16 -1
30 18 -1
30 19 -1
30 21 -1
30 22 -1
30 23 1
30 24 1
30 28 1
30 31 -1
30 45 1
30 48 -1
30 54 1
30 60 1
30 63 1
30 64 -1
31 3 1
31 11 -1
31 12 -1
31 15 -1
31 19 -1
31 21 1
31 22 1
31 24 1
31 26 -1
31 27 -1
31 30 -1
31 32 1
31 35 1
31 36 1
31 40 -1
31 52 1
32 3 1
32 4 -1
32 6 1
32 10 -1
32 12 -1
32 17 -1
32 18 1
32 24 -1
32 25 1
32 26 1
32 28 1
32 29 1
32 31 1
32 43 -1
32 45 -1
32 51 -1
33 3 -1
33 6 -1
33 8 -1
33 16 1
33 27 -1
33 34 -1
33 37 -1
33 38 -1
33 39 -1
33 41 1
33 42 -1
33 45 -1
33 48 -1
33 50 1
33 58 1
33 59 -1
34 5 1
34 8 -1
34 12 -1
34 25 1
34 33 -1
34 36 1
34 37 1
34 41 -1
34 42 -1
34 44 -1
34 46 1
34 48 1
34 54 1
34 59 -1
34 60 1
34 61 -1
35 16 -1
35 18 -1
35 20 1
35 31 1
35 36 1
35 37 -1
35 38 1
35 40 -1
35 44 -1
35 46 -1
35 47 -1
35 48 -1
35 50 -1
35 52 -1
35 57 -1
35 61 -1
36 6 -1
36 7 1
36 22 -1
36 23 1
36 25 -1
36 31 1
36 34 1
36 35 1
36 37 1
36 38 -1
36 40 1
36 44 -1
36 47 1
36 48 1
36 55 -1
36 64 1
37 5 -1
37 6 -1
37 14 1
37 17 -1
37 21 -1
37 33 -1
37 34 1
37 35 -1
37 36 1
37 38 -1
37 41 1
37 43 -1
37 45 1
37 50 1
37 57 1
38 3 -1
38 11 -1
38 17 -1
38 20 -1
38 24 -1
38 33 -1
38 35 1
38 36 -1
38 37 -1
38 39 -1
38 40 1
38 43 -1
38 47 1
38 49 -1
38 53 -1
38 55 1
39 1 1
39 7 1
39 12 -1
39 13 1
39 19 1
39 33 -1
39 38 -1
39 41 1
39 42 -1
39 43 1
39 45 1
39 46 1
39 48 1
39 50 1
39 62 1
40 3 -1
40 14 -1
40 16 -1
40 23 1
40 27 -1
40 29 -1
40 31 -1
40 35 -1
40 36 1
40 38 1
40 42 1
40 43 -1
40 44 1
40 46 1
40 47 1
41 4 1
41 17 -1
41 27 1
41 28 1
41 33 1
41 34 -1
41 37 1
41 39 1
41 42 -1
41 44 1
41 45 -1
41 47 1
41 50 1
41 53 -1
41 55 -1
42 2 1
42 13 1
42 16 1
42 22 1
42 23 -1
42 24 1
42 33 -1
42 34 -1
42 39 -1
42 40 1
42 41 -1
42 43 -1
42 44 1
42 45 -1
42 55 -1
43 5 1
43 25 -1
43 32 -1
43 37 -1
43 38 -1
43 39 1
43 40 -1
43 42 -1
43 45 -1
43 47 -1
43 48 -1
43 56 -1
43 58 1
43 59 -1
43 63 1
44 3 1
44 4 1
44 13 -1
44 15 1
44 16 -1
44 29 1
44 34 -1
44 35 -1
44 36 -1
44 40 1
44 41 1
44 42 1
44 45 -1
44 46 -1
44 60 -1
45 5 -1
45 11 -1
45 14 1
45 19 -1
45 30 1
45 32 -1
45 33 -1
45 37 1
45 39 1
45 41 -1
45 42 -1
45 43 -1
45 44 -1
45 46 1
45 54 -1
45 64 1
46 2 -1
46 9 1
46 16 -1
46 27 -1
46 29 1
46 34 1
46 35 -1
46 39 1
46 40 1
46 44 -1
46 45 1
46 47 1
46 48 1
46 53 -1
46 60 -1
46 64 1
47 3 1
47 4 1
47 10 1
47 18 -1
47 20 1
47 26 -1
47 35 -1
47 36 1
47 38 1
47 40 1
47 41 1
47 43 -1
47 46 1
47 48 1
47 54 -1
47 58 1
48 15 -1
48 22 -1
48 30 -1
48 33 -1
48 34 1
48 35 -1
48 36 1
48 39 1
48 43 -1
48 46 1
48 47 1
48 59 1
48 60 1
48 61 -1
48 64 -1
49 1 -1
49 6 -1
49 7 1
49 10 1
49 18 -1
49 27 1
49 28 1
49 38 -1
49 50 1
49 51 1
49 55 -1
49 57 1
49 58 -1
49 61 1
49 62 -1
49 64 1
50 7 1
50 25 1
50 33 1
50 35 -1
50 37 1
50 39 1
50 41 1
50 49 1
50 51 1
50 52 -1
50 54 -1
50 55 -1
50 56 1
50 58 1
50 62 1
51 6 -1
51 9 1
51 18 1
51 22 -1
51 23 -1
51 26 1
51 32 -1
51 49 1
51 50 1
51 52 -1
51 54 1
51 56 -1
51 57 -1
51 61 -1
51 63 1
52 2 -1
52 8 -1
52 15 -1
52 17 1
52 27 1
52 31 1
52 35 -1
52 50 -1
52 51 -1
52 56 -1
52 57 1
52 58 -1
52 59 -1
52 60 1
52 64 1
53 11 1
53 13 -1
53 14 -1
53 22 1
53 23 -1
53 38 -1
53 41 -1
53 46 -1
53 54 1
53 55 1
53 56 1
53 58 1
53 59 -1
53 60 -1
53 61 -1
53 63 1
54 4 -1
54 6 -1
54 9 1
54 24 1
54 30 1
54 34 1
54 45 -1
54 47 -1
54 50 -1
54 51 1
54 53 1
54 56 -1
54 57 -1
54 59 -1
54 60 1
54 62 1
55 1 1
55 9 1
55 17 1
55 19 1
55 36 -1
55 38 1
55 41 -1
55 42 -1
55 49 -1
55 50 -1
55 53 1
55 57 -1
55 59 1
55 60 1
55 62 -1
55 63 1
56 8 -1
56 15 -1
56 20 -1
56 24 -1
56 25 1
56 26 -1
56 43 -1
56 50 1
56 51 -1
56 52 -1
56 53 1
56 54 -1
56 58 1
56 61 1
56 62 -1
57 1 -1
57 12 1
57 19 1
57 23 -1
57 25 1
57 26 1
57 35 -1
57 37 1
57 49 1
57 51 -1
57 52 1
57 54 -1
57 55 -1
57 58 1
57 61 -1
57 63 -1
58 1 1
58 8 1
58 10 1
58 15 -1
58 24 1
58 33 1
58 43 1
58 47 1
58 49 -1
58 50 1
58 52 -1
58 53 1
58 56 1
58 57 1
58 61 1
58 64 -1
59 12 -1
59 21 1
59 33 -1
59 34 -1
59 43 -1
59 48 1
59 52 -1
59 53 -1
59 54 -1
59 55 1
59 60 -1
59 62 1
59 63 1
59 64 -1
60 7 -1
60 17 1
60 22 1
60 30 1
60 34 1
60 44 -1
60 46 -1
60 48 1
60 52 1
60 53 -1
60 54 1
60 55 1
60 59 -1
60 61 1
60 63 1
60 64 1
61 1 1
61 9 -1
61 13 1
61 14 -1
61 18 -1
61 34 -1
61 35 -1
61 48 -1
61 49 1
61 51 -1
61 53 -1
61 56 1
61 57 -1
61 58 1
61 60 1
61 64 -1
62 4 1
62 8 1
62 16 -1
62 17 -1
62 19 1
62 21 -1
62 24 1
62 39 1
62 49 -1
62 50 1
62 54 1
62 55 -1
62 56 -1
62 59 1
62 63 1
62 64 1
63 8 1
63 10 -1
63 14 -1
63 20 1
63 26 -1
63 30 1
63 43 1
63 51 1
63 53 1
63 55 1
63 57 -1
63 59 1
63 60 1
63 62 1
63 64 1
64 11 -1
64 24 -1
64 30 -1
64 36 1
64 45 1
64 46 1
64 48 -1
64 49 1
64 52 1
64 58 -1
64 59 -1
64 60 1
64 61 -1
64 62 1
64 63 1
