1 2 -1
1 4 1
1 5 -1
1 6 -1
1 8 -1
1 11 1
1 12 -1
1 16 -1
1 20 -1
1 26 -1
1 28 -1
1 30 -1
1 46 -1
1 58 -1
2 1 -1
2 5 -1
2 6 -1
2 7 -1
2 8 1
2 9 1
2 12 1
2 16 -1
2 22 -1
2 26 -1
2 30 1
2 33 -1
2 43 -1
2 54 -1
2 58 -1
2 64 -1
3 5 -1
3 7 -1
3 8 -1
3 10 1
3 12 -1
3 13 1
3 14 -1
3 15 -1
3 17 -1
3 23 -1
3 26 -1
3 30 -1
3 35 1
3 39 1
3 51 -1
3 54 1
4 1 1
4 6 1
4 7 1
4 9 1
4 10 -1
4 11 -1
4 13 -1
4 16 -1
4 22 -1
4 28 -1
4 34 1
4 35 -1
4 44 -1
4 46 -1
4 54 -1
4 57 -1
5 1 -1
5 2 -1
5 3 -1
5 7 -1
5 8 -1
5 12 -1
5 14 1
5 15 -1
5 21 -1
5 28 -1
5 35 -1
5 40 -1
5 41 -1
5 48 -1
5 51 1
5 55 -1
6 1 -1
6 2 -1
6 4 1
6 8 -1
6 10 -1
6 11 1
6 13 1
6 15 -1
6 20 1
6 24 -1
6 30 1
6 35 -1
6 37 -1
6 42 -1
6 48 -1
6 53 1
7 2 -1
7 3 -1
7 4 1
7 5 -1
7 11 -1
7 13 1
7 14 -1
7 16 -1
7 22 1
7 29 -1
7 36 1
7 40 -1
7 43 -1
7 45 1
7 46 -1
7 54 -1
8 1 -1
8 2 1
8 3 -1
8 5 -1
8 6 -1
8 9 -1
8 10 -1
8 12 1
8 28 -1
8 35 -1
8 38 1
8 42 1
8 51 1
8 61 -1
8 64 -1
9 2 1
9 4 1
9 8 -1
9 11 1
9 12 -1
9 14 -1
9 15 -1
9 16 -1
9 22 -1
9 28 1
9 32 -1
9 48 -1
9 64 -1
10 3 1
10 4 -1
10 6 -1
10 8 -1
10 12 1
10 13 1
10 14 -1
10 15 1
10 19 -1
10 21 -1
10 30 -1
10 32 -1
10 37 -1
10 42 -1
10 59 -1
11 1 1
11 4 -1
11 6 1
11 7 -1
11 9 1
11 14 -1
11 15 1
11 16 -1
11 27 1
11 31 -1
11 37 1
11 43 -1
11 45 -1
11 53 1
11 55 1
12 1 -1
12 2 1
12 3 -1
12 5 -1
12 8 1
12 9 -1
12 10 1
12 13 -1
12 19 -1
12 31 -1
12 41 -1
12 47 -1
12 59 -1
12 61 -1
12 63 -1
13 3 1
13 4 -1
13 6 1
13 7 1
13 10 1
13 12 -1
13 15 -1
13 16 1
13 21 -1
13 25 -1
13 28 1
13 32 -1
13 44 -1
13 47 -1
13 49 -1
13 55 -1
14 3 -1
14 5 1
14 7 -1
14 9 -1
14 10 -1
14 11 -1
14 15 -1
14 16 1
14 18 1
14 23 -1
14 33 -1
14 39 1
14 40 1
14 52 1
14 56 -1
14 63 -1
15 3 -1
15 5 -1
15 6 -1
15 9 -1
15 10 1
15 11 1
15 13 -1
15 14 -1
15 19 -1
15 23 -1
15 24 -1
15 33 -1
15 58 -1
15 59 1
15 62 -1
16 1 -1
16 2 -1
16 4 -1
16 7 -1
16 9 -1
16 11 -1
16 13 1
16 14 1
16 17 1
16 24 -1
16 26 1
16 40 1
16 42 -1
16 44 -1
16 45 -1
16 62 -1
17 3 -1
17 16 1
17 20 -1
17 21 -1
17 24 -1
17 26 -1
17 28 -1
17 29 1
17 30 -1
17 31 1
17 38 1
17 44 -1
17 46 -1
17 47 1
17 53 1
18 14 1
18 19 -1
18 20 -1
18 23 -1
18 24 1
18 25 1
18 29 -1
18 30 -1
18 32 -1
18 35 -1
18 46 -1
18 48 -1
18 57 -1
18 60 -1
18 62 -1
19 10 -1
19 12 -1
19 15 -1
19 18 -1
19 20 -1
19 23 -1
19 24 1
19 26 -1
19 28 1
19 30 -1
19 31 -1
19 33 1
19 52 -1
19 54 -1
19 57 -1
19 60 -1
20 1 -1
20 6 1
20 17 -1
20 18 -1
20 19 -1
20 21 -1
20 27 -1
20 28 -1
20 29 1
20 31 -1
20 37 -1
20 39 -1
20 44 -1
20 57 -1
20 61 -1
20 64 1
21 5 -1
21 10 -1
21 13 -1
21 17 -1
21 20 -1
21 22 -1
21 23 -1
21 24 -1
21 25 -1
21 28 -1
21 32 1
21 47 1
21 49 1
21 50 1
21 57 -1
21 60 -1
22 2 -1
22 4 -1
22 7 1
22 9 -1
22 21 -1
22 24 1
22 25 1
22 26 -1
22 27 1
22 28 1
22 30 -1
22 31 1
22 43 1
22 55 -1
22 56 -1
22 61 1
23 3 -1
23 14 -1
23 15 -1
23 18 -1
23 19 -1
23 21 -1
23 27 -1
23 28 1
23 29 -1
23 30 -1
23 31 -1
23 41 -1
23 51 1
23 58 -1
23 62 1
23 63 -1
24 6 -1
24 15 -1
24 16 -1
24 17 -1
24 18 1
24 19 1
24 21 -1
24 22 1
24 26 -1
24 28 1
24 29 -1
24 40 1
24 44 -1
24 54 1
24 60 1
24 62 -1
25 13 -1
25 18 1
25 21 -1
25 22 1
25 26 -1
25 27 -1
25 30 -1
25 31 1
25 32 1
25 33 -1
25 36 -1
25 37 -1
25 43 -1
25 61 -1
25 64 1
26 1 -1
26 2 -1
26 3 -1
26 16 1
26 17 -1
26 19 -1
26 22 -1
26 24 -1
26 25 -1
26 27 1
26 29 1
26 32 -1
26 39 1
26 52 -1
26 56 1
27 11 1
27 20 -1
27 22 1
27 23 -1
27 25 -1
27 26 1
27 28 1
27 31 -1
27 32 -1
27 39 -1
27 43 1
27 50 -1
27 53 -1
27 55 -1
27 59 -1
27 63 -1
28 1 -1
28 4 -1
28 5 -1
28 8 -1
28 9 1
28 13 1
28 17 -1
28 19 1
28 20 -1
28 21 -1
28 22 1
28 23 1
28 24 1
28 27 1
28 51 1
28 59 1
29 7 -1
29 17 1
29 18 -1
29 20 1
29 23 -1
29 24 -1
29 26 1
29 30 -1
29 32 -1
29 35 -1
29 38 1
29 42 -1
29 54 -1
29 55 -1
29 62 1
30 1 -1
30 2 1
30 3 -1
30 6 1
30 10 -1
30 17 -1
30 18 -1
30 19 -1
30 22 -1
30 23 -1
30 25 -1
30 29 -1
30 32 1
30 49 -1
30 63 1
31 11 -1
31 12 -1
31 17 1
31 19 -1
31 20 -1
31 22 1
31 23 -1
31 25 1
31 27 -1
31 32 -1
31 33 1
31 38 -1
31 48 -1
31 50 -1
32 9 -1
32 10 -1
32 13 -1
32 18 -1
32 21 1
32 25 1
32 26 -1
32 27 -1
32 29 -1
32 30 1
32 31 -1
32 43 1
32 47 -1
32 61 -1
33 2 -1
33 14 -1
33 15 -1
33 19 1
33 25 -1
33 31 1
33 36 -1
33 37 -1
33 39 -1
33 43 -1
33 45 1
33 46 1
33 47 -1
33 48 -1
33 51 -1
33 54 1
34 4 1
34 35 -1
34 36 -1
34 38 -1
34 39 -1
34 42 -1
34 43 -1
34 47 1
34 48 -1
34 50 -1
34 52 -1
34 55 -1
34 56 -1
34 60 -1
35 3 1
35 4 -1
35 5 -1
35 6 -1
35 8 -1
35 18 -1
35 29 -1
35 34 -1
35 39 1
35 40 -1
35 41 -1
35 42 -1
35 44 -1
35 46 -1
35 47 -1
35 55 -1
36 7 1
36 25 -1
36 33 -1
36 34 -1
36 37 1
36 41 -1
36 44 1
36 45 -1
36 47 -1
36 48 -1
36 50 -1
36 52 -1
36 57 -1
36 61 -1
37 6 -1
37 10 -1
37 11 1
37 20 -1
37 25 -1
37 33 -1
37 36 1
37 39 1
37 40 1
37 42 1
37 44 1
37 47 -1
37 48 -1
37 49 -1
38 8 1
38 17 1
38 29 1
38 31 -1
38 34 -1
38 40 -1
38 41 -1
38 42 -1
38 43 1
38 44 -1
38 45 -1
38 47 -1
38 56 -1
38 64 -1
39 3 1
39 14 1
39 20 -1
39 26 1
39 27 -1
39 33 -1
39 34 -1
39 35 1
39 37 1
39 40 -1
39 41 -1
39 43 -1
39 46 1
39 56 -1
39 59 -1
39 60 -1
40 5 -1
40 7 -1
40 14 1
40 16 1
40 24 1
40 35 -1
40 37 1
40 38 -1
40 39 -1
40 41 -1
40 44 -1
40 46 1
40 47 1
40 49 -1
40 50 -1
40 53 1
41 5 -1
41 12 -1
41 23 -1
41 35 -1
41 36 -1
41 38 -1
41 39 -1
41 40 -1
41 42 -1
41 43 1
41 48 -1
41 52 1
41 58 -1
41 62 -1
41 64 -1
42 6 -1
42 8 1
42 10 -1
42 16 -1
42 29 -1
42 34 -1
42 35 -1
42 37 1
42 38 -1
42 41 -1
42 44 -1
42 45 1
42 46 -1
42 59 -1
42 63 -1
43 2 -1
43 7 -1
43 11 -1
43 22 1
43 25 -1
43 27 1
43 32 1
43 33 -1
43 34 -1
43 38 1
43 39 -1
43 41 1
43 45 1
43 46 -1
43 47 1
43 59 -1
44 4 -1
44 13 -1
44 16 -1
44 17 -1
44 20 -1
44 24 -1
44 35 -1
44 36 1
44 37 1
44 38 -1
44 40 -1
44 42 -1
44 45 -1
44 48 1
44 50 -1
45 7 1
45 11 -1
45 16 -1
45 33 1
45 36 -1
45 38 -1
45 42 1
45 43 1
45 44 -1
45 46 1
45 48 -1
45 49 -1
45 51 -1
45 53 -1
45 57 -1
45 60 -1
46 1 -1
46 4 -1
46 7 -1
46 17 -1
46 18 -1
46 33 1
46 35 -1
46 39 1
46 40 1
46 42 -1
46 43 -1
46 45 1
46 48 -1
46 49 -1
46 63 -1
47 12 -1
47 13 -1
47 17 1
47 21 1
47 32 -1
47 33 -1
47 34 1
47 35 -1
47 36 -1
47 37 -1
47 38 -1
47 40 1
47 43 1
47 57 -1
47 58 -1
48 5 -1
48 6 -1
48 9 -1
48 18 -1
48 31 -1
48 33 -1
48 34 -1
48 36 -1
48 37 -1
48 41 -1
48 44 1
48 45 -1
48 46 -1
48 51 -1
48 53 -1
49 13 -1
49 21 1
49 30 -1
49 37 -1
49 40 -1
49 45 -1
49 46 -1
49 50 -1
49 51 1
49 53 1
49 54 1
49 56 -1
49 57 1
49 59 -1
49 64 -1
50 21 1
50 27 -1
50 31 -1
50 34 -1
50 36 -1
50 40 -1
50 44 -1
50 49 -1
50 51 -1
50 53 -1
50 54 -1
50 57 -1
50 59 1
50 60 1
50 61 -1
51 3 -1
51 5 1
51 8 1
51 23 1
51 28 1
51 33 -1
51 45 -1
51 48 -1
51 49 1
51 50 -1
51 55 -1
51 56 -1
51 60 -1
51 61 -1
51 63 -1
51 64 1
52 14 1
52 19 -1
52 26 -1
52 34 -1
52 36 -1
52 41 1
52 55 -1
52 56 -1
52 58 -1
52 60 1
52 61 -1
52 62 -1
52 63 -1
52 64 -1
53 6 1
53 11 1
53 17 1
53 27 -1
53 40 1
53 45 -1
53 48 -1
53 49 1
53 50 -1
53 56 1
53 57 1
53 58 -1
53 59 -1
53 60 1
53 64 -1
54 2 -1
54 3 1
54 4 -1
54 7 -1
54 19 -1
54 24 1
54 29 -1
54 33 1
54 49 1
54 50 -1
54 55 -1
54 58 1
54 60 -1
54 61 -1
54 62 1
54 63 -1
55 5 -1
55 11 1
55 13 -1
55 22 -1
55 27 -1
55 29 -1
55 34 -1
55 35 -1
55 51 -1
55 52 -1
55 54 -1
55 57 1
55 59 -1
55 61 -1
55 62 1
55 63 1
56 14 -1
56 22 -1
56 26 1
56 34 -1
56 38 -1
56 39 -1
56 49 -1
56 51 -1
56 52 -1
56 53 1
56 57 1
56 59 -1
56 62 -1
56 63 -1
57 4 -1
57 18 -1
57 19 -1
57 20 -1
57 21 -1
57 36 -1
57 45 -1
57 47 -1
57 49 1
57 50 -1
57 53 1
57 55 1
57 56 1
57 58 1
57 62 1
57 63 -1
58 1 -1
58 2 -1
58 15 -1
58 23 -1
58 41 -1
58 47 -1
58 52 -1
58 53 -1
58 54 1
58 57 1
58 59 1
58 61 -1
58 62 1
58 64 -1
59 10 -1
59 12 -1
59 15 1
59 27 -1
59 28 1
59 39 -1
59 42 -1
59 43 -1
59 49 -1
59 50 1
59 53 -1
59 55 -1
59 56 -1
59 58 1
59 61 -1
59 64 -1
60 18 -1
60 19 -1
60 21 -1
60 24 1
60 34 -1
60 39 -1
60 45 -1
60 50 1
60 51 -1
60 52 1
60 53 1
60 54 -1
60 61 1
60 62 1
60 63 1
61 8 -1
61 12 -1
61 20 -1
61 22 1
61 25 -1
61 32 -1
61 36 -1
61 50 -1
61 51 -1
61 52 -1
61 54 -1
61 55 -1
61 58 -1
61 59 -1
61 60 1
62 15 -1
62 16 -1
62 18 -1
62 23 1
62 24 -1
62 29 1
62 41 -1
62 52 -1
62 54 1
62 55 1
62 56 -1
62 57 1
62 58 1
62 60 1
62 64 1
63 12 -1
63 14 -1
63 23 -1
63 27 -1
63 30 1
63 42 -1
63 46 -1
63 51 -1
63 52 -1
63 54 -1
63 55 1
63 56 -1
63 57 -1
63 60 1
63 64 1
64 2 -1
64 8 -1
64 9 -1
64 20 1
64 25 1
64 38 -1
64 41 -1
64 49 -1
64 51 1
64 52 -1
64 53 -1
64 58 -1
64 59 -1
64 62 1
64 63 1
