1 5 -1
1 6 1
1 8 1
1 9 1
1 10 -1
1 11 1
1 12 1
1 16 1
1 28 1
1 29 1
1 38 1
1 40 -1
1 46 1
1 61 1
2 3 -1
2 4 1
2 5 1
2 6 -1
2 10 1
2 13 1
2 14 1
2 15 1
2 23 1
2 25 1
2 29 1
2 31 1
2 32 -1
2 33 1
2 39 1
2 43 1
3 2 -1
3 4 1
3 8 1
3 10 1
3 11 1
3 12 1
3 13 1
3 16 1
3 17 1
3 19 1
3 24 1
3 28 -1
3 29 1
3 33 1
3 47 1
3 55 1
4 2 1
4 3 1
4 5 -1
4 6 1
4 9 1
4 10 1
4 14 1
4 16 1
4 17 1
4 22 1
4 24 1
4 47 1
4 48 1
4 58 1
4 62 1
5 1 -1
5 2 1
5 4 -1
5 6 1
5 10 1
5 11 1
5 14 -1
5 15 1
5 18 1
5 22 1
5 23 1
5 34 1
5 54 1
5 58 1
5 64 1
6 1 1
6 2 -1
6 4 1
6 5 1
6 7 1
6 12 1
6 13 1
6 15 1
6 20 1
6 25 1
6 31 1
6 39 1
6 42 1
6 45 1
6 64 1
7 6 1
7 8 1
7 9 1
7 10 1
7 12 1
7 14 1
7 15 1
7 16 1
7 24 1
7 28 1
7 33 -1
7 38 1
7 47 1
7 52 1
7 57 1
7 59 1
8 1 1
8 3 1
8 7 1
8 9 1
8 10 1
8 13 1
8 15 1
8 16 1
8 18 -1
8 25 -1
8 28 1
8 30 1
8 32 1
8 55 1
8 62 1
8 64 1
9 1 1
9 4 1
9 7 1
9 8 1
9 11 1
9 12 1
9 14 1
9 15 1
9 19 -1
9 35 1
9 36 -1
9 46 1
9 61 1
9 62 1
10 1 -1
10 2 1
10 3 1
10 4 1
10 5 1
10 7 1
10 8 1
10 14 1
10 31 1
10 35 1
10 39 1
10 40 1
10 43 1
10 51 1
10 55 1
11 1 1
11 3 1
11 5 1
11 9 1
11 12 1
11 13 1
11 14 1
11 16 1
11 17 1
11 23 1
11 25 1
11 30 1
11 32 1
11 34 -1
11 37 1
11 45 1
12 1 1
12 3 1
12 6 1
12 7 1
12 9 1
12 11 1
12 13 1
12 16 1
12 17 1
12 31 1
12 32 1
12 37 1
12 49 1
12 53 1
12 55 1
12 56 -1
13 2 1
13 3 1
13 6 1
13 8 1
13 11 1
13 12 1
13 14 1
13 15 -1
13 18 1
13 21 1
13 23 1
13 35 1
13 57 1
13 63 1
13 64 1
14 2 1
14 4 1
14 5 -1
14 7 1
14 9 1
14 10 1
14 11 1
14 13 1
14 20 -1
14 21 1
14 22 1
14 27 1
14 33 1
14 34 1
14 37 1
14 50 1
15 2 1
15 5 1
15 6 1
15 7 1
15 8 1
15 9 1
15 13 -1
15 16 1
15 18 1
15 19 1
15 21 1
15 27 1
15 49 1
15 50 1
15 52 1
15 63 1
16 1 1
16 3 1
16 4 1
16 7 1
16 8 1
16 11 1
16 12 1
16 15 1
16 20 -1
16 28 -1
16 38 1
16 48 1
16 50 1
16 52 1
16 54 1
16 55 1
17 3 1
17 4 1
17 11 1
17 12 1
17 18 1
17 19 1
17 20 1
17 23 1
17 24 1
17 26 1
17 27 1
17 28 1
17 41 -1
17 42 1
17 46 1
17 47 1
18 5 1
18 8 -1
18 13 1
18 15 1
18 17 1
18 20 1
18 22 1
18 24 1
18 25 1
18 28 1
18 30 -1
18 32 1
18 41 1
18 59 1
18 63 1
19 3 1
19 9 -1
19 15 1
19 17 1
19 20 1
19 23 1
19 25 1
19 26 1
19 29 1
19 31 1
19 32 1
19 41 1
19 43 1
19 45 1
19 57 1
19 63 1
20 6 1
20 14 -1
20 16 -1
20 17 1
20 18 1
20 19 1
20 22 1
20 23 1
20 24 1
20 26 1
20 27 1
20 48 1
20 49 1
20 59 1
20 60 1
20 62 1
21 13 1
21 14 1
21 15 1
21 22 1
21 24 1
21 25 1
21 26 1
21 27 1
21 29 1
21 30 1
21 31 1
21 37 1
21 38 1
21 41 1
21 43 -1
21 52 1
22 4 1
22 5 1
22 14 1
22 18 1
22 20 1
22 21 1
22 25 1
22 28 1
22 30 1
22 31 1
22 32 1
22 34 1
22 36 1
22 38 1
22 48 -1
22 52 1
23 2 1
23 5 1
23 11 1
23 13 1
23 17 1
23 19 1
23 20 1
23 25 1
23 28 1
23 29 1
23 30 1
23 32 1
23 46 1
23 52 1
23 61 -1
23 62 1
24 3 1
24 4 1
24 7 1
24 17 1
24 18 1
24 20 1
24 21 1
24 27 1
24 28 1
24 29 1
24 31 1
24 44 1
24 47 1
24 53 -1
24 57 1
24 61 1
25 2 1
25 6 1
25 8 -1
25 11 1
25 18 1
25 19 1
25 21 1
25 22 1
25 23 1
25 27 -1
25 30 1
25 32 1
25 33 1
25 46 1
25 53 1
25 60 1
26 17 1
26 19 1
26 20 1
26 21 1
26 28 1
26 30 1
26 31 -1
26 32 -1
26 35 1
26 38 1
26 40 1
26 51 1
26 59 1
26 61 1
26 62 1
26 63 1
27 14 1
27 15 1
27 17 1
27 20 1
27 21 1
27 24 1
27 25 -1
27 29 1
27 31 1
27 32 1
27 38 1
27 45 1
27 48 1
27 57 1
27 60 -1
27 61 1
28 1 1
28 3 -1
28 7 1
28 8 1
28 16 -1
28 17 1
28 18 1
28 22 1
28 23 1
28 24 1
28 26 1
28 29 1
28 32 1
28 43 1
28 54 1
29 1 1
29 2 1
29 3 1
29 19 1
29 21 1
29 23 1
29 24 1
29 27 1
29 28 1
29 30 1
29 31 1
29 36 1
29 41 1
29 49 1
29 52 -1
29 56 1
30 8 1
30 11 1
30 18 -1
30 21 1
30 22 1
30 23 1
30 25 1
30 26 1
30 29 1
30 31 1
30 36 1
30 40 1
30 41 1
30 51 1
30 54 1
31 2 1
31 6 1
31 10 1
31 12 1
31 19 1
31 21 1
31 22 1
31 24 1
31 26 -1
31 27 1
31 29 1
31 30 1
31 35 1
31 39 1
31 45 1
32 2 -1
32 8 1
32 11 1
32 12 1
32 18 1
32 19 1
32 22 1
32 23 1
32 25 1
32 26 -1
32 27 1
32 28 1
32 37 1
32 53 1
32 57 1
33 2 1
33 3 1
33 7 -1
33 14 1
33 25 1
33 34 1
33 35 1
33 36 1
33 37 1
33 38 1
33 39 1
33 43 1
33 46 1
33 50 1
33 52 1
33 56 1
34 5 1
34 11 -1
34 14 1
34 22 1
34 33 1
34 35 1
34 36 1
34 39 1
34 40 1
34 41 1
34 44 1
34 47 1
34 50 1
34 54 1
34 58 1
34 60 1
35 9 1
35 10 1
35 13 1
35 26 1
35 31 1
35 33 1
35 34 1
35 40 1
35 42 1
35 43 1
35 44 1
35 45 1
35 46 1
35 60 1
35 63 1
36 9 -1
36 22 1
36 29 1
36 30 1
36 33 1
36 34 1
36 37 1
36 38 1
36 39 1
36 45 1
36 47 -1
36 48 1
36 49 -1
36 51 1
36 57 1
36 63 1
37 11 1
37 12 1
37 14 1
37 21 1
37 32 1
37 33 1
37 36 1
37 38 1
37 42 1
37 43 -1
37 44 -1
37 46 1
37 48 1
37 51 1
37 60 1
37 64 1
38 1 1
38 7 1
38 16 1
38 21 1
38 22 1
38 26 1
38 27 1
38 33 1
38 36 1
38 37 1
38 40 1
38 41 1
38 44 1
38 45 1
38 46 1
38 49 1
39 2 1
39 6 1
39 10 1
39 31 1
39 33 1
39 34 1
39 36 1
39 40 1
39 41 1
39 43 1
39 44 1
39 48 1
39 49 1
39 53 1
39 55 1
39 59 1
40 1 -1
40 10 1
40 26 1
40 30 1
40 34 1
40 35 1
40 38 1
40 39 1
40 41 1
40 42 1
40 45 1
40 47 1
40 58 -1
40 59 1
40 60 1
41 17 -1
41 18 1
41 19 1
41 21 1
41 29 1
41 30 1
41 34 1
41 38 1
41 39 1
41 40 1
41 43 1
41 44 1
41 46 1
41 47 1
41 51 1
41 64 1
42 6 1
42 17 1
42 35 1
42 37 1
42 40 1
42 43 1
42 45 1
42 46 1
42 47 1
42 48 -1
42 50 -1
42 54 1
42 56 1
42 58 1
42 59 1
43 2 1
43 10 1
43 19 1
43 21 -1
43 28 1
43 33 1
43 35 1
43 37 -1
43 39 1
43 41 1
43 42 1
43 44 1
43 48 1
43 58 1
43 59 1
43 63 1
44 24 1
44 34 1
44 35 1
44 37 -1
44 38 1
44 39 1
44 41 1
44 43 1
44 48 -1
44 53 -1
44 56 -1
44 60 1
44 61 1
44 62 1
45 6 1
45 11 1
45 19 1
45 27 1
45 31 1
45 35 1
45 36 1
45 38 1
45 40 1
45 42 1
45 46 1
45 47 1
45 48 1
45 49 1
45 55 1
45 57 1
46 1 1
46 9 1
46 17 1
46 23 1
46 25 1
46 33 1
46 35 1
46 37 1
46 38 1
46 41 1
46 42 1
46 45 1
46 47 1
46 51 1
46 53 1
47 3 1
47 4 1
47 7 1
47 17 1
47 24 1
47 34 1
47 36 -1
47 40 1
47 41 1
47 42 1
47 45 1
47 46 1
47 48 -1
47 51 1
47 55 1
47 64 1
48 4 1
48 16 1
48 20 1
48 22 -1
48 27 1
48 36 1
48 37 1
48 39 1
48 42 -1
48 43 1
48 44 -1
48 45 1
48 47 -1
48 50 1
48 56 1
49 12 1
49 15 1
49 20 1
49 29 1
49 36 -1
49 38 1
49 39 1
49 45 1
49 50 1
49 51 -1
49 52 1
49 54 1
49 55 1
49 57 -1
49 63 1
49 64 1
50 14 1
50 15 1
50 16 1
50 33 1
50 34 1
50 42 -1
50 48 1
50 49 1
50 52 1
50 54 1
50 55 1
50 59 1
50 60 1
50 62 1
50 63 1
51 10 1
51 26 1
51 30 1
51 36 1
51 37 1
51 41 1
51 46 1
51 47 1
51 49 -1
51 53 1
51 55 1
51 57 1
51 58 1
51 60 -1
51 61 1
51 62 1
52 7 1
52 15 1
52 16 1
52 21 1
52 22 1
52 23 1
52 29 -1
52 33 1
52 49 1
52 50 1
52 53 1
52 56 1
52 57 1
52 58 1
52 60 1
52 64 1
53 12 1
53 24 -1
53 25 1
53 32 1
53 39 1
53 44 -1
53 46 1
53 51 1
53 52 1
53 54 1
53 57 1
53 59 1
53 61 -1
53 62 1
53 63 1
54 5 1
54 16 1
54 28 1
54 30 1
54 34 1
54 42 1
54 49 1
54 50 1
54 53 1
54 55 1
54 60 1
54 61 1
54 62 1
54 63 1
55 3 1
55 8 1
55 10 1
55 12 1
55 16 1
55 39 1
55 45 1
55 47 1
55 49 1
55 50 1
55 51 1
55 54 1
55 56 1
55 59 -1
55 63 1
55 64 1
56 12 -1
56 29 1
56 33 1
56 42 1
56 44 -1
56 48 1
56 52 1
56 55 1
56 58 1
56 59 1
56 60 1
56 61 1
56 63 1
56 64 -1
57 7 1
57 13 1
57 19 1
57 24 1
57 27 1
57 32 1
57 36 1
57 45 1
57 49 -1
57 51 1
57 52 1
57 53 1
57 58 1
57 61 1
57 63 1
57 64 1
58 4 1
58 5 1
58 34 1
58 40 -1
58 42 1
58 43 1
58 51 1
58 52 1
58 56 1
58 57 1
58 59 1
58 61 1
58 62 1
58 64 1
59 7 1
59 18 1
59 20 1
59 26 1
59 39 1
59 40 1
59 42 1
59 43 1
59 50 1
59 53 1
59 55 -1
59 56 1
59 58 1
59 60 1
59 61 1
59 63 1
60 20 1
60 25 1
60 27 -1
60 34 1
60 35 1
60 37 1
60 40 1
60 44 1
60 50 1
60 51 -1
60 52 1
60 54 1
60 56 1
60 59 1
60 62 1
60 64 1
61 1 1
61 9 1
61 23 -1
61 24 1
61 26 1
61 27 1
61 44 1
61 51 1
61 53 -1
61 54 1
61 56 1
61 57 1
61 58 1
61 59 1
61 62 1
62 4 1
62 8 1
62 9 1
62 20 1
62 23 1
62 26 1
62 44 1
62 50 1
62 51 1
62 53 1
62 54 1
62 58 1
62 60 1
62 61 1
62 64 -1
63 13 1
63 15 1
63 18 1
63 19 1
63 26 1
63 35 1
63 36 1
63 43 1
63 49 1
63 50 1
63 53 1
63 54 1
63 55 1
63 56 1
63 57 1
63 59 1
64 5 1
64 6 1
64 8 1
64 13 1
64 37 1
64 41 1
64 47 1
64 49 1
64 52 1
64 55 1
64 56 -1
64 57 1
64 58 1
64 60 1
64 62 -1
