1 2 -1
1 4 -1
1 9 -1
1 12 1
1 13 1
1 14 -1
1 15 -1
1 16 1
1 18 -1
1 30 -1
1 35 -1
1 39 -1
1 49 -1
1 53 -1
1 56 -1
1 60 -1
2 1 -1
2 7 -1
2 8 -1
2 9 1
2 10 -1
2 11 -1
2 12 -1
2 16 -1
2 24 1
2 26 -1
2 28 -1
2 32 -1
2 41 -1
2 55 -1
2 58 -1
3 4 1
3 6 1
3 7 -1
3 9 -1
3 11 -1
3 12 -1
3 14 1
3 15 -1
3 19 1
3 23 -1
3 24 1
3 33 -1
3 35 -1
3 41 1
3 43 -1
3 57 -1
4 1 -1
4 3 1
4 5 -1
4 7 -1
4 8 1
4 11 -1
4 13 -1
4 15 -1
4 24 -1
4 25 -1
4 30 -1
4 32 -1
4 34 1
4 46 -1
4 56 -1
4 61 -1
5 4 -1
5 7 -1
5 8 -1
5 9 -1
5 12 -1
5 13 -1
5 14 1
5 15 -1
5 18 -1
5 23 -1
5 27 -1
5 36 -1
5 45 1
5 48 -1
5 60 1
6 3 1
6 7 1
6 10 1
6 11 1
6 12 1
6 13 -1
6 14 1
6 16 1
6 19 -1
6 24 1
6 42 -1
6 43 1
6 46 -1
6 57 -1
6 64 -1
7 2 -1
7 3 -1
7 4 -1
7 5 -1
7 6 1
7 8 -1
7 9 1
7 10 -1
7 19 -1
7 22 1
7 28 -1
7 32 -1
7 38 -1
7 40 1
7 46 1
7 60 -1
8 2 -1
8 4 1
8 5 -1
8 7 -1
8 9 -1
8 10 -1
8 11 -1
8 16 -1
8 22 -1
8 26 -1
8 38 -1
8 44 -1
8 48 -1
8 58 -1
8 64 -1
9 1 -1
9 2 1
9 3 -1
9 5 -1
9 7 1
9 8 -1
9 14 1
9 15 -1
9 17 -1
9 21 -1
9 25 -1
9 29 -1
9 31 1
9 35 -1
9 54 1
9 64 1
10 2 -1
10 6 1
10 7 -1
10 8 -1
10 13 -1
10 14 -1
10 15 -1
10 16 -1
10 17 1
10 40 -1
10 48 -1
10 49 -1
10 52 -1
10 53 -1
10 59 1
10 63 1
11 2 -1
11 3 -1
11 4 -1
11 6 1
11 8 -1
11 12 -1
11 13 -1
11 16 -1
11 19 1
11 23 -1
11 39 -1
11 47 -1
11 49 1
11 51 1
11 53 -1
11 55 -1
12 1 1
12 2 -1
12 3 -1
12 5 -1
12 6 1
12 11 -1
12 13 1
12 16 -1
12 30 -1
12 33 -1
12 34 1
12 45 1
12 48 -1
12 53 1
12 55 -1
12 64 -1
13 1 1
13 4 -1
13 5 -1
13 6 -1
13 10 -1
13 11 -1
13 12 1
13 14 -1
13 19 -1
13 39 -1
13 45 -1
13 47 -1
13 51 -1
13 56 -1
13 59 -1
13 63 -1
14 1 -1
14 3 1
14 5 1
14 6 1
14 9 1
14 10 -1
14 13 -1
14 15 -1
14 20 -1
14 24 1
14 25 -1
14 32 -1
14 38 -1
14 49 -1
14 57 -1
14 58 -1
15 1 -1
15 3 -1
15 4 -1
15 5 -1
15 9 -1
15 10 -1
15 14 -1
15 16 -1
15 19 1
15 31 -1
15 32 1
15 34 1
15 36 1
15 41 1
15 50 -1
15 64 -1
16 1 1
16 2 -1
16 6 1
16 8 -1
16 10 -1
16 11 -1
16 12 -1
16 15 -1
16 21 -1
16 24 -1
16 31 1
16 35 1
16 36 -1
16 43 1
16 60 -1
16 63 -1
17 9 -1
17 10 1
17 18 -1
17 19 -1
17 20 1
17 22 -1
17 24 1
17 25 -1
17 27 -1
17 32 -1
17 37 -1
17 43 1
17 47 -1
17 53 -1
17 62 -1
17 63 -1
18 1 -1
18 5 -1
18 17 -1
18 20 -1
18 22 -1
18 28 -1
18 29 -1
18 30 -1
18 31 -1
18 32 -1
18 37 -1
18 41 1
18 46 -1
18 47 -1
18 51 -1
18 52 -1
19 3 1
19 6 -1
19 7 -1
19 11 1
19 13 -1
19 15 1
19 17 -1
19 24 -1
19 25 -1
19 26 -1
19 27 -1
19 28 -1
19 30 -1
19 32 -1
19 36 -1
19 46 -1
20 14 -1
20 17 1
20 18 -1
20 22 -1
20 25 -1
20 26 -1
20 27 -1
20 28 -1
20 31 -1
20 36 1
20 48 -1
20 49 1
20 54 -1
20 58 -1
20 64 -1
21 9 -1
21 16 -1
21 24 -1
21 25 -1
21 26 -1
21 27 1
21 28 -1
21 29 -1
21 30 -1
21 31 -1
21 41 1
21 45 1
21 50 -1
21 51 -1
21 59 -1
21 61 -1
22 7 1
22 8 -1
22 17 -1
22 18 -1
22 20 -1
22 23 -1
22 24 -1
22 25 -1
22 27 -1
22 32 1
22 38 -1
22 41 -1
22 51 -1
22 59 1
22 61 1
22 63 -1
23 3 -1
23 5 -1
23 11 -1
23 22 -1
23 25 -1
23 26 -1
23 27 1
23 28 1
23 29 -1
23 30 1
23 31 -1
23 35 -1
23 47 1
23 51 1
23 56 -1
23 59 1
24 2 1
24 3 1
24 4 -1
24 6 1
24 14 1
24 16 -1
24 17 1
24 19 -1
24 21 -1
24 22 -1
24 26 -1
24 27 -1
24 29 -1
24 30 -1
24 52 1
25 4 -1
25 9 -1
25 14 -1
25 17 -1
25 19 -1
25 20 -1
25 21 -1
25 22 -1
25 23 -1
25 29 -1
25 31 1
25 36 -1
25 39 1
25 50 -1
25 51 -1
25 63 -1
26 2 -1
26 8 -1
26 19 -1
26 20 -1
26 21 -1
26 23 -1
26 24 -1
26 28 -1
26 29 -1
26 30 -1
26 38 1
26 40 -1
26 42 1
27 5 -1
27 17 -1
27 19 -1
27 20 -1
27 21 1
27 22 -1
27 23 1
27 24 -1
27 32 1
27 36 -1
27 44 -1
27 46 -1
27 53 -1
27 55 -1
27 58 -1
27 63 1
28 2 -1
28 7 -1
28 18 -1
28 19 -1
28 20 -1
28 21 -1
28 23 1
28 26 -1
28 30 -1
28 31 -1
28 33 1
28 35 -1
28 37 -1
28 39 1
28 53 -1
28 57 1
29 9 -1
29 18 -1
29 21 -1
29 23 -1
29 24 -1
29 25 -1
29 26 -1
29 31 -1
29 32 1
29 43 -1
29 44 1
29 47 -1
29 50 -1
29 56 -1
30 1 -1
30 4 -1
30 12 -1
30 18 -1
30 19 -1
30 21 -1
30 23 1
30 24 -1
30 26 -1
30 28 -1
30 32 1
30 34 1
30 40 -1
30 41 -1
30 53 -1
30 61 -1
31 9 1
31 15 -1
31 16 1
31 18 -1
31 20 -1
31 21 -1
31 23 -1
31 25 1
31 28 -1
31 29 -1
31 32 -1
31 35 -1
31 36 -1
31 44 -1
31 50 1
31 62 1
32 2 -1
32 4 -1
32 7 -1
32 14 -1
32 15 1
32 17 -1
32 18 -1
32 19 -1
32 22 1
32 27 1
32 29 1
32 30 1
32 31 -1
32 49 1
32 55 1
32 57 -1
33 3 -1
33 12 -1
33 28 1
33 34 -1
33 35 1
33 36 1
33 37 1
33 39 -1
33 42 -1
33 46 1
33 47 -1
33 50 -1
33 54 -1
33 59 -1
33 60 -1
34 4 1
34 12 1
34 15 1
34 30 1
34 33 -1
34 38 -1
34 40 1
34 41 1
34 42 -1
34 44 -1
34 45 -1
34 47 1
34 55 1
34 60 -1
34 62 -1
35 1 -1
35 3 -1
35 9 -1
35 16 1
35 23 -1
35 28 -1
35 31 -1
35 33 1
35 37 -1
35 39 -1
35 40 -1
35 42 1
35 43 1
35 45 -1
35 47 -1
35 63 -1
36 5 -1
36 15 1
36 16 -1
36 19 -1
36 20 1
36 25 -1
36 27 -1
36 31 -1
36 33 1
36 37 -1
36 38 -1
36 39 1
36 41 1
36 43 -1
36 44 -1
36 45 1
37 17 -1
37 18 -1
37 28 -1
37 33 1
37 35 -1
37 36 -1
37 38 1
37 39 -1
37 40 -1
37 42 1
37 46 -1
37 52 -1
37 57 1
37 58 1
37 60 -1
37 61 -1
38 7 -1
38 8 -1
38 14 -1
38 22 -1
38 26 1
38 34 -1
38 36 -1
38 37 1
38 41 1
38 44 -1
38 45 -1
38 47 1
38 48 -1
38 55 -1
38 57 -1
39 1 -1
39 11 -1
39 13 -1
39 25 1
39 28 1
39 33 -1
39 35 -1
39 36 1
39 37 -1
39 42 -1
39 43 1
39 44 1
39 46 -1
39 49 -1
39 54 1
40 7 1
40 10 -1
40 26 -1
40 30 -1
40 34 1
40 35 -1
40 37 -1
40 41 1
40 45 -1
40 46 1
40 47 -1
40 48 -1
40 54 -1
40 61 1
40 62 1
41 2 -1
41 3 1
41 15 1
41 18 1
41 21 1
41 22 -1
41 30 -1
41 34 1
41 36 1
41 38 1
41 40 1
41 42 1
41 45 1
41 46 -1
41 48 1
41 52 -1
42 6 -1
42 26 1
42 33 -1
42 34 -1
42 35 1
42 37 1
42 39 -1
42 41 1
42 43 -1
42 46 -1
42 52 1
42 57 1
42 62 -1
43 3 -1
43 6 1
43 16 1
43 17 1
43 29 -1
43 35 1
43 36 -1
43 39 1
43 42 -1
43 44 -1
43 46 1
43 47 -1
43 48 -1
43 56 1
43 59 -1
44 8 -1
44 27 -1
44 29 1
44 31 -1
44 34 -1
44 36 -1
44 38 -1
44 39 1
44 43 -1
44 45 -1
44 47 -1
44 48 1
44 52 1
44 55 -1
44 59 -1
44 61 -1
45 5 1
45 12 1
45 13 -1
45 21 1
45 34 -1
45 35 -1
45 36 1
45 38 -1
45 40 -1
45 41 1
45 44 -1
45 48 1
45 54 -1
45 56 -1
45 58 -1
45 64 -1
46 4 -1
46 6 -1
46 7 1
46 18 -1
46 19 -1
46 27 -1
46 33 1
46 37 -1
46 39 -1
46 40 1
46 41 -1
46 42 -1
46 43 1
46 48 -1
46 51 -1
46 61 1
47 11 -1
47 13 -1
47 17 -1
47 18 -1
47 23 1
47 29 -1
47 33 -1
47 34 1
47 35 -1
47 38 1
47 40 -1
47 43 -1
47 44 -1
47 48 1
47 56 -1
47 64 1
48 5 -1
48 8 -1
48 10 -1
48 12 -1
48 20 -1
48 38 -1
48 40 -1
48 41 1
48 43 -1
48 44 1
48 45 1
48 46 -1
48 47 1
48 49 1
49 1 -1
49 10 -1
49 11 1
49 14 -1
49 20 1
49 32 1
49 39 -1
49 48 1
49 51 1
49 53 1
49 57 -1
49 58 -1
49 59 -1
49 60 -1
49 62 1
49 64 1
50 15 -1
50 21 -1
50 25 -1
50 29 -1
50 31 1
50 33 -1
50 51 -1
50 52 -1
50 54 -1
50 56 -1
50 59 -1
50 60 -1
50 62 -1
50 64 1
51 11 1
51 13 -1
51 18 -1
51 21 -1
51 22 -1
51 23 1
51 25 -1
51 46 -1
51 49 1
51 50 -1
51 53 -1
51 54 1
51 56 -1
51 57 -1
51 61 -1
51 62 -1
52 10 -1
52 18 -1
52 24 1
52 37 -1
52 41 -1
52 42 1
52 44 1
52 50 -1
52 55 1
52 56 -1
52 58 -1
52 60 1
52 61 -1
52 63 1
52 64 1
53 1 -1
53 10 -1
53 11 -1
53 12 1
53 17 -1
53 27 -1
53 28 -1
53 30 -1
53 49 1
53 51 -1
53 54 -1
53 55 1
53 57 -1
53 58 1
53 59 -1
53 60 -1
54 9 1
54 20 -1
54 33 -1
54 39 1
54 40 -1
54 45 -1
54 50 -1
54 51 1
54 53 -1
54 56 -1
54 58 1
54 59 -1
54 62 1
54 63 -1
55 2 -1
55 11 -1
55 12 -1
55 27 -1
55 32 1
55 34 1
55 38 -1
55 44 -1
55 52 1
55 53 1
55 56 -1
55 59 1
55 61 -1
55 62 -1
55 63 -1
55 64 -1
56 1 -1
56 4 -1
56 13 -1
56 23 -1
56 29 -1
56 43 1
56 45 -1
56 47 -1
56 50 -1
56 51 -1
56 52 -1
56 54 -1
56 55 -1
56 60 -1
56 62 1
56 64 1
57 3 -1
57 6 -1
57 14 -1
57 28 1
57 32 -1
57 37 1
57 38 -1
57 42 1
57 49 -1
57 51 -1
57 53 -1
57 58 1
57 60 -1
57 61 -1
57 62 1
57 63 1
58 2 -1
58 8 -1
58 14 -1
58 20 -1
58 27 -1
58 37 1
58 45 -1
58 49 -1
58 52 -1
58 53 1
58 54 1
58 57 1
58 59 -1
58 61 1
58 63 -1
59 10 1
59 13 -1
59 21 -1
59 22 1
59 23 1
59 33 -1
59 43 -1
59 44 -1
59 49 -1
59 50 -1
59 53 -1
59 54 -1
59 55 1
59 58 -1
59 61 -1
59 63 1
60 1 -1
60 5 1
60 7 -1
60 16 -1
60 33 -1
60 34 -1
60 37 -1
60 49 -1
60 50 -1
60 52 1
60 53 -1
60 56 -1
60 57 -1
60 61 -1
60 64 -1
61 4 -1
61 21 -1
61 22 1
61 30 -1
61 37 -1
61 40 1
61 44 -1
61 46 1
61 51 -1
61 52 -1
61 55 -1
61 57 -1
61 58 1
61 59 -1
61 60 -1
61 64 -1
62 17 -1
62 31 1
62 34 -1
62 40 1
62 42 -1
62 49 1
62 50 -1
62 51 -1
62 54 1
62 55 -1
62 56 1
62 57 1
62 63 -1
63 10 1
63 13 -1
63 16 -1
63 17 -1
63 22 -1
63 25 -1
63 27 1
63 35 -1
63 52 1
63 54 -1
63 55 -1
63 57 1
63 58 -1
63 59 1
63 62 -1
63 64 -1
64 6 -1
64 8 -1
64 9 1
64 12 -1
64 15 -1
64 20 -1
64 45 -1
64 47 1
64 49 1
64 50 1
64 52 1
64 55 -1
64 56 1
64 60 -1
64 61 -1
64 63 -1
