1 2 1
1 3 -1
1 5 -1
1 7 1
1 9 -1
1 14 1
1 15 -1
1 16 1
1 19 1
1 31 1
1 35 -1
1 37 1
1 43 1
1 44 1
1 47 1
1 51 1
2 1 1
2 7 -1
2 9 -1
2 12 1
2 13 -1
2 14 1
2 15 1
2 16 -1
2 18 1
2 27 -1
2 28 -1
2 40 -1
2 48 1
2 56 1
2 58 1
2 64 1
3 1 -1
3 4 -1
3 6 1
3 10 1
3 12 -1
3 13 1
3 14 1
3 15 1
3 25 1
3 36 1
3 37 1
3 38 1
3 39 1
3 55 1
3 57 1
4 3 -1
4 5 1
4 7 -1
4 8 1
4 9 -1
4 11 -1
4 12 -1
4 14 1
4 22 1
4 26 -1
4 32 1
4 41 -1
4 44 1
4 55 -1
4 57 1
4 59 1
5 1 -1
5 4 1
5 6 -1
5 7 1
5 8 1
5 13 1
5 15 -1
5 16 1
5 17 1
5 22 1
5 41 -1
5 43 1
5 50 1
5 53 1
5 59 1
5 64 -1
6 3 1
6 5 -1
6 8 -1
6 9 -1
6 10 1
6 11 -1
6 13 1
6 15 1
6 33 -1
6 35 1
6 39 1
6 43 -1
6 49 -1
6 59 1
6 61 -1
7 1 1
7 2 -1
7 4 -1
7 5 1
7 8 -1
7 9 1
7 11 1
7 12 1
7 20 1
7 23 1
7 25 1
7 40 1
7 48 -1
7 58 1
7 59 -1
7 64 -1
8 4 1
8 5 1
8 6 -1
8 7 -1
8 9 1
8 11 1
8 12 1
8 16 1
8 27 1
8 40 1
8 46 -1
8 47 1
8 48 1
8 50 1
8 59 1
8 64 1
9 1 -1
9 2 -1
9 4 -1
9 6 -1
9 7 1
9 8 1
9 10 1
9 14 -1
9 23 1
9 31 1
9 33 1
9 34 1
9 38 -1
9 44 -1
9 56 1
10 3 1
10 6 1
10 9 1
10 11 -1
10 13 1
10 14 -1
10 15 1
10 16 1
10 20 -1
10 22 1
10 32 1
10 39 1
10 45 -1
10 56 1
10 58 1
10 62 -1
11 4 -1
11 6 -1
11 7 1
11 8 1
11 10 -1
11 12 1
11 15 1
11 16 1
11 20 1
11 21 -1
11 29 1
11 32 1
11 46 1
11 56 -1
11 58 1
11 59 1
12 2 1
12 3 -1
12 4 -1
12 7 1
12 8 1
12 11 1
12 13 1
12 14 1
12 17 1
12 24 -1
12 30 -1
12 39 1
12 56 1
12 57 1
13 2 -1
13 3 1
13 5 1
13 6 1
13 10 1
13 12 1
13 15 1
13 16 -1
13 25 1
13 28 1
13 31 1
13 44 1
13 45 -1
13 57 -1
13 61 1
13 64 1
14 1 1
14 2 1
14 3 1
14 4 1
14 9 -1
14 10 -1
14 12 1
14 16 1
14 23 1
14 30 -1
14 32 1
14 40 1
14 52 1
14 63 1
15 1 -1
15 2 1
15 3 1
15 5 -1
15 6 1
15 10 1
15 11 1
15 13 1
15 36 -1
15 42 1
15 44 1
15 46 1
15 58 1
15 62 -1
15 63 -1
16 1 1
16 2 -1
16 5 1
16 8 1
16 10 1
16 11 1
16 13 -1
16 14 1
16 20 -1
16 21 1
16 24 1
16 28 1
16 38 1
16 53 1
16 54 1
16 55 1
17 5 1
17 12 1
17 18 1
17 21 1
17 23 1
17 26 -1
17 27 1
17 28 1
17 29 1
17 32 -1
17 38 -1
17 46 1
17 48 1
17 52 1
17 60 1
18 2 1
18 17 1
18 19 1
18 22 1
18 24 1
18 25 1
18 27 -1
18 31 1
18 32 1
18 36 1
18 46 1
18 48 1
18 52 1
18 57 1
18 62 1
18 63 -1
19 1 1
19 18 1
19 20 -1
19 21 1
19 22 1
19 24 -1
19 25 -1
19 27 1
19 31 -1
19 33 1
19 34 1
19 43 1
19 44 1
19 55 1
19 56 1
19 62 1
20 7 1
20 10 -1
20 11 1
20 16 -1
20 19 -1
20 22 -1
20 25 -1
20 26 1
20 28 1
20 29 -1
20 30 -1
20 31 1
20 33 1
20 37 1
20 41 1
20 61 1
21 11 -1
21 16 1
21 17 1
21 19 1
21 22 1
21 23 1
21 24 1
21 27 1
21 28 1
21 32 -1
21 35 1
21 38 1
21 41 -1
21 47 1
21 51 1
21 60 1
22 4 1
22 5 1
22 10 1
22 18 1
22 19 1
22 20 -1
22 21 1
22 24 -1
22 26 1
22 29 1
22 30 -1
22 52 -1
22 54 1
22 60 1
22 63 -1
23 7 1
23 9 1
23 14 1
23 17 1
23 21 1
23 24 1
23 25 1
23 26 1
23 29 1
23 30 1
23 32 -1
23 34 1
23 46 1
23 51 1
23 52 -1
23 58 1
24 12 -1
24 16 1
24 18 1
24 19 -1
24 21 1
24 22 -1
24 23 1
24 27 1
24 30 -1
24 31 -1
24 33 -1
24 38 -1
24 45 1
24 49 1
24 62 1
25 3 1
25 7 1
25 13 1
25 18 1
25 19 -1
25 20 -1
25 23 1
25 26 1
25 27 1
25 28 1
25 32 -1
25 37 1
25 39 1
25 40 -1
25 44 1
25 47 1
26 4 -1
26 17 -1
26 20 1
26 22 1
26 23 1
26 25 1
26 28 1
26 29 1
26 31 1
26 41 1
26 48 1
26 51 1
26 54 1
26 60 1
26 64 -1
27 2 -1
27 8 1
27 17 1
27 18 -1
27 19 1
27 21 1
27 24 1
27 25 1
27 28 1
27 30 1
27 45 -1
27 47 1
27 63 1
28 2 -1
28 13 1
28 16 1
28 17 1
28 20 1
28 21 1
28 25 1
28 26 1
28 27 1
28 29 1
28 32 -1
28 33 1
28 35 1
28 37 -1
28 49 1
28 59 1
29 11 1
29 17 1
29 20 -1
29 22 1
29 23 1
29 26 1
29 28 1
29 30 -1
29 31 1
29 34 1
29 39 -1
29 40 1
29 47 -1
29 54 1
29 55 1
29 56 1
30 12 -1
30 14 -1
30 20 -1
30 22 -1
30 23 1
30 24 -1
30 27 1
30 29 -1
30 31 1
30 32 1
30 34 1
30 35 -1
30 43 1
30 54 1
30 60 -1
30 64 1
31 1 1
31 9 1
31 13 1
31 18 1
31 19 -1
31 20 1
31 24 -1
31 26 1
31 29 1
31 30 1
31 32 1
31 36 1
31 50 1
31 53 1
31 61 -1
31 62 1
32 4 1
32 10 1
32 11 1
32 14 1
32 17 -1
32 18 1
32 21 -1
32 23 -1
32 25 -1
32 28 -1
32 30 1
32 31 1
32 42 -1
32 48 1
32 53 1
33 6 -1
33 9 1
33 19 1
33 20 1
33 24 -1
33 28 1
33 34 1
33 36 1
33 38 1
33 39 1
33 41 1
33 42 -1
33 46 1
33 47 -1
33 51 1
33 52 1
34 9 1
34 19 1
34 23 1
34 29 1
34 30 1
34 33 1
34 35 1
34 37 -1
34 40 1
34 41 1
34 43 -1
34 44 -1
34 47 1
34 50 1
34 54 1
35 1 -1
35 6 1
35 21 1
35 28 1
35 30 -1
35 34 1
35 37 -1
35 38 1
35 40 1
35 42 -1
35 43 1
35 44 1
35 45 1
35 49 -1
35 62 1
36 3 1
36 15 -1
36 18 1
36 31 1
36 33 1
36 37 1
36 39 1
36 40 1
36 41 1
36 45 1
36 47 1
36 48 -1
36 61 1
37 1 1
37 3 1
37 20 1
37 25 1
37 28 -1
37 34 -1
37 35 -1
37 36 1
37 40 1
37 43 1
37 45 1
37 46 -1
37 48 1
37 49 1
37 53 -1
37 54 1
38 3 1
38 9 -1
38 16 1
38 17 -1
38 21 1
38 24 -1
38 33 1
38 35 1
38 40 1
38 42 -1
38 43 1
38 45 1
38 46 1
38 48 -1
38 53 1
39 3 1
39 6 1
39 10 1
39 12 1
39 25 1
39 29 -1
39 33 1
39 36 1
39 41 -1
39 42 1
39 44 1
39 45 1
39 46 1
39 48 -1
39 53 1
39 64 -1
40 2 -1
40 7 1
40 8 1
40 14 1
40 25 -1
40 29 1
40 34 1
40 35 1
40 36 1
40 37 1
40 38 1
40 41 -1
40 46 1
40 47 1
40 51 1
40 55 1
41 4 -1
41 5 -1
41 20 1
41 21 -1
41 26 1
41 33 1
41 34 1
41 36 1
41 39 -1
41 40 -1
41 42 1
41 45 -1
41 48 -1
41 53 -1
41 62 1
41 63 1
42 15 1
42 32 -1
42 33 -1
42 35 -1
42 38 -1
42 39 1
42 41 1
42 43 1
42 44 -1
42 48 1
42 50 1
42 60 1
43 1 1
43 5 1
43 6 -1
43 19 1
43 30 1
43 34 -1
43 35 1
43 37 1
43 38 1
43 42 1
43 44 -1
43 46 1
43 47 1
43 51 -1
43 57 1
43 58 1
44 1 1
44 4 1
44 9 -1
44 13 1
44 15 1
44 19 1
44 25 1
44 34 -1
44 35 1
44 39 1
44 42 -1
44 43 -1
44 46 -1
44 47 -1
44 48 1
45 10 -1
45 13 -1
45 24 1
45 27 -1
45 35 1
45 36 1
45 37 1
45 38 1
45 39 1
45 41 -1
45 47 -1
45 48 -1
45 49 1
45 55 1
45 56 1
45 58 1
46 8 -1
46 11 1
46 15 1
46 17 1
46 18 1
46 23 1
46 33 1
46 37 -1
46 38 1
46 39 1
46 40 1
46 43 1
46 44 -1
46 47 1
46 51 1
46 57 1
47 1 1
47 8 1
47 21 1
47 25 1
47 27 1
47 29 -1
47 33 -1
47 34 1
47 36 1
47 40 1
47 43 1
47 44 -1
47 45 -1
47 46 1
48 2 1
48 7 -1
48 8 1
48 17 1
48 18 1
48 26 1
48 32 1
48 36 -1
48 37 1
48 38 -1
48 39 -1
48 41 -1
48 42 1
48 44 1
48 45 -1
48 55 -1
49 6 -1
49 24 1
49 28 1
49 35 -1
49 37 1
49 45 1
49 51 -1
49 52 1
49 53 -1
49 55 1
49 57 -1
49 59 1
49 61 1
49 62 1
50 5 1
50 8 1
50 31 1
50 34 1
50 42 1
50 51 1
50 53 -1
50 54 1
50 55 -1
50 56 1
50 59 1
50 63 1
50 64 -1
51 1 1
51 21 1
51 23 1
51 26 1
51 33 1
51 40 1
51 43 -1
51 46 1
51 49 -1
51 50 1
51 53 1
51 54 1
51 58 1
51 60 1
51 61 -1
51 63 -1
52 14 1
52 17 1
52 18 1
52 22 -1
52 23 -1
52 33 1
52 49 1
52 54 -1
52 55 -1
52 56 -1
52 57 -1
52 58 1
52 61 -1
52 64 1
53 5 1
53 16 1
53 31 1
53 32 1
53 37 -1
53 38 1
53 39 1
53 41 -1
53 49 -1
53 50 -1
53 51 1
53 54 1
53 57 -1
53 59 1
53 60 1
53 61 -1
54 16 1
54 22 1
54 26 1
54 29 1
54 30 1
54 34 1
54 37 1
54 50 1
54 51 1
54 52 -1
54 53 1
54 56 1
54 58 1
54 61 1
54 62 1
55 3 1
55 4 -1
55 16 1
55 19 1
55 29 1
55 40 1
55 45 1
55 48 -1
55 49 1
55 50 -1
55 52 -1
55 57 -1
55 58 1
55 60 1
55 61 1
55 64 1
56 2 1
56 9 1
56 10 1
56 11 -1
56 12 1
56 19 1
56 29 1
56 45 1
56 50 1
56 52 -1
56 54 1
56 58 1
56 59 1
56 62 1
56 63 1
56 64 1
57 3 1
57 4 1
57 12 1
57 13 -1
57 18 1
57 43 1
57 46 1
57 49 -1
57 52 -1
57 53 -1
57 55 -1
57 59 1
57 60 -1
57 62 1
57 63 1
58 2 1
58 7 1
58 10 1
58 11 1
58 15 1
58 23 1
58 43 1
58 45 1
58 51 1
58 52 1
58 54 1
58 55 1
58 56 1
58 60 1
58 63 1
58 64 -1
59 4 1
59 5 1
59 6 1
59 7 -1
59 8 1
59 11 1
59 28 1
59 49 1
59 50 1
59 53 1
59 56 1
59 57 1
59 62 1
59 63 -1
59 64 -1
60 17 1
60 21 1
60 22 1
60 26 1
60 30 -1
60 42 1
60 51 1
60 53 1
60 55 1
60 57 -1
60 58 1
60 62 -1
60 63 1
60 64 1
61 6 -1
61 13 1
61 20 1
61 31 -1
61 36 1
61 49 1
61 51 -1
61 52 -1
61 53 -1
61 54 1
61 55 1
61 62 -1
61 64 -1
62 10 -1
62 15 -1
62 18 1
62 19 1
62 24 1
62 31 1
62 35 1
62 41 1
62 49 1
62 54 1
62 56 1
62 57 1
62 59 1
62 60 -1
62 61 -1
62 63 1
63 14 1
63 15 -1
63 18 -1
63 22 -1
63 27 1
63 41 1
63 50 1
63 51 -1
63 56 1
63 57 1
63 58 1
63 59 -1
63 60 1
63 62 1
64 2 1
64 5 -1
64 7 -1
64 8 1
64 13 1
64 26 -1
64 30 1
64 39 -1
64 50 -1
64 52 1
64 55 1
64 56 1
64 58 -1
64 59 -1
64 60 1
64 61 -1
