1 7 1
1 9 -1
1 10 -1
1 11 -1
1 12 -1
1 13 1
1 14 -1
1 15 -1
1 17 1
1 23 -1
1 24 1
1 35 1
1 55 1
1 57 -1
1 63 -1
2 4 1
2 5 -1
2 6 -1
2 7 -1
2 8 1
2 9 1
2 10 -1
2 14 -1
2 20 -1
2 21 -1
2 27 -1
2 28 1
2 32 -1
2 55 -1
2 59 1
3 4 -1
3 6 1
3 8 -1
3 9 -1
3 10 -1
3 11 -1
3 15 1
3 16 -1
3 18 1
3 21 -1
3 27 -1
3 32 -1
3 41 -1
3 43 -1
3 62 -1
4 2 1
4 3 -1
4 5 -1
4 6 -1
4 8 -1
4 9 -1
4 11 1
4 13 -1
4 19 1
4 21 -1
4 25 -1
4 29 -1
4 36 -1
4 40 -1
4 48 -1
4 49 -1
5 2 -1
5 4 -1
5 6 -1
5 11 -1
5 13 -1
5 14 -1
5 15 -1
5 16 -1
5 26 1
5 35 1
5 41 -1
5 53 -1
5 56 -1
5 61 -1
5 62 -1
6 2 -1
6 3 1
6 4 -1
6 5 -1
6 7 -1
6 8 -1
6 9 1
6 14 -1
6 18 1
6 19 -1
6 20 -1
6 46 -1
6 49 -1
6 51 -1
6 60 -1
6 61 1
7 1 1
7 2 -1
7 6 -1
7 12 -1
7 13 -1
7 14 -1
7 15 -1
7 16 -1
7 17 -1
7 23 -1
7 41 -1
7 43 -1
7 49 -1
7 53 -1
7 59 1
7 61 -1
8 2 1
8 3 -1
8 4 -1
8 6 -1
8 12 -1
8 13 -1
8 14 -1
8 15 -1
8 17 -1
8 22 -1
8 26 -1
8 27 1
8 51 -1
8 54 -1
8 58 -1
9 1 -1
9 2 1
9 3 -1
9 4 -1
9 6 1
9 10 -1
9 12 -1
9 14 -1
9 20 -1
9 21 -1
9 25 -1
9 35 -1
9 42 -1
9 54 -1
9 58 1
10 1 -1
10 2 -1
10 3 -1
10 9 -1
10 11 -1
10 12 -1
10 15 1
10 16 -1
10 20 1
10 26 1
10 32 -1
10 34 -1
10 46 -1
10 49 -1
10 56 -1
10 57 1
11 1 -1
11 3 -1
11 4 1
11 5 -1
11 10 -1
11 13 -1
11 14 -1
11 16 -1
11 19 -1
11 24 -1
11 25 -1
11 33 1
11 37 -1
11 39 -1
11 47 -1
11 51 -1
12 1 -1
12 7 -1
12 8 -1
12 9 -1
12 10 -1
12 13 -1
12 15 -1
12 16 -1
12 20 -1
12 30 -1
12 38 1
12 42 -1
12 48 -1
12 50 1
12 53 -1
12 60 1
13 1 1
13 4 -1
13 5 -1
13 7 -1
13 8 -1
13 11 -1
13 12 -1
13 16 -1
13 17 -1
13 20 1
13 30 1
13 38 -1
13 42 1
13 43 -1
13 52 1
13 61 1
14 1 -1
14 2 -1
14 5 -1
14 6 -1
14 7 -1
14 8 -1
14 9 -1
14 11 -1
14 18 -1
14 32 1
14 33 -1
14 44 1
14 45 -1
14 46 1
14 47 -1
15 1 -1
15 3 1
15 5 -1
15 7 -1
15 8 -1
15 10 1
15 12 -1
15 16 -1
15 22 1
15 25 -1
15 34 -1
15 35 -1
15 38 -1
15 44 -1
15 46 -1
16 3 -1
16 5 -1
16 7 -1
16 10 -1
16 11 -1
16 12 -1
16 13 -1
16 15 -1
16 17 1
16 18 -1
16 36 -1
16 44 -1
16 52 -1
16 55 -1
16 57 -1
16 64 1
17 1 1
17 7 -1
17 8 -1
17 13 -1
17 16 1
17 19 -1
17 21 1
17 22 -1
17 24 -1
17 25 1
17 27 -1
17 29 1
17 32 1
17 51 -1
17 53 1
18 3 1
18 6 1
18 14 -1
18 16 -1
18 19 -1
18 23 1
18 24 -1
18 25 -1
18 27 -1
18 29 1
18 31 1
18 32 -1
18 36 -1
18 37 -1
18 41 -1
18 51 -1
19 4 1
19 6 -1
19 11 -1
19 17 -1
19 18 -1
19 22 -1
19 23 1
19 26 -1
19 28 1
19 31 -1
19 32 -1
19 46 -1
19 51 -1
19 54 -1
19 55 -1
19 59 -1
20 2 -1
20 6 -1
20 9 -1
20 10 1
20 12 -1
20 13 1
20 21 1
20 22 -1
20 25 -1
20 26 -1
20 28 -1
20 29 -1
20 31 -1
20 32 1
20 37 -1
20 63 1
21 2 -1
21 3 -1
21 4 -1
21 9 -1
21 17 1
21 20 1
21 24 -1
21 26 -1
21 27 -1
21 28 -1
21 30 -1
21 31 1
21 36 -1
21 40 -1
21 42 1
21 50 -1
22 8 -1
22 15 1
22 17 -1
22 19 -1
22 20 -1
22 23 -1
22 24 -1
22 26 -1
22 28 1
22 30 -1
22 37 1
22 46 -1
22 54 -1
22 60 1
23 1 -1
23 7 -1
23 18 1
23 19 1
23 22 -1
23 25 -1
23 27 -1
23 29 -1
23 30 -1
23 32 1
23 34 -1
23 37 -1
23 39 -1
23 41 -1
23 56 -1
23 63 -1
24 1 1
24 11 -1
24 17 -1
24 18 -1
24 21 -1
24 22 -1
24 26 -1
24 28 -1
24 30 -1
24 31 -1
24 33 1
24 35 -1
24 36 -1
24 37 -1
24 58 -1
25 4 -1
25 9 -1
25 11 -1
25 15 -1
25 17 1
25 18 -1
25 20 -1
25 23 -1
25 26 -1
25 27 -1
25 30 -1
25 31 -1
25 38 -1
25 47 -1
25 48 -1
25 63 -1
26 5 1
26 8 -1
26 10 1
26 19 -1
26 20 -1
26 21 -1
26 22 -1
26 24 -1
26 25 -1
26 31 -1
26 32 1
26 34 -1
26 43 -1
26 52 -1
26 58 -1
26 64 1
27 2 -1
27 3 -1
27 8 1
27 17 -1
27 18 -1
27 21 -1
27 23 -1
27 25 -1
27 28 -1
27 30 1
27 32 -1
27 48 -1
27 57 1
27 59 -1
27 64 -1
28 2 1
28 19 1
28 20 -1
28 21 -1
28 22 1
28 24 -1
28 27 -1
28 29 -1
28 30 1
28 43 -1
28 46 -1
28 47 1
28 51 -1
28 53 -1
28 64 -1
29 4 -1
29 17 1
29 18 1
29 20 -1
29 23 -1
29 28 -1
29 30 -1
29 31 -1
29 32 -1
29 35 -1
29 41 -1
29 53 -1
29 59 -1
29 61 -1
30 12 -1
30 13 1
30 21 -1
30 22 -1
30 23 -1
30 24 -1
30 25 -1
30 27 1
30 28 1
30 29 -1
30 33 1
30 34 -1
30 44 -1
30 50 -1
30 59 -1
31 18 1
31 19 -1
31 20 -1
31 21 1
31 24 -1
31 25 -1
31 26 -1
31 29 -1
31 39 1
31 42 -1
31 54 -1
31 55 -1
31 59 -1
31 62 1
31 64 -1
32 2 -1
32 3 -1
32 10 -1
32 14 1
32 17 1
32 18 -1
32 19 -1
32 20 1
32 23 1
32 26 1
32 27 -1
32 29 -1
32 40 -1
32 49 -1
32 56 -1
33 11 1
33 14 -1
33 24 1
33 30 1
33 34 1
33 35 -1
33 37 -1
33 39 1
33 43 -1
33 45 1
33 47 -1
33 48 -1
33 56 1
33 60 -1
33 64 -1
34 10 -1
34 15 -1
34 23 -1
34 26 -1
34 30 -1
34 33 1
34 35 -1
34 40 -1
34 41 -1
34 42 -1
34 46 -1
34 47 -1
34 48 1
34 51 -1
34 53 -1
34 55 -1
35 1 1
35 5 1
35 9 -1
35 15 -1
35 24 -1
35 29 -1
35 33 -1
35 34 -1
35 36 1
35 40 -1
35 41 -1
35 42 -1
35 43 -1
35 46 1
35 60 -1
35 62 -1
36 4 -1
36 16 -1
36 18 -1
36 21 -1
36 24 -1
36 35 1
36 38 1
36 39 -1
36 41 -1
36 42 -1
36 44 1
36 47 -1
36 48 -1
36 50 1
36 54 -1
36 57 -1
37 11 -1
37 18 -1
37 20 -1
37 22 1
37 23 -1
37 24 -1
37 33 -1
37 39 -1
37 41 -1
37 42 -1
37 43 1
37 44 1
37 45 -1
37 46 -1
37 64 -1
38 12 1
38 13 -1
38 15 -1
38 25 -1
38 36 1
38 39 -1
38 40 -1
38 43 -1
38 45 -1
38 46 -1
38 47 -1
38 48 1
38 50 1
38 58 -1
38 63 -1
39 11 -1
39 23 -1
39 31 1
39 33 1
39 36 -1
39 37 -1
39 38 -1
39 40 -1
39 42 -1
39 45 -1
39 46 1
39 52 -1
39 56 -1
39 57 -1
39 60 -1
39 63 -1
40 4 -1
40 21 -1
40 32 -1
40 34 -1
40 35 -1
40 38 -1
40 39 -1
40 41 -1
40 43 -1
40 44 -1
40 48 -1
40 52 -1
40 54 -1
40 58 -1
40 63 -1
41 3 -1
41 5 -1
41 7 -1
41 18 -1
41 23 -1
41 29 -1
41 34 -1
41 35 -1
41 36 -1
41 37 -1
41 40 -1
41 44 -1
41 46 -1
41 47 -1
41 56 -1
41 64 -1
42 9 -1
42 12 -1
42 13 1
42 21 1
42 31 -1
42 34 -1
42 35 -1
42 36 -1
42 37 -1
42 39 -1
42 44 1
42 45 -1
42 47 -1
42 57 -1
43 3 -1
43 7 -1
43 13 -1
43 26 -1
43 28 -1
43 33 -1
43 35 -1
43 37 1
43 38 -1
43 40 -1
43 44 -1
43 45 -1
43 48 -1
43 56 -1
43 61 -1
43 62 -1
44 14 1
44 15 -1
44 16 -1
44 30 -1
44 36 1
44 37 1
44 40 -1
44 41 -1
44 42 1
44 43 -1
44 45 -1
44 48 -1
44 52 -1
44 58 -1
44 59 -1
45 14 -1
45 33 1
45 37 -1
45 38 -1
45 39 -1
45 42 -1
45 43 -1
45 44 -1
45 46 1
45 49 -1
45 52 -1
45 53 -1
45 55 -1
45 60 -1
45 62 -1
46 6 -1
46 10 -1
46 14 1
46 15 -1
46 19 -1
46 22 -1
46 28 -1
46 34 -1
46 35 1
46 37 -1
46 38 -1
46 39 1
46 41 -1
46 45 1
46 47 1
46 63 1
47 11 -1
47 14 -1
47 25 -1
47 28 1
47 33 -1
47 34 -1
47 36 -1
47 38 -1
47 41 -1
47 42 -1
47 46 1
47 48 -1
47 49 -1
47 54 -1
47 57 -1
47 62 -1
48 4 -1
48 12 -1
48 25 -1
48 27 -1
48 33 -1
48 34 1
48 36 -1
48 38 1
48 40 -1
48 43 -1
48 44 -1
48 47 -1
48 50 -1
48 55 -1
48 58 -1
49 4 -1
49 6 -1
49 7 -1
49 10 -1
49 32 -1
49 45 -1
49 47 -1
49 50 -1
49 53 -1
49 55 -1
49 56 -1
49 58 -1
49 59 -1
49 63 -1
49 64 -1
50 12 1
50 21 -1
50 30 -1
50 36 1
50 38 1
50 48 -1
50 49 -1
50 52 -1
50 53 -1
50 56 -1
50 57 -1
50 61 -1
50 62 1
50 63 -1
51 6 -1
51 8 -1
51 11 -1
51 17 -1
51 18 -1
51 19 -1
51 28 -1
51 34 -1
51 52 -1
51 53 -1
51 54 -1
51 57 -1
51 58 -1
51 59 -1
51 60 -1
51 61 -1
52 13 1
52 16 -1
52 26 -1
52 39 -1
52 40 -1
52 44 -1
52 45 -1
52 50 -1
52 51 -1
52 53 -1
52 56 -1
52 59 -1
52 60 -1
52 62 -1
52 64 -1
53 5 -1
53 7 -1
53 12 -1
53 17 1
53 28 -1
53 29 -1
53 34 -1
53 45 -1
53 49 -1
53 50 -1
53 51 -1
53 52 -1
53 54 -1
53 58 1
53 60 -1
53 62 -1
54 8 -1
54 9 -1
54 19 -1
54 22 -1
54 31 -1
54 36 -1
54 40 -1
54 47 -1
54 51 -1
54 53 -1
54 55 1
54 56 -1
54 57 -1
54 58 -1
54 60 1
54 62 -1
55 1 1
55 2 -1
55 16 -1
55 19 -1
55 31 -1
55 34 -1
55 45 -1
55 48 -1
55 49 -1
55 54 1
55 56 1
55 59 1
55 60 -1
55 62 -1
55 63 -1
55 64 -1
56 5 -1
56 10 -1
56 23 -1
56 32 -1
56 33 1
56 39 -1
56 41 -1
56 43 -1
56 49 -1
56 50 -1
56 52 -1
56 54 -1
56 55 1
56 57 -1
56 61 -1
56 63 -1
57 1 -1
57 10 1
57 16 -1
57 27 1
57 36 -1
57 39 -1
57 42 -1
57 47 -1
57 50 -1
57 51 -1
57 54 -1
57 56 -1
57 59 -1
57 61 -1
57 62 -1
57 64 -1
58 8 -1
58 9 1
58 24 -1
58 26 -1
58 38 -1
58 40 -1
58 44 -1
58 48 -1
58 49 -1
58 51 -1
58 53 1
58 54 -1
58 59 -1
58 61 -1
58 63 -1
58 64 -1
59 2 1
59 7 1
59 19 -1
59 27 -1
59 29 -1
59 30 -1
59 31 -1
59 44 -1
59 49 -1
59 51 -1
59 52 -1
59 55 1
59 57 -1
59 58 -1
59 60 -1
59 62 -1
60 6 -1
60 12 1
60 22 1
60 33 -1
60 35 -1
60 39 -1
60 45 -1
60 51 -1
60 52 -1
60 53 -1
60 54 1
60 55 -1
60 59 -1
60 63 -1
60 64 -1
61 5 -1
61 6 1
61 7 -1
61 13 1
61 29 -1
61 43 -1
61 50 -1
61 51 -1
61 56 -1
61 57 -1
61 58 -1
61 62 -1
61 63 1
61 64 1
62 3 -1
62 5 -1
62 31 1
62 35 -1
62 43 -1
62 45 -1
62 47 -1
62 50 1
62 52 -1
62 53 -1
62 54 -1
62 55 -1
62 57 -1
62 59 -1
62 61 -1
63 1 -1
63 20 1
63 23 -1
63 25 -1
63 38 -1
63 39 -1
63 40 -1
63 46 1
63 49 -1
63 50 -1
63 55 -1
63 56 -1
63 58 -1
63 60 -1
63 61 1
63 64 -1
64 16 1
64 26 1
64 27 -1
64 28 -1
64 31 -1
64 33 -1
64 37 -1
64 41 -1
64 49 -1
64 52 -1
64 55 -1
64 57 -1
64 58 -1
64 60 -1
64 61 1
64 63 -1
