1 2 -1
1 4 -1
1 5 -1
1 9 -1
1 10 -1
1 11 -1
1 12 -1
1 15 -1
1 22 -1
1 29 -1
1 33 -1
1 37 -1
1 38 -1
1 43 -1
1 52 -1
2 1 -1
2 3 -1
2 5 -1
2 6 1
2 7 -1
2 8 1
2 10 1
2 14 -1
2 21 1
2 23 -1
2 49 1
2 59 -1
2 60 -1
2 63 1
3 2 -1
3 4 -1
3 6 -1
3 7 -1
3 10 1
3 13 -1
3 14 -1
3 15 -1
3 17 -1
3 24 -1
3 31 -1
3 32 -1
3 33 -1
3 42 -1
3 48 -1
3 49 -1
4 1 -1
4 3 -1
4 6 -1
4 8 1
4 9 -1
4 11 -1
4 12 -1
4 14 -1
4 19 1
4 21 -1
4 22 1
4 29 -1
4 49 -1
4 53 -1
4 57 -1
5 1 -1
5 2 -1
5 6 -1
5 7 -1
5 8 -1
5 13 1
5 14 -1
5 16 1
5 20 1
5 23 -1
5 27 1
5 38 1
5 47 1
5 51 1
5 59 -1
5 63 -1
6 2 1
6 3 -1
6 4 -1
6 5 -1
6 7 -1
6 10 -1
6 11 1
6 16 -1
6 19 1
6 25 1
6 34 -1
6 37 -1
6 46 -1
6 47 1
6 57 1
6 64 -1
7 2 -1
7 3 -1
7 5 -1
7 6 -1
7 11 -1
7 12 -1
7 13 -1
7 14 -1
7 24 1
7 25 -1
7 26 -1
7 38 -1
7 39 -1
7 40 -1
7 58 -1
7 61 -1
8 2 1
8 4 1
8 5 -1
8 9 -1
8 11 -1
8 12 -1
8 15 -1
8 16 1
8 25 1
8 35 -1
8 36 1
8 40 -1
8 50 1
8 54 -1
8 62 -1
9 1 -1
9 4 -1
9 8 -1
9 10 -1
9 11 1
9 13 -1
9 15 -1
9 16 1
9 19 -1
9 22 -1
9 28 -1
9 38 -1
9 43 -1
9 48 1
9 59 -1
9 61 -1
10 1 -1
10 2 1
10 3 1
10 6 -1
10 9 -1
10 13 -1
10 14 -1
10 15 -1
10 19 -1
10 24 -1
10 35 -1
10 41 -1
10 46 -1
10 56 -1
10 62 1
11 1 -1
11 4 -1
11 6 1
11 7 -1
11 8 -1
11 9 1
11 12 1
11 16 -1
11 22 -1
11 23 -1
11 44 -1
11 47 -1
11 52 -1
11 60 -1
11 63 -1
11 64 -1
12 1 -1
12 4 -1
12 7 -1
12 8 -1
12 11 1
12 13 -1
12 14 -1
12 15 1
12 24 -1
12 37 1
12 42 -1
12 46 -1
12 48 -1
12 52 1
12 57 -1
13 3 -1
13 5 1
13 7 -1
13 9 -1
13 10 -1
13 12 -1
13 15 1
13 16 -1
13 21 1
13 41 -1
13 44 -1
13 46 -1
13 57 -1
13 61 -1
13 64 -1
14 2 -1
14 3 -1
14 4 -1
14 5 -1
14 7 -1
14 10 -1
14 12 -1
14 16 -1
14 18 -1
14 26 -1
14 27 1
14 31 -1
14 36 1
14 51 -1
14 55 1
15 1 -1
15 3 -1
15 8 -1
15 9 -1
15 10 -1
15 12 1
15 13 1
15 16 -1
15 27 -1
15 29 1
15 44 -1
15 53 -1
15 56 -1
15 64 -1
16 5 1
16 6 -1
16 8 1
16 9 1
16 11 -1
16 13 -1
16 14 -1
16 15 -1
16 21 -1
16 33 -1
16 36 -1
16 41 -1
16 52 -1
16 58 -1
16 62 -1
17 3 -1
17 18 -1
17 20 -1
17 21 -1
17 22 -1
17 25 1
17 27 1
17 28 -1
17 31 -1
17 33 -1
17 41 -1
17 51 -1
17 53 -1
17 55 -1
18 14 -1
18 17 -1
18 19 -1
18 22 1
18 23 1
18 24 -1
18 25 -1
18 30 -1
18 32 -1
18 33 -1
18 34 -1
18 42 -1
18 51 -1
18 53 -1
18 58 -1
18 61 -1
19 4 1
19 6 1
19 9 -1
19 10 -1
19 18 -1
19 21 -1
19 24 -1
19 25 -1
19 28 -1
19 29 -1
19 30 -1
19 32 1
19 40 -1
19 47 1
19 56 -1
20 5 1
20 17 -1
20 23 -1
20 25 -1
20 28 -1
20 29 -1
20 30 -1
20 31 -1
20 32 1
20 36 -1
20 41 -1
20 44 -1
20 54 -1
20 56 -1
20 62 1
21 2 1
21 4 -1
21 13 1
21 16 -1
21 17 -1
21 19 -1
21 22 -1
21 23 -1
21 26 -1
21 29 -1
21 30 -1
21 32 1
21 51 -1
21 54 -1
21 58 1
22 1 -1
22 4 1
22 9 -1
22 11 -1
22 17 -1
22 18 1
22 21 -1
22 23 -1
22 27 -1
22 28 1
22 29 1
22 31 -1
22 39 -1
22 59 1
23 2 -1
23 5 -1
23 11 -1
23 18 1
23 20 -1
23 21 -1
23 22 -1
23 24 -1
23 27 -1
23 28 -1
23 31 1
23 35 -1
23 45 -1
23 48 1
23 58 -1
24 3 -1
24 7 1
24 10 -1
24 12 -1
24 18 -1
24 19 -1
24 23 -1
24 25 -1
24 26 -1
24 27 -1
24 28 -1
24 29 -1
24 33 -1
24 45 -1
24 49 1
24 57 -1
25 6 1
25 7 -1
25 8 1
25 17 1
25 18 -1
25 19 -1
25 20 -1
25 24 -1
25 27 -1
25 30 -1
25 31 1
25 36 -1
25 44 1
25 59 -1
25 60 -1
25 64 -1
26 7 -1
26 14 -1
26 21 -1
26 24 -1
26 27 1
26 28 -1
26 29 -1
26 30 -1
26 31 -1
26 32 -1
26 39 -1
26 43 1
26 46 -1
26 55 -1
26 61 -1
26 64 -1
27 5 1
27 14 1
27 15 -1
27 17 1
27 22 -1
27 23 -1
27 24 -1
27 25 -1
27 26 1
27 30 1
27 32 1
27 38 -1
27 40 -1
27 48 1
27 55 1
28 9 -1
28 17 -1
28 19 -1
28 20 -1
28 22 1
28 23 -1
28 24 -1
28 26 -1
28 29 -1
28 40 1
28 45 -1
28 49 -1
28 57 -1
28 61 -1
28 64 -1
29 1 -1
29 4 -1
29 15 1
29 19 -1
29 20 -1
29 21 -1
29 22 1
29 24 -1
29 26 -1
29 28 -1
29 31 -1
29 34 1
29 38 -1
29 54 -1
29 59 -1
30 18 -1
30 19 -1
30 20 -1
30 21 -1
30 25 -1
30 26 -1
30 27 1
30 32 -1
30 36 -1
30 40 -1
30 41 -1
30 42 -1
30 45 -1
30 47 1
30 50 1
31 3 -1
31 14 -1
31 17 -1
31 20 -1
31 22 -1
31 23 1
31 25 1
31 26 -1
31 29 -1
31 32 -1
31 33 -1
31 35 -1
31 36 1
31 51 -1
31 56 -1
32 3 -1
32 18 -1
32 19 1
32 20 1
32 21 1
32 26 -1
32 27 1
32 30 -1
32 31 -1
32 35 -1
32 37 1
32 48 -1
32 50 -1
32 60 -1
32 61 -1
33 1 -1
33 3 -1
33 16 -1
33 17 -1
33 18 -1
33 24 -1
33 31 -1
33 34 -1
33 35 1
33 36 -1
33 39 -1
33 40 -1
33 42 -1
33 44 -1
33 45 1
33 57 -1
34 6 -1
34 18 -1
34 29 1
34 33 -1
34 35 -1
34 38 -1
34 40 -1
34 43 -1
34 45 1
34 46 -1
34 47 -1
34 60 1
34 63 1
35 8 -1
35 10 -1
35 23 -1
35 31 -1
35 32 -1
35 33 1
35 34 -1
35 36 1
35 37 -1
35 41 -1
35 42 -1
35 46 1
35 48 -1
35 53 -1
35 63 -1
35 64 1
36 8 1
36 14 1
36 16 -1
36 20 -1
36 25 -1
36 30 -1
36 31 1
36 33 -1
36 35 1
36 37 -1
36 40 -1
36 44 -1
36 45 -1
36 46 -1
36 48 -1
37 1 -1
37 6 -1
37 12 1
37 32 1
37 35 -1
37 36 -1
37 38 -1
37 42 -1
37 44 -1
37 46 -1
37 47 1
37 48 -1
37 50 -1
37 54 -1
37 62 -1
37 63 -1
38 1 -1
38 5 1
38 7 -1
38 9 -1
38 27 -1
38 29 -1
38 34 -1
38 37 -1
38 39 -1
38 41 -1
38 42 -1
38 44 -1
38 47 -1
38 48 1
38 55 -1
39 7 -1
39 22 -1
39 26 -1
39 33 -1
39 38 -1
39 40 -1
39 41 -1
39 43 -1
39 45 -1
39 46 -1
39 48 -1
39 49 1
39 54 -1
39 62 -1
39 63 -1
40 7 -1
40 8 -1
40 19 -1
40 27 -1
40 28 1
40 30 -1
40 33 -1
40 34 -1
40 36 -1
40 39 -1
40 41 -1
40 43 -1
40 45 -1
40 47 -1
40 50 -1
40 59 -1
41 10 -1
41 13 -1
41 16 -1
41 17 -1
41 20 -1
41 30 -1
41 35 -1
41 38 -1
41 39 -1
41 40 -1
41 42 -1
41 43 -1
41 45 -1
41 47 -1
41 56 -1
41 58 1
42 3 -1
42 12 -1
42 18 -1
42 30 -1
42 33 -1
42 35 -1
42 37 -1
42 38 -1
42 41 -1
42 43 -1
42 44 -1
42 45 -1
42 50 -1
42 52 -1
42 53 -1
43 1 -1
43 9 -1
43 26 1
43 34 -1
43 39 -1
43 40 -1
43 41 -1
43 42 -1
43 44 -1
43 45 -1
43 46 -1
43 49 -1
43 56 -1
43 61 -1
43 62 -1
44 11 -1
44 13 -1
44 15 -1
44 20 -1
44 25 1
44 33 -1
44 36 -1
44 37 -1
44 38 -1
44 42 -1
44 43 -1
44 47 -1
44 48 -1
44 55 1
44 63 -1
45 23 -1
45 24 -1
45 28 -1
45 30 -1
45 33 1
45 34 1
45 36 -1
45 39 -1
45 40 -1
45 41 -1
45 42 -1
45 43 -1
45 51 -1
45 54 -1
45 58 -1
46 6 -1
46 10 -1
46 12 -1
46 13 -1
46 26 -1
46 34 -1
46 35 1
46 36 -1
46 37 -1
46 39 -1
46 43 -1
46 47 -1
46 48 1
46 50 -1
46 52 1
47 5 1
47 6 1
47 11 -1
47 19 1
47 30 1
47 34 -1
47 37 1
47 38 -1
47 40 -1
47 41 -1
47 44 -1
47 46 -1
47 48 -1
47 49 -1
47 53 -1
47 54 -1
48 3 -1
48 9 1
48 12 -1
48 23 1
48 27 1
48 32 -1
48 35 -1
48 36 -1
48 37 -1
48 38 1
48 39 -1
48 44 -1
48 46 1
48 47 -1
48 52 -1
49 2 1
49 3 -1
49 4 -1
49 24 1
49 28 -1
49 39 1
49 43 -1
49 47 -1
49 53 -1
49 54 -1
49 55 -1
49 57 -1
49 60 -1
49 61 -1
49 62 -1
49 64 1
50 8 1
50 30 1
50 32 -1
50 37 -1
50 40 -1
50 42 -1
50 46 -1
50 51 -1
50 54 -1
50 55 1
50 56 1
50 60 1
50 61 -1
50 62 -1
50 64 -1
51 5 1
51 14 -1
51 17 -1
51 18 -1
51 21 -1
51 31 -1
51 45 -1
51 50 -1
51 52 -1
51 53 -1
51 58 -1
51 59 -1
51 60 -1
51 63 1
51 64 -1
52 1 -1
52 11 -1
52 12 1
52 16 -1
52 42 -1
52 46 1
52 48 -1
52 51 -1
52 53 -1
52 55 -1
52 56 -1
52 57 -1
52 58 -1
52 59 -1
52 61 1
53 4 -1
53 15 -1
53 17 -1
53 18 -1
53 35 -1
53 42 -1
53 47 -1
53 49 -1
53 51 -1
53 52 -1
53 54 -1
53 57 -1
53 58 -1
53 60 -1
53 61 1
54 8 -1
54 20 -1
54 21 -1
54 29 -1
54 37 -1
54 39 -1
54 45 -1
54 47 -1
54 49 -1
54 50 -1
54 53 -1
54 55 -1
54 56 1
54 59 -1
54 62 -1
54 63 -1
55 14 1
55 17 -1
55 26 -1
55 27 1
55 38 -1
55 44 1
55 49 -1
55 50 1
55 52 -1
55 54 -1
55 56 -1
55 59 -1
55 60 -1
55 61 -1
56 10 -1
56 15 -1
56 19 -1
56 20 -1
56 31 -1
56 41 -1
56 43 -1
56 50 1
56 52 -1
56 54 1
56 55 -1
56 57 -1
56 58 -1
56 61 1
56 62 1
57 4 -1
57 6 1
57 12 -1
57 13 -1
57 24 -1
57 28 -1
57 33 -1
57 49 -1
57 52 -1
57 53 -1
57 56 -1
57 59 -1
57 60 -1
57 63 -1
57 64 -1
58 7 -1
58 16 -1
58 18 -1
58 21 1
58 23 -1
58 41 1
58 45 -1
58 51 -1
58 52 -1
58 53 -1
58 56 -1
58 59 -1
58 61 -1
58 63 -1
58 64 -1
59 2 -1
59 5 -1
59 9 -1
59 22 1
59 25 -1
59 29 -1
59 40 -1
59 51 -1
59 52 -1
59 54 -1
59 55 -1
59 57 -1
59 58 -1
59 62 -1
59 63 -1
60 2 -1
60 11 -1
60 25 -1
60 32 -1
60 34 1
60 49 -1
60 50 1
60 51 -1
60 53 -1
60 55 -1
60 57 -1
60 62 1
60 64 -1
61 7 -1
61 9 -1
61 13 -1
61 18 -1
61 26 -1
61 28 -1
61 32 -1
61 43 -1
61 49 -1
61 50 -1
61 52 1
61 53 1
61 55 -1
61 56 1
61 58 -1
61 63 1
62 8 -1
62 10 1
62 16 -1
62 20 1
62 37 -1
62 39 -1
62 43 -1
62 49 -1
62 50 -1
62 54 -1
62 56 1
62 59 -1
62 60 1
62 63 -1
62 64 -1
63 2 1
63 5 -1
63 11 -1
63 34 1
63 35 -1
63 37 -1
63 39 -1
63 44 -1
63 51 1
63 54 -1
63 57 -1
63 58 -1
63 59 -1
63 61 1
63 62 -1
63 64 -1
64 6 -1
64 11 -1
64 13 -1
64 15 -1
64 25 -1
64 26 -1
64 28 -1
64 35 1
64 49 1
64 50 -1
64 51 -1
64 57 -1
64 58 -1
64 60 -1
64 62 -1
64 63 -1
