1 2 1
1 3 1
1 6 1
1 8 -1
1 10 1
1 11 1
1 12 -1
1 16 1
1 17 1
1 20 1
1 28 1
1 34 1
1 38 1
1 40 1
1 54 1
1 64 1
2 1 1
2 3 -1
2 4 1
2 5 -1
2 11 1
2 13 1
2 14 1
2 16 1
2 30 -1
2 31 -1
2 32 -1
2 39 -1
2 49 1
2 50 1
2 57 -1
3 1 1
3 2 -1
3 4 1
3 7 1
3 9 1
3 14 1
3 15 1
3 16 -1
3 20 1
3 35 1
3 39 1
3 41 1
3 46 1
3 51 -1
3 60 1
4 2 1
4 3 1
4 5 1
4 8 1
4 10 1
4 11 1
4 12 -1
4 15 1
4 33 1
4 37 -1
4 41 1
4 42 -1
4 43 -1
4 50 -1
4 59 -1
4 64 1
5 2 -1
5 4 1
5 6 1
5 7 1
5 9 -1
5 11 1
5 13 1
5 15 -1
5 17 -1
5 24 1
5 31 -1
5 33 1
5 43 1
5 49 -1
5 61 1
6 1 1
6 5 1
6 7 1
6 9 1
6 12 -1
6 13 1
6 14 -1
6 15 -1
6 32 1
6 34 1
6 42 1
6 48 -1
6 61 1
6 62 1
6 64 -1
7 3 1
7 5 1
7 6 1
7 8 1
7 10 1
7 11 1
7 12 1
7 13 1
7 19 -1
7 24 -1
7 28 -1
7 31 -1
7 35 1
7 37 1
7 58 1
8 1 -1
8 4 1
8 7 1
8 9 1
8 10 1
8 14 1
8 15 -1
8 16 1
8 29 1
8 31 1
8 34 -1
8 36 1
8 53 1
8 54 1
8 57 1
9 3 1
9 5 -1
9 6 1
9 8 1
9 10 -1
9 11 1
9 13 1
9 15 1
9 17 -1
9 19 1
9 27 1
9 29 -1
9 42 1
9 53 -1
9 64 1
10 1 1
10 4 1
10 7 1
10 8 1
10 9 -1
10 11 1
10 15 1
10 16 1
10 20 -1
10 21 1
10 26 -1
10 36 -1
10 38 -1
10 43 1
10 62 1
10 64 -1
11 1 1
11 2 1
11 4 1
11 5 1
11 7 1
11 9 1
11 10 1
11 12 -1
11 23 1
11 30 1
11 42 -1
11 46 1
11 48 1
11 54 -1
11 60 1
11 64 1
12 1 -1
12 4 -1
12 6 -1
12 7 1
12 11 -1
12 13 1
12 14 -1
12 16 -1
12 17 1
12 22 1
12 29 1
12 37 -1
12 39 1
12 49 1
12 50 1
13 2 1
13 5 1
13 6 1
13 7 1
13 9 1
13 12 1
13 14 -1
13 16 1
13 19 1
13 21 1
13 23 1
13 28 -1
13 38 -1
13 39 1
13 45 -1
13 61 -1
14 2 1
14 3 1
14 6 -1
14 8 1
14 12 -1
14 13 -1
14 15 1
14 16 1
14 21 1
14 23 -1
14 42 1
14 47 1
14 49 1
14 57 1
15 3 1
15 4 1
15 5 -1
15 6 -1
15 8 -1
15 9 1
15 10 1
15 14 1
15 18 1
15 21 1
15 33 -1
15 35 1
15 43 -1
15 48 -1
15 49 1
15 51 1
16 1 1
16 2 1
16 3 -1
16 8 1
16 10 1
16 12 -1
16 13 1
16 14 1
16 22 1
16 26 -1
16 49 1
16 53 -1
16 54 -1
16 55 1
16 56 1
17 1 1
17 5 -1
17 9 -1
17 12 1
17 20 1
17 21 -1
17 22 1
17 24 1
17 25 -1
17 28 1
17 29 -1
17 31 1
17 35 1
17 38 -1
17 52 -1
17 62 -1
18 15 1
18 20 1
18 21 -1
18 23 1
18 24 1
18 26 -1
18 28 1
18 29 1
18 30 -1
18 39 1
18 44 1
18 46 1
18 52 1
18 60 1
18 62 1
18 64 -1
19 7 -1
19 9 1
19 13 1
19 20 1
19 21 1
19 23 1
19 26 1
19 27 -1
19 28 1
19 29 1
19 30 -1
19 34 1
19 42 1
19 56 1
19 58 1
20 1 1
20 3 1
20 10 -1
20 17 1
20 18 1
20 19 1
20 22 -1
20 23 -1
20 30 1
20 31 1
20 32 1
20 43 -1
20 46 1
20 58 1
20 60 1
20 63 -1
21 10 1
21 13 1
21 14 1
21 15 1
21 17 -1
21 18 -1
21 19 1
21 22 -1
21 24 1
21 25 1
21 30 1
21 31 1
21 52 1
21 53 -1
21 54 1
21 63 -1
22 12 1
22 16 1
22 17 1
22 20 -1
22 21 -1
22 23 -1
22 24 1
22 26 1
22 30 1
22 31 1
22 35 1
22 36 1
22 40 1
22 44 -1
22 46 -1
22 56 1
23 11 1
23 13 1
23 14 -1
23 18 1
23 19 1
23 20 -1
23 22 -1
23 25 -1
23 27 1
23 29 1
23 32 -1
23 35 -1
23 43 -1
23 47 1
23 60 -1
24 5 1
24 7 -1
24 17 1
24 18 1
24 21 1
24 22 1
24 27 -1
24 28 -1
24 29 -1
24 32 1
24 33 1
24 43 -1
24 44 1
24 48 -1
24 50 1
24 59 -1
25 17 -1
25 21 1
25 23 -1
25 27 1
25 28 1
25 30 1
25 31 1
25 32 -1
25 33 1
25 40 -1
25 42 -1
25 46 1
25 55 -1
25 58 -1
25 63 1
26 10 -1
26 16 -1
26 18 -1
26 19 1
26 22 1
26 28 1
26 29 1
26 30 1
26 31 1
26 32 1
26 36 -1
26 45 1
26 47 1
26 51 1
26 54 1
26 63 1
27 9 1
27 19 -1
27 23 1
27 24 -1
27 25 1
27 29 1
27 30 1
27 31 1
27 32 1
27 34 -1
27 41 -1
27 43 1
27 51 1
27 58 -1
28 1 1
28 7 -1
28 13 -1
28 17 1
28 18 1
28 19 1
28 24 -1
28 25 1
28 26 1
28 29 1
28 32 1
28 40 1
28 48 1
28 50 1
28 62 -1
29 8 1
29 9 -1
29 12 1
29 17 -1
29 18 1
29 19 1
29 23 1
29 24 -1
29 26 1
29 27 1
29 28 1
29 33 1
29 40 1
29 56 -1
29 59 -1
29 62 -1
30 2 -1
30 11 1
30 18 -1
30 19 -1
30 20 1
30 21 1
30 22 1
30 25 1
30 26 1
30 27 1
30 38 1
30 39 1
30 52 1
30 59 1
31 2 -1
31 5 -1
31 7 -1
31 8 1
31 17 1
31 20 1
31 21 1
31 22 1
31 25 1
31 26 1
31 27 1
31 32 1
31 56 1
31 57 1
31 58 1
31 61 1
32 2 -1
32 6 1
32 20 1
32 23 -1
32 24 1
32 25 -1
32 26 1
32 27 1
32 28 1
32 31 1
32 46 1
32 47 1
32 50 -1
32 51 -1
32 52 -1
33 4 1
33 5 1
33 15 -1
33 24 1
33 25 1
33 29 1
33 34 1
33 35 -1
33 38 1
33 40 1
33 41 1
33 43 1
33 45 1
33 48 -1
33 58 -1
33 63 1
34 1 1
34 6 1
34 8 -1
34 19 1
34 27 -1
34 33 1
34 35 1
34 36 1
34 37 -1
34 39 1
34 40 1
34 44 1
34 48 1
34 51 1
35 3 1
35 7 1
35 15 1
35 17 1
35 22 1
35 23 -1
35 33 -1
35 34 1
35 36 -1
35 39 1
35 42 1
35 43 -1
35 44 1
35 47 -1
35 60 1
35 63 1
36 8 1
36 10 -1
36 22 1
36 26 -1
36 34 1
36 35 -1
36 37 1
36 38 1
36 40 1
36 45 1
36 47 1
36 48 1
36 51 1
36 55 1
37 4 -1
37 7 1
37 12 -1
37 34 -1
37 36 1
37 38 1
37 39 1
37 42 -1
37 44 1
37 45 1
37 46 1
37 50 1
37 53 1
37 60 1
37 64 1
38 1 1
38 10 -1
38 13 -1
38 17 -1
38 30 1
38 33 1
38 36 1
38 37 1
38 40 1
38 41 -1
38 45 1
38 46 1
38 48 -1
38 52 -1
38 62 -1
39 2 -1
39 3 1
39 12 1
39 13 1
39 18 1
39 30 1
39 34 1
39 35 1
39 37 1
39 41 1
39 43 1
39 45 1
39 46 1
39 47 1
39 60 1
39 62 1
40 1 1
40 22 1
40 25 -1
40 28 1
40 29 1
40 33 1
40 34 1
40 36 1
40 38 1
40 41 1
40 42 1
40 44 -1
40 48 1
40 55 1
40 56 1
41 3 1
41 4 1
41 27 -1
41 33 1
41 38 -1
41 39 1
41 40 1
41 42 1
41 44 -1
41 46 1
41 47 1
41 49 1
41 52 1
41 63 1
42 4 -1
42 6 1
42 9 1
42 11 -1
42 14 1
42 19 1
42 25 -1
42 35 1
42 37 -1
42 40 1
42 41 1
42 43 1
42 44 1
42 45 1
42 47 1
43 4 -1
43 5 1
43 10 1
43 15 -1
43 20 -1
43 23 -1
43 24 -1
43 27 1
43 33 1
43 35 -1
43 39 1
43 42 1
43 45 1
43 46 1
43 47 1
43 48 1
44 18 1
44 22 -1
44 24 1
44 34 1
44 35 1
44 37 1
44 40 -1
44 41 -1
44 42 1
44 45 1
44 46 -1
44 55 1
44 56 1
44 57 1
44 59 1
44 61 -1
45 13 -1
45 26 1
45 33 1
45 36 1
45 37 1
45 38 1
45 39 1
45 42 1
45 43 1
45 44 1
45 53 1
45 54 1
45 55 1
45 56 1
45 61 1
46 3 1
46 11 1
46 18 1
46 20 1
46 22 -1
46 25 1
46 32 1
46 37 1
46 38 1
46 39 1
46 41 1
46 43 1
46 44 -1
46 47 -1
46 48 1
46 57 -1
47 14 1
47 23 1
47 26 1
47 32 1
47 35 -1
47 36 1
47 39 1
47 41 1
47 42 1
47 43 1
47 46 -1
47 48 -1
47 54 -1
47 61 1
48 6 -1
48 11 1
48 15 -1
48 24 -1
48 28 1
48 33 -1
48 34 1
48 36 1
48 38 -1
48 40 1
48 43 1
48 46 1
48 47 -1
48 55 1
48 57 1
48 59 1
49 2 1
49 5 -1
49 12 1
49 14 1
49 15 1
49 16 1
49 41 1
49 51 1
49 52 1
49 53 -1
49 54 1
49 59 -1
49 61 -1
49 63 1
49 64 1
50 2 1
50 4 -1
50 12 1
50 24 1
50 28 1
50 32 -1
50 37 1
50 52 1
50 55 -1
50 56 1
50 59 1
50 60 -1
50 61 -1
50 62 1
50 64 1
51 3 -1
51 15 1
51 26 1
51 27 1
51 32 -1
51 34 1
51 36 1
51 49 1
51 53 1
51 57 1
51 58 1
51 60 1
51 62 1
51 63 -1
51 64 -1
52 17 -1
52 18 1
52 21 1
52 30 1
52 32 -1
52 38 -1
52 41 1
52 49 1
52 50 1
52 53 -1
52 54 1
52 56 1
52 58 1
52 59 -1
52 62 -1
53 8 1
53 9 -1
53 16 -1
53 21 -1
53 37 1
53 45 1
53 49 -1
53 51 1
53 52 -1
53 55 1
53 56 1
53 62 1
53 63 -1
53 64 1
54 1 1
54 8 1
54 11 -1
54 16 -1
54 21 1
54 26 1
54 45 1
54 47 -1
54 49 1
54 52 1
54 55 1
54 59 1
54 60 1
54 61 1
54 63 -1
54 64 1
55 16 1
55 25 -1
55 36 1
55 40 1
55 44 1
55 45 1
55 48 1
55 50 -1
55 53 1
55 54 1
55 56 -1
55 57 1
55 58 1
55 63 1
55 64 -1
56 16 1
56 19 1
56 22 1
56 29 -1
56 31 1
56 40 1
56 44 1
56 45 1
56 50 1
56 52 1
56 53 1
56 55 -1
56 57 1
56 59 1
56 62 1
56 64 1
57 2 -1
57 8 1
57 14 1
57 31 1
57 44 1
57 46 -1
57 48 1
57 51 1
57 55 1
57 56 1
57 58 1
57 59 1
57 60 1
57 61 1
57 63 1
58 7 1
58 19 1
58 20 1
58 25 -1
58 27 -1
58 31 1
58 33 -1
58 51 1
58 52 1
58 55 1
58 57 1
58 59 1
58 61 1
58 62 -1
58 63 -1
59 4 -1
59 24 -1
59 29 -1
59 30 1
59 44 1
59 48 1
59 49 -1
59 50 1
59 52 -1
59 54 1
59 56 1
59 57 1
59 58 1
59 61 1
60 3 1
60 11 1
60 18 1
60 20 1
60 23 -1
60 35 1
60 37 1
60 39 1
60 50 -1
60 51 1
60 54 1
60 57 1
60 61 1
60 62 1
60 63 1
60 64 1
61 5 1
61 6 1
61 13 -1
61 31 1
61 44 -1
61 45 1
61 47 1
61 49 -1
61 50 -1
61 54 1
61 57 1
61 58 1
61 59 1
61 60 1
61 62 1
62 6 1
62 10 1
62 17 -1
62 18 1
62 28 -1
62 29 -1
62 38 -1
62 39 1
62 50 1
62 51 1
62 52 -1
62 53 1
62 56 1
62 58 -1
62 60 1
62 61 1
63 20 -1
63 21 -1
63 25 1
63 26 1
63 33 1
63 35 1
63 41 1
63 49 1
63 51 -1
63 53 -1
63 54 -1
63 55 1
63 57 1
63 58 -1
63 60 1
64 1 1
64 4 1
64 6 -1
64 9 1
64 10 -1
64 11 1
64 18 -1
64 37 1
64 49 1
64 50 1
64 51 -1
64 53 1
64 54 1
64 55 -1
64 56 1
64 60 1
