1 3 -1
1 4 1
1 7 -1
1 9 -1
1 10 -1
1 12 -1
1 15 -1
1 16 -1
1 22 1
1 30 1
1 40 -1
1 42 -1
1 44 1
1 56 -1
1 64 -1
2 4 -1
2 6 -1
2 8 -1
2 9 -1
2 10 -1
2 11 -1
2 14 -1
2 16 -1
2 24 -1
2 28 -1
2 42 -1
2 47 1
2 54 -1
2 57 -1
2 59 -1
2 64 -1
3 1 -1
3 4 1
3 7 -1
3 11 -1
3 12 -1
3 13 1
3 15 -1
3 16 -1
3 26 -1
3 37 -1
3 39 -1
3 60 -1
3 61 -1
3 62 -1
3 63 -1
4 1 1
4 2 -1
4 3 1
4 5 -1
4 6 -1
4 9 -1
4 12 -1
4 16 -1
4 18 -1
4 21 -1
4 27 -1
4 32 -1
4 35 -1
4 41 -1
4 45 -1
4 51 -1
5 4 -1
5 6 -1
5 8 1
5 10 -1
5 11 -1
5 13 -1
5 15 -1
5 16 -1
5 28 -1
5 37 -1
5 39 1
5 48 -1
5 56 1
5 62 1
5 64 -1
6 2 -1
6 4 -1
6 5 -1
6 8 -1
6 9 -1
6 11 -1
6 13 -1
6 14 -1
6 29 -1
6 33 -1
6 38 -1
6 42 -1
6 53 -1
6 58 1
7 1 -1
7 3 -1
7 8 -1
7 11 -1
7 13 -1
7 14 -1
7 15 -1
7 16 -1
7 31 -1
7 40 -1
7 45 -1
7 48 1
7 58 -1
7 60 -1
7 61 -1
7 62 -1
8 2 -1
8 5 1
8 6 -1
8 7 -1
8 9 -1
8 12 -1
8 14 -1
8 15 -1
8 18 -1
8 19 -1
8 27 -1
8 43 -1
8 55 1
8 58 -1
8 61 1
9 1 -1
9 2 -1
9 4 -1
9 6 -1
9 8 -1
9 12 -1
9 13 -1
9 15 -1
9 17 -1
9 23 -1
9 25 -1
9 30 -1
9 32 -1
9 36 -1
9 50 -1
9 54 -1
10 1 -1
10 2 -1
10 5 -1
10 12 1
10 13 -1
10 14 -1
10 15 -1
10 16 -1
10 18 -1
10 21 -1
10 28 -1
10 33 -1
10 34 -1
10 57 -1
10 61 -1
11 2 -1
11 3 -1
11 5 -1
11 6 -1
11 7 -1
11 12 -1
11 13 -1
11 14 -1
11 25 -1
11 26 -1
11 28 -1
11 32 -1
11 36 -1
11 45 -1
11 60 -1
12 1 -1
12 3 -1
12 4 -1
12 8 -1
12 9 -1
12 10 1
12 11 -1
12 15 -1
12 18 -1
12 23 1
12 28 -1
12 41 -1
12 42 -1
12 46 -1
12 50 -1
13 3 1
13 5 -1
13 6 -1
13 7 -1
13 9 -1
13 10 -1
13 11 -1
13 14 -1
13 26 -1
13 39 -1
13 46 1
13 50 -1
13 53 -1
13 60 -1
13 63 -1
14 2 -1
14 6 -1
14 7 -1
14 8 -1
14 10 -1
14 11 -1
14 13 -1
14 16 -1
14 28 -1
14 34 -1
14 36 -1
14 39 -1
14 46 -1
14 48 -1
14 49 -1
15 1 -1
15 3 -1
15 5 -1
15 7 -1
15 8 -1
15 9 -1
15 10 -1
15 12 -1
15 22 -1
15 25 -1
15 28 -1
15 33 -1
15 36 -1
15 52 -1
15 62 -1
15 64 -1
16 1 -1
16 2 -1
16 3 -1
16 4 -1
16 5 -1
16 7 -1
16 10 -1
16 14 -1
16 31 -1
16 32 -1
16 36 -1
16 37 -1
16 50 -1
16 55 -1
16 59 -1
16 61 -1
17 9 -1
17 19 -1
17 22 -1
17 23 -1
17 24 -1
17 25 -1
17 26 -1
17 27 -1
17 28 -1
17 36 -1
17 39 -1
17 51 -1
17 54 -1
17 63 -1
18 4 -1
18 8 -1
18 10 -1
18 12 -1
18 19 -1
18 20 -1
18 22 -1
18 23 -1
18 24 -1
18 26 -1
18 29 -1
18 30 -1
18 39 -1
18 47 -1
18 49 -1
18 61 -1
19 8 -1
19 17 -1
19 18 -1
19 23 -1
19 25 -1
19 26 -1
19 27 -1
19 29 -1
19 30 -1
19 33 -1
19 41 -1
19 43 -1
19 46 -1
19 49 -1
19 55 -1
19 56 -1
20 18 -1
20 21 -1
20 23 -1
20 24 -1
20 27 -1
20 30 -1
20 31 -1
20 32 -1
20 49 -1
20 50 -1
20 52 -1
20 53 -1
20 55 -1
20 58 -1
20 60 1
21 4 -1
21 10 -1
21 20 -1
21 22 -1
21 25 -1
21 26 -1
21 27 -1
21 29 1
21 31 -1
21 32 1
21 33 -1
21 35 -1
21 55 -1
21 56 -1
21 61 -1
22 1 1
22 15 -1
22 17 -1
22 18 -1
22 21 -1
22 26 -1
22 27 -1
22 28 -1
22 29 -1
22 30 -1
22 34 -1
22 36 -1
22 47 -1
22 51 -1
22 59 -1
23 9 -1
23 12 1
23 17 -1
23 18 -1
23 19 -1
23 20 -1
23 24 -1
23 25 -1
23 29 -1
23 31 -1
23 36 -1
23 43 -1
23 46 -1
23 56 -1
23 58 -1
23 62 -1
24 2 -1
24 17 -1
24 18 -1
24 20 -1
24 23 -1
24 28 -1
24 30 -1
24 31 -1
24 32 -1
24 41 -1
24 44 -1
24 46 -1
24 54 1
24 63 -1
25 9 -1
25 11 -1
25 15 -1
25 17 -1
25 19 -1
25 21 -1
25 23 -1
25 27 1
25 29 1
25 31 -1
25 32 -1
25 35 -1
25 47 -1
25 48 -1
25 59 -1
25 63 -1
26 3 -1
26 11 -1
26 13 -1
26 17 -1
26 18 -1
26 19 -1
26 21 -1
26 22 -1
26 28 -1
26 29 -1
26 32 -1
26 34 -1
26 47 -1
26 53 -1
26 55 -1
27 4 -1
27 8 -1
27 17 -1
27 19 -1
27 20 -1
27 21 -1
27 22 -1
27 25 1
27 28 -1
27 32 -1
27 38 -1
27 47 -1
27 48 -1
27 58 -1
27 62 -1
28 2 -1
28 5 -1
28 10 -1
28 11 -1
28 12 -1
28 14 -1
28 15 -1
28 17 -1
28 22 -1
28 24 -1
28 26 -1
28 27 -1
28 30 1
28 31 1
28 32 1
28 57 1
29 6 -1
29 18 -1
29 19 -1
29 21 1
29 22 -1
29 23 -1
29 25 1
29 26 -1
29 31 -1
29 33 -1
29 45 -1
29 48 -1
29 49 -1
29 61 -1
29 63 -1
30 1 1
30 9 -1
30 18 -1
30 19 -1
30 20 -1
30 22 -1
30 24 -1
30 28 1
30 31 -1
30 32 1
30 37 -1
30 38 -1
30 40 1
30 51 -1
31 7 -1
31 16 -1
31 20 -1
31 21 -1
31 23 -1
31 24 -1
31 25 -1
31 28 1
31 29 -1
31 30 -1
31 33 1
31 34 -1
31 38 -1
31 47 -1
31 51 1
31 62 -1
32 4 -1
32 9 -1
32 11 -1
32 16 -1
32 20 -1
32 21 1
32 24 -1
32 25 -1
32 26 -1
32 27 -1
32 28 1
32 30 1
32 35 -1
32 41 -1
32 52 -1
32 59 -1
33 6 -1
33 10 -1
33 15 -1
33 19 -1
33 21 -1
33 29 -1
33 31 1
33 34 -1
33 35 -1
33 36 1
33 37 -1
33 38 -1
33 42 -1
33 45 -1
33 47 -1
33 56 -1
34 10 -1
34 14 -1
34 22 -1
34 26 -1
34 31 -1
34 33 -1
34 35 -1
34 38 -1
34 40 -1
34 43 -1
34 45 -1
34 46 1
34 48 -1
34 53 -1
35 4 -1
35 21 -1
35 25 -1
35 32 -1
35 33 -1
35 34 -1
35 38 1
35 41 -1
35 42 -1
35 43 -1
35 45 -1
35 46 -1
35 49 -1
35 52 -1
35 54 -1
36 9 -1
36 11 -1
36 14 -1
36 15 -1
36 16 -1
36 17 -1
36 22 -1
36 23 -1
36 33 1
36 38 -1
36 39 -1
36 40 -1
36 43 -1
36 44 -1
36 45 -1
36 47 -1
37 3 -1
37 5 -1
37 16 -1
37 30 -1
37 33 -1
37 38 -1
37 39 -1
37 40 -1
37 41 1
37 44 -1
37 46 -1
37 48 -1
37 53 1
37 54 -1
37 57 -1
37 63 -1
38 6 -1
38 27 -1
38 30 -1
38 31 -1
38 33 -1
38 34 -1
38 35 1
38 36 -1
38 37 -1
38 41 -1
38 44 -1
38 48 -1
38 49 -1
38 50 1
39 3 -1
39 5 1
39 13 -1
39 14 -1
39 17 -1
39 18 -1
39 36 -1
39 37 -1
39 40 -1
39 41 -1
39 43 1
39 46 -1
39 47 -1
39 48 -1
39 49 -1
39 64 -1
40 1 -1
40 7 -1
40 30 1
40 34 -1
40 36 -1
40 37 -1
40 39 -1
40 43 -1
40 44 -1
40 47 -1
40 48 1
40 52 -1
40 59 -1
40 64 1
41 4 -1
41 12 -1
41 19 -1
41 24 -1
41 32 -1
41 35 -1
41 37 1
41 38 -1
41 39 -1
41 42 1
41 43 -1
41 44 -1
41 45 -1
41 56 -1
41 59 -1
42 1 -1
42 2 -1
42 6 -1
42 12 -1
42 33 -1
42 35 -1
42 41 1
42 43 -1
42 44 -1
42 45 -1
42 46 -1
42 48 -1
42 53 -1
42 55 -1
42 59 -1
43 8 -1
43 19 -1
43 23 -1
43 34 -1
43 35 -1
43 36 -1
43 39 1
43 40 -1
43 41 -1
43 42 -1
43 47 -1
43 54 -1
43 56 1
43 60 -1
43 62 -1
43 64 -1
44 1 1
44 24 -1
44 36 -1
44 37 -1
44 38 -1
44 40 -1
44 41 -1
44 42 -1
44 46 -1
44 47 -1
44 50 -1
44 52 -1
44 58 -1
45 4 -1
45 7 -1
45 11 -1
45 29 -1
45 33 -1
45 34 -1
45 35 -1
45 36 -1
45 41 -1
45 42 -1
45 46 1
45 48 -1
45 52 -1
45 57 -1
46 12 -1
46 13 1
46 14 -1
46 19 -1
46 23 -1
46 24 -1
46 34 1
46 35 -1
46 37 -1
46 39 -1
46 42 -1
46 44 -1
46 45 1
46 47 -1
46 64 -1
47 2 1
47 18 -1
47 22 -1
47 25 -1
47 26 -1
47 27 -1
47 31 -1
47 33 -1
47 36 -1
47 39 -1
47 40 -1
47 43 -1
47 44 -1
47 46 -1
47 48 -1
47 51 -1
48 5 -1
48 7 1
48 14 -1
48 25 -1
48 27 -1
48 29 -1
48 34 -1
48 37 -1
48 38 -1
48 39 -1
48 40 1
48 42 -1
48 45 -1
48 47 -1
48 55 1
49 14 -1
49 18 -1
49 19 -1
49 20 -1
49 29 -1
49 35 -1
49 38 -1
49 39 -1
49 50 -1
49 51 -1
49 52 -1
49 53 1
49 54 -1
49 59 -1
49 60 -1
49 63 -1
50 9 -1
50 12 -1
50 13 -1
50 16 -1
50 20 -1
50 38 1
50 44 -1
50 49 -1
50 53 -1
50 57 -1
50 58 -1
50 60 -1
50 61 -1
50 63 -1
50 64 -1
51 4 -1
51 17 -1
51 22 -1
51 30 -1
51 31 1
51 47 -1
51 49 -1
51 53 -1
51 54 -1
51 55 -1
51 58 -1
51 59 -1
51 63 -1
51 64 -1
52 15 -1
52 20 -1
52 32 -1
52 35 -1
52 40 -1
52 44 -1
52 45 -1
52 49 -1
52 54 1
52 55 -1
52 56 -1
52 58 -1
52 59 -1
52 62 -1
52 63 -1
53 6 -1
53 13 -1
53 20 -1
53 26 -1
53 34 -1
53 37 1
53 42 -1
53 49 1
53 50 -1
53 51 -1
53 55 -1
53 58 -1
53 60 -1
53 62 -1
53 63 -1
54 2 -1
54 9 -1
54 17 -1
54 24 1
54 35 -1
54 37 -1
54 43 -1
54 49 -1
54 51 -1
54 52 1
54 56 1
54 57 -1
54 58 -1
54 60 -1
54 64 -1
55 8 1
55 16 -1
55 19 -1
55 20 -1
55 21 -1
55 26 -1
55 42 -1
55 48 1
55 51 -1
55 52 -1
55 53 -1
55 56 -1
55 59 -1
55 60 -1
55 62 -1
55 64 -1
56 1 -1
56 5 1
56 19 -1
56 21 -1
56 23 -1
56 33 -1
56 41 -1
56 43 1
56 52 -1
56 54 1
56 55 -1
56 57 -1
56 59 -1
56 61 -1
56 62 -1
56 64 -1
57 2 -1
57 10 -1
57 28 1
57 37 -1
57 45 -1
57 50 -1
57 54 -1
57 56 -1
57 58 -1
57 61 -1
57 62 -1
57 63 -1
57 64 -1
58 6 1
58 7 -1
58 8 -1
58 20 -1
58 23 -1
58 27 -1
58 44 -1
58 50 -1
58 51 -1
58 52 -1
58 53 -1
58 54 -1
58 57 -1
58 59 -1
58 62 -1
59 2 -1
59 16 -1
59 22 -1
59 25 -1
59 32 -1
59 40 -1
59 41 -1
59 42 -1
59 49 -1
59 51 -1
59 52 -1
59 55 -1
59 56 -1
59 58 -1
59 60 1
59 61 -1
60 3 -1
60 7 -1
60 11 -1
60 13 -1
60 20 1
60 43 -1
60 49 -1
60 50 -1
60 53 -1
60 54 -1
60 55 -1
60 59 1
60 61 -1
60 62 -1
61 3 -1
61 7 -1
61 8 1
61 10 -1
61 16 -1
61 18 -1
61 21 -1
61 29 -1
61 50 -1
61 56 -1
61 57 -1
61 59 -1
61 60 -1
61 62 -1
61 63 -1
61 64 -1
62 3 -1
62 5 1
62 7 -1
62 15 -1
62 23 -1
62 27 -1
62 31 -1
62 43 -1
62 52 -1
62 53 -1
62 55 -1
62 56 -1
62 57 -1
62 58 -1
62 60 -1
62 61 -1
63 3 -1
63 13 -1
63 17 -1
63 24 -1
63 25 -1
63 29 -1
63 37 -1
63 49 -1
63 50 -1
63 51 -1
63 52 -1
63 53 -1
63 57 -1
63 61 -1
63 64 -1
64 1 -1
64 2 -1
64 5 -1
64 15 -1
64 39 -1
64 40 1
64 43 -1
64 46 -1
64 50 -1
64 51 -1
64 54 -1
64 55 -1
64 56 -1
64 57 -1
64 61 -1
64 63 -1
