1 2 1
1 6 1
1 8 -1
1 9 1
1 12 -1
1 13 -1
1 14 1
1 15 -1
1 32 -1
1 44 -1
1 48 -1
1 53 1
1 56 -1
1 58 1
1 61 -1
2 1 1
2 3 -1
2 4 1
2 7 -1
2 8 -1
2 11 1
2 12 1
2 14 -1
2 20 -1
2 27 1
2 39 1
2 40 -1
2 42 -1
2 53 -1
2 64 -1
3 2 -1
3 5 -1
3 6 -1
3 7 -1
3 10 1
3 13 -1
3 14 1
3 15 -1
3 32 -1
3 39 -1
3 44 -1
3 49 -1
3 58 1
3 64 -1
4 2 1
4 7 -1
4 11 -1
4 12 -1
4 13 -1
4 14 1
4 15 -1
4 16 -1
4 26 -1
4 30 -1
4 33 -1
4 38 1
4 62 -1
5 3 -1
5 6 1
5 7 -1
5 9 1
5 10 1
5 12 -1
5 14 -1
5 15 1
5 18 1
5 24 -1
5 25 -1
5 39 1
5 42 1
5 46 -1
5 47 1
6 1 1
6 3 -1
6 5 1
6 8 -1
6 9 1
6 11 1
6 15 1
6 16 1
6 21 -1
6 26 1
6 37 1
6 41 -1
6 50 -1
6 51 1
6 61 1
6 64 -1
7 2 -1
7 3 -1
7 4 -1
7 5 -1
7 9 -1
7 10 1
7 11 1
7 16 1
7 22 -1
7 26 -1
7 30 1
7 42 -1
7 52 1
7 55 -1
7 56 1
8 1 -1
8 2 -1
8 6 -1
8 9 -1
8 10 1
8 11 -1
8 12 -1
8 13 1
8 17 1
8 19 -1
8 31 -1
8 37 1
8 41 1
8 43 -1
8 45 -1
8 48 -1
9 1 1
9 5 1
9 6 1
9 7 -1
9 8 -1
9 10 -1
9 13 -1
9 16 -1
9 18 -1
9 19 -1
9 25 -1
9 28 1
9 41 -1
9 42 -1
9 59 1
10 3 1
10 5 1
10 7 1
10 8 1
10 9 -1
10 11 1
10 15 -1
10 16 1
10 18 1
10 24 -1
10 27 1
10 44 -1
10 45 1
10 46 1
10 49 -1
11 2 1
11 4 -1
11 6 1
11 7 1
11 8 -1
11 10 1
11 13 -1
11 16 -1
11 20 -1
11 22 1
11 28 1
11 41 1
11 44 1
11 48 -1
11 51 -1
11 64 1
12 1 -1
12 2 1
12 4 -1
12 5 -1
12 8 -1
12 13 1
12 14 -1
12 16 -1
12 18 -1
12 21 -1
12 25 1
12 37 -1
12 54 -1
12 58 -1
12 59 1
12 64 1
13 1 -1
13 3 -1
13 4 -1
13 8 1
13 9 -1
13 11 -1
13 12 1
13 15 -1
13 18 1
13 22 -1
13 24 -1
13 34 -1
13 40 1
13 44 -1
13 46 -1
13 63 -1
14 1 1
14 2 -1
14 3 1
14 4 1
14 5 -1
14 12 -1
14 15 -1
14 16 -1
14 32 -1
14 50 1
14 54 -1
14 57 -1
14 59 -1
14 62 1
14 64 -1
15 1 -1
15 3 -1
15 4 -1
15 5 1
15 6 1
15 10 -1
15 13 -1
15 14 -1
15 19 1
15 38 1
15 43 1
15 44 -1
15 46 -1
15 51 -1
15 53 -1
16 4 -1
16 6 1
16 7 1
16 9 -1
16 10 1
16 11 -1
16 12 -1
16 14 -1
16 21 -1
16 25 -1
16 31 1
16 35 -1
16 36 -1
16 40 -1
16 46 -1
16 53 -1
17 8 1
17 20 1
17 22 -1
17 23 -1
17 24 1
17 26 -1
17 28 -1
17 29 -1
17 32 1
17 42 1
17 51 1
17 52 1
17 55 -1
17 60 1
17 63 -1
18 5 1
18 9 -1
18 10 1
18 12 -1
18 13 1
18 21 -1
18 24 1
18 26 -1
18 27 -1
18 28 -1
18 29 -1
18 30 -1
18 31 -1
18 48 -1
18 50 -1
18 57 -1
19 8 -1
19 9 -1
19 15 1
19 20 -1
19 25 1
19 26 1
19 27 -1
19 29 1
19 30 1
19 31 -1
19 32 -1
19 33 -1
19 38 1
19 42 1
19 47 -1
19 52 -1
20 2 -1
20 11 -1
20 17 1
20 19 -1
20 21 1
20 24 1
20 25 -1
20 30 -1
20 31 -1
20 32 1
20 35 -1
20 38 -1
20 47 -1
20 57 1
20 59 -1
20 62 -1
21 6 -1
21 12 -1
21 16 -1
21 18 -1
21 20 1
21 23 1
21 26 -1
21 27 1
21 28 -1
21 29 1
21 31 -1
21 46 1
21 50 1
21 60 -1
22 7 -1
22 11 1
22 13 -1
22 17 -1
22 24 1
22 25 -1
22 27 -1
22 28 -1
22 29 1
22 30 -1
22 32 1
22 39 1
22 57 -1
22 59 -1
22 61 -1
22 63 1
23 17 -1
23 21 1
23 25 -1
23 26 1
23 27 -1
23 28 -1
23 30 -1
23 31 1
23 34 -1
23 36 1
23 48 -1
23 52 1
23 56 1
23 57 -1
24 5 -1
24 10 -1
24 13 -1
24 17 1
24 18 1
24 20 1
24 22 1
24 25 -1
24 27 1
24 30 1
24 31 -1
24 38 -1
24 46 1
24 48 -1
24 54 -1
24 60 1
25 5 -1
25 9 -1
25 12 1
25 16 -1
25 19 1
25 20 -1
25 22 -1
25 23 -1
25 24 -1
25 26 -1
25 28 -1
25 32 -1
25 38 -1
25 53 1
25 54 1
25 56 1
26 4 -1
26 6 1
26 7 -1
26 17 -1
26 18 -1
26 19 1
26 21 -1
26 23 1
26 25 -1
26 28 -1
26 32 1
26 47 -1
26 53 -1
26 54 -1
26 58 1
26 60 -1
27 2 1
27 10 1
27 18 -1
27 19 -1
27 21 1
27 22 -1
27 23 -1
27 24 1
27 28 1
27 31 -1
27 34 -1
27 39 1
27 41 -1
27 60 -1
28 9 1
28 11 1
28 17 -1
28 18 -1
28 21 -1
28 22 -1
28 23 -1
28 25 -1
28 26 -1
28 27 1
28 37 -1
28 40 -1
28 45 -1
28 51 -1
28 63 -1
29 17 -1
29 18 -1
29 19 1
29 21 1
29 22 1
29 30 1
29 31 -1
29 32 1
29 33 1
29 39 1
29 45 -1
29 46 1
29 49 -1
29 53 -1
29 58 -1
30 4 -1
30 7 1
30 18 -1
30 19 1
30 20 -1
30 22 -1
30 23 -1
30 24 1
30 29 1
30 32 1
30 35 -1
30 41 1
30 45 -1
30 48 -1
30 57 -1
30 59 1
31 8 -1
31 16 1
31 18 -1
31 19 -1
31 20 -1
31 21 -1
31 23 1
31 24 -1
31 27 -1
31 29 -1
31 34 1
31 41 -1
31 44 1
31 55 -1
31 61 1
31 62 -1
32 1 -1
32 3 -1
32 14 -1
32 17 1
32 19 -1
32 20 1
32 22 1
32 25 -1
32 26 1
32 29 1
32 30 1
32 36 1
32 43 1
32 58 1
32 63 -1
33 4 -1
33 19 -1
33 29 1
33 34 -1
33 35 -1
33 36 1
33 38 -1
33 41 -1
33 45 1
33 47 -1
33 48 1
33 54 1
33 56 -1
33 62 -1
34 13 -1
34 23 -1
34 27 -1
34 31 1
34 33 -1
34 35 -1
34 36 1
34 37 1
34 39 -1
34 40 -1
34 45 -1
34 47 -1
34 51 -1
34 55 -1
34 63 1
35 16 -1
35 20 -1
35 30 -1
35 33 -1
35 34 -1
35 36 -1
35 39 1
35 40 1
35 42 -1
35 44 -1
35 46 -1
35 49 1
35 52 1
35 55 -1
35 59 -1
36 16 -1
36 23 1
36 32 1
36 33 1
36 34 1
36 35 -1
36 37 1
36 38 1
36 41 -1
36 42 -1
36 44 -1
36 50 -1
36 52 1
36 54 -1
36 61 1
36 62 1
37 6 1
37 8 1
37 12 -1
37 28 -1
37 34 1
37 36 1
37 38 1
37 39 1
37 42 1
37 44 1
37 46 -1
37 48 1
37 49 -1
37 55 1
37 61 -1
37 64 -1
38 4 1
38 15 1
38 19 1
38 20 -1
38 24 -1
38 25 -1
38 33 -1
38 36 1
38 37 1
38 41 -1
38 43 -1
38 46 -1
38 47 -1
38 48 -1
38 60 -1
39 2 1
39 3 -1
39 5 1
39 22 1
39 27 1
39 29 1
39 34 -1
39 35 1
39 37 1
39 40 1
39 43 -1
39 44 1
39 45 -1
39 47 -1
39 49 1
39 61 1
40 2 -1
40 13 1
40 16 -1
40 28 -1
40 34 -1
40 35 1
40 39 1
40 41 1
40 43 -1
40 44 -1
40 45 1
40 48 -1
40 52 -1
40 53 -1
40 55 -1
41 6 -1
41 8 1
41 9 -1
41 11 1
41 27 -1
41 30 1
41 31 -1
41 33 -1
41 36 -1
41 38 -1
41 40 1
41 42 -1
41 43 -1
41 47 -1
41 48 -1
41 56 -1
42 2 -1
42 5 1
42 7 -1
42 9 -1
42 17 1
42 19 1
42 35 -1
42 36 -1
42 37 1
42 41 -1
42 43 -1
42 44 -1
42 46 1
42 47 1
43 8 -1
43 15 1
43 32 1
43 38 -1
43 39 -1
43 40 -1
43 41 -1
43 42 -1
43 45 -1
43 46 -1
43 48 -1
43 51 -1
43 57 1
43 61 -1
43 62 1
44 1 -1
44 3 -1
44 10 -1
44 11 1
44 13 -1
44 15 -1
44 31 1
44 35 -1
44 36 -1
44 37 1
44 39 1
44 40 -1
44 42 -1
44 45 -1
44 48 -1
45 8 -1
45 10 1
45 28 -1
45 29 -1
45 30 -1
45 33 1
45 34 -1
45 39 -1
45 40 1
45 43 -1
45 44 -1
45 46 -1
45 47 -1
45 54 1
45 59 1
45 63 -1
46 5 -1
46 10 1
46 13 -1
46 15 -1
46 16 -1
46 21 1
46 24 1
46 29 1
46 35 -1
46 37 -1
46 38 -1
46 42 1
46 43 -1
46 45 -1
46 47 1
46 48 -1
47 5 1
47 19 -1
47 20 -1
47 26 -1
47 33 -1
47 34 -1
47 38 -1
47 39 -1
47 41 -1
47 42 1
47 45 -1
47 46 1
47 49 -1
47 50 -1
47 60 1
48 1 -1
48 8 -1
48 11 -1
48 18 -1
48 23 -1
48 24 -1
48 30 -1
48 33 1
48 37 1
48 38 -1
48 40 -1
48 41 -1
48 43 -1
48 44 -1
48 46 -1
49 3 -1
49 10 -1
49 29 -1
49 35 1
49 37 -1
49 39 1
49 47 -1
49 51 -1
49 53 1
49 54 1
49 55 1
49 58 -1
49 59 -1
49 60 1
49 61 -1
50 6 -1
50 14 1
50 18 -1
50 21 1
50 36 -1
50 47 -1
50 51 -1
50 54 1
50 55 1
50 56 1
50 58 1
50 59 -1
50 63 1
50 64 1
51 6 1
51 11 -1
51 15 -1
51 17 1
51 28 -1
51 34 -1
51 43 -1
51 49 -1
51 50 -1
51 52 -1
51 54 1
51 57 -1
51 61 1
51 62 -1
51 64 -1
52 7 1
52 17 1
52 19 -1
52 23 1
52 35 1
52 36 1
52 40 -1
52 51 -1
52 55 -1
52 56 1
52 57 -1
52 58 -1
52 59 1
52 61 -1
52 63 1
53 1 1
53 2 -1
53 15 -1
53 16 -1
53 25 1
53 26 -1
53 29 -1
53 40 -1
53 49 1
53 56 1
53 57 1
53 58 -1
53 60 -1
53 61 -1
53 62 1
53 64 -1
54 12 -1
54 14 -1
54 24 -1
54 25 1
54 26 -1
54 33 1
54 36 -1
54 45 1
54 49 1
54 50 1
54 51 1
54 57 1
54 59 -1
54 60 1
54 61 1
54 64 1
55 7 -1
55 17 -1
55 31 -1
55 34 -1
55 35 -1
55 37 1
55 40 -1
55 49 1
55 50 1
55 52 -1
55 56 -1
55 61 1
55 62 1
55 63 1
55 64 1
56 1 -1
56 7 1
56 23 1
56 25 1
56 33 -1
56 41 -1
56 50 1
56 52 1
56 53 1
56 55 -1
56 57 1
56 61 -1
56 62 -1
56 63 1
57 14 -1
57 18 -1
57 20 1
57 22 -1
57 23 -1
57 30 -1
57 43 1
57 51 -1
57 52 -1
57 53 1
57 54 1
57 56 1
57 59 1
57 62 -1
57 63 -1
58 1 1
58 3 1
58 12 -1
58 26 1
58 29 -1
58 32 1
58 49 -1
58 50 1
58 52 -1
58 53 -1
58 60 -1
58 62 -1
58 63 -1
58 64 1
59 9 1
59 12 1
59 14 -1
59 20 -1
59 22 -1
59 30 1
59 35 -1
59 45 1
59 49 -1
59 50 -1
59 52 1
59 54 -1
59 57 1
59 60 1
59 63 -1
59 64 -1
60 17 1
60 21 -1
60 24 1
60 26 -1
60 27 -1
60 38 -1
60 47 1
60 49 1
60 53 -1
60 54 1
60 58 -1
60 59 1
60 61 1
60 62 -1
60 64 1
61 1 -1
61 6 1
61 22 -1
61 31 1
61 36 1
61 37 -1
61 39 1
61 43 -1
61 49 -1
61 51 1
61 52 -1
61 53 -1
61 54 1
61 55 1
61 56 -1
61 60 1
62 4 -1
62 14 1
62 20 -1
62 31 -1
62 33 -1
62 36 1
62 43 1
62 51 -1
62 53 1
62 55 1
62 56 -1
62 57 -1
62 58 -1
62 60 -1
62 63 -1
63 13 -1
63 17 -1
63 22 1
63 28 -1
63 32 -1
63 34 1
63 45 -1
63 50 1
63 52 1
63 55 1
63 56 1
63 57 -1
63 58 -1
63 59 -1
63 62 -1
64 2 -1
64 3 -1
64 6 -1
64 11 1
64 12 1
64 14 -1
64 37 -1
64 50 1
64 51 -1
64 53 -1
64 54 1
64 55 1
64 58 1
64 59 -1
64 60 1
