1 2 1
1 4 -1
1 8 1
1 9 1
1 11 1
1 12 1
1 14 -1
1 16 1
1 21 1
1 24 -1
1 36 1
1 43 1
1 48 -1
1 54 1
1 60 -1
1 64 1
2 1 1
2 3 -1
2 7 -1
2 10 1
2 11 1
2 12 1
2 13 -1
2 14 1
2 18 -1
2 20 1
2 21 -1
2 22 1
2 34 -1
2 36 1
2 43 -1
2 44 1
3 2 -1
3 4 -1
3 5 1
3 7 1
3 10 1
3 11 1
3 12 1
3 15 1
3 26 -1
3 30 -1
3 31 -1
3 34 -1
3 42 -1
3 51 -1
4 1 -1
4 3 -1
4 6 -1
4 8 1
4 9 1
4 10 1
4 15 -1
4 16 1
4 20 -1
4 23 1
4 27 -1
4 35 -1
4 37 -1
4 51 1
4 52 1
4 63 -1
5 3 1
5 6 1
5 7 1
5 12 -1
5 13 1
5 14 1
5 15 1
5 16 -1
5 24 -1
5 27 1
5 28 -1
5 34 -1
5 43 1
5 62 -1
5 64 1
6 4 -1
6 5 1
6 8 1
6 9 -1
6 10 -1
6 11 -1
6 12 -1
6 13 1
6 17 -1
6 21 1
6 25 -1
6 29 -1
6 39 1
6 53 1
6 57 -1
6 58 1
7 2 -1
7 3 1
7 5 1
7 8 1
7 13 1
7 14 -1
7 15 1
7 16 -1
7 17 -1
7 18 1
7 30 1
7 32 1
7 38 1
7 42 1
7 54 1
7 58 -1
8 1 1
8 4 1
8 6 1
8 7 1
8 9 1
8 12 -1
8 14 -1
8 15 -1
8 26 -1
8 27 -1
8 32 1
8 38 1
8 39 1
8 44 -1
8 57 1
9 1 1
9 4 1
9 6 -1
9 8 1
9 10 1
9 11 1
9 13 -1
9 15 1
9 21 -1
9 23 -1
9 36 1
9 41 1
9 43 -1
9 47 1
9 63 -1
10 2 1
10 3 1
10 4 1
10 6 -1
10 9 1
10 11 1
10 12 -1
10 14 -1
10 22 -1
10 35 1
10 40 -1
10 45 1
10 48 1
10 49 1
10 58 -1
11 1 1
11 2 1
11 3 1
11 6 -1
11 9 1
11 10 1
11 14 1
11 16 1
11 18 1
11 19 -1
11 20 1
11 26 -1
11 30 1
11 36 1
11 48 -1
11 63 -1
12 1 1
12 2 1
12 3 1
12 5 -1
12 6 -1
12 8 -1
12 10 -1
12 16 -1
12 28 1
12 30 1
12 36 1
12 42 -1
12 44 1
12 56 -1
12 62 1
13 2 -1
13 5 1
13 6 1
13 7 1
13 9 -1
13 14 1
13 15 1
13 16 1
13 22 1
13 25 -1
13 32 1
13 33 1
13 38 1
13 55 -1
13 59 1
13 64 -1
14 1 -1
14 2 1
14 5 1
14 7 -1
14 8 -1
14 10 -1
14 11 1
14 13 1
14 17 1
14 23 1
14 38 1
14 41 1
14 48 1
14 57 1
14 58 1
14 62 1
15 3 1
15 4 -1
15 5 1
15 7 1
15 8 -1
15 9 1
15 13 1
15 16 -1
15 25 1
15 31 -1
15 37 1
15 38 -1
15 41 1
15 51 1
15 61 -1
16 1 1
16 4 1
16 5 -1
16 7 -1
16 11 1
16 12 -1
16 13 1
16 15 -1
16 18 1
16 23 1
16 24 -1
16 32 -1
16 37 1
16 57 1
16 60 -1
16 62 1
17 6 -1
17 7 -1
17 14 1
17 19 1
17 20 1
17 22 1
17 23 1
17 27 -1
17 29 1
17 30 1
17 32 1
17 34 -1
17 40 -1
17 50 -1
17 53 -1
17 64 1
18 2 -1
18 7 1
18 11 1
18 16 1
18 22 -1
18 23 1
18 25 1
18 26 1
18 27 1
18 29 1
18 30 1
18 32 -1
18 35 1
18 42 1
18 46 1
18 55 1
19 11 -1
19 17 1
19 23 -1
19 24 1
19 28 1
19 29 1
19 30 -1
19 31 1
19 32 -1
19 33 1
19 44 -1
19 48 -1
19 51 -1
19 52 1
19 60 1
20 2 1
20 4 -1
20 11 1
20 17 1
20 21 -1
20 23 -1
20 24 -1
20 27 -1
20 28 1
20 29 -1
20 30 -1
20 36 -1
20 49 -1
20 52 1
20 57 -1
20 59 1
21 1 1
21 2 -1
21 6 1
21 9 -1
21 20 -1
21 24 1
21 25 1
21 26 -1
21 28 -1
21 29 1
21 31 -1
21 32 1
21 34 1
21 55 -1
21 58 -1
22 2 1
22 10 -1
22 13 1
22 17 1
22 18 -1
22 24 1
22 25 1
22 26 1
22 27 -1
22 28 1
22 32 1
22 33 1
22 52 -1
22 53 -1
22 55 1
22 62 -1
23 4 1
23 9 -1
23 14 1
23 16 1
23 17 1
23 18 1
23 19 -1
23 20 -1
23 25 1
23 26 1
23 28 -1
23 31 1
23 35 1
23 43 -1
23 48 -1
23 54 -1
24 1 -1
24 5 -1
24 16 -1
24 19 1
24 20 -1
24 21 1
24 22 1
24 25 1
24 26 1
24 30 1
24 32 1
24 37 1
24 47 1
24 53 1
24 63 -1
25 6 -1
25 13 -1
25 15 1
25 18 1
25 21 1
25 22 1
25 23 1
25 24 1
25 26 1
25 27 1
25 30 -1
25 34 1
25 45 1
25 49 1
25 61 -1
25 64 1
26 3 -1
26 8 -1
26 11 -1
26 18 1
26 21 -1
26 22 1
26 23 1
26 24 1
26 25 1
26 29 1
26 31 1
26 41 1
26 54 1
26 59 1
26 61 -1
27 4 -1
27 5 1
27 8 -1
27 17 -1
27 18 1
27 20 -1
27 22 -1
27 25 1
27 28 1
27 30 -1
27 31 1
27 48 1
27 49 1
27 50 1
27 64 1
28 5 -1
28 12 1
28 19 1
28 20 1
28 21 -1
28 22 1
28 23 -1
28 27 1
28 29 -1
28 32 1
28 35 1
28 42 1
28 52 -1
28 54 -1
28 56 -1
28 60 1
29 6 -1
29 17 1
29 18 1
29 19 1
29 20 -1
29 21 1
29 26 1
29 28 -1
29 31 -1
29 33 -1
29 39 -1
29 41 1
29 51 1
29 57 1
29 61 1
30 3 -1
30 7 1
30 11 1
30 12 1
30 17 1
30 18 1
30 19 -1
30 20 -1
30 24 1
30 25 -1
30 27 -1
30 31 1
30 41 1
30 44 -1
30 57 1
30 58 -1
31 3 -1
31 15 -1
31 19 1
31 21 -1
31 23 1
31 26 1
31 27 1
31 29 -1
31 30 1
31 32 -1
31 33 -1
31 34 -1
31 35 1
31 60 -1
32 7 1
32 8 1
32 13 1
32 16 -1
32 17 1
32 18 -1
32 19 -1
32 21 1
32 22 1
32 24 1
32 28 1
32 31 -1
32 33 1
32 44 1
32 47 1
32 60 -1
33 13 1
33 19 1
33 22 1
33 29 -1
33 31 -1
33 32 1
33 35 1
33 36 -1
33 37 1
33 39 1
33 41 -1
33 42 1
33 44 1
33 47 -1
33 56 1
33 61 1
34 2 -1
34 3 -1
34 5 -1
34 17 -1
34 21 1
34 25 1
34 31 -1
34 36 1
34 38 -1
34 42 1
34 43 -1
34 44 -1
34 45 1
34 46 -1
34 48 -1
34 61 -1
35 4 -1
35 10 1
35 18 1
35 23 1
35 28 1
35 31 1
35 33 1
35 37 -1
35 38 1
35 41 1
35 43 1
35 44 1
35 45 -1
35 47 -1
35 53 1
35 54 1
36 1 1
36 2 1
36 9 1
36 11 1
36 12 1
36 20 -1
36 33 -1
36 34 1
36 40 -1
36 43 1
36 44 -1
36 45 1
36 46 -1
36 48 1
36 51 1
36 59 1
37 4 -1
37 15 1
37 16 1
37 24 1
37 33 1
37 35 -1
37 38 1
37 39 -1
37 41 -1
37 42 1
37 44 1
37 45 1
37 50 1
37 54 -1
37 56 -1
38 7 1
38 8 1
38 13 1
38 14 1
38 15 -1
38 34 -1
38 35 1
38 37 1
38 40 1
38 42 1
38 46 -1
38 47 -1
38 48 1
38 49 -1
38 51 1
38 63 1
39 6 1
39 8 1
39 29 -1
39 33 1
39 37 -1
39 40 1
39 41 1
39 43 1
39 46 -1
39 47 -1
39 48 -1
39 54 1
39 55 1
39 62 -1
39 64 -1
40 10 -1
40 17 -1
40 36 -1
40 38 1
40 39 1
40 41 -1
40 42 -1
40 43 1
40 44 1
40 45 1
40 50 1
40 52 1
40 53 1
40 56 1
40 58 -1
41 9 1
41 14 1
41 15 1
41 26 1
41 29 1
41 30 1
41 33 -1
41 35 1
41 37 -1
41 39 1
41 40 -1
41 45 1
41 46 1
41 47 -1
41 56 1
41 60 1
42 3 -1
42 7 1
42 12 -1
42 18 1
42 28 1
42 33 1
42 34 1
42 37 1
42 38 1
42 40 -1
42 45 1
42 46 1
42 48 1
42 50 1
42 55 -1
42 58 1
43 1 1
43 2 -1
43 5 1
43 9 -1
43 23 -1
43 34 -1
43 35 1
43 36 1
43 39 1
43 40 1
43 44 1
43 46 -1
43 48 1
43 52 1
43 53 -1
43 63 -1
44 2 1
44 8 -1
44 12 1
44 19 -1
44 30 -1
44 32 1
44 33 1
44 34 -1
44 35 1
44 36 -1
44 37 1
44 40 1
44 43 1
44 47 1
44 59 1
44 62 1
45 10 1
45 25 1
45 34 1
45 35 -1
45 36 1
45 37 1
45 40 1
45 41 1
45 42 1
45 47 1
45 49 1
45 57 -1
45 59 1
45 63 -1
46 18 1
46 34 -1
46 36 -1
46 38 -1
46 39 -1
46 41 1
46 42 1
46 43 -1
46 48 1
46 49 1
46 50 -1
46 51 1
46 52 1
46 62 -1
47 9 1
47 24 1
47 32 1
47 33 -1
47 35 -1
47 38 -1
47 39 -1
47 41 -1
47 44 1
47 45 1
47 48 1
47 49 -1
47 53 -1
47 55 -1
47 56 -1
48 1 -1
48 10 1
48 11 -1
48 14 1
48 19 -1
48 23 -1
48 27 1
48 34 -1
48 36 1
48 38 1
48 39 -1
48 42 1
48 43 1
48 46 1
48 47 1
48 63 -1
49 10 1
49 20 -1
49 25 1
49 27 1
49 38 -1
49 45 1
49 46 1
49 47 -1
49 50 -1
49 53 1
49 54 1
49 55 1
49 57 1
49 58 1
49 61 -1
49 63 1
50 17 -1
50 27 1
50 37 1
50 40 1
50 42 1
50 46 -1
50 49 -1
50 52 -1
50 56 1
50 58 -1
50 59 1
50 61 -1
50 62 -1
50 64 1
51 3 -1
51 4 1
51 15 1
51 19 -1
51 29 1
51 36 1
51 38 1
51 46 1
51 53 -1
51 54 -1
51 56 -1
51 58 1
51 59 1
51 61 1
51 63 -1
51 64 -1
52 4 1
52 19 1
52 20 1
52 22 -1
52 28 -1
52 40 1
52 43 1
52 46 1
52 50 -1
52 54 1
52 55 1
52 56 1
52 57 1
52 59 1
52 60 1
52 63 -1
53 6 1
53 17 -1
53 22 -1
53 24 1
53 35 1
53 40 1
53 43 -1
53 47 -1
53 49 1
53 51 -1
53 56 1
53 58 1
53 60 1
53 61 -1
53 62 1
53 64 1
54 1 1
54 7 1
54 23 -1
54 26 1
54 28 -1
54 35 1
54 37 -1
54 39 1
54 49 1
54 51 -1
54 52 1
54 55 -1
54 61 -1
54 62 1
54 63 1
54 64 1
55 13 -1
55 18 1
55 21 -1
55 22 1
55 39 1
55 42 -1
55 47 -1
55 49 1
55 52 1
55 54 -1
55 57 -1
55 60 1
55 61 1
55 62 -1
55 63 -1
56 12 -1
56 28 -1
56 33 1
56 37 -1
56 40 1
56 41 1
56 47 -1
56 50 1
56 51 -1
56 52 1
56 53 1
56 57 1
56 59 1
56 62 1
56 64 1
57 6 -1
57 8 1
57 14 1
57 16 1
57 20 -1
57 29 1
57 30 1
57 45 -1
57 49 1
57 52 1
57 55 -1
57 56 1
57 58 1
57 59 1
57 60 -1
57 62 -1
58 6 1
58 7 -1
58 10 -1
58 14 1
58 21 -1
58 30 -1
58 40 -1
58 42 1
58 49 1
58 50 -1
58 51 1
58 53 1
58 57 1
58 59 -1
58 62 1
58 64 1
59 13 1
59 20 1
59 26 1
59 36 1
59 44 1
59 45 1
59 50 1
59 51 1
59 52 1
59 56 1
59 57 1
59 58 -1
59 60 1
59 63 1
60 1 -1
60 16 -1
60 19 1
60 28 1
60 31 -1
60 32 -1
60 41 1
60 52 1
60 53 1
60 55 1
60 57 -1
60 59 1
60 62 1
60 63 1
60 64 -1
61 15 -1
61 25 -1
61 26 -1
61 29 1
61 33 1
61 34 -1
61 49 -1
61 50 -1
61 51 1
61 53 -1
61 54 -1
61 55 1
61 63 1
61 64 -1
62 5 -1
62 12 1
62 14 1
62 16 1
62 22 -1
62 39 -1
62 44 1
62 46 -1
62 50 -1
62 53 1
62 54 1
62 55 -1
62 56 1
62 57 -1
62 58 1
62 60 1
63 4 -1
63 9 -1
63 11 -1
63 24 -1
63 38 1
63 43 -1
63 45 -1
63 48 -1
63 49 1
63 51 -1
63 52 -1
63 54 1
63 55 -1
63 59 1
63 60 1
63 61 1
64 1 1
64 5 1
64 13 -1
64 17 1
64 25 1
64 27 1
64 39 -1
64 50 1
64 51 -1
64 53 1
64 54 1
64 56 1
64 58 1
64 60 -1
64 61 -1
