1 2 -1
1 3 -1
1 5 -1
1 7 -1
1 8 -1
1 10 -1
1 12 -1
1 14 -1
1 22 -1
1 25 -1
1 28 -1
1 39 -1
1 41 -1
1 56 -1
1 61 -1
2 1 -1
2 3 -1
2 4 -1
2 6 -1
2 10 -1
2 12 -1
2 15 1
2 16 -1
2 20 1
2 21 -1
2 27 -1
2 39 1
2 43 -1
2 49 -1
2 51 -1
2 64 -1
3 1 -1
3 2 -1
3 7 1
3 8 1
3 9 -1
3 11 -1
3 13 -1
3 14 1
3 20 -1
3 32 -1
3 35 -1
3 37 -1
3 52 -1
3 55 -1
3 56 1
3 62 1
4 2 -1
4 5 -1
4 6 -1
4 7 -1
4 8 1
4 11 -1
4 12 -1
4 16 -1
4 21 -1
4 23 1
4 24 1
4 37 1
4 38 -1
4 48 -1
4 60 -1
4 63 -1
5 1 -1
5 4 -1
5 6 -1
5 8 -1
5 9 -1
5 11 -1
5 13 -1
5 14 -1
5 18 -1
5 19 -1
5 20 -1
5 22 -1
5 28 -1
5 31 -1
5 52 1
6 2 -1
6 4 -1
6 5 -1
6 7 -1
6 9 -1
6 13 -1
6 15 -1
6 16 -1
6 17 -1
6 20 1
6 26 1
6 32 -1
6 34 -1
6 45 -1
6 58 -1
6 64 -1
7 1 -1
7 3 1
7 4 -1
7 6 -1
7 8 -1
7 10 1
7 13 -1
7 15 -1
7 39 1
7 41 -1
7 45 -1
7 53 1
8 1 -1
8 3 1
8 4 1
8 5 -1
8 7 -1
8 9 1
8 13 -1
8 16 1
8 32 1
8 41 -1
8 42 -1
8 48 -1
8 56 1
8 58 -1
8 63 -1
9 3 -1
9 5 -1
9 6 -1
9 8 1
9 10 -1
9 12 -1
9 15 -1
9 16 -1
9 20 -1
9 23 -1
9 33 -1
9 38 -1
9 42 -1
9 46 -1
9 48 -1
9 59 -1
10 1 -1
10 2 -1
10 7 1
10 9 -1
10 12 -1
10 14 -1
10 15 -1
10 16 1
10 33 1
10 35 -1
10 36 1
10 41 -1
10 51 -1
10 52 -1
10 53 -1
11 3 -1
11 4 -1
11 5 -1
11 12 -1
11 13 -1
11 14 -1
11 15 1
11 16 -1
11 34 -1
11 38 -1
11 46 1
11 52 -1
11 57 1
11 58 1
11 63 -1
11 64 -1
12 1 -1
12 2 -1
12 4 -1
12 9 -1
12 10 -1
12 11 -1
12 13 -1
12 14 -1
12 29 -1
12 30 -1
12 34 -1
12 50 1
12 53 -1
12 54 -1
12 56 -1
12 63 1
13 3 -1
13 5 -1
13 6 -1
13 7 -1
13 8 -1
13 11 -1
13 12 -1
13 15 -1
13 21 -1
13 27 -1
13 43 -1
13 49 -1
13 60 1
13 61 -1
13 64 -1
14 1 -1
14 3 1
14 5 -1
14 10 -1
14 11 -1
14 12 -1
14 15 -1
14 16 1
14 25 -1
14 26 -1
14 28 -1
14 32 -1
14 40 1
14 54 -1
14 58 -1
15 2 1
15 6 -1
15 7 -1
15 9 -1
15 10 -1
15 11 1
15 13 -1
15 14 -1
15 19 -1
15 28 -1
15 30 -1
15 33 -1
15 34 1
15 40 -1
15 51 -1
15 62 -1
16 2 -1
16 4 -1
16 6 -1
16 8 1
16 9 -1
16 10 1
16 11 -1
16 14 1
16 23 -1
16 25 -1
16 43 -1
16 49 -1
16 51 -1
16 53 -1
17 6 -1
17 18 -1
17 21 1
17 22 -1
17 23 1
17 25 -1
17 27 -1
17 28 -1
17 30 -1
17 45 -1
17 46 -1
17 47 1
17 50 -1
17 51 -1
17 57 -1
17 63 -1
18 5 -1
18 17 -1
18 19 -1
18 22 -1
18 27 1
18 29 -1
18 30 -1
18 31 -1
18 32 1
18 35 -1
18 37 -1
18 39 -1
18 40 -1
18 51 1
18 54 1
18 55 -1
19 5 -1
19 15 -1
19 18 -1
19 20 1
19 22 -1
19 23 -1
19 24 1
19 26 -1
19 29 -1
19 31 -1
19 33 -1
19 36 -1
19 38 1
19 46 -1
19 47 -1
19 58 -1
20 2 1
20 3 -1
20 5 -1
20 6 1
20 9 -1
20 19 1
20 21 -1
20 23 -1
20 26 -1
20 28 -1
20 29 -1
20 31 1
20 32 -1
20 43 -1
20 55 -1
21 2 -1
21 4 -1
21 13 -1
21 17 1
21 20 -1
21 23 -1
21 25 -1
21 27 -1
21 28 1
21 30 -1
21 32 -1
21 36 -1
21 37 1
21 43 -1
21 44 -1
22 1 -1
22 5 -1
22 17 -1
22 18 -1
22 19 -1
22 23 -1
22 24 -1
22 26 -1
22 30 1
22 31 -1
22 40 1
22 41 -1
22 45 -1
22 56 -1
23 4 1
23 9 -1
23 16 -1
23 17 1
23 19 -1
23 20 -1
23 21 -1
23 22 -1
23 24 -1
23 25 -1
23 31 1
23 35 1
23 38 -1
23 42 -1
23 50 -1
23 59 -1
24 4 1
24 19 1
24 22 -1
24 23 -1
24 25 -1
24 26 -1
24 27 -1
24 28 -1
24 32 -1
24 40 -1
24 43 -1
24 52 -1
24 59 -1
24 62 1
24 63 1
24 64 -1
25 1 -1
25 14 -1
25 16 -1
25 17 -1
25 21 -1
25 23 -1
25 24 -1
25 26 -1
25 27 -1
25 31 -1
25 32 1
25 50 1
25 57 -1
25 60 -1
26 6 1
26 14 -1
26 19 -1
26 20 -1
26 22 -1
26 24 -1
26 25 -1
26 28 -1
26 29 -1
26 30 -1
26 48 -1
26 49 -1
26 52 -1
26 62 -1
27 2 -1
27 13 -1
27 17 -1
27 18 1
27 21 -1
27 24 -1
27 25 -1
27 28 -1
27 29 -1
27 31 1
27 44 -1
27 57 -1
27 61 -1
27 64 -1
28 1 -1
28 5 -1
28 14 -1
28 15 -1
28 17 -1
28 20 -1
28 21 1
28 24 -1
28 26 -1
28 27 -1
28 29 1
28 32 -1
28 33 1
28 34 -1
28 47 1
28 62 -1
29 12 -1
29 18 -1
29 19 -1
29 20 -1
29 26 -1
29 27 -1
29 28 1
29 30 -1
29 32 -1
29 34 -1
29 40 -1
29 41 -1
29 43 -1
29 46 1
29 59 -1
29 60 -1
30 12 -1
30 15 -1
30 17 -1
30 18 -1
30 21 -1
30 22 1
30 26 -1
30 29 -1
30 31 -1
30 32 -1
30 33 -1
30 34 -1
30 36 -1
30 44 -1
30 48 -1
31 5 -1
31 18 -1
31 19 -1
31 20 1
31 22 -1
31 23 1
31 25 -1
31 27 1
31 30 -1
31 34 1
31 38 1
31 42 -1
31 56 -1
31 58 1
31 59 -1
32 3 -1
32 6 -1
32 8 1
32 14 -1
32 18 1
32 20 -1
32 21 -1
32 24 -1
32 25 1
32 28 -1
32 29 -1
32 30 -1
32 40 -1
32 45 -1
32 60 -1
32 61 1
33 9 -1
33 10 1
33 15 -1
33 19 -1
33 28 1
33 30 -1
33 35 -1
33 36 -1
33 38 1
33 39 -1
33 40 -1
33 41 -1
33 44 1
33 47 1
33 56 -1
33 62 1
34 6 -1
34 11 -1
34 12 -1
34 15 1
34 28 -1
34 29 -1
34 30 -1
34 31 1
34 35 -1
34 38 -1
34 41 -1
34 42 -1
34 43 -1
34 44 -1
34 45 1
34 47 -1
35 3 -1
35 10 -1
35 18 -1
35 23 1
35 33 -1
35 34 -1
35 37 -1
35 38 -1
35 41 -1
35 42 -1
35 43 -1
35 44 -1
35 54 -1
35 55 1
35 59 -1
36 10 1
36 19 -1
36 21 -1
36 30 -1
36 33 -1
36 38 -1
36 39 1
36 40 -1
36 43 -1
36 45 -1
36 46 -1
36 48 -1
36 54 -1
36 60 1
37 3 -1
37 4 1
37 18 -1
37 21 1
37 35 -1
37 38 -1
37 42 1
37 43 -1
37 45 1
37 46 -1
37 47 1
37 48 -1
37 51 -1
37 55 -1
37 58 -1
37 64 -1
38 4 -1
38 9 -1
38 11 -1
38 19 1
38 23 -1
38 31 1
38 33 1
38 34 -1
38 35 -1
38 36 -1
38 37 -1
38 39 -1
38 44 -1
38 46 -1
38 53 -1
38 61 -1
39 1 -1
39 2 1
39 7 1
39 18 -1
39 33 -1
39 36 1
39 38 -1
39 40 -1
39 41 -1
39 44 1
39 45 -1
39 47 1
39 49 -1
40 14 1
40 15 -1
40 18 -1
40 22 1
40 24 -1
40 29 -1
40 32 -1
40 33 -1
40 36 -1
40 39 -1
40 41 -1
40 42 -1
40 43 -1
40 44 1
40 46 -1
40 57 -1
41 1 -1
41 7 -1
41 8 -1
41 10 -1
41 22 -1
41 29 -1
41 33 -1
41 34 -1
41 35 -1
41 39 -1
41 40 -1
41 45 -1
41 47 -1
41 48 1
41 60 -1
42 8 -1
42 9 -1
42 23 -1
42 31 -1
42 34 -1
42 35 -1
42 37 1
42 40 -1
42 44 -1
42 46 -1
42 47 -1
42 48 -1
42 49 -1
42 57 -1
42 63 -1
43 2 -1
43 13 -1
43 16 -1
43 20 -1
43 21 -1
43 24 -1
43 29 -1
43 34 -1
43 35 -1
43 36 -1
43 37 -1
43 40 -1
43 45 -1
43 47 -1
43 48 1
43 54 -1
44 21 -1
44 27 -1
44 30 -1
44 33 1
44 34 -1
44 35 -1
44 38 -1
44 39 1
44 40 1
44 42 -1
44 48 -1
44 50 1
44 53 -1
44 54 -1
44 56 1
44 60 -1
45 6 -1
45 7 -1
45 17 -1
45 22 -1
45 32 -1
45 34 1
45 36 -1
45 37 1
45 39 -1
45 41 -1
45 43 -1
45 46 -1
45 48 -1
45 50 -1
45 61 -1
45 62 -1
46 9 -1
46 11 1
46 17 -1
46 19 -1
46 29 1
46 36 -1
46 37 -1
46 38 -1
46 40 -1
46 42 -1
46 45 -1
46 47 -1
46 48 -1
46 49 -1
46 59 1
46 61 -1
47 17 1
47 19 -1
47 28 1
47 33 1
47 34 -1
47 37 1
47 39 1
47 41 -1
47 42 -1
47 43 -1
47 46 -1
47 49 -1
47 55 -1
47 59 -1
47 62 -1
47 63 -1
48 4 -1
48 8 -1
48 9 -1
48 26 -1
48 30 -1
48 36 -1
48 37 -1
48 41 1
48 42 -1
48 43 1
48 44 -1
48 45 -1
48 46 -1
48 50 -1
48 55 1
49 2 -1
49 13 -1
49 16 -1
49 26 -1
49 39 -1
49 42 -1
49 46 -1
49 47 -1
49 50 -1
49 51 1
49 53 1
49 54 -1
49 58 1
49 62 -1
49 63 -1
49 64 -1
50 12 1
50 17 -1
50 23 -1
50 25 1
50 44 1
50 45 -1
50 48 -1
50 49 -1
50 52 -1
50 53 1
50 55 -1
50 56 -1
50 62 -1
50 63 -1
50 64 1
51 2 -1
51 10 -1
51 15 -1
51 16 -1
51 17 -1
51 18 1
51 37 -1
51 49 1
51 54 1
51 55 -1
51 59 -1
51 61 1
51 62 -1
51 63 -1
51 64 -1
52 3 -1
52 5 1
52 10 -1
52 11 -1
52 24 -1
52 26 -1
52 50 -1
52 53 1
52 54 -1
52 56 -1
52 57 1
52 58 -1
52 62 -1
52 64 -1
53 7 1
53 10 -1
53 12 -1
53 16 -1
53 38 -1
53 44 -1
53 49 1
53 50 1
53 52 1
53 55 -1
53 57 -1
53 58 -1
53 60 -1
53 63 -1
54 12 -1
54 14 -1
54 18 1
54 35 -1
54 36 -1
54 43 -1
54 44 -1
54 49 -1
54 51 1
54 52 -1
54 55 -1
54 56 -1
54 57 -1
54 60 -1
54 61 -1
55 3 -1
55 18 -1
55 20 -1
55 35 1
55 37 -1
55 47 -1
55 48 1
55 50 -1
55 51 -1
55 53 -1
55 54 -1
55 56 -1
55 57 -1
55 59 -1
55 60 -1
56 1 -1
56 3 1
56 8 1
56 12 -1
56 22 -1
56 31 -1
56 33 -1
56 44 1
56 50 -1
56 52 -1
56 54 -1
56 55 -1
56 57 -1
56 58 1
56 59 -1
56 64 -1
57 11 1
57 17 -1
57 25 -1
57 27 -1
57 40 -1
57 42 -1
57 52 1
57 53 -1
57 54 -1
57 55 -1
57 56 -1
57 61 -1
57 62 -1
57 64 -1
58 6 -1
58 8 -1
58 11 1
58 14 -1
58 19 -1
58 31 1
58 37 -1
58 49 1
58 52 -1
58 53 -1
58 56 1
58 59 -1
58 60 1
58 61 -1
58 63 -1
59 9 -1
59 23 -1
59 24 -1
59 29 -1
59 31 -1
59 35 -1
59 46 1
59 47 -1
59 51 -1
59 55 -1
59 56 -1
59 58 -1
59 60 -1
59 61 1
59 62 -1
59 63 -1
60 4 -1
60 13 1
60 25 -1
60 29 -1
60 32 -1
60 36 1
60 41 -1
60 44 -1
60 53 -1
60 54 -1
60 55 -1
60 58 1
60 59 -1
60 61 -1
60 63 -1
60 64 -1
61 1 -1
61 13 -1
61 27 -1
61 32 1
61 38 -1
61 45 -1
61 46 -1
61 51 1
61 54 -1
61 57 -1
61 58 -1
61 59 1
61 60 -1
61 62 1
61 63 -1
62 3 1
62 15 -1
62 24 1
62 26 -1
62 28 -1
62 33 1
62 45 -1
62 47 -1
62 49 -1
62 50 -1
62 51 -1
62 52 -1
62 57 -1
62 59 -1
62 61 1
62 64 -1
63 4 -1
63 8 -1
63 11 -1
63 12 1
63 17 -1
63 24 1
63 42 -1
63 47 -1
63 49 -1
63 50 -1
63 51 -1
63 53 -1
63 58 -1
63 59 -1
63 60 -1
63 61 -1
64 2 -1
64 6 -1
64 11 -1
64 13 -1
64 24 -1
64 27 -1
64 37 -1
64 49 -1
64 50 1
64 51 -1
64 52 -1
64 56 -1
64 57 -1
64 60 -1
64 62 -1
