1 3 -1
1 4 -1
1 6 -1
1 10 -1
1 12 -1
1 13 -1
1 14 -1
1 15 -1
1 19 -1
1 23 -1
1 31 -1
1 33 -1
1 37 -1
1 39 -1
1 53 -1
2 5 1
2 6 -1
2 8 -1
2 9 -1
2 12 -1
2 13 -1
2 14 -1
2 15 -1
2 17 -1
2 18 -1
2 26 -1
2 28 -1
2 34 -1
2 36 -1
2 50 -1
3 1 -1
3 9 -1
3 10 -1
3 11 -1
3 12 -1
3 14 -1
3 15 1
3 16 -1
3 22 -1
3 23 -1
3 29 -1
3 33 -1
3 36 -1
3 37 -1
3 46 -1
3 52 -1
4 1 -1
4 5 -1
4 6 -1
4 9 -1
4 10 -1
4 11 -1
4 12 1
4 14 -1
4 18 -1
4 19 -1
4 21 -1
4 29 -1
4 41 -1
4 50 -1
4 58 -1
5 2 1
5 4 -1
5 7 -1
5 9 -1
5 10 -1
5 11 1
5 12 -1
5 13 1
5 17 -1
5 26 -1
5 28 -1
5 30 -1
5 49 -1
5 50 -1
5 63 -1
6 1 -1
6 2 -1
6 4 -1
6 8 -1
6 9 -1
6 10 -1
6 15 -1
6 16 -1
6 20 -1
6 29 -1
6 34 -1
6 39 1
6 44 -1
6 52 -1
6 56 -1
6 60 -1
7 5 -1
7 8 -1
7 9 -1
7 10 -1
7 12 -1
7 14 -1
7 15 -1
7 16 1
7 22 -1
7 25 -1
7 39 -1
7 42 -1
7 50 -1
7 59 -1
7 60 -1
8 2 -1
8 6 -1
8 7 -1
8 11 -1
8 13 -1
8 14 -1
8 15 -1
8 16 -1
8 19 -1
8 25 -1
8 27 1
8 37 -1
8 39 -1
8 47 -1
8 53 1
9 2 -1
9 3 -1
9 4 -1
9 5 -1
9 6 -1
9 7 -1
9 15 -1
9 16 -1
9 17 -1
9 21 -1
9 43 -1
9 47 -1
9 48 -1
9 53 -1
9 54 -1
10 1 -1
10 3 -1
10 4 -1
10 5 -1
10 6 -1
10 7 -1
10 11 -1
10 14 -1
10 19 -1
10 44 -1
10 48 -1
10 49 -1
10 57 -1
10 60 -1
11 3 -1
11 4 -1
11 5 1
11 8 -1
11 10 -1
11 12 -1
11 13 -1
11 16 -1
11 24 -1
11 27 -1
11 32 -1
11 42 -1
11 44 -1
11 49 -1
11 52 -1
11 63 -1
12 1 -1
12 2 -1
12 3 -1
12 4 1
12 5 -1
12 7 -1
12 11 -1
12 13 -1
12 18 1
12 31 -1
12 34 1
12 37 -1
12 38 1
12 39 -1
12 59 1
12 62 -1
13 1 -1
13 2 -1
13 5 1
13 8 -1
13 11 -1
13 12 -1
13 15 -1
13 16 -1
13 20 -1
13 33 -1
13 35 -1
13 38 -1
13 40 -1
13 48 -1
13 56 -1
13 61 -1
14 1 -1
14 2 -1
14 3 -1
14 4 -1
14 7 -1
14 8 -1
14 10 -1
14 16 -1
14 18 -1
14 26 -1
14 33 -1
14 42 -1
14 51 -1
14 61 -1
14 64 -1
15 1 -1
15 2 -1
15 3 1
15 6 -1
15 7 -1
15 8 -1
15 9 -1
15 13 -1
15 26 1
15 30 -1
15 38 -1
15 46 -1
15 47 -1
15 49 -1
15 51 -1
15 62 -1
16 3 -1
16 6 -1
16 7 1
16 8 -1
16 9 -1
16 11 -1
16 13 -1
16 14 -1
16 17 1
16 21 -1
16 32 -1
16 40 -1
16 45 -1
16 51 -1
16 55 -1
16 61 -1
17 2 -1
17 5 -1
17 9 -1
17 16 1
17 19 -1
17 20 -1
17 24 -1
17 25 -1
17 27 -1
17 29 -1
17 30 -1
17 32 -1
17 43 1
17 47 -1
17 62 -1
18 2 -1
18 4 -1
18 12 1
18 14 -1
18 21 -1
18 22 -1
18 25 1
18 26 -1
18 27 -1
18 29 -1
18 31 -1
18 32 -1
18 33 -1
18 55 -1
18 61 -1
19 1 -1
19 4 -1
19 8 -1
19 10 -1
19 17 -1
19 20 -1
19 21 -1
19 22 1
19 23 -1
19 25 -1
19 27 -1
19 29 -1
19 33 -1
19 45 -1
19 57 -1
19 63 -1
20 6 -1
20 13 -1
20 17 -1
20 19 -1
20 23 -1
20 24 1
20 26 -1
20 29 -1
20 30 -1
20 31 -1
20 34 -1
20 35 -1
20 43 -1
20 52 -1
20 58 -1
20 60 -1
21 4 -1
21 9 -1
21 16 -1
21 18 -1
21 19 -1
21 22 -1
21 23 -1
21 26 -1
21 27 1
21 29 -1
21 31 -1
21 35 -1
21 41 -1
21 42 -1
21 50 -1
21 51 -1
22 3 -1
22 7 -1
22 18 -1
22 19 1
22 21 -1
22 25 -1
22 27 -1
22 28 -1
22 30 1
22 32 -1
22 43 -1
22 46 -1
22 56 -1
22 63 -1
23 1 -1
23 3 -1
23 19 -1
23 20 -1
23 21 -1
23 24 -1
23 25 -1
23 28 -1
23 30 -1
23 31 -1
23 33 -1
23 36 -1
23 38 -1
23 49 -1
23 58 -1
23 59 -1
24 11 -1
24 17 -1
24 20 1
24 23 -1
24 26 -1
24 27 -1
24 29 1
24 30 -1
24 32 -1
24 34 -1
24 44 -1
24 53 -1
24 54 -1
24 56 -1
24 59 -1
25 7 -1
25 8 -1
25 17 -1
25 18 1
25 19 -1
25 22 -1
25 23 -1
25 26 1
25 28 1
25 32 -1
25 45 -1
25 50 -1
25 53 -1
25 58 -1
25 62 -1
25 64 -1
26 2 -1
26 5 -1
26 14 -1
26 15 1
26 18 -1
26 20 -1
26 21 -1
26 24 -1
26 25 1
26 28 -1
26 30 -1
26 31 -1
26 42 -1
26 45 -1
26 47 1
27 8 1
27 11 -1
27 17 -1
27 18 -1
27 19 -1
27 21 1
27 22 -1
27 24 -1
27 28 -1
27 30 -1
27 38 -1
27 39 -1
27 40 -1
27 49 -1
27 51 -1
27 63 -1
28 2 -1
28 5 -1
28 22 -1
28 23 -1
28 25 1
28 26 -1
28 27 -1
28 29 -1
28 31 -1
28 32 -1
28 35 1
28 41 -1
28 45 -1
28 59 -1
28 63 -1
29 3 -1
29 4 -1
29 6 -1
29 17 -1
29 18 -1
29 19 -1
29 20 -1
29 21 -1
29 24 1
29 28 -1
29 32 -1
29 39 -1
29 41 -1
29 42 -1
29 63 -1
29 64 -1
30 5 -1
30 15 -1
30 17 -1
30 20 -1
30 22 1
30 23 -1
30 24 -1
30 26 -1
30 27 -1
30 31 -1
30 33 1
30 43 -1
30 51 1
30 55 -1
30 60 -1
30 61 -1
31 1 -1
31 12 -1
31 18 -1
31 20 -1
31 21 -1
31 23 -1
31 26 -1
31 28 -1
31 30 -1
31 32 -1
31 40 -1
31 50 -1
31 52 -1
31 56 1
31 58 -1
31 59 -1
32 11 -1
32 16 -1
32 17 -1
32 18 -1
32 22 -1
32 24 -1
32 25 -1
32 28 -1
32 29 -1
32 31 -1
32 34 1
32 36 1
32 45 1
32 55 -1
32 56 -1
32 64 -1
33 1 -1
33 3 -1
33 13 -1
33 14 -1
33 18 -1
33 19 -1
33 23 -1
33 30 1
33 34 -1
33 38 -1
33 41 -1
33 43 -1
33 45 -1
33 46 -1
33 47 -1
33 48 -1
34 2 -1
34 6 -1
34 12 1
34 20 -1
34 24 -1
34 32 1
34 33 -1
34 35 1
34 36 -1
34 37 -1
34 39 -1
34 41 -1
34 44 -1
34 47 -1
34 52 -1
34 53 1
35 13 -1
35 20 -1
35 21 -1
35 28 1
35 34 1
35 39 -1
35 40 1
35 41 -1
35 42 -1
35 44 -1
35 46 -1
35 48 -1
35 51 1
35 60 -1
35 62 -1
36 2 -1
36 3 -1
36 23 -1
36 32 1
36 34 -1
36 38 -1
36 41 -1
36 43 -1
36 44 -1
36 45 1
36 47 -1
36 48 -1
36 52 -1
36 54 -1
36 57 -1
37 1 -1
37 3 -1
37 8 -1
37 12 -1
37 34 -1
37 39 -1
37 40 -1
37 42 -1
37 43 -1
37 44 -1
37 45 -1
37 48 -1
37 50 -1
37 55 -1
38 12 1
38 13 -1
38 15 -1
38 23 -1
38 27 -1
38 33 -1
38 36 -1
38 39 -1
38 41 -1
38 42 -1
38 44 -1
38 45 -1
38 47 -1
38 49 -1
38 57 -1
38 61 -1
39 1 -1
39 6 1
39 7 -1
39 8 -1
39 12 -1
39 27 -1
39 29 -1
39 34 -1
39 35 -1
39 37 -1
39 38 -1
39 40 -1
39 41 -1
39 45 -1
39 46 -1
39 59 -1
40 13 -1
40 16 -1
40 27 -1
40 31 -1
40 35 1
40 37 -1
40 39 -1
40 42 -1
40 43 -1
40 44 -1
40 46 -1
40 47 -1
40 54 1
40 62 1
40 64 -1
41 4 -1
41 21 -1
41 28 -1
41 29 -1
41 33 -1
41 34 -1
41 35 -1
41 36 -1
41 38 -1
41 39 -1
41 43 -1
41 48 -1
41 53 -1
41 55 1
41 58 -1
41 59 -1
42 7 -1
42 11 -1
42 14 -1
42 21 -1
42 26 -1
42 29 -1
42 35 -1
42 37 -1
42 38 -1
42 40 -1
42 43 -1
42 44 -1
42 45 -1
42 46 -1
42 57 -1
42 62 -1
43 9 -1
43 17 1
43 20 -1
43 22 -1
43 30 -1
43 33 -1
43 36 -1
43 37 -1
43 40 -1
43 41 -1
43 42 -1
43 46 -1
43 47 -1
43 57 -1
43 60 1
44 6 -1
44 10 -1
44 11 -1
44 24 -1
44 34 -1
44 35 -1
44 36 -1
44 37 -1
44 38 -1
44 40 -1
44 42 -1
44 48 -1
44 54 -1
44 55 -1
44 62 -1
45 16 -1
45 19 -1
45 25 -1
45 26 -1
45 28 -1
45 32 1
45 33 -1
45 36 1
45 37 -1
45 38 -1
45 39 -1
45 42 -1
45 46 -1
45 47 -1
45 58 -1
46 3 -1
46 15 -1
46 22 -1
46 33 -1
46 35 -1
46 39 -1
46 40 -1
46 42 -1
46 43 -1
46 45 -1
46 48 -1
46 49 -1
46 51 -1
46 55 1
46 57 -1
46 61 -1
47 8 -1
47 9 -1
47 15 -1
47 17 -1
47 26 1
47 33 -1
47 34 -1
47 36 -1
47 38 -1
47 40 -1
47 43 -1
47 45 -1
47 48 -1
47 56 -1
47 63 -1
47 64 -1
48 9 -1
48 10 -1
48 13 -1
48 33 -1
48 35 -1
48 36 -1
48 37 -1
48 41 -1
48 44 -1
48 46 -1
48 47 -1
48 53 -1
48 54 -1
48 57 -1
48 64 -1
49 5 -1
49 10 -1
49 11 -1
49 15 -1
49 23 -1
49 27 -1
49 38 -1
49 46 -1
49 51 -1
49 53 -1
49 54 -1
49 55 -1
49 57 -1
49 58 -1
49 59 -1
49 60 -1
50 2 -1
50 4 -1
50 5 -1
50 7 -1
50 21 -1
50 25 -1
50 31 -1
50 37 -1
50 52 -1
50 53 -1
50 54 -1
50 55 1
50 58 -1
50 59 -1
50 61 -1
50 64 -1
51 14 -1
51 15 -1
51 16 -1
51 21 -1
51 27 -1
51 30 1
51 35 1
51 46 -1
51 49 -1
51 55 1
51 56 -1
51 59 -1
51 60 -1
51 61 -1
51 62 1
51 64 -1
52 3 -1
52 6 -1
52 11 -1
52 20 -1
52 31 -1
52 34 -1
52 36 -1
52 50 -1
52 53 -1
52 55 -1
52 57 -1
52 58 -1
52 59 -1
52 62 -1
52 64 -1
53 1 -1
53 8 1
53 9 -1
53 24 -1
53 25 -1
53 34 1
53 41 -1
53 48 -1
53 49 -1
53 50 -1
53 52 -1
53 54 -1
53 56 1
53 57 1
53 62 1
53 63 -1
54 9 -1
54 24 -1
54 36 -1
54 40 1
54 44 -1
54 48 -1
54 49 -1
54 50 -1
54 53 -1
54 55 -1
54 57 -1
54 58 -1
54 62 -1
54 63 -1
55 16 -1
55 18 -1
55 30 -1
55 32 -1
55 37 -1
55 41 1
55 44 -1
55 46 1
55 49 -1
55 50 1
55 51 1
55 52 -1
55 54 -1
55 56 -1
55 63 -1
55 64 -1
56 6 -1
56 13 -1
56 22 -1
56 24 -1
56 31 1
56 32 -1
56 47 -1
56 51 -1
56 53 1
56 55 -1
56 57 -1
56 58 -1
56 60 -1
56 61 -1
56 63 -1
57 10 -1
57 19 -1
57 36 -1
57 38 -1
57 42 -1
57 43 -1
57 46 -1
57 48 -1
57 49 -1
57 52 -1
57 53 1
57 54 -1
57 56 -1
57 60 -1
57 61 -1
57 64 -1
58 4 -1
58 20 -1
58 23 -1
58 25 -1
58 31 -1
58 41 -1
58 45 -1
58 49 -1
58 50 -1
58 52 -1
58 54 -1
58 56 -1
58 59 -1
58 62 -1
58 63 -1
59 7 -1
59 12 1
59 23 -1
59 24 -1
59 28 -1
59 31 -1
59 39 -1
59 41 -1
59 49 -1
59 50 -1
59 51 -1
59 52 -1
59 58 -1
59 60 1
59 63 -1
59 64 -1
60 6 -1
60 7 -1
60 10 -1
60 20 -1
60 30 -1
60 35 -1
60 43 1
60 49 -1
60 51 -1
60 56 -1
60 57 -1
60 59 1
60 61 -1
60 62 -1
60 63 1
61 13 -1
61 14 -1
61 16 -1
61 18 -1
61 30 -1
61 38 -1
61 46 -1
61 50 -1
61 51 -1
61 56 -1
61 57 -1
61 60 -1
61 62 -1
61 63 -1
61 64 -1
62 12 -1
62 15 -1
62 17 -1
62 25 -1
62 35 -1
62 40 1
62 42 -1
62 44 -1
62 51 1
62 52 -1
62 53 1
62 54 -1
62 58 -1
62 60 -1
62 61 -1
62 64 -1
63 5 -1
63 11 -1
63 19 -1
63 22 -1
63 27 -1
63 28 -1
63 29 -1
63 47 -1
63 53 -1
63 54 -1
63 55 -1
63 56 -1
63 58 -1
63 59 -1
63 60 1
63 61 -1
64 14 -1
64 25 -1
64 29 -1
64 32 -1
64 40 -1
64 47 -1
64 48 -1
64 50 -1
64 51 -1
64 52 -1
64 55 -1
64 57 -1
64 59 -1
64 61 -1
64 62 -1
