1 2 1
1 4 1
1 8 1
1 9 1
1 10 1
1 13 -1
1 14 1
1 15 1
1 17 1
1 19 -1
1 27 1
1 41 1
1 55 1
2 1 1
2 3 1
2 4 1
2 7 1
2 8 1
2 10 1
2 11 1
2 16 1
2 26 1
2 29 1
2 32 1
2 33 1
2 41 1
2 44 1
2 59 1
2 64 1
3 2 1
3 4 1
3 6 1
3 7 1
3 10 1
3 11 1
3 13 1
3 14 1
3 33 1
3 37 1
3 45 1
3 47 1
3 48 1
3 50 1
3 54 1
4 1 1
4 2 1
4 3 1
4 6 1
4 9 1
4 12 1
4 13 1
4 15 1
4 26 -1
4 36 1
4 40 1
4 42 1
4 43 -1
4 44 1
4 45 1
4 52 1
5 6 1
5 7 1
5 11 1
5 12 -1
5 13 -1
5 14 1
5 15 -1
5 16 1
5 20 1
5 23 -1
5 24 1
5 27 -1
5 31 1
5 54 1
5 56 1
6 3 1
6 4 1
6 5 1
6 8 1
6 11 1
6 12 -1
6 15 1
6 16 1
6 25 1
6 27 1
6 30 1
6 45 1
6 56 1
6 61 1
6 64 -1
7 2 1
7 3 1
7 5 1
7 8 1
7 9 1
7 10 1
7 13 1
7 14 1
7 19 1
7 21 1
7 22 -1
7 33 1
7 46 1
7 55 -1
7 61 1
7 64 -1
8 1 1
8 2 1
8 6 1
8 7 1
8 9 1
8 10 1
8 12 1
8 13 1
8 19 1
8 22 1
8 27 1
8 29 -1
8 35 1
8 52 1
8 55 1
8 58 1
9 1 1
9 4 1
9 7 1
9 8 1
9 11 1
9 14 1
9 15 1
9 16 1
9 28 1
9 32 -1
9 34 -1
9 35 1
9 48 1
9 54 1
9 62 -1
10 1 1
10 2 1
10 3 1
10 7 1
10 8 1
10 12 -1
10 15 1
10 16 -1
10 18 -1
10 19 1
10 22 -1
10 25 1
10 37 1
10 41 1
10 54 1
11 2 1
11 3 1
11 5 1
11 6 1
11 9 1
11 14 1
11 15 1
11 16 1
11 18 1
11 37 1
11 42 1
11 46 1
11 48 1
11 49 1
11 55 1
11 60 1
12 4 1
12 5 -1
12 6 -1
12 8 1
12 10 -1
12 13 1
12 14 1
12 16 1
12 17 -1
12 40 -1
12 41 1
12 46 1
12 50 1
12 51 1
12 54 1
12 55 1
13 1 -1
13 3 1
13 4 1
13 5 -1
13 7 1
13 8 1
13 12 1
13 14 1
13 19 1
13 28 -1
13 35 -1
13 40 1
13 51 1
13 53 1
13 58 1
13 60 1
14 1 1
14 3 1
14 5 1
14 7 1
14 9 1
14 11 1
14 12 1
14 13 1
14 19 1
14 35 -1
14 36 1
14 38 1
14 42 1
14 50 1
14 59 -1
14 63 1
15 1 1
15 4 1
15 5 -1
15 6 1
15 9 1
15 10 1
15 11 1
15 16 1
15 21 -1
15 28 -1
15 33 1
15 38 -1
15 44 1
15 49 1
15 50 1
15 60 1
16 2 1
16 5 1
16 6 1
16 9 1
16 10 -1
16 11 1
16 12 1
16 15 1
16 18 -1
16 26 -1
16 37 1
16 38 1
16 44 1
16 49 1
16 57 1
17 1 1
17 12 -1
17 19 -1
17 22 1
17 26 1
17 27 -1
17 28 1
17 29 1
17 30 1
17 32 -1
17 36 1
17 38 1
17 39 1
17 46 1
17 50 1
18 10 -1
18 11 1
18 16 -1
18 20 1
18 21 1
18 23 1
18 26 1
18 27 -1
18 28 1
18 29 1
18 31 1
18 33 -1
18 46 1
18 59 1
18 62 1
19 1 -1
19 7 1
19 8 1
19 10 1
19 13 1
19 14 1
19 17 -1
19 21 1
19 24 1
19 25 1
19 27 1
19 28 -1
19 29 1
19 32 1
20 5 1
20 18 1
20 21 1
20 23 -1
20 25 1
20 27 1
20 28 1
20 30 1
20 31 1
20 42 1
20 43 1
20 44 1
20 60 -1
20 63 1
21 7 1
21 15 -1
21 18 1
21 19 1
21 20 1
21 22 -1
21 23 -1
21 24 1
21 26 1
21 32 1
21 35 1
21 47 1
21 57 -1
21 59 -1
21 60 -1
21 64 1
22 7 -1
22 8 1
22 10 -1
22 17 1
22 21 -1
22 23 1
22 24 1
22 25 1
22 28 1
22 30 1
22 31 1
22 33 -1
22 45 1
22 55 -1
22 59 -1
23 5 -1
23 18 1
23 20 -1
23 21 -1
23 22 1
23 25 -1
23 27 1
23 29 -1
23 30 1
23 35 -1
23 36 1
23 40 1
23 44 1
23 51 1
23 54 1
24 5 1
24 19 1
24 21 1
24 22 1
24 25 1
24 26 1
24 30 -1
24 31 1
24 32 1
24 34 1
24 37 1
24 41 1
24 57 1
24 58 1
24 63 -1
25 6 1
25 10 1
25 19 1
25 20 1
25 22 1
25 23 -1
25 24 1
25 26 1
25 27 1
25 29 1
25 35 1
25 38 1
25 46 -1
25 47 1
25 53 1
25 63 1
26 2 1
26 4 -1
26 16 -1
26 17 1
26 18 1
26 21 1
26 24 1
26 25 1
26 30 1
26 31 1
26 32 1
26 36 1
26 39 1
26 49 -1
26 53 1
27 1 1
27 5 -1
27 6 1
27 8 1
27 17 -1
27 18 -1
27 19 1
27 20 1
27 23 1
27 25 1
27 28 1
27 31 -1
27 41 1
27 46 1
27 63 1
28 9 1
28 13 -1
28 15 -1
28 17 1
28 18 1
28 19 -1
28 20 1
28 22 1
28 27 1
28 29 -1
28 32 1
28 36 -1
28 37 1
28 52 1
28 61 1
28 62 1
29 2 1
29 8 -1
29 17 1
29 18 1
29 19 1
29 23 -1
29 25 1
29 28 -1
29 31 1
29 32 1
29 38 1
29 40 1
29 42 1
29 49 1
29 51 1
29 60 1
30 6 1
30 17 1
30 20 1
30 22 1
30 23 1
30 24 -1
30 26 1
30 31 -1
30 32 -1
30 39 1
30 52 1
30 57 1
30 62 1
30 63 -1
30 64 1
31 5 1
31 18 1
31 20 1
31 22 1
31 24 1
31 26 1
31 27 -1
31 29 1
31 30 -1
31 35 1
31 36 1
31 46 1
31 53 1
31 57 -1
31 59 1
31 60 -1
32 2 1
32 9 -1
32 17 -1
32 19 1
32 21 1
32 24 1
32 26 1
32 28 1
32 29 1
32 30 -1
32 37 1
32 45 1
32 49 1
32 52 1
32 54 1
32 61 -1
33 2 1
33 3 1
33 7 1
33 15 1
33 18 -1
33 22 -1
33 35 1
33 36 1
33 37 1
33 40 1
33 43 1
33 46 1
33 47 1
33 48 -1
33 50 1
33 58 -1
34 9 -1
34 24 1
34 35 1
34 38 1
34 39 1
34 41 1
34 44 -1
34 45 1
34 46 1
34 48 1
34 52 1
34 54 1
34 56 -1
34 58 -1
35 8 1
35 9 1
35 13 -1
35 14 -1
35 21 1
35 23 -1
35 25 1
35 31 1
35 33 1
35 34 1
35 36 1
35 37 1
35 38 -1
35 40 1
35 41 1
35 45 1
36 4 1
36 14 1
36 17 1
36 23 1
36 26 1
36 28 -1
36 31 1
36 33 1
36 35 1
36 37 1
36 38 1
36 39 1
36 43 1
36 44 1
36 48 1
36 56 -1
37 3 1
37 10 1
37 11 1
37 16 1
37 24 1
37 28 1
37 32 1
37 33 1
37 35 1
37 36 1
37 38 1
37 40 -1
37 42 1
37 46 1
37 48 1
37 51 1
38 14 1
38 15 -1
38 16 1
38 17 1
38 25 1
38 29 1
38 34 1
38 35 -1
38 36 1
38 37 1
38 40 1
38 44 1
38 45 1
38 46 1
38 49 1
39 17 1
39 26 1
39 30 1
39 34 1
39 36 1
39 40 -1
39 41 -1
39 43 1
39 44 1
39 47 1
39 48 1
39 50 1
39 51 1
39 57 1
39 60 1
40 4 1
40 12 -1
40 13 1
40 23 1
40 29 1
40 33 1
40 35 1
40 37 -1
40 38 1
40 39 -1
40 41 1
40 45 1
40 47 -1
40 49 -1
40 51 1
40 61 1
41 1 1
41 2 1
41 10 1
41 12 1
41 24 1
41 27 1
41 34 1
41 35 1
41 39 -1
41 40 1
41 42 1
41 43 1
41 44 -1
41 46 1
41 53 1
42 4 1
42 11 1
42 14 1
42 20 1
42 29 1
42 37 1
42 41 1
42 43 1
42 44 1
42 45 1
42 46 -1
42 47 -1
42 48 1
42 55 -1
42 59 1
43 4 -1
43 20 1
43 33 1
43 36 1
43 39 1
43 41 1
43 42 1
43 44 1
43 47 1
43 48 1
43 53 1
43 57 1
43 58 1
43 61 1
43 62 1
44 2 1
44 4 1
44 15 1
44 16 1
44 20 1
44 23 1
44 34 -1
44 36 1
44 38 1
44 39 1
44 41 -1
44 42 1
44 43 1
44 47 -1
44 61 1
45 3 1
45 4 1
45 6 1
45 22 1
45 32 1
45 34 1
45 35 1
45 38 1
45 40 1
45 42 1
45 46 1
45 47 1
45 48 -1
45 52 1
45 64 -1
46 7 1
46 11 1
46 12 1
46 17 1
46 18 1
46 25 -1
46 27 1
46 31 1
46 33 1
46 34 1
46 37 1
46 38 1
46 41 1
46 42 -1
46 45 1
46 47 1
47 3 1
47 21 1
47 25 1
47 33 1
47 39 1
47 40 -1
47 42 -1
47 43 1
47 44 -1
47 45 1
47 46 1
47 56 1
47 58 1
47 59 1
47 61 1
47 62 1
48 3 1
48 9 1
48 11 1
48 33 -1
48 34 1
48 36 1
48 37 1
48 39 1
48 42 1
48 43 1
48 45 -1
48 56 1
48 63 1
48 64 1
49 11 1
49 15 1
49 16 1
49 26 -1
49 29 1
49 32 1
49 38 1
49 40 -1
49 52 1
49 53 1
49 57 1
49 58 -1
49 60 1
49 61 1
49 62 1
49 64 1
50 3 1
50 12 1
50 14 1
50 15 1
50 17 1
50 33 1
50 39 1
50 52 1
50 53 1
50 54 -1
50 55 1
50 56 1
50 58 1
50 59 1
50 64 -1
51 12 1
51 13 1
51 23 1
51 29 1
51 37 1
51 39 1
51 40 1
51 52 1
51 54 -1
51 55 1
51 56 1
51 58 1
51 60 -1
51 61 1
51 64 1
52 4 1
52 8 1
52 28 1
52 30 1
52 32 1
52 34 1
52 45 1
52 49 1
52 50 1
52 51 1
52 53 -1
52 54 -1
52 56 1
52 59 1
52 63 1
53 13 1
53 25 1
53 26 1
53 31 1
53 41 1
53 43 1
53 49 1
53 50 1
53 52 -1
53 54 1
53 57 1
53 58 -1
53 62 1
53 63 1
54 3 1
54 5 1
54 9 1
54 10 1
54 12 1
54 23 1
54 32 1
54 34 1
54 50 -1
54 51 -1
54 52 -1
54 53 1
54 56 1
54 59 1
54 60 1
54 62 1
55 1 1
55 7 -1
55 8 1
55 11 1
55 12 1
55 22 -1
55 42 -1
55 50 1
55 51 1
55 56 1
55 57 1
55 59 1
55 61 1
55 62 1
55 64 1
56 5 1
56 6 1
56 34 -1
56 36 -1
56 47 1
56 48 1
56 50 1
56 51 1
56 52 1
56 54 1
56 55 1
56 57 1
56 61 1
56 63 1
57 16 1
57 21 -1
57 24 1
57 30 1
57 31 -1
57 39 1
57 43 1
57 49 1
57 53 1
57 55 1
57 56 1
57 59 -1
57 60 1
57 61 -1
57 64 1
58 8 1
58 13 1
58 24 1
58 33 -1
58 34 -1
58 43 1
58 47 1
58 49 -1
58 50 1
58 51 1
58 53 -1
58 60 1
58 61 1
58 63 1
58 64 -1
59 2 1
59 14 -1
59 18 1
59 21 -1
59 22 -1
59 31 1
59 42 1
59 47 1
59 50 1
59 52 1
59 54 1
59 55 1
59 57 -1
59 60 1
59 62 -1
59 63 1
60 11 1
60 13 1
60 15 1
60 20 -1
60 21 -1
60 29 1
60 31 -1
60 39 1
60 49 1
60 51 -1
60 54 1
60 57 1
60 58 1
60 59 1
60 61 1
60 62 1
61 6 1
61 7 1
61 28 1
61 32 -1
61 40 1
61 43 1
61 44 1
61 47 1
61 49 1
61 51 1
61 55 1
61 56 1
61 57 -1
61 58 1
61 60 1
61 63 1
62 9 -1
62 18 1
62 28 1
62 30 1
62 43 1
62 47 1
62 49 1
62 53 1
62 54 1
62 55 1
62 59 -1
62 60 1
62 63 -1
62 64 1
63 14 1
63 20 1
63 24 -1
63 25 1
63 27 1
63 30 -1
63 48 1
63 52 1
63 53 1
63 56 1
63 58 1
63 59 1
63 61 1
63 62 -1
63 64 1
64 2 1
64 6 -1
64 7 -1
64 21 1
64 30 1
64 45 -1
64 48 1
64 49 1
64 50 -1
64 51 1
64 55 1
64 57 1
64 58 -1
64 62 1
64 63 1
