1 3 1
1 4 1
1 5 1
1 8 -1
1 9 1
1 10 1
1 14 1
1 15 1
1 27 -1
1 34 1
1 38 -1
1 42 -1
1 45 1
1 51 -1
1 62 1
2 3 1
2 6 1
2 7 -1
2 9 1
2 10 -1
2 11 -1
2 12 1
2 13 -1
2 18 1
2 28 -1
2 32 1
2 35 1
2 36 1
2 42 1
2 53 1
2 54 1
3 1 1
3 2 1
3 4 -1
3 6 -1
3 7 -1
3 10 -1
3 14 1
3 15 -1
3 22 -1
3 26 -1
3 38 -1
3 48 -1
3 52 1
3 56 -1
3 64 -1
4 1 1
4 3 -1
4 5 -1
4 8 1
4 11 -1
4 13 -1
4 14 1
4 16 -1
4 22 1
4 29 -1
4 51 1
4 56 -1
4 61 1
4 63 -1
5 1 1
5 4 -1
5 6 -1
5 7 -1
5 10 1
5 11 1
5 13 1
5 16 1
5 19 1
5 24 1
5 28 1
5 31 1
5 37 -1
5 43 1
5 50 1
6 2 1
6 3 -1
6 5 -1
6 8 -1
6 9 1
6 10 -1
6 15 -1
6 16 1
6 33 -1
6 43 1
6 47 1
6 49 1
6 60 1
6 63 1
7 2 -1
7 3 -1
7 5 -1
7 8 -1
7 9 1
7 11 -1
7 12 1
7 13 1
7 20 1
7 32 -1
7 37 -1
7 41 -1
7 49 -1
7 50 1
8 1 -1
8 4 1
8 6 -1
8 7 -1
8 10 1
8 11 1
8 12 1
8 16 1
8 25 -1
8 32 -1
8 56 1
8 58 -1
8 59 1
8 60 1
8 62 -1
9 1 1
9 2 1
9 6 1
9 7 1
9 10 -1
9 12 1
9 13 1
9 16 1
9 17 -1
9 28 1
9 33 -1
9 40 1
9 50 1
9 56 1
9 62 1
10 1 1
10 2 -1
10 3 -1
10 5 1
10 6 -1
10 8 1
10 9 -1
10 12 1
10 19 1
10 20 1
10 23 1
10 24 1
10 32 -1
10 36 1
10 48 1
10 58 1
11 2 -1
11 4 -1
11 5 1
11 7 -1
11 8 1
11 14 1
11 15 -1
11 16 -1
11 19 1
11 20 1
11 25 1
11 35 1
11 38 1
11 40 1
11 44 -1
11 50 1
12 2 1
12 7 1
12 8 1
12 9 1
12 10 1
12 13 1
12 14 -1
12 15 1
12 19 1
12 24 1
12 35 1
12 37 -1
12 43 -1
12 49 1
12 59 -1
12 64 -1
13 2 -1
13 4 -1
13 5 1
13 7 1
13 9 1
13 12 1
13 14 -1
13 15 -1
13 18 1
13 21 1
13 22 -1
13 24 -1
13 30 1
13 32 1
13 34 1
13 39 1
14 1 1
14 3 1
14 4 1
14 11 1
14 12 -1
14 13 -1
14 15 -1
14 16 -1
14 24 1
14 28 1
14 30 -1
14 31 -1
14 39 1
14 61 1
14 64 1
15 1 1
15 3 -1
15 6 -1
15 11 -1
15 12 1
15 13 -1
15 14 -1
15 16 1
15 22 1
15 36 -1
15 43 1
15 45 1
15 51 1
15 62 1
16 4 -1
16 5 1
16 6 1
16 8 1
16 9 1
16 11 -1
16 14 -1
16 15 1
16 29 -1
16 36 -1
16 42 1
16 45 1
16 54 1
16 58 1
16 63 -1
17 9 -1
17 19 -1
17 24 -1
17 25 -1
17 26 1
17 29 -1
17 30 1
17 31 1
17 32 -1
17 37 1
17 44 1
17 55 1
17 60 -1
17 62 1
18 2 1
18 13 1
18 21 -1
18 22 1
18 24 1
18 27 1
18 28 1
18 29 -1
18 31 -1
18 32 -1
18 48 -1
18 52 1
18 53 1
18 55 1
18 64 -1
19 5 1
19 10 1
19 11 1
19 12 1
19 17 -1
19 21 1
19 23 1
19 26 1
19 29 1
19 30 1
19 31 1
19 32 1
19 41 -1
19 42 1
19 48 -1
19 57 -1
20 7 1
20 10 1
20 11 1
20 22 1
20 23 1
20 24 -1
20 25 -1
20 27 -1
20 28 1
20 29 1
20 31 -1
20 33 1
20 35 -1
20 37 1
20 51 1
20 59 1
21 13 1
21 18 -1
21 19 1
21 22 1
21 24 -1
21 25 -1
21 27 1
21 30 -1
21 32 1
21 35 1
21 37 1
21 46 1
21 47 1
21 48 1
21 63 1
21 64 -1
22 3 -1
22 4 1
22 13 -1
22 15 1
22 18 1
22 20 1
22 21 1
22 24 1
22 26 1
22 28 1
22 30 -1
22 32 -1
22 33 1
22 41 -1
22 45 1
22 47 1
23 10 1
23 19 1
23 20 1
23 24 -1
23 25 1
23 26 1
23 28 -1
23 29 1
23 30 1
23 34 -1
23 35 1
23 41 -1
23 45 -1
23 56 -1
24 5 1
24 10 1
24 12 1
24 13 -1
24 14 1
24 17 -1
24 18 1
24 20 -1
24 21 -1
24 22 1
24 23 -1
24 29 -1
24 31 1
24 39 1
24 41 1
24 59 1
25 8 -1
25 11 1
25 17 -1
25 20 -1
25 21 -1
25 23 1
25 26 -1
25 27 -1
25 28 1
25 30 1
25 40 -1
25 44 1
25 46 1
25 49 -1
25 52 -1
25 60 1
26 3 -1
26 17 1
26 19 1
26 22 1
26 23 1
26 25 -1
26 28 1
26 31 1
26 32 1
26 36 1
26 39 1
26 48 -1
26 51 -1
26 54 1
26 55 1
26 57 1
27 1 -1
27 18 1
27 20 -1
27 21 1
27 25 -1
27 28 -1
27 30 1
27 31 1
27 32 1
27 34 -1
27 46 1
27 52 1
27 53 -1
27 56 1
27 63 1
28 2 -1
28 5 1
28 9 1
28 14 1
28 18 1
28 20 1
28 22 1
28 23 -1
28 25 1
28 26 1
28 27 -1
28 30 1
28 54 -1
28 58 1
29 4 -1
29 16 -1
29 17 -1
29 18 -1
29 19 1
29 20 1
29 23 1
29 24 -1
29 31 -1
29 32 1
29 44 -1
29 48 1
30 13 1
30 14 -1
30 17 1
30 19 1
30 21 -1
30 22 -1
30 23 1
30 25 1
30 27 1
30 28 1
30 33 -1
30 41 1
30 43 1
30 59 1
30 60 1
30 61 1
31 5 1
31 14 -1
31 17 1
31 18 -1
31 19 1
31 20 -1
31 24 1
31 26 1
31 27 1
31 29 -1
31 36 -1
31 44 1
31 53 -1
31 58 -1
31 64 -1
32 2 1
32 7 -1
32 8 -1
32 10 -1
32 13 1
32 17 -1
32 18 -1
32 19 1
32 21 1
32 22 -1
32 26 1
32 27 1
32 29 1
32 39 1
32 47 1
33 6 -1
33 9 -1
33 20 1
33 22 1
33 30 -1
33 36 1
33 38 -1
33 40 -1
33 41 1
33 44 1
33 45 1
33 46 1
33 48 1
33 57 -1
34 1 1
34 13 1
34 23 -1
34 27 -1
34 35 1
34 36 1
34 37 -1
34 39 1
34 41 1
34 43 -1
34 46 -1
34 48 -1
34 54 -1
34 60 1
35 2 1
35 11 1
35 12 1
35 20 -1
35 21 1
35 23 1
35 34 1
35 36 1
35 37 1
35 38 -1
35 39 -1
35 40 1
35 42 1
35 47 1
35 59 -1
35 60 -1
36 2 1
36 10 1
36 15 -1
36 16 -1
36 26 1
36 31 -1
36 33 1
36 34 1
36 35 1
36 37 -1
36 38 1
36 39 -1
36 41 1
36 42 -1
36 53 1
36 55 1
37 5 -1
37 7 -1
37 12 -1
37 17 1
37 20 1
37 21 1
37 34 -1
37 35 1
37 36 -1
37 38 -1
37 40 1
37 42 -1
37 44 1
37 45 1
37 52 -1
37 61 -1
38 1 -1
38 3 -1
38 11 1
38 33 -1
38 35 -1
38 36 1
38 37 -1
38 40 -1
38 43 1
38 46 1
38 47 1
38 49 1
38 55 1
38 57 1
38 61 1
39 13 1
39 14 1
39 24 1
39 26 1
39 32 1
39 34 1
39 35 -1
39 36 -1
39 40 -1
39 42 1
39 44 1
39 45 1
39 48 -1
39 50 1
39 54 -1
39 62 1
40 9 1
40 11 1
40 25 -1
40 33 -1
40 35 1
40 37 1
40 38 -1
40 39 -1
40 42 1
40 43 1
40 47 1
40 49 1
40 53 -1
40 57 -1
40 59 1
41 7 -1
41 19 -1
41 22 -1
41 23 -1
41 24 1
41 30 1
41 33 1
41 34 1
41 36 1
41 42 1
41 43 1
41 44 -1
41 45 1
41 46 -1
41 52 1
42 1 -1
42 2 1
42 16 1
42 19 1
42 35 1
42 36 -1
42 37 -1
42 39 1
42 40 1
42 41 1
42 45 -1
42 48 1
42 53 1
42 57 -1
42 61 -1
43 5 1
43 6 1
43 12 -1
43 15 1
43 30 1
43 34 -1
43 38 1
43 40 1
43 41 1
43 44 1
43 46 1
43 47 1
43 48 -1
43 49 -1
43 56 1
43 63 -1
44 11 -1
44 17 1
44 25 1
44 29 -1
44 31 1
44 33 1
44 37 1
44 39 1
44 41 -1
44 43 1
44 45 -1
44 46 1
44 47 -1
44 57 -1
45 1 1
45 15 1
45 16 1
45 22 1
45 23 -1
45 33 1
45 37 1
45 39 1
45 41 1
45 42 -1
45 44 -1
45 47 -1
45 48 1
45 50 -1
45 56 -1
46 21 1
46 25 1
46 27 1
46 33 1
46 34 -1
46 38 1
46 41 -1
46 43 1
46 44 1
46 47 -1
46 48 1
46 55 -1
46 57 1
46 59 1
46 61 -1
46 63 1
47 6 1
47 21 1
47 22 1
47 32 1
47 35 1
47 38 1
47 40 1
47 43 1
47 44 -1
47 45 -1
47 46 -1
47 48 1
47 49 1
47 51 1
47 63 1
48 3 -1
48 10 1
48 18 -1
48 19 -1
48 21 1
48 26 -1
48 29 1
48 33 1
48 34 -1
48 39 -1
48 42 1
48 43 -1
48 45 1
48 46 1
48 47 1
48 55 1
49 6 1
49 7 -1
49 12 1
49 25 -1
49 38 1
49 40 1
49 43 -1
49 47 1
49 51 -1
49 53 1
49 54 -1
49 56 1
49 57 1
49 61 1
49 63 -1
49 64 -1
50 5 1
50 7 1
50 9 1
50 11 1
50 39 1
50 45 -1
50 52 1
50 53 -1
50 55 -1
50 57 1
50 60 1
50 61 -1
50 62 1
50 64 1
51 1 -1
51 4 1
51 15 1
51 20 1
51 26 -1
51 47 1
51 49 -1
51 55 1
51 57 -1
51 58 -1
51 59 1
51 60 1
51 61 1
51 63 -1
52 3 1
52 18 1
52 25 -1
52 27 1
52 37 -1
52 41 1
52 50 1
52 55 1
52 56 1
52 58 -1
52 60 -1
52 61 1
52 63 -1
52 64 -1
53 2 1
53 18 1
53 27 -1
53 31 -1
53 36 1
53 40 -1
53 42 1
53 49 1
53 50 -1
53 56 -1
53 58 1
53 59 1
53 60 -1
53 62 -1
53 63 1
54 2 1
54 16 1
54 26 1
54 28 -1
54 34 -1
54 39 -1
54 49 -1
54 57 1
54 58 1
54 59 1
54 61 -1
54 62 1
54 63 1
54 64 -1
55 17 1
55 18 1
55 26 1
55 36 1
55 38 1
55 46 -1
55 48 1
55 50 -1
55 51 1
55 52 1
55 57 1
55 59 1
55 61 -1
55 63 -1
55 64 1
56 3 -1
56 4 -1
56 8 1
56 9 1
56 23 -1
56 27 1
56 43 1
56 45 -1
56 49 1
56 52 1
56 53 -1
56 57 1
56 59 -1
56 60 1
56 62 -1
56 64 1
57 19 -1
57 26 1
57 33 -1
57 38 1
57 40 -1
57 42 -1
57 44 -1
57 46 1
57 49 1
57 50 1
57 51 -1
57 54 1
57 55 1
57 56 1
57 60 -1
57 62 1
58 8 -1
58 10 1
58 16 1
58 28 1
58 31 -1
58 51 -1
58 52 -1
58 53 1
58 54 1
58 59 1
58 60 -1
58 61 1
58 63 -1
59 8 1
59 12 -1
59 20 1
59 24 1
59 30 1
59 35 -1
59 40 1
59 46 1
59 51 1
59 53 1
59 54 1
59 55 1
59 56 -1
59 58 1
59 62 1
59 64 -1
60 6 1
60 8 1
60 17 -1
60 25 1
60 30 1
60 34 1
60 35 -1
60 50 1
60 51 1
60 52 -1
60 53 -1
60 56 1
60 57 -1
60 58 -1
60 62 -1
61 4 1
61 14 1
61 30 1
61 37 -1
61 38 1
61 42 -1
61 46 -1
61 49 1
61 50 -1
61 51 1
61 52 1
61 54 -1
61 55 -1
61 58 1
61 63 1
62 1 1
62 8 -1
62 9 1
62 15 1
62 17 1
62 39 1
62 50 1
62 53 -1
62 54 1
62 56 -1
62 57 1
62 59 1
62 60 -1
62 64 -1
63 4 -1
63 6 1
63 16 -1
63 21 1
63 27 1
63 43 -1
63 46 1
63 47 1
63 49 -1
63 51 -1
63 52 -1
63 53 1
63 54 1
63 55 -1
63 58 -1
63 61 1
64 3 -1
64 12 -1
64 14 1
64 18 -1
64 21 -1
64 31 -1
64 49 -1
64 50 1
64 52 -1
64 54 -1
64 55 1
64 56 1
64 59 -1
64 62 -1
