1 2 -1
1 3 -1
1 5 -1
1 6 -1
1 7 -1
1 8 -1
1 10 -1
1 15 -1
1 20 -1
1 25 -1
1 32 -1
1 38 1
1 42 -1
1 47 -1
1 63 -1
2 1 -1
2 4 1
2 5 -1
2 9 -1
2 10 -1
2 12 -1
2 15 -1
2 16 -1
2 27 -1
2 29 -1
2 38 1
2 44 -1
2 49 -1
2 56 1
2 59 -1
3 1 -1
3 5 -1
3 6 -1
3 7 -1
3 11 -1
3 13 -1
3 14 -1
3 15 1
3 19 -1
3 21 -1
3 25 -1
3 29 -1
3 34 -1
3 39 -1
3 40 -1
3 54 -1
4 2 1
4 5 -1
4 6 -1
4 10 1
4 11 1
4 12 1
4 14 -1
4 15 -1
4 21 1
4 32 -1
4 36 1
4 41 -1
4 46 -1
4 49 -1
4 52 1
4 62 1
5 1 -1
5 2 -1
5 3 -1
5 4 -1
5 6 1
5 7 -1
5 9 -1
5 12 -1
5 19 1
5 22 -1
5 32 -1
5 44 -1
5 46 -1
5 51 1
5 52 -1
6 1 -1
6 3 -1
6 4 -1
6 5 1
6 9 -1
6 10 -1
6 13 -1
6 14 -1
6 34 1
6 35 1
6 38 -1
6 40 -1
6 50 -1
6 51 -1
6 59 -1
6 60 -1
7 1 -1
7 3 -1
7 5 -1
7 8 -1
7 9 -1
7 11 -1
7 12 -1
7 13 -1
7 30 -1
7 31 1
7 33 -1
7 37 1
7 43 -1
7 53 -1
7 57 -1
7 63 -1
8 1 -1
8 7 -1
8 9 -1
8 10 -1
8 13 -1
8 14 -1
8 15 -1
8 16 -1
8 20 -1
8 24 -1
8 25 -1
8 45 -1
8 47 1
8 57 -1
8 58 1
8 61 -1
9 2 -1
9 5 -1
9 6 -1
9 7 -1
9 8 -1
9 12 -1
9 13 -1
9 16 -1
9 18 1
9 23 -1
9 27 -1
9 34 1
9 51 -1
9 58 -1
9 62 -1
10 1 -1
10 2 -1
10 4 1
10 6 -1
10 8 -1
10 11 1
10 12 -1
10 16 -1
10 20 1
10 28 1
10 30 -1
10 31 -1
10 34 -1
10 46 -1
10 54 -1
11 3 -1
11 4 1
11 7 -1
11 10 1
11 13 -1
11 14 -1
11 15 -1
11 16 -1
11 22 -1
11 30 -1
11 34 -1
11 35 -1
11 46 -1
11 48 1
11 54 1
11 56 1
12 2 -1
12 4 1
12 5 -1
12 7 -1
12 9 -1
12 10 -1
12 13 -1
12 14 -1
12 31 -1
12 37 -1
12 46 -1
12 52 -1
12 53 -1
12 54 -1
12 62 -1
13 3 -1
13 6 -1
13 7 -1
13 8 -1
13 9 -1
13 11 -1
13 12 -1
13 16 1
13 17 -1
13 26 -1
13 28 -1
13 30 -1
13 33 -1
13 36 -1
13 41 -1
14 3 -1
14 4 -1
14 6 -1
14 8 -1
14 11 -1
14 12 -1
14 15 -1
14 16 -1
14 20 -1
14 42 1
14 49 -1
14 54 1
14 57 -1
14 59 -1
14 60 -1
15 1 -1
15 2 -1
15 3 1
15 4 -1
15 8 -1
15 11 -1
15 14 -1
15 16 -1
15 24 -1
15 30 -1
15 33 1
15 34 -1
15 38 -1
15 46 -1
15 53 -1
15 59 -1
16 2 -1
16 8 -1
16 9 -1
16 10 -1
16 11 -1
16 13 1
16 14 -1
16 15 -1
16 18 -1
16 22 -1
16 23 -1
16 28 -1
16 38 1
16 55 -1
17 13 -1
17 20 -1
17 24 1
17 25 -1
17 26 -1
17 28 -1
17 29 1
17 30 -1
17 32 1
17 34 1
17 40 1
17 54 -1
17 60 -1
17 61 -1
18 9 1
18 16 -1
18 20 -1
18 21 -1
18 22 -1
18 23 -1
18 24 -1
18 27 -1
18 30 -1
18 32 -1
18 43 1
18 46 -1
18 47 -1
18 50 -1
18 56 -1
19 3 -1
19 5 1
19 21 -1
19 22 1
19 23 -1
19 25 -1
19 26 -1
19 29 -1
19 31 -1
19 32 -1
19 36 -1
19 37 1
19 44 1
19 45 1
19 50 -1
19 56 -1
20 1 -1
20 8 -1
20 10 1
20 14 -1
20 17 -1
20 18 -1
20 21 -1
20 22 -1
20 23 -1
20 24 -1
20 27 -1
20 28 -1
20 43 -1
20 45 -1
20 47 -1
20 51 1
21 3 -1
21 4 1
21 18 -1
21 19 -1
21 20 -1
21 22 -1
21 24 -1
21 27 1
21 28 -1
21 30 -1
21 42 -1
21 43 -1
21 52 1
21 53 -1
21 56 -1
21 57 -1
22 5 -1
22 11 -1
22 16 -1
22 18 -1
22 19 1
22 20 -1
22 21 -1
22 25 -1
22 26 -1
22 30 -1
22 31 -1
22 49 1
22 54 -1
22 60 -1
22 61 -1
22 64 1
23 9 -1
23 16 -1
23 18 -1
23 19 -1
23 20 -1
23 24 1
23 25 -1
23 26 -1
23 31 1
23 32 -1
23 37 -1
23 48 1
23 49 -1
23 55 -1
23 58 -1
24 8 -1
24 15 -1
24 17 1
24 18 -1
24 20 -1
24 21 -1
24 23 1
24 26 -1
24 29 -1
24 31 -1
24 36 -1
24 42 -1
24 47 -1
24 52 -1
24 58 -1
24 64 1
25 1 -1
25 3 -1
25 8 -1
25 17 -1
25 19 -1
25 22 -1
25 23 -1
25 28 1
25 29 -1
25 30 -1
25 32 -1
25 42 -1
25 48 -1
25 53 -1
25 59 -1
25 62 -1
26 13 -1
26 17 -1
26 19 -1
26 22 -1
26 23 -1
26 24 -1
26 28 -1
26 29 -1
26 30 -1
26 33 -1
26 35 -1
26 37 -1
26 39 -1
26 45 -1
26 59 1
26 63 -1
27 2 -1
27 9 -1
27 18 -1
27 20 -1
27 21 1
27 28 -1
27 29 -1
27 30 1
27 31 -1
27 32 -1
27 41 -1
27 44 -1
27 48 1
27 50 -1
27 61 -1
28 10 1
28 13 -1
28 16 -1
28 17 -1
28 20 -1
28 21 -1
28 25 1
28 26 -1
28 27 -1
28 29 -1
28 32 -1
28 42 1
28 51 -1
28 52 1
29 2 -1
29 3 -1
29 17 1
29 19 -1
29 24 -1
29 25 -1
29 26 -1
29 27 -1
29 28 -1
29 31 -1
29 39 -1
29 41 -1
29 49 -1
29 62 -1
30 7 -1
30 10 -1
30 11 -1
30 13 -1
30 15 -1
30 17 -1
30 18 -1
30 21 -1
30 22 -1
30 25 -1
30 26 -1
30 27 1
30 31 -1
30 56 -1
30 64 -1
31 7 1
31 10 -1
31 12 -1
31 19 -1
31 22 -1
31 23 1
31 24 -1
31 27 -1
31 29 -1
31 30 -1
31 32 -1
31 39 -1
31 46 -1
31 64 -1
32 1 -1
32 4 -1
32 5 -1
32 17 1
32 18 -1
32 19 -1
32 23 -1
32 25 -1
32 27 -1
32 28 -1
32 31 -1
32 36 1
32 41 -1
32 50 -1
32 58 -1
33 7 -1
33 13 -1
33 15 1
33 26 -1
33 34 -1
33 35 1
33 37 1
33 38 -1
33 42 -1
33 43 -1
33 46 -1
33 47 -1
33 54 -1
33 56 -1
33 61 -1
33 62 1
34 3 -1
34 6 1
34 9 1
34 10 -1
34 11 -1
34 15 -1
34 17 1
34 33 -1
34 35 -1
34 37 -1
34 38 -1
34 39 -1
34 42 -1
34 44 1
34 45 -1
34 55 -1
35 6 1
35 11 -1
35 26 -1
35 33 1
35 34 -1
35 39 -1
35 43 -1
35 44 1
35 45 1
35 46 -1
35 48 -1
35 51 -1
35 55 1
35 59 -1
35 63 1
35 64 -1
36 4 1
36 13 -1
36 19 -1
36 24 -1
36 32 1
36 37 -1
36 38 -1
36 39 -1
36 40 1
36 41 1
36 43 -1
36 45 -1
36 48 1
36 58 -1
36 60 -1
37 7 1
37 12 -1
37 19 1
37 23 -1
37 26 -1
37 33 1
37 34 -1
37 36 -1
37 38 -1
37 40 1
37 45 -1
37 47 -1
37 48 -1
37 53 -1
37 63 -1
37 64 -1
38 1 1
38 2 1
38 6 -1
38 15 -1
38 16 1
38 33 -1
38 34 -1
38 36 -1
38 37 -1
38 41 1
38 42 -1
38 46 1
38 48 -1
38 51 -1
38 55 -1
38 59 -1
39 3 -1
39 26 -1
39 29 -1
39 31 -1
39 34 -1
39 35 -1
39 36 -1
39 40 -1
39 41 -1
39 44 -1
39 47 1
39 48 -1
39 53 -1
39 58 -1
39 61 1
40 3 -1
40 6 -1
40 17 1
40 36 1
40 37 1
40 39 -1
40 41 -1
40 43 1
40 44 -1
40 45 1
40 46 -1
40 49 -1
40 55 -1
40 63 1
41 4 -1
41 13 -1
41 27 -1
41 29 -1
41 32 -1
41 36 1
41 38 1
41 39 -1
41 40 -1
41 44 1
41 46 -1
41 47 -1
41 48 1
41 50 -1
42 1 -1
42 14 1
42 21 -1
42 24 -1
42 25 -1
42 28 1
42 33 -1
42 34 -1
42 38 -1
42 43 1
42 44 -1
42 45 -1
42 46 -1
42 47 -1
42 57 1
42 63 -1
43 7 -1
43 18 1
43 20 -1
43 21 -1
43 33 -1
43 35 -1
43 36 -1
43 40 1
43 42 1
43 44 -1
43 46 -1
43 47 -1
43 52 -1
43 53 1
43 55 -1
43 58 -1
44 2 -1
44 5 -1
44 19 1
44 27 -1
44 34 1
44 35 1
44 39 -1
44 40 -1
44 41 1
44 42 -1
44 43 -1
44 47 -1
44 50 -1
44 52 -1
44 57 -1
44 60 -1
45 8 -1
45 19 1
45 20 -1
45 26 -1
45 34 -1
45 35 1
45 36 -1
45 37 -1
45 40 1
45 42 -1
45 46 1
45 48 -1
45 57 -1
45 61 -1
45 62 -1
45 64 -1
46 4 -1
46 5 -1
46 10 -1
46 11 -1
46 12 -1
46 15 -1
46 18 -1
46 31 -1
46 33 -1
46 35 -1
46 38 1
46 40 -1
46 41 -1
46 42 -1
46 43 -1
46 45 1
47 1 -1
47 8 1
47 18 -1
47 20 -1
47 24 -1
47 33 -1
47 37 -1
47 39 1
47 41 -1
47 42 -1
47 43 -1
47 44 -1
47 48 -1
47 50 -1
47 55 -1
47 56 -1
48 11 1
48 23 1
48 25 -1
48 27 1
48 35 -1
48 36 1
48 37 -1
48 38 -1
48 39 -1
48 41 1
48 45 -1
48 47 -1
48 57 -1
48 61 -1
48 63 1
49 2 -1
49 4 -1
49 14 -1
49 22 1
49 23 -1
49 29 -1
49 40 -1
49 50 -1
49 52 -1
49 53 1
49 55 1
49 56 1
49 58 -1
49 60 -1
49 64 -1
50 6 -1
50 18 -1
50 19 -1
50 27 -1
50 32 -1
50 41 -1
50 44 -1
50 47 -1
50 49 -1
50 54 -1
50 55 1
50 56 -1
50 57 1
50 60 -1
50 63 -1
50 64 1
51 5 1
51 6 -1
51 9 -1
51 20 1
51 28 -1
51 35 -1
51 38 -1
51 52 -1
51 55 -1
51 57 -1
51 58 -1
51 59 -1
51 60 -1
51 61 -1
51 62 -1
52 4 1
52 5 -1
52 12 -1
52 21 1
52 24 -1
52 28 1
52 43 -1
52 44 -1
52 49 -1
52 51 -1
52 53 -1
52 54 -1
52 57 -1
52 59 -1
52 61 -1
52 63 -1
53 7 -1
53 12 -1
53 15 -1
53 21 -1
53 25 -1
53 37 -1
53 39 -1
53 43 1
53 49 1
53 52 -1
53 54 -1
53 56 -1
53 57 -1
53 60 1
53 63 1
53 64 -1
54 3 -1
54 10 -1
54 11 1
54 12 -1
54 14 1
54 17 -1
54 22 -1
54 33 -1
54 50 -1
54 52 -1
54 53 -1
54 55 -1
54 57 -1
54 58 -1
54 61 1
54 63 -1
55 16 -1
55 23 -1
55 34 -1
55 35 1
55 38 -1
55 40 -1
55 43 -1
55 47 -1
55 49 1
55 50 1
55 51 -1
55 54 -1
55 56 -1
55 58 -1
55 62 -1
55 63 -1
56 2 1
56 11 1
56 18 -1
56 19 -1
56 21 -1
56 30 -1
56 33 -1
56 47 -1
56 49 1
56 50 -1
56 53 -1
56 55 -1
56 58 -1
56 59 -1
56 62 -1
56 64 -1
57 7 -1
57 8 -1
57 14 -1
57 21 -1
57 42 1
57 44 -1
57 45 -1
57 48 -1
57 50 1
57 51 -1
57 52 -1
57 53 -1
57 54 -1
57 59 -1
57 61 -1
57 62 -1
58 8 1
58 9 -1
58 23 -1
58 24 -1
58 32 -1
58 36 -1
58 39 -1
58 43 -1
58 49 -1
58 51 -1
58 54 -1
58 55 -1
58 56 -1
58 59 -1
58 62 -1
58 63 -1
59 2 -1
59 6 -1
59 14 -1
59 15 -1
59 25 -1
59 26 1
59 35 -1
59 38 -1
59 51 -1
59 52 -1
59 56 -1
59 57 -1
59 58 -1
59 61 -1
59 63 1
59 64 -1
60 6 -1
60 14 -1
60 17 -1
60 22 -1
60 36 -1
60 44 -1
60 49 -1
60 50 -1
60 51 -1
60 53 1
60 61 1
60 62 -1
60 63 1
60 64 -1
61 8 -1
61 17 -1
61 22 -1
61 27 -1
61 33 -1
61 39 1
61 45 -1
61 48 -1
61 51 -1
61 52 -1
61 54 1
61 57 -1
61 59 -1
61 60 1
61 62 1
61 64 -1
62 4 1
62 9 -1
62 12 -1
62 25 -1
62 29 -1
62 33 1
62 45 -1
62 51 -1
62 55 -1
62 56 -1
62 57 -1
62 58 -1
62 60 -1
62 61 1
62 64 -1
63 1 -1
63 7 -1
63 26 -1
63 35 1
63 37 -1
63 40 1
63 42 -1
63 48 1
63 50 -1
63 52 -1
63 53 1
63 54 -1
63 55 -1
63 58 -1
63 59 1
63 60 1
64 22 1
64 24 1
64 30 -1
64 31 -1
64 35 -1
64 37 -1
64 45 -1
64 49 -1
64 50 1
64 53 -1
64 56 -1
64 59 -1
64 60 -1
64 61 -1
64 62 -1
