1 3 1
1 4 -1
1 5 -1
1 8 -1
1 10 -1
1 11 -1
1 13 1
1 16 -1
1 19 -1
1 24 -1
1 35 -1
1 52 -1
1 56 -1
1 57 -1
2 3 -1
2 5 -1
2 6 -1
2 7 -1
2 9 -1
2 12 -1
2 14 -1
2 15 -1
2 24 -1
2 40 -1
2 44 1
2 47 -1
2 49 -1
2 55 1
2 62 -1
2 63 -1
3 1 1
3 2 -1
3 4 -1
3 7 -1
3 8 -1
3 9 -1
3 10 -1
3 16 -1
3 20 -1
3 22 -1
3 34 -1
3 36 -1
3 41 -1
3 42 -1
3 51 -1
3 60 -1
4 1 -1
4 3 -1
4 5 1
4 6 1
4 7 -1
4 11 -1
4 12 -1
4 13 -1
4 22 -1
4 24 -1
4 27 -1
4 36 1
4 40 -1
4 46 1
4 57 -1
4 59 -1
5 1 -1
5 2 -1
5 4 1
5 6 1
5 8 -1
5 9 -1
5 11 -1
5 15 -1
5 17 -1
5 18 -1
5 24 -1
5 27 -1
5 40 -1
5 43 -1
5 47 -1
5 64 -1
6 2 -1
6 4 1
6 5 1
6 12 -1
6 13 -1
6 14 -1
6 15 -1
6 16 1
6 29 1
6 38 -1
6 52 -1
6 56 -1
6 57 -1
6 60 -1
6 62 -1
6 64 1
7 2 -1
7 3 -1
7 4 -1
7 8 -1
7 10 -1
7 12 1
7 15 -1
7 16 1
7 19 -1
7 32 -1
7 39 1
7 40 1
7 41 1
7 48 -1
7 49 -1
7 64 -1
8 1 -1
8 3 -1
8 5 -1
8 7 -1
8 9 -1
8 12 1
8 15 1
8 16 -1
8 19 -1
8 21 1
8 22 -1
8 32 -1
8 42 -1
8 54 -1
8 60 -1
8 64 1
9 2 -1
9 3 -1
9 5 -1
9 8 -1
9 10 -1
9 13 -1
9 14 -1
9 16 -1
9 28 -1
9 31 -1
9 48 -1
9 53 -1
9 59 -1
9 63 -1
9 64 1
10 1 -1
10 3 -1
10 7 -1
10 9 -1
10 11 1
10 12 -1
10 13 -1
10 14 -1
10 18 -1
10 19 -1
10 21 -1
10 23 -1
10 31 -1
10 33 1
10 45 1
11 1 -1
11 4 -1
11 5 -1
11 10 1
11 12 -1
11 13 -1
11 14 -1
11 16 -1
11 18 1
11 26 -1
11 27 -1
11 35 -1
11 44 -1
11 51 -1
11 53 -1
11 56 -1
12 2 -1
12 4 -1
12 6 -1
12 7 1
12 8 1
12 10 -1
12 11 -1
12 15 -1
12 27 -1
12 30 1
12 39 -1
12 44 -1
12 46 -1
12 57 1
13 1 1
13 4 -1
13 6 -1
13 9 -1
13 10 -1
13 11 -1
13 14 1
13 15 -1
13 17 -1
13 49 -1
13 51 -1
13 53 -1
13 58 -1
13 59 -1
13 60 -1
13 61 1
14 2 -1
14 6 -1
14 9 -1
14 10 -1
14 11 -1
14 13 1
14 15 -1
14 16 1
14 20 -1
14 25 -1
14 38 -1
14 47 1
14 49 -1
14 53 -1
14 54 -1
14 61 -1
15 2 -1
15 5 -1
15 6 -1
15 7 -1
15 8 1
15 12 -1
15 13 -1
15 14 -1
15 19 1
15 22 1
15 23 1
15 42 -1
15 52 1
15 56 -1
15 58 -1
15 59 1
16 1 -1
16 3 -1
16 6 1
16 7 1
16 8 -1
16 9 -1
16 11 -1
16 14 1
16 35 -1
16 39 -1
16 45 -1
16 47 -1
16 49 -1
16 59 1
16 63 -1
17 5 -1
17 13 -1
17 19 1
17 20 -1
17 21 1
17 22 -1
17 23 -1
17 24 1
17 26 -1
17 31 -1
17 39 -1
17 43 -1
17 53 -1
17 60 -1
18 5 -1
18 10 -1
18 11 1
18 19 -1
18 20 -1
18 22 -1
18 24 1
18 25 1
18 26 -1
18 28 -1
18 32 -1
18 34 1
18 37 -1
18 42 -1
18 50 -1
18 57 1
19 1 -1
19 7 -1
19 8 -1
19 10 -1
19 15 1
19 17 1
19 18 -1
19 20 -1
19 25 -1
19 27 -1
19 30 -1
19 31 -1
19 32 -1
19 38 -1
19 43 -1
20 3 -1
20 14 -1
20 17 -1
20 18 -1
20 19 -1
20 25 -1
20 27 -1
20 28 -1
20 29 -1
20 31 -1
20 33 1
20 43 1
20 55 -1
20 61 -1
21 8 1
21 10 -1
21 17 1
21 22 -1
21 23 -1
21 24 -1
21 26 -1
21 27 -1
21 30 -1
21 32 -1
21 37 -1
21 41 -1
21 45 1
21 49 -1
21 54 -1
21 57 -1
22 3 -1
22 4 -1
22 8 -1
22 15 1
22 17 -1
22 18 -1
22 21 -1
22 23 -1
22 24 -1
22 28 -1
22 30 -1
22 31 -1
22 37 -1
22 48 1
22 55 -1
22 63 -1
23 10 -1
23 15 1
23 17 -1
23 21 -1
23 22 -1
23 25 1
23 26 -1
23 29 -1
23 30 -1
23 31 -1
23 38 -1
23 43 1
23 46 -1
23 51 -1
23 61 -1
24 1 -1
24 2 -1
24 4 -1
24 5 -1
24 17 1
24 18 1
24 21 -1
24 22 -1
24 25 1
24 28 -1
24 29 -1
24 30 1
24 33 -1
24 53 -1
24 61 -1
25 14 -1
25 18 1
25 19 -1
25 20 -1
25 23 1
25 24 1
25 26 -1
25 29 -1
25 32 -1
25 37 -1
25 40 -1
25 41 1
25 46 -1
25 52 -1
25 62 -1
25 64 -1
26 11 -1
26 17 -1
26 18 -1
26 21 -1
26 23 -1
26 25 -1
26 27 -1
26 29 -1
26 32 -1
26 38 -1
26 39 -1
26 43 1
26 44 1
26 45 1
26 62 -1
27 4 -1
27 5 -1
27 11 -1
27 12 -1
27 19 -1
27 20 -1
27 21 -1
27 26 -1
27 28 -1
27 29 1
27 30 -1
27 32 1
27 41 -1
27 53 -1
27 56 -1
28 9 -1
28 18 -1
28 20 -1
28 22 -1
28 24 -1
28 27 -1
28 29 -1
28 30 -1
28 32 -1
28 35 1
28 39 -1
28 41 -1
28 45 -1
28 47 -1
28 54 -1
29 6 1
29 20 -1
29 23 -1
29 24 -1
29 25 -1
29 26 -1
29 27 1
29 28 -1
29 31 -1
29 33 1
29 38 -1
29 41 -1
29 51 -1
29 56 -1
29 58 -1
29 62 1
30 12 1
30 19 -1
30 21 -1
30 22 -1
30 23 -1
30 24 1
30 27 -1
30 28 -1
30 31 -1
30 44 -1
30 46 -1
30 50 -1
30 54 -1
30 64 -1
31 9 -1
31 10 -1
31 17 -1
31 19 -1
31 20 -1
31 22 -1
31 23 -1
31 29 -1
31 30 -1
31 32 -1
31 42 -1
31 48 -1
31 52 1
31 58 -1
31 60 -1
32 7 -1
32 8 -1
32 18 -1
32 19 -1
32 21 -1
32 25 -1
32 26 -1
32 27 1
32 28 -1
32 31 -1
32 34 -1
32 36 -1
32 48 -1
32 53 -1
33 10 1
33 20 1
33 24 -1
33 29 1
33 34 -1
33 35 1
33 36 1
33 41 -1
33 42 -1
33 43 -1
33 45 1
33 48 -1
33 50 -1
33 61 -1
34 3 -1
34 18 1
34 32 -1
34 33 -1
34 35 1
34 36 -1
34 39 -1
34 41 -1
34 42 1
34 45 -1
34 48 -1
34 50 -1
34 52 -1
34 62 -1
35 1 -1
35 11 -1
35 16 -1
35 28 1
35 33 1
35 34 1
35 38 1
35 39 1
35 43 -1
35 44 1
35 45 1
35 47 1
35 55 -1
35 58 1
35 62 -1
36 3 -1
36 4 1
36 32 -1
36 33 1
36 34 -1
36 38 -1
36 39 1
36 40 -1
36 44 -1
36 45 1
36 48 1
36 49 -1
36 50 -1
36 52 -1
36 55 -1
36 61 -1
37 18 -1
37 21 -1
37 22 -1
37 25 -1
37 38 1
37 39 -1
37 41 -1
37 43 1
37 44 -1
37 46 -1
37 47 1
37 48 -1
37 54 -1
37 56 1
37 58 -1
37 64 -1
38 6 -1
38 14 -1
38 19 -1
38 23 -1
38 26 -1
38 29 -1
38 35 1
38 36 -1
38 37 1
38 40 1
38 41 -1
38 44 1
38 46 1
38 47 -1
38 51 -1
38 57 -1
39 7 1
39 12 -1
39 16 -1
39 17 -1
39 26 -1
39 28 -1
39 34 -1
39 35 1
39 36 1
39 37 -1
39 41 -1
39 42 -1
39 46 -1
39 47 -1
39 50 -1
39 56 -1
40 2 -1
40 4 -1
40 5 -1
40 7 1
40 25 -1
40 36 -1
40 38 1
40 43 -1
40 44 -1
40 45 -1
40 46 -1
40 47 -1
40 48 1
40 57 -1
40 63 -1
41 3 -1
41 7 1
41 21 -1
41 25 1
41 27 -1
41 28 -1
41 29 -1
41 33 -1
41 34 -1
41 37 -1
41 38 -1
41 39 -1
41 43 1
41 45 -1
41 47 -1
41 51 1
42 3 -1
42 8 -1
42 15 -1
42 18 -1
42 31 -1
42 33 -1
42 34 1
42 39 -1
42 43 -1
42 45 -1
42 46 -1
42 47 -1
42 48 -1
42 51 -1
42 52 1
42 54 -1
43 5 -1
43 17 -1
43 19 -1
43 20 1
43 23 1
43 26 1
43 33 -1
43 35 -1
43 37 1
43 40 -1
43 41 1
43 42 -1
43 46 -1
43 48 -1
43 58 -1
43 59 -1
44 2 1
44 11 -1
44 12 -1
44 26 1
44 30 -1
44 35 1
44 36 -1
44 37 -1
44 38 1
44 40 -1
44 46 -1
44 47 -1
44 48 -1
44 49 -1
44 63 -1
45 10 1
45 16 -1
45 21 1
45 26 1
45 28 -1
45 33 1
45 34 -1
45 35 1
45 36 1
45 40 -1
45 41 -1
45 42 -1
45 46 -1
45 54 -1
45 55 -1
45 63 -1
46 4 1
46 12 -1
46 23 -1
46 25 -1
46 30 -1
46 37 -1
46 38 1
46 39 -1
46 40 -1
46 42 -1
46 43 -1
46 44 -1
46 45 -1
46 55 1
47 2 -1
47 5 -1
47 14 1
47 16 -1
47 28 -1
47 35 1
47 37 1
47 38 -1
47 39 -1
47 40 -1
47 41 -1
47 42 -1
47 44 -1
47 58 -1
47 59 -1
48 7 -1
48 9 -1
48 22 1
48 31 -1
48 32 -1
48 33 -1
48 34 -1
48 36 1
48 37 -1
48 40 1
48 42 -1
48 43 -1
48 44 -1
48 59 -1
48 61 -1
49 2 -1
49 7 -1
49 13 -1
49 14 -1
49 16 -1
49 21 -1
49 36 -1
49 44 -1
49 50 -1
49 51 -1
49 52 -1
49 57 1
49 60 -1
49 61 -1
49 63 -1
49 64 -1
50 18 -1
50 30 -1
50 33 -1
50 34 -1
50 36 -1
50 39 -1
50 49 -1
50 53 -1
50 54 -1
50 57 -1
50 58 1
50 60 -1
50 62 1
50 64 -1
51 3 -1
51 11 -1
51 13 -1
51 23 -1
51 29 -1
51 38 -1
51 41 1
51 42 -1
51 49 -1
51 52 -1
51 55 -1
51 57 -1
51 58 -1
51 59 -1
51 60 -1
51 63 -1
52 1 -1
52 6 -1
52 15 1
52 25 -1
52 31 1
52 34 -1
52 36 -1
52 42 1
52 49 -1
52 51 -1
52 53 -1
52 55 -1
52 56 -1
52 60 -1
52 62 -1
52 63 -1
53 9 -1
53 11 -1
53 13 -1
53 14 -1
53 17 -1
53 24 -1
53 27 -1
53 32 -1
53 50 -1
53 52 -1
53 54 -1
53 56 -1
53 59 -1
53 60 -1
53 62 -1
53 64 -1
54 8 -1
54 14 -1
54 21 -1
54 28 -1
54 30 -1
54 37 -1
54 42 -1
54 45 -1
54 50 -1
54 53 -1
54 56 -1
54 57 1
54 58 -1
54 59 -1
54 61 -1
54 63 1
55 2 1
55 20 -1
55 22 -1
55 35 -1
55 36 -1
55 45 -1
55 46 1
55 51 -1
55 52 -1
55 58 -1
55 59 -1
55 60 1
55 61 -1
55 62 1
55 64 -1
56 1 -1
56 6 -1
56 11 -1
56 15 -1
56 27 -1
56 29 -1
56 37 1
56 39 -1
56 52 -1
56 53 -1
56 54 -1
56 58 -1
56 59 -1
56 61 -1
56 62 -1
56 63 -1
57 1 -1
57 4 -1
57 6 -1
57 12 1
57 18 1
57 21 -1
57 38 -1
57 40 -1
57 49 1
57 50 -1
57 51 -1
57 54 1
57 61 -1
57 62 -1
57 63 -1
57 64 -1
58 13 -1
58 15 -1
58 29 -1
58 31 -1
58 35 1
58 37 -1
58 43 -1
58 47 -1
58 50 1
58 51 -1
58 54 -1
58 55 -1
58 56 -1
58 59 -1
58 61 1
58 64 1
59 4 -1
59 9 -1
59 13 -1
59 15 1
59 16 1
59 43 -1
59 47 -1
59 48 -1
59 51 -1
59 53 -1
59 54 -1
59 55 -1
59 56 -1
59 58 -1
59 63 1
59 64 -1
60 3 -1
60 6 -1
60 8 -1
60 13 -1
60 17 -1
60 31 -1
60 49 -1
60 50 -1
60 51 -1
60 52 -1
60 53 -1
60 55 1
60 61 -1
60 62 -1
61 13 1
61 14 -1
61 20 -1
61 23 -1
61 24 -1
61 33 -1
61 36 -1
61 48 -1
61 49 -1
61 54 -1
61 55 -1
61 56 -1
61 57 -1
61 58 1
61 60 -1
61 62 -1
62 2 -1
62 6 -1
62 25 -1
62 26 -1
62 29 1
62 34 -1
62 35 -1
62 50 1
62 52 -1
62 53 -1
62 55 1
62 56 -1
62 57 -1
62 60 -1
62 61 -1
63 2 -1
63 9 -1
63 16 -1
63 22 -1
63 40 -1
63 44 -1
63 45 -1
63 49 -1
63 51 -1
63 52 -1
63 54 1
63 56 -1
63 57 -1
63 59 1
63 64 -1
64 5 -1
64 6 1
64 7 -1
64 8 1
64 9 1
64 25 -1
64 30 -1
64 37 -1
64 49 -1
64 50 -1
64 53 -1
64 55 -1
64 57 -1
64 58 1
64 59 -1
64 63 -1
