1 2 -1
1 5 -1
1 8 1
1 9 1
1 10 -1
1 11 -1
1 12 1
1 14 -1
1 26 -1
1 33 1
1 42 -1
1 47 -1
1 53 1
1 55 -1
1 64 -1
2 1 -1
2 3 -1
2 4 -1
2 5 -1
2 7 -1
2 10 -1
2 11 -1
2 14 1
2 19 -1
2 20 1
2 23 -1
2 28 1
2 49 -1
2 50 1
2 52 1
3 2 -1
3 4 -1
3 5 -1
3 7 -1
3 8 1
3 9 1
3 14 1
3 16 -1
3 22 1
3 24 -1
3 25 -1
3 38 1
3 47 -1
3 55 -1
3 58 -1
4 2 -1
4 3 -1
4 5 -1
4 6 -1
4 11 -1
4 12 -1
4 13 -1
4 15 1
4 18 -1
4 24 -1
4 37 -1
4 40 1
4 51 -1
4 52 -1
4 62 -1
4 64 1
5 1 -1
5 2 -1
5 3 -1
5 4 -1
5 10 -1
5 11 -1
5 13 -1
5 16 1
5 23 -1
5 33 -1
5 36 -1
5 38 -1
5 39 -1
5 51 1
5 56 1
6 4 -1
6 7 -1
6 8 -1
6 10 1
6 12 -1
6 13 -1
6 15 -1
6 16 -1
6 17 -1
6 25 -1
6 33 1
6 34 1
6 41 -1
6 57 -1
7 2 -1
7 3 -1
7 6 -1
7 8 -1
7 9 1
7 12 1
7 15 -1
7 16 -1
7 27 -1
7 28 1
7 30 -1
7 40 1
7 52 1
7 60 -1
7 64 1
8 1 1
8 3 1
8 6 -1
8 7 -1
8 9 -1
8 11 -1
8 13 -1
8 15 -1
8 21 1
8 25 -1
8 31 -1
8 40 -1
8 48 -1
8 58 1
8 62 1
8 63 -1
9 1 1
9 3 1
9 7 1
9 8 -1
9 11 -1
9 13 1
9 14 -1
9 16 -1
9 30 -1
9 32 1
9 36 -1
9 44 1
9 46 -1
9 51 1
9 56 1
9 62 1
10 1 -1
10 2 -1
10 5 -1
10 6 1
10 11 -1
10 12 1
10 13 -1
10 16 -1
10 17 1
10 21 -1
10 41 -1
10 45 1
10 53 -1
10 63 1
11 1 -1
11 2 -1
11 4 -1
11 5 -1
11 8 -1
11 9 -1
11 10 -1
11 14 -1
11 22 1
11 30 -1
11 35 -1
11 37 1
11 45 -1
11 51 -1
11 57 -1
11 60 -1
12 1 1
12 4 -1
12 6 -1
12 7 1
12 10 1
12 13 1
12 14 -1
12 15 -1
12 28 -1
12 38 -1
12 44 -1
12 49 -1
12 50 1
12 54 -1
12 60 1
13 4 -1
13 5 -1
13 6 -1
13 8 -1
13 9 1
13 10 -1
13 12 1
13 15 -1
13 19 -1
13 33 -1
13 36 1
13 48 -1
13 52 -1
13 59 -1
13 61 -1
13 62 -1
14 1 -1
14 2 1
14 3 1
14 9 -1
14 11 -1
14 12 -1
14 15 1
14 16 1
14 20 -1
14 27 -1
14 28 1
14 42 1
14 47 1
14 48 -1
14 54 -1
14 62 -1
15 4 1
15 6 -1
15 7 -1
15 8 -1
15 12 -1
15 13 -1
15 14 1
15 16 -1
15 19 -1
15 20 1
15 39 1
15 41 -1
15 47 -1
15 52 1
15 54 -1
15 60 -1
16 3 -1
16 5 1
16 6 -1
16 7 -1
16 9 -1
16 10 -1
16 14 1
16 15 -1
16 20 -1
16 22 -1
16 28 1
16 35 -1
16 40 -1
16 43 -1
16 55 -1
16 57 -1
17 6 -1
17 10 1
17 18 -1
17 20 -1
17 23 -1
17 24 -1
17 26 -1
17 27 -1
17 29 1
17 31 -1
17 47 -1
17 48 -1
17 53 -1
17 58 -1
17 61 -1
18 4 -1
18 17 -1
18 19 -1
18 21 -1
18 25 1
18 26 -1
18 29 -1
18 30 1
18 31 1
18 38 -1
18 39 -1
18 40 -1
18 50 -1
18 55 1
18 60 1
18 63 -1
19 2 -1
19 13 -1
19 15 -1
19 18 -1
19 20 -1
19 22 -1
19 23 -1
19 26 -1
19 28 -1
19 30 -1
19 32 1
19 37 -1
19 38 1
19 42 -1
19 49 -1
19 62 -1
20 2 1
20 14 -1
20 15 1
20 16 -1
20 17 -1
20 19 -1
20 21 1
20 24 -1
20 25 1
20 26 -1
20 27 1
20 28 -1
20 33 -1
20 34 -1
20 50 -1
20 61 -1
21 8 1
21 10 -1
21 18 -1
21 20 1
21 22 -1
21 25 1
21 28 1
21 29 -1
21 30 1
21 31 -1
21 39 -1
21 45 -1
21 55 -1
21 59 1
22 3 1
22 11 1
22 16 -1
22 19 -1
22 21 -1
22 23 -1
22 24 -1
22 25 -1
22 27 1
22 29 1
22 32 1
22 35 -1
22 43 -1
22 44 -1
22 51 -1
22 58 -1
23 2 -1
23 5 -1
23 17 -1
23 19 -1
23 22 -1
23 24 1
23 26 1
23 28 1
23 30 1
23 32 -1
23 35 1
23 46 1
23 48 1
23 57 -1
23 61 -1
24 3 -1
24 4 -1
24 17 -1
24 20 -1
24 22 -1
24 23 1
24 25 -1
24 27 1
24 30 -1
24 32 -1
24 40 -1
24 41 -1
24 46 -1
24 48 1
24 60 -1
24 63 1
25 3 -1
25 6 -1
25 8 -1
25 18 1
25 20 1
25 21 1
25 22 -1
25 24 -1
25 28 -1
25 31 1
25 32 -1
25 36 -1
25 37 -1
25 47 -1
25 64 1
26 1 -1
26 17 -1
26 18 -1
26 19 -1
26 20 -1
26 23 1
26 27 -1
26 28 1
26 30 -1
26 42 -1
26 44 -1
26 46 -1
26 57 -1
26 58 -1
26 61 -1
26 63 -1
27 7 -1
27 14 -1
27 17 -1
27 20 1
27 22 1
27 24 1
27 26 -1
27 29 1
27 31 -1
27 32 -1
27 33 1
27 38 -1
27 39 -1
27 49 1
27 57 -1
27 64 -1
28 2 1
28 7 1
28 12 -1
28 14 1
28 16 1
28 19 -1
28 20 -1
28 21 1
28 23 1
28 25 -1
28 26 1
28 31 -1
28 32 1
28 43 -1
28 61 1
29 17 1
29 18 -1
29 21 -1
29 22 1
29 27 1
29 30 -1
29 31 -1
29 32 1
29 38 1
29 42 -1
29 48 -1
29 52 -1
29 56 -1
29 63 -1
30 7 -1
30 9 -1
30 11 -1
30 18 1
30 19 -1
30 21 1
30 23 1
30 24 -1
30 26 -1
30 29 -1
30 31 -1
30 42 1
30 45 -1
30 46 -1
30 54 1
30 63 -1
31 8 -1
31 17 -1
31 18 1
31 21 -1
31 25 1
31 27 -1
31 28 -1
31 29 -1
31 30 -1
31 36 1
31 37 -1
31 41 -1
31 50 -1
31 53 -1
31 56 -1
31 59 -1
32 9 1
32 19 1
32 22 1
32 23 -1
32 24 -1
32 25 -1
32 27 -1
32 28 1
32 29 1
32 34 1
32 35 -1
32 40 1
32 50 1
32 53 1
32 54 -1
32 59 -1
33 1 1
33 5 -1
33 6 1
33 13 -1
33 20 -1
33 27 1
33 35 1
33 36 -1
33 37 -1
33 38 -1
33 39 -1
33 43 -1
33 44 -1
33 46 -1
33 58 1
34 6 1
34 20 -1
34 32 1
34 36 -1
34 37 1
34 41 -1
34 42 -1
34 43 -1
34 45 -1
34 47 -1
34 48 -1
34 49 -1
34 51 -1
34 56 -1
35 11 -1
35 16 -1
35 22 -1
35 23 1
35 32 -1
35 33 1
35 36 -1
35 37 1
35 39 1
35 40 1
35 41 -1
35 46 -1
35 47 1
35 54 -1
35 62 -1
35 64 1
36 5 -1
36 9 -1
36 13 1
36 25 -1
36 31 1
36 33 -1
36 34 -1
36 35 -1
36 37 1
36 40 -1
36 41 -1
36 43 -1
36 48 -1
36 59 -1
37 4 -1
37 11 1
37 19 -1
37 25 -1
37 31 -1
37 33 -1
37 34 1
37 35 1
37 36 1
37 38 -1
37 39 -1
37 40 1
37 48 -1
37 52 -1
37 61 1
37 64 -1
38 3 1
38 5 -1
38 12 -1
38 18 -1
38 19 1
38 27 -1
38 29 1
38 33 -1
38 37 -1
38 39 1
38 40 -1
38 45 -1
38 46 -1
38 47 1
38 48 -1
39 5 -1
39 15 1
39 18 -1
39 21 -1
39 27 -1
39 33 -1
39 35 1
39 37 -1
39 38 1
39 40 1
39 41 -1
39 42 -1
39 45 -1
39 50 -1
39 53 -1
39 64 1
40 4 1
40 7 1
40 8 -1
40 16 -1
40 18 -1
40 24 -1
40 32 1
40 35 1
40 36 -1
40 37 1
40 38 -1
40 39 1
40 42 -1
40 45 1
40 47 1
40 56 -1
41 6 -1
41 10 -1
41 15 -1
41 24 -1
41 31 -1
41 34 -1
41 35 -1
41 36 -1
41 39 -1
41 42 1
41 44 -1
41 45 1
41 47 -1
41 62 -1
42 1 -1
42 14 1
42 19 -1
42 26 -1
42 29 -1
42 30 1
42 34 -1
42 39 -1
42 40 -1
42 41 1
42 44 1
42 45 1
42 46 -1
42 48 -1
42 49 -1
42 50 -1
43 16 -1
43 22 -1
43 28 -1
43 33 -1
43 34 -1
43 36 -1
43 44 -1
43 45 -1
43 46 -1
43 47 1
43 48 1
43 51 -1
43 55 -1
43 56 1
43 57 -1
44 9 1
44 12 -1
44 22 -1
44 26 -1
44 33 -1
44 41 -1
44 42 1
44 43 -1
44 45 -1
44 46 -1
44 47 -1
44 48 1
44 53 -1
44 54 -1
44 58 -1
44 63 -1
45 10 1
45 11 -1
45 21 -1
45 30 -1
45 34 -1
45 38 -1
45 39 -1
45 40 1
45 41 1
45 42 1
45 43 -1
45 44 -1
45 49 -1
45 57 -1
45 59 -1
46 9 -1
46 23 1
46 24 -1
46 26 -1
46 30 -1
46 33 -1
46 35 -1
46 38 -1
46 42 -1
46 43 -1
46 44 -1
46 47 -1
46 48 1
46 54 1
46 55 -1
46 59 -1
47 1 -1
47 3 -1
47 14 1
47 15 -1
47 17 -1
47 25 -1
47 34 -1
47 35 1
47 38 1
47 40 1
47 41 -1
47 43 1
47 44 -1
47 46 -1
47 59 1
48 8 -1
48 13 -1
48 14 -1
48 17 -1
48 23 1
48 24 1
48 29 -1
48 34 -1
48 36 -1
48 37 -1
48 38 -1
48 42 -1
48 43 1
48 44 1
48 46 1
48 61 1
49 2 -1
49 12 -1
49 19 -1
49 27 1
49 34 -1
49 42 -1
49 45 -1
49 51 -1
49 52 -1
49 53 -1
49 54 1
49 56 -1
49 58 1
49 62 -1
49 64 -1
50 2 1
50 12 1
50 18 -1
50 20 -1
50 31 -1
50 32 1
50 39 -1
50 42 -1
50 53 -1
50 54 1
50 55 -1
50 57 1
50 60 -1
50 61 -1
50 62 -1
50 63 -1
51 4 -1
51 5 1
51 9 1
51 11 -1
51 22 -1
51 34 -1
51 43 -1
51 49 -1
51 54 -1
51 57 -1
51 58 -1
51 59 1
51 61 -1
51 62 -1
51 64 -1
52 2 1
52 4 -1
52 7 1
52 13 -1
52 15 1
52 29 -1
52 37 -1
52 49 -1
52 55 -1
52 56 1
52 57 -1
52 58 -1
52 60 1
52 62 -1
52 63 -1
53 1 1
53 10 -1
53 17 -1
53 31 -1
53 32 1
53 39 -1
53 44 -1
53 49 -1
53 50 -1
53 55 1
53 56 -1
53 59 -1
53 60 1
53 62 -1
53 63 -1
54 12 -1
54 14 -1
54 15 -1
54 30 1
54 32 -1
54 35 -1
54 44 -1
54 46 1
54 49 1
54 50 1
54 51 -1
54 55 -1
54 56 -1
54 57 1
54 59 -1
54 64 1
55 1 -1
55 3 -1
55 16 -1
55 18 1
55 21 -1
55 43 -1
55 46 -1
55 50 -1
55 52 -1
55 53 1
55 54 -1
55 56 1
55 60 -1
55 61 -1
55 64 -1
56 5 1
56 9 1
56 29 -1
56 31 -1
56 34 -1
56 40 -1
56 43 1
56 49 -1
56 52 1
56 53 -1
56 54 -1
56 55 1
56 59 1
56 60 1
56 64 -1
57 6 -1
57 11 -1
57 16 -1
57 23 -1
57 26 -1
57 27 -1
57 43 -1
57 45 -1
57 50 1
57 51 -1
57 52 -1
57 54 1
57 58 -1
57 59 -1
57 62 -1
57 63 -1
58 3 -1
58 8 1
58 17 -1
58 22 -1
58 26 -1
58 33 1
58 44 -1
58 49 1
58 51 -1
58 52 -1
58 57 -1
58 59 -1
58 60 -1
58 61 -1
58 64 -1
59 13 -1
59 21 1
59 31 -1
59 32 -1
59 36 -1
59 45 -1
59 46 -1
59 47 1
59 51 1
59 53 -1
59 54 -1
59 56 1
59 57 -1
59 58 -1
59 60 -1
59 63 -1
60 7 -1
60 11 -1
60 12 1
60 15 -1
60 18 1
60 24 -1
60 50 -1
60 52 1
60 53 1
60 55 -1
60 56 1
60 58 -1
60 59 -1
60 61 1
61 13 -1
61 17 -1
61 20 -1
61 23 -1
61 26 -1
61 28 1
61 37 1
61 48 1
61 50 -1
61 51 -1
61 55 -1
61 58 -1
61 60 1
61 62 1
61 63 -1
61 64 -1
62 4 -1
62 8 1
62 9 1
62 13 -1
62 14 -1
62 19 -1
62 35 -1
62 41 -1
62 49 -1
62 50 -1
62 51 -1
62 52 -1
62 53 -1
62 57 -1
62 61 1
62 63 -1
63 8 -1
63 10 1
63 18 -1
63 24 1
63 26 -1
63 29 -1
63 30 -1
63 44 -1
63 50 -1
63 52 -1
63 53 -1
63 57 -1
63 59 -1
63 61 -1
63 62 -1
63 64 -1
64 1 -1
64 4 1
64 7 1
64 25 1
64 27 -1
64 35 1
64 37 -1
64 39 1
64 49 -1
64 51 -1
64 54 1
64 55 -1
64 56 -1
64 58 -1
64 61 -1
64 63 -1
