1 2 -1
1 3 1
1 8 -1
1 10 1
1 12 -1
1 13 1
1 14 1
1 15 1
1 24 -1
1 28 -1
1 29 1
1 34 1
1 37 -1
1 47 1
1 55 1
1 61 1
2 1 -1
2 3 -1
2 7 1
2 9 -1
2 10 -1
2 11 -1
2 14 -1
2 16 -1
2 22 -1
2 25 -1
2 33 1
2 38 -1
2 52 -1
2 57 -1
2 61 -1
2 63 -1
3 1 1
3 2 -1
3 4 1
3 6 1
3 7 1
3 8 -1
3 12 -1
3 16 1
3 24 -1
3 31 -1
3 34 1
3 41 -1
3 48 1
3 50 -1
3 55 -1
3 60 -1
4 3 1
4 5 -1
4 8 1
4 9 -1
4 10 -1
4 12 -1
4 13 -1
4 15 -1
4 35 1
4 37 -1
4 39 -1
4 47 1
4 51 1
4 63 1
4 64 1
5 4 -1
5 6 -1
5 7 -1
5 10 1
5 11 -1
5 13 -1
5 14 -1
5 16 -1
5 18 -1
5 21 1
5 23 -1
5 30 -1
5 34 1
5 50 -1
5 61 -1
5 63 -1
6 3 1
6 5 -1
6 7 -1
6 9 -1
6 12 1
6 13 1
6 14 -1
6 15 1
6 18 1
6 20 -1
6 22 -1
6 24 1
6 28 1
6 32 1
6 38 -1
7 2 1
7 3 1
7 5 -1
7 6 -1
7 8 1
7 9 -1
7 10 -1
7 14 -1
7 29 1
7 31 -1
7 33 -1
7 34 -1
7 41 1
7 45 1
7 48 -1
7 62 1
8 1 -1
8 3 -1
8 4 1
8 7 1
8 10 -1
8 11 -1
8 12 -1
8 13 1
8 20 -1
8 22 -1
8 30 -1
8 35 1
8 38 1
8 50 -1
8 63 -1
9 2 -1
9 4 -1
9 6 -1
9 7 -1
9 11 -1
9 14 -1
9 15 -1
9 16 -1
9 24 1
9 26 -1
9 39 -1
9 47 -1
9 48 -1
9 49 -1
9 64 -1
10 1 1
10 2 -1
10 4 -1
10 5 1
10 7 -1
10 8 -1
10 11 -1
10 13 1
10 23 -1
10 24 -1
10 28 1
10 45 1
10 51 1
10 55 1
10 59 -1
10 62 -1
11 2 -1
11 5 -1
11 8 -1
11 9 -1
11 10 -1
11 12 -1
11 14 1
11 15 -1
11 25 -1
11 33 -1
11 38 -1
11 41 1
11 45 1
11 58 -1
12 1 -1
12 3 -1
12 4 -1
12 6 1
12 8 -1
12 11 -1
12 15 1
12 16 -1
12 22 -1
12 23 -1
12 27 1
12 41 -1
12 44 1
12 56 -1
12 59 1
13 1 1
13 4 -1
13 5 -1
13 6 1
13 8 1
13 10 1
13 15 -1
13 16 -1
13 19 -1
13 21 1
13 30 1
13 36 1
13 38 -1
13 46 -1
13 58 1
13 60 -1
14 1 1
14 2 -1
14 5 -1
14 6 -1
14 7 -1
14 9 -1
14 11 1
14 16 -1
14 31 -1
14 39 -1
14 41 1
14 43 1
14 49 -1
14 53 -1
14 59 -1
15 1 1
15 4 -1
15 6 1
15 9 -1
15 11 -1
15 12 1
15 13 -1
15 16 1
15 19 1
15 24 1
15 25 1
15 36 -1
15 40 -1
15 44 1
15 52 1
15 57 1
16 2 -1
16 3 1
16 5 -1
16 9 -1
16 12 -1
16 13 -1
16 14 -1
16 15 1
16 20 -1
16 23 -1
16 29 -1
16 35 -1
16 40 -1
16 54 1
16 56 1
17 20 1
17 21 1
17 22 1
17 25 1
17 26 -1
17 27 1
17 30 1
17 32 -1
17 35 -1
17 39 1
17 40 -1
17 41 1
17 43 -1
17 54 -1
17 61 -1
18 5 -1
18 6 1
18 19 1
18 21 -1
18 24 1
18 27 1
18 28 -1
18 29 1
18 30 1
18 32 -1
18 37 -1
18 40 -1
18 42 -1
18 43 -1
18 49 1
18 61 -1
19 13 -1
19 15 1
19 18 1
19 20 1
19 23 1
19 24 -1
19 26 1
19 28 1
19 30 1
19 32 1
19 36 -1
19 38 1
19 44 -1
19 56 1
20 6 -1
20 8 -1
20 16 -1
20 17 1
20 19 1
20 22 -1
20 25 -1
20 27 -1
20 30 -1
20 31 -1
20 32 -1
20 51 -1
20 52 1
20 56 1
20 57 -1
21 5 1
21 13 1
21 17 1
21 18 -1
21 22 1
21 23 1
21 24 -1
21 26 -1
21 29 1
21 31 1
21 37 1
21 43 1
21 47 -1
21 53 -1
21 58 -1
22 2 -1
22 6 -1
22 8 -1
22 12 -1
22 17 1
22 20 -1
22 21 1
22 24 1
22 25 -1
22 27 -1
22 29 1
22 30 1
22 37 -1
22 49 1
22 53 -1
23 5 -1
23 10 -1
23 12 -1
23 16 -1
23 19 1
23 21 1
23 24 -1
23 25 -1
23 28 1
23 29 -1
23 30 -1
23 32 -1
23 35 -1
23 46 -1
23 57 1
24 1 -1
24 3 -1
24 6 1
24 9 1
24 10 -1
24 15 1
24 18 1
24 19 -1
24 21 -1
24 22 1
24 23 -1
24 25 -1
24 28 -1
24 31 -1
24 39 1
24 59 -1
25 2 -1
25 11 -1
25 15 1
25 17 1
25 20 -1
25 22 -1
25 23 -1
25 24 -1
25 27 1
25 29 -1
25 31 -1
25 36 -1
25 38 -1
25 46 -1
25 54 1
25 58 1
26 9 -1
26 17 -1
26 19 1
26 21 -1
26 27 -1
26 28 -1
26 29 1
26 31 -1
26 32 -1
26 40 -1
26 42 -1
26 51 -1
26 53 -1
26 56 -1
26 64 -1
27 12 1
27 17 1
27 18 1
27 20 -1
27 22 -1
27 25 1
27 26 -1
27 28 1
27 31 -1
27 33 1
27 42 1
27 43 1
27 44 -1
27 53 1
27 54 1
27 61 1
28 1 -1
28 6 1
28 10 1
28 18 -1
28 19 1
28 23 1
28 24 -1
28 26 -1
28 27 1
28 29 -1
28 32 -1
28 43 -1
28 44 1
28 60 1
28 64 -1
29 1 1
29 7 1
29 16 -1
29 18 1
29 21 1
29 22 1
29 23 -1
29 25 -1
29 26 1
29 28 -1
29 30 -1
29 34 -1
29 50 -1
29 55 -1
29 56 1
29 63 -1
30 5 -1
30 8 -1
30 13 1
30 17 1
30 18 1
30 19 1
30 20 -1
30 22 1
30 23 -1
30 29 -1
30 31 1
30 37 -1
30 40 -1
30 48 -1
30 57 -1
31 3 -1
31 7 -1
31 14 -1
31 20 -1
31 21 1
31 24 -1
31 25 -1
31 26 -1
31 27 -1
31 30 1
31 32 -1
31 45 -1
31 46 -1
31 52 1
31 53 1
31 59 1
32 6 1
32 17 -1
32 18 -1
32 19 1
32 20 -1
32 23 -1
32 26 -1
32 28 -1
32 31 -1
32 38 1
32 51 -1
32 54 1
32 56 -1
32 62 -1
32 64 -1
33 2 1
33 7 -1
33 11 -1
33 27 1
33 35 1
33 39 -1
33 40 1
33 41 1
33 42 -1
33 44 -1
33 46 1
33 48 -1
33 50 -1
33 54 -1
33 55 -1
34 1 1
34 3 1
34 5 1
34 7 -1
34 29 -1
34 37 1
34 39 -1
34 40 1
34 41 -1
34 42 -1
34 43 -1
34 45 -1
34 47 1
34 50 1
34 57 1
34 64 1
35 4 1
35 8 1
35 16 -1
35 17 -1
35 23 -1
35 33 1
35 36 1
35 37 -1
35 38 -1
35 41 -1
35 42 -1
35 46 -1
35 47 -1
35 50 -1
35 52 1
35 53 -1
36 13 1
36 15 -1
36 19 -1
36 25 -1
36 35 1
36 40 1
36 41 -1
36 42 -1
36 43 1
36 44 -1
36 47 -1
36 48 1
36 49 1
36 55 -1
37 1 -1
37 4 -1
37 18 -1
37 21 1
37 22 -1
37 30 -1
37 34 1
37 35 -1
37 38 -1
37 42 1
37 43 -1
37 45 -1
37 46 1
37 47 1
37 51 -1
37 59 -1
38 2 -1
38 6 -1
38 8 1
38 11 -1
38 13 -1
38 19 1
38 25 -1
38 32 1
38 35 -1
38 37 -1
38 40 1
38 42 -1
38 45 1
38 46 1
38 47 -1
38 48 -1
39 4 -1
39 9 -1
39 14 -1
39 17 1
39 24 1
39 33 -1
39 34 -1
39 40 -1
39 41 -1
39 44 -1
39 45 1
39 47 -1
39 48 1
39 51 -1
39 58 -1
40 15 -1
40 16 -1
40 17 -1
40 18 -1
40 26 -1
40 30 -1
40 33 1
40 34 1
40 36 1
40 38 1
40 39 -1
40 43 1
40 44 1
40 45 -1
40 49 -1
40 59 1
41 3 -1
41 7 1
41 11 1
41 12 -1
41 14 1
41 17 1
41 33 1
41 34 -1
41 35 -1
41 36 -1
41 39 -1
41 43 -1
41 46 1
41 48 -1
41 53 1
41 61 -1
42 18 -1
42 26 -1
42 27 1
42 33 -1
42 34 -1
42 35 -1
42 36 -1
42 37 1
42 38 -1
42 45 1
42 48 1
42 50 -1
42 52 -1
42 62 -1
42 63 -1
42 64 -1
43 14 1
43 17 -1
43 18 -1
43 21 1
43 27 1
43 28 -1
43 34 -1
43 36 1
43 37 -1
43 40 1
43 41 -1
43 44 1
43 46 -1
43 47 -1
43 49 1
43 54 1
44 12 1
44 15 1
44 19 -1
44 27 -1
44 28 1
44 33 -1
44 36 -1
44 39 -1
44 40 1
44 43 1
44 45 -1
44 46 1
44 48 1
44 55 1
44 60 1
44 62 1
45 7 1
45 10 1
45 11 1
45 31 -1
45 34 -1
45 37 -1
45 38 1
45 39 1
45 40 -1
45 42 1
45 44 -1
45 46 -1
45 54 1
45 58 -1
45 59 -1
45 60 -1
46 13 -1
46 23 -1
46 25 -1
46 31 -1
46 33 1
46 35 -1
46 37 1
46 38 1
46 41 1
46 43 -1
46 44 1
46 45 -1
46 49 1
46 60 1
46 62 -1
46 63 1
47 1 1
47 4 1
47 9 -1
47 21 -1
47 34 1
47 35 -1
47 36 -1
47 37 1
47 38 -1
47 39 -1
47 43 -1
47 48 -1
47 55 -1
47 57 1
47 60 1
47 63 1
48 3 1
48 7 -1
48 9 -1
48 30 -1
48 33 -1
48 36 1
48 38 -1
48 39 1
48 41 -1
48 42 1
48 44 1
48 47 -1
48 52 -1
48 60 1
48 62 1
49 9 -1
49 14 -1
49 18 1
49 22 1
49 36 1
49 40 -1
49 43 1
49 46 1
49 50 -1
49 51 1
49 53 -1
49 54 -1
49 55 -1
49 57 1
49 61 -1
49 64 -1
50 3 -1
50 5 -1
50 8 -1
50 29 -1
50 33 -1
50 34 1
50 35 -1
50 42 -1
50 49 -1
50 51 1
50 52 -1
50 53 -1
50 54 -1
50 59 1
50 62 -1
50 63 -1
51 4 1
51 10 1
51 20 -1
51 26 -1
51 32 -1
51 37 -1
51 39 -1
51 49 1
51 50 1
51 55 -1
51 56 -1
51 57 -1
51 58 1
51 59 1
51 63 -1
52 2 -1
52 15 1
52 20 1
52 31 1
52 35 1
52 42 -1
52 48 -1
52 50 -1
52 53 -1
52 54 -1
52 55 -1
52 56 -1
52 57 -1
52 60 1
52 61 -1
53 14 -1
53 21 -1
53 22 -1
53 26 -1
53 27 1
53 31 1
53 35 -1
53 41 1
53 49 -1
53 50 -1
53 52 -1
53 56 1
53 57 -1
53 61 -1
53 62 1
53 63 1
54 16 1
54 17 -1
54 25 1
54 27 1
54 32 1
54 33 -1
54 43 1
54 45 1
54 49 -1
54 50 -1
54 52 -1
54 55 -1
54 56 -1
54 58 1
54 60 -1
54 62 1
55 1 1
55 3 -1
55 10 1
55 29 -1
55 33 -1
55 36 -1
55 44 1
55 47 -1
55 49 -1
55 51 -1
55 52 -1
55 54 -1
55 56 -1
55 57 -1
55 60 1
55 63 1
56 12 -1
56 16 1
56 19 1
56 20 1
56 26 -1
56 29 1
56 32 -1
56 51 -1
56 52 -1
56 53 1
56 54 -1
56 55 -1
56 59 -1
56 61 1
56 64 1
57 2 -1
57 15 1
57 20 -1
57 23 1
57 30 -1
57 34 1
57 47 1
57 49 1
57 51 -1
57 52 -1
57 53 -1
57 55 -1
57 59 -1
57 60 -1
57 62 1
58 11 -1
58 13 1
58 21 -1
58 25 1
58 39 -1
58 45 -1
58 51 1
58 54 1
58 59 -1
58 60 1
58 61 -1
58 62 1
58 63 -1
58 64 -1
59 10 -1
59 12 1
59 14 -1
59 24 -1
59 31 1
59 37 -1
59 40 1
59 45 -1
59 50 1
59 51 1
59 56 -1
59 57 -1
59 58 -1
59 61 -1
59 62 -1
59 64 1
60 3 -1
60 13 -1
60 28 1
60 44 1
60 45 -1
60 46 1
60 47 1
60 48 1
60 52 1
60 54 -1
60 55 1
60 57 -1
60 58 1
60 61 1
60 63 -1
60 64 -1
61 1 1
61 2 -1
61 5 -1
61 17 -1
61 18 -1
61 27 1
61 41 -1
61 49 -1
61 52 -1
61 53 -1
61 56 1
61 58 -1
61 59 -1
61 60 1
61 64 1
62 7 1
62 10 -1
62 32 -1
62 42 -1
62 44 1
62 46 -1
62 48 1
62 50 -1
62 53 1
62 54 1
62 57 1
62 58 1
62 59 -1
62 63 -1
62 64 1
63 2 -1
63 4 1
63 5 -1
63 8 -1
63 29 -1
63 42 -1
63 46 1
63 47 1
63 50 -1
63 51 -1
63 53 1
63 55 1
63 58 -1
63 60 -1
63 62 -1
63 64 -1
64 4 1
64 9 -1
64 26 -1
64 28 -1
64 32 -1
64 34 1
64 42 -1
64 49 -1
64 56 1
64 58 -1
64 59 1
64 60 -1
64 61 1
64 62 1
64 63 -1
