1 2 -1
1 4 1
1 5 -1
1 6 -1
1 9 -1
1 10 -1
1 11 1
1 13 -1
1 17 -1
1 18 -1
1 19 1
1 26 1
1 32 -1
1 36 1
1 43 -1
1 47 -1
2 1 -1
2 4 -1
2 5 -1
2 6 -1
2 8 -1
2 9 1
2 10 -1
2 11 -1
2 25 1
2 26 -1
2 52 -1
2 54 1
2 56 -1
2 58 -1
2 61 1
2 62 -1
3 4 -1
3 5 1
3 7 -1
3 8 -1
3 9 1
3 10 1
3 13 -1
3 15 -1
3 17 -1
3 25 -1
3 35 -1
3 42 -1
3 51 -1
3 55 -1
3 61 -1
4 1 1
4 2 -1
4 3 -1
4 7 -1
4 9 -1
4 14 -1
4 15 -1
4 16 -1
4 18 1
4 37 -1
4 40 1
4 45 1
4 49 -1
4 53 1
4 59 -1
5 1 -1
5 2 -1
5 3 1
5 6 -1
5 12 -1
5 13 -1
5 14 -1
5 16 -1
5 21 1
5 22 -1
5 24 -1
5 40 -1
5 44 1
5 50 -1
5 56 -1
5 60 1
6 1 -1
6 2 -1
6 5 -1
6 9 -1
6 10 -1
6 11 1
6 12 -1
6 16 -1
6 21 1
6 24 -1
6 25 -1
6 31 -1
6 40 -1
6 49 -1
6 57 -1
6 63 -1
7 3 -1
7 4 -1
7 8 -1
7 11 -1
7 12 -1
7 13 -1
7 15 -1
7 16 -1
7 20 -1
7 23 -1
7 28 -1
7 39 -1
7 52 -1
7 53 -1
7 58 -1
8 2 -1
8 3 -1
8 7 -1
8 11 -1
8 12 -1
8 13 -1
8 14 -1
8 15 -1
8 17 -1
8 31 -1
8 33 -1
8 36 -1
8 37 -1
8 39 -1
8 40 1
8 59 1
9 1 -1
9 2 1
9 3 1
9 4 -1
9 6 -1
9 10 -1
9 12 -1
9 14 1
9 25 -1
9 34 -1
9 39 -1
9 40 -1
9 49 -1
9 53 1
9 61 1
9 63 -1
10 1 -1
10 2 -1
10 3 1
10 6 -1
10 9 -1
10 11 -1
10 12 -1
10 14 1
10 27 -1
10 31 1
10 39 -1
10 42 1
10 44 -1
10 45 1
10 54 -1
11 1 1
11 2 -1
11 6 1
11 7 -1
11 8 -1
11 10 -1
11 13 -1
11 14 -1
11 20 -1
11 31 -1
11 33 -1
11 35 -1
11 38 -1
11 45 -1
11 52 -1
12 5 -1
12 6 -1
12 7 -1
12 8 -1
12 9 -1
12 10 -1
12 15 -1
12 16 -1
12 20 1
12 28 -1
12 36 -1
12 40 -1
12 46 1
12 54 -1
12 63 -1
12 64 -1
13 1 -1
13 3 -1
13 5 -1
13 7 -1
13 8 -1
13 11 -1
13 15 -1
13 16 1
13 28 -1
13 35 -1
13 36 1
13 38 1
13 46 -1
13 49 -1
13 57 -1
14 4 -1
14 5 -1
14 8 -1
14 9 1
14 10 1
14 11 -1
14 15 -1
14 16 -1
14 24 -1
14 30 -1
14 34 -1
14 36 -1
14 43 1
14 55 -1
14 64 -1
15 3 -1
15 4 -1
15 7 -1
15 8 -1
15 12 -1
15 13 -1
15 14 -1
15 16 -1
15 24 -1
15 35 -1
15 42 1
15 49 -1
15 54 -1
15 58 -1
15 62 -1
16 4 -1
16 5 -1
16 6 -1
16 7 -1
16 12 -1
16 13 1
16 14 -1
16 15 -1
16 18 1
16 25 1
16 32 1
16 33 -1
16 41 -1
16 49 -1
16 64 -1
17 1 -1
17 3 -1
17 8 -1
17 18 1
17 19 1
17 24 -1
17 26 -1
17 27 -1
17 30 -1
17 31 -1
17 32 -1
17 44 1
17 53 -1
17 60 -1
17 63 -1
17 64 1
18 1 -1
18 4 1
18 16 1
18 17 1
18 19 -1
18 21 1
18 24 -1
18 26 -1
18 30 -1
18 31 1
18 32 -1
18 36 -1
18 42 -1
18 45 -1
18 63 -1
19 1 1
19 17 1
19 18 -1
19 21 -1
19 22 -1
19 25 -1
19 28 -1
19 30 -1
19 31 -1
19 34 -1
19 37 -1
19 44 -1
19 45 1
19 56 1
19 59 -1
19 62 1
20 7 -1
20 11 -1
20 12 1
20 21 -1
20 24 -1
20 25 -1
20 26 1
20 27 -1
20 29 -1
20 30 -1
20 32 -1
20 34 1
20 47 -1
20 51 -1
20 57 1
21 5 1
21 6 1
21 18 1
21 19 -1
21 20 -1
21 22 -1
21 24 -1
21 25 -1
21 27 -1
21 29 -1
21 35 -1
21 38 -1
21 48 -1
21 55 1
21 58 1
21 60 -1
22 5 -1
22 19 -1
22 21 -1
22 23 -1
22 24 -1
22 26 -1
22 29 -1
22 31 -1
22 32 1
22 34 -1
22 45 -1
22 50 -1
22 51 1
22 56 -1
22 58 1
23 7 -1
23 22 -1
23 25 -1
23 27 -1
23 28 -1
23 29 -1
23 30 -1
23 31 -1
23 32 1
23 38 -1
23 43 -1
23 46 -1
23 55 -1
23 56 -1
23 61 -1
23 62 -1
24 5 -1
24 6 -1
24 14 -1
24 15 -1
24 17 -1
24 18 -1
24 20 -1
24 21 -1
24 22 -1
24 25 -1
24 27 -1
24 29 1
24 33 -1
24 43 -1
24 49 -1
24 62 1
25 2 1
25 3 -1
25 6 -1
25 9 -1
25 16 1
25 19 -1
25 20 -1
25 21 -1
25 23 -1
25 24 -1
25 27 -1
25 28 1
25 31 -1
25 34 -1
25 47 -1
25 54 -1
26 1 1
26 2 -1
26 17 -1
26 18 -1
26 20 1
26 22 -1
26 27 -1
26 28 -1
26 29 -1
26 32 -1
26 35 -1
26 40 -1
26 47 1
26 56 -1
26 59 -1
26 61 -1
27 10 -1
27 17 -1
27 20 -1
27 21 -1
27 23 -1
27 24 -1
27 25 -1
27 26 -1
27 28 -1
27 41 -1
27 43 -1
27 44 -1
27 47 1
27 48 -1
27 55 -1
27 62 1
28 7 -1
28 12 -1
28 13 -1
28 19 -1
28 23 -1
28 25 1
28 26 -1
28 27 -1
28 29 -1
28 31 -1
28 32 -1
28 38 1
28 39 -1
28 40 -1
28 44 -1
28 64 -1
29 20 -1
29 21 -1
29 22 -1
29 23 -1
29 24 1
29 26 -1
29 28 -1
29 30 -1
29 45 -1
29 46 -1
29 52 1
29 53 1
29 55 1
29 56 -1
29 57 1
30 14 -1
30 17 -1
30 18 -1
30 19 -1
30 20 -1
30 23 -1
30 29 -1
30 31 1
30 32 -1
30 38 1
30 41 -1
30 52 -1
30 59 -1
30 64 -1
31 6 -1
31 8 -1
31 10 1
31 11 -1
31 17 -1
31 18 1
31 19 -1
31 22 -1
31 23 -1
31 25 -1
31 28 -1
31 30 1
31 38 -1
31 41 -1
31 60 -1
32 1 -1
32 16 1
32 17 -1
32 18 -1
32 20 -1
32 22 1
32 23 1
32 26 -1
32 28 -1
32 30 -1
32 34 -1
32 47 -1
32 48 -1
32 51 -1
32 63 -1
33 8 -1
33 11 -1
33 16 -1
33 24 -1
33 34 -1
33 35 -1
33 39 1
33 40 -1
33 41 -1
33 42 -1
33 45 -1
33 47 -1
33 50 -1
33 60 -1
33 63 -1
33 64 -1
34 9 -1
34 14 -1
34 19 -1
34 20 1
34 22 -1
34 25 -1
34 32 -1
34 33 -1
34 35 -1
34 36 -1
34 37 -1
34 38 -1
34 41 -1
34 42 -1
34 45 1
35 3 -1
35 11 -1
35 13 -1
35 15 -1
35 21 -1
35 26 -1
35 33 -1
35 34 -1
35 36 1
35 39 -1
35 43 -1
35 45 -1
35 46 -1
35 48 -1
35 61 -1
36 1 1
36 8 -1
36 12 -1
36 13 1
36 14 -1
36 18 -1
36 34 -1
36 35 1
36 38 1
36 40 -1
36 42 -1
36 44 -1
36 45 -1
36 48 -1
36 53 -1
36 57 1
37 4 -1
37 8 -1
37 19 -1
37 34 -1
37 38 -1
37 39 -1
37 40 -1
37 44 -1
37 45 1
37 46 -1
37 47 -1
37 50 -1
37 56 -1
37 57 -1
37 60 -1
38 11 -1
38 13 1
38 21 -1
38 23 -1
38 28 1
38 30 1
38 31 -1
38 34 -1
38 36 1
38 37 -1
38 40 1
38 43 -1
38 44 -1
38 46 -1
38 48 1
38 61 -1
39 7 -1
39 8 -1
39 9 -1
39 10 -1
39 28 -1
39 33 1
39 35 -1
39 37 -1
39 40 -1
39 41 -1
39 45 -1
39 46 -1
39 47 -1
39 54 -1
39 59 -1
40 4 1
40 5 -1
40 6 -1
40 8 1
40 9 -1
40 12 -1
40 26 -1
40 28 -1
40 33 -1
40 36 -1
40 37 -1
40 38 1
40 39 -1
40 42 -1
40 46 -1
40 47 -1
41 16 -1
41 27 -1
41 30 -1
41 31 -1
41 33 -1
41 34 -1
41 39 -1
41 42 -1
41 43 -1
41 44 -1
41 45 1
41 48 1
41 51 -1
41 58 1
41 59 -1
42 3 -1
42 10 1
42 15 1
42 18 -1
42 33 -1
42 34 -1
42 36 -1
42 40 -1
42 41 -1
42 43 -1
42 47 -1
42 48 -1
42 50 -1
42 55 -1
42 62 -1
42 63 1
43 1 -1
43 14 1
43 23 -1
43 24 -1
43 27 -1
43 35 -1
43 38 -1
43 41 -1
43 42 -1
43 44 -1
43 46 -1
43 47 -1
43 48 -1
43 49 -1
43 60 -1
44 5 1
44 10 -1
44 17 1
44 19 -1
44 27 -1
44 28 -1
44 36 -1
44 37 -1
44 38 -1
44 41 -1
44 43 -1
44 46 -1
44 47 -1
44 48 -1
44 52 -1
44 61 -1
45 4 1
45 10 1
45 11 -1
45 18 -1
45 19 1
45 22 -1
45 29 -1
45 33 -1
45 34 1
45 35 -1
45 36 -1
45 37 1
45 39 -1
45 41 1
45 48 -1
45 53 -1
46 12 1
46 13 -1
46 23 -1
46 29 -1
46 35 -1
46 37 -1
46 38 -1
46 39 -1
46 40 -1
46 43 -1
46 44 -1
46 47 -1
46 51 -1
46 52 -1
46 58 -1
46 62 -1
47 1 -1
47 20 -1
47 25 -1
47 26 1
47 27 1
47 32 -1
47 33 -1
47 37 -1
47 39 -1
47 40 -1
47 42 -1
47 43 -1
47 44 -1
47 46 -1
47 51 -1
47 54 -1
48 21 -1
48 27 -1
48 32 -1
48 35 -1
48 36 -1
48 38 1
48 41 1
48 42 -1
48 43 -1
48 44 -1
48 45 -1
48 50 1
48 55 -1
48 64 -1
49 4 -1
49 6 -1
49 9 -1
49 13 -1
49 15 -1
49 16 -1
49 24 -1
49 43 -1
49 52 -1
49 55 -1
49 56 -1
49 57 -1
49 60 1
49 61 -1
49 63 -1
49 64 1
50 5 -1
50 22 -1
50 33 -1
50 37 -1
50 42 -1
50 48 1
50 53 -1
50 54 -1
50 55 -1
50 57 1
50 59 -1
50 60 -1
50 61 -1
50 63 -1
51 3 -1
51 20 -1
51 22 1
51 32 -1
51 41 -1
51 46 -1
51 47 -1
51 53 -1
51 54 -1
51 55 -1
51 56 1
51 57 -1
51 58 -1
51 59 -1
51 60 1
52 2 -1
52 7 -1
52 11 -1
52 29 1
52 30 -1
52 44 -1
52 46 -1
52 49 -1
52 53 -1
52 55 -1
52 56 -1
52 60 1
52 62 -1
52 63 1
52 64 -1
53 4 1
53 7 -1
53 9 1
53 17 -1
53 29 1
53 36 -1
53 45 -1
53 50 -1
53 51 -1
53 52 -1
53 54 -1
53 59 -1
53 62 1
53 63 1
53 64 -1
54 2 1
54 10 -1
54 12 -1
54 15 -1
54 25 -1
54 39 -1
54 47 -1
54 50 -1
54 51 -1
54 53 -1
54 55 -1
54 58 -1
54 59 -1
54 61 -1
54 62 -1
55 3 -1
55 14 -1
55 21 1
55 23 -1
55 27 -1
55 29 1
55 42 -1
55 48 -1
55 49 -1
55 50 -1
55 51 -1
55 52 -1
55 54 -1
55 57 -1
55 61 -1
55 63 -1
56 2 -1
56 5 -1
56 19 1
56 22 -1
56 23 -1
56 26 -1
56 29 -1
56 37 -1
56 49 -1
56 51 1
56 52 -1
56 57 1
56 59 -1
56 61 -1
56 62 -1
56 64 1
57 6 -1
57 13 -1
57 20 1
57 29 1
57 36 1
57 37 -1
57 49 -1
57 50 1
57 51 -1
57 55 -1
57 56 1
57 58 -1
57 61 -1
57 63 1
58 2 -1
58 7 -1
58 15 -1
58 21 1
58 22 1
58 41 1
58 46 -1
58 51 -1
58 54 -1
58 57 -1
58 59 -1
58 60 -1
58 61 -1
58 62 -1
58 64 -1
59 4 -1
59 8 1
59 19 -1
59 26 -1
59 30 -1
59 39 -1
59 41 -1
59 50 -1
59 51 -1
59 53 -1
59 54 -1
59 56 -1
59 58 -1
59 62 -1
59 64 -1
60 5 1
60 17 -1
60 21 -1
60 31 -1
60 33 -1
60 37 -1
60 43 -1
60 49 1
60 50 -1
60 51 1
60 52 1
60 58 -1
60 62 -1
60 63 1
60 64 1
61 2 1
61 3 -1
61 9 1
61 23 -1
61 26 -1
61 35 -1
61 38 -1
61 44 -1
61 49 -1
61 50 -1
61 54 -1
61 55 -1
61 56 -1
61 57 -1
61 58 -1
61 62 -1
62 2 -1
62 15 -1
62 19 1
62 23 -1
62 24 1
62 27 1
62 42 -1
62 46 -1
62 52 -1
62 53 1
62 54 -1
62 56 -1
62 58 -1
62 59 -1
62 60 -1
62 61 -1
63 6 -1
63 9 -1
63 12 -1
63 17 -1
63 18 -1
63 32 -1
63 33 -1
63 42 1
63 49 -1
63 50 -1
63 52 1
63 53 1
63 55 -1
63 57 1
63 60 1
63 64 1
64 12 -1
64 14 -1
64 16 -1
64 17 1
64 28 -1
64 30 -1
64 33 -1
64 48 -1
64 49 1
64 52 -1
64 53 -1
64 56 1
64 58 -1
64 59 -1
64 60 1
64 63 1
