1 2 -1
1 3 1
1 4 -1
1 5 1
1 7 -1
1 10 1
1 12 -1
1 15 1
1 19 -1
1 27 1
1 31 1
1 35 1
1 42 -1
1 48 -1
1 61 1
1 64 1
2 1 -1
2 4 -1
2 5 1
2 10 1
2 13 -1
2 14 1
2 15 -1
2 16 -1
2 22 1
2 34 -1
2 36 -1
2 54 -1
2 60 -1
2 64 1
3 1 1
3 7 -1
3 9 1
3 10 1
3 11 -1
3 12 -1
3 13 1
3 15 1
3 20 -1
3 27 -1
3 29 -1
3 49 1
3 54 1
3 59 1
4 1 -1
4 2 -1
4 5 -1
4 6 1
4 7 -1
4 8 -1
4 9 1
4 16 -1
4 19 -1
4 23 1
4 24 1
4 25 1
4 43 -1
4 51 1
4 53 -1
5 1 1
5 2 1
5 4 -1
5 6 -1
5 8 1
5 9 -1
5 15 1
5 16 1
5 25 -1
5 28 -1
5 30 1
5 37 1
5 46 -1
5 51 1
5 54 1
5 58 1
6 4 1
6 5 -1
6 9 1
6 12 -1
6 13 -1
6 14 -1
6 15 1
6 16 1
6 17 -1
6 21 1
6 45 1
6 49 1
6 52 -1
6 55 1
6 57 1
6 59 1
7 1 -1
7 3 -1
7 4 -1
7 11 -1
7 12 1
7 13 1
7 14 -1
7 16 1
7 18 -1
7 22 1
7 25 -1
7 32 1
7 45 1
7 48 1
7 57 1
7 58 -1
8 4 -1
8 5 1
8 9 -1
8 11 -1
8 12 1
8 13 -1
8 15 -1
8 16 1
8 18 -1
8 21 -1
8 33 -1
8 38 1
8 47 1
8 51 1
8 55 -1
8 58 1
9 3 1
9 4 1
9 5 -1
9 6 1
9 8 -1
9 11 -1
9 12 -1
9 14 1
9 22 -1
9 23 1
9 38 1
9 39 -1
9 42 1
9 49 -1
9 59 1
9 62 1
10 1 1
10 2 1
10 3 1
10 11 -1
10 12 1
10 13 1
10 14 1
10 15 -1
10 26 1
10 34 -1
10 37 1
10 38 1
10 39 1
10 46 1
10 53 1
11 3 -1
11 7 -1
11 8 -1
11 9 -1
11 10 -1
11 14 -1
11 15 -1
11 16 1
11 21 1
11 30 -1
11 36 1
11 37 1
11 41 -1
11 43 1
11 52 1
11 62 -1
12 1 -1
12 3 -1
12 6 -1
12 7 1
12 8 1
12 9 -1
12 10 1
12 13 1
12 24 -1
12 34 1
12 37 -1
12 40 1
12 47 -1
12 52 -1
12 58 1
12 64 1
13 2 -1
13 3 1
13 6 -1
13 7 1
13 8 -1
13 10 1
13 12 1
13 14 -1
13 21 1
13 38 1
13 43 1
13 48 1
13 52 -1
13 56 1
13 61 1
13 64 1
14 2 1
14 6 -1
14 7 -1
14 9 1
14 10 1
14 11 -1
14 13 -1
14 16 -1
14 17 1
14 34 1
14 36 1
14 37 1
14 39 1
14 46 1
14 49 -1
14 51 1
15 1 1
15 2 -1
15 3 1
15 5 1
15 6 1
15 8 -1
15 10 -1
15 11 -1
15 17 -1
15 26 -1
15 34 1
15 35 1
15 36 1
15 49 1
15 56 -1
15 58 -1
16 2 -1
16 4 -1
16 5 1
16 6 1
16 7 1
16 8 1
16 11 1
16 14 -1
16 27 1
16 40 -1
16 42 1
16 44 1
16 48 1
16 62 -1
17 6 -1
17 14 1
17 15 -1
17 19 -1
17 21 -1
17 23 -1
17 27 -1
17 28 1
17 29 1
17 30 1
17 31 1
17 36 1
17 61 1
17 62 -1
17 63 -1
18 7 -1
18 8 -1
18 19 -1
18 22 -1
18 23 -1
18 24 -1
18 26 1
18 28 1
18 30 1
18 32 -1
18 40 -1
18 46 1
18 50 1
18 62 1
18 63 1
18 64 1
19 1 -1
19 4 -1
19 17 -1
19 18 -1
19 20 -1
19 26 1
19 27 1
19 28 -1
19 29 1
19 31 -1
19 41 -1
19 45 1
19 59 1
19 60 1
19 61 -1
19 64 -1
20 3 -1
20 19 -1
20 21 -1
20 22 -1
20 23 1
20 24 1
20 25 1
20 26 1
20 29 1
20 33 -1
20 39 1
20 51 1
20 57 1
20 61 -1
21 6 1
21 8 -1
21 11 1
21 13 1
21 17 -1
21 20 -1
21 25 1
21 26 -1
21 28 1
21 29 -1
21 31 1
21 32 1
21 36 -1
21 40 1
21 45 1
21 52 1
22 2 1
22 7 1
22 9 -1
22 18 -1
22 20 -1
22 23 1
22 25 1
22 26 -1
22 28 1
22 30 1
22 32 -1
22 35 1
22 42 1
22 45 1
22 53 1
23 4 1
23 9 1
23 17 -1
23 18 -1
23 20 1
23 22 1
23 24 1
23 25 -1
23 30 1
23 32 1
23 41 1
23 43 1
23 46 1
23 47 1
23 51 1
23 60 1
24 4 1
24 12 -1
24 18 -1
24 20 1
24 23 1
24 25 -1
24 29 1
24 30 -1
24 31 1
24 32 1
24 33 1
24 48 1
24 53 -1
24 55 -1
25 4 1
25 5 -1
25 7 -1
25 20 1
25 21 1
25 22 1
25 23 -1
25 24 -1
25 27 -1
25 31 1
25 32 -1
25 33 1
25 44 1
25 53 1
25 55 1
25 57 1
26 10 1
26 15 -1
26 18 1
26 19 1
26 20 1
26 21 -1
26 22 -1
26 28 -1
26 29 1
26 31 1
26 35 1
26 42 1
26 46 -1
26 48 -1
26 56 -1
27 1 1
27 3 -1
27 16 1
27 17 -1
27 19 1
27 25 -1
27 28 1
27 29 -1
27 30 1
27 31 1
27 32 -1
27 33 1
27 40 -1
27 50 -1
27 56 -1
27 58 1
28 5 -1
28 17 1
28 18 1
28 19 -1
28 21 1
28 22 1
28 26 -1
28 27 1
28 32 1
28 33 -1
28 35 -1
28 53 1
28 57 1
28 62 -1
28 63 1
28 64 -1
29 3 -1
29 17 1
29 19 1
29 20 1
29 21 -1
29 24 1
29 26 1
29 27 -1
29 30 1
29 34 1
29 35 -1
29 38 -1
29 41 1
29 51 -1
29 60 1
30 5 1
30 11 -1
30 17 1
30 18 1
30 22 1
30 23 1
30 24 -1
30 27 1
30 29 1
30 31 1
30 35 1
30 44 1
30 47 1
30 49 1
30 60 1
30 63 1
31 1 1
31 17 1
31 19 -1
31 21 1
31 24 1
31 25 1
31 26 1
31 27 1
31 30 1
31 34 1
31 36 1
31 43 1
31 48 1
31 52 1
31 57 1
31 58 1
32 7 1
32 18 -1
32 21 1
32 22 -1
32 23 1
32 24 1
32 25 -1
32 27 -1
32 28 1
32 34 -1
32 46 -1
32 50 1
32 56 1
32 60 1
33 8 -1
33 20 -1
33 24 1
33 25 1
33 27 1
33 28 -1
33 34 -1
33 39 1
33 40 -1
33 42 -1
33 45 1
33 46 1
33 47 1
33 48 -1
33 55 -1
33 64 1
34 2 -1
34 10 -1
34 12 1
34 14 1
34 15 1
34 29 1
34 31 1
34 32 -1
34 33 -1
34 35 1
34 40 -1
34 42 1
34 43 -1
34 44 1
34 45 1
34 46 -1
35 1 1
35 15 1
35 22 1
35 26 1
35 28 -1
35 29 -1
35 30 1
35 34 1
35 37 -1
35 38 -1
35 39 1
35 43 1
35 44 -1
35 46 1
35 48 1
35 60 -1
36 2 -1
36 11 1
36 14 1
36 15 1
36 17 1
36 21 -1
36 31 1
36 37 1
36 39 1
36 40 -1
36 41 -1
36 42 -1
36 44 1
36 46 -1
36 47 1
36 63 -1
37 5 1
37 10 1
37 11 1
37 12 -1
37 14 1
37 35 -1
37 36 1
37 41 1
37 43 1
37 44 1
37 46 1
37 47 -1
37 48 1
37 49 1
37 53 1
37 61 -1
38 8 1
38 9 1
38 10 1
38 13 1
38 29 -1
38 35 -1
38 39 1
38 41 1
38 42 1
38 44 1
38 45 -1
38 47 1
38 48 -1
38 59 -1
38 63 -1
39 9 -1
39 10 1
39 14 1
39 20 1
39 33 1
39 35 1
39 36 1
39 38 1
39 40 1
39 41 -1
39 43 1
39 44 -1
39 52 1
39 54 1
39 55 1
40 12 1
40 16 -1
40 18 -1
40 21 1
40 27 -1
40 33 -1
40 34 -1
40 36 -1
40 39 1
40 42 -1
40 45 -1
40 46 1
40 48 1
40 57 1
40 63 1
41 11 -1
41 19 -1
41 23 1
41 29 1
41 36 -1
41 37 1
41 38 1
41 39 -1
41 43 -1
41 45 -1
41 46 1
41 47 -1
41 54 1
41 55 1
41 57 1
41 61 1
42 1 -1
42 9 1
42 16 1
42 22 1
42 26 1
42 33 -1
42 34 1
42 36 -1
42 38 1
42 40 -1
42 43 1
42 45 1
42 48 1
42 50 -1
42 56 1
43 4 -1
43 11 1
43 13 1
43 23 1
43 31 1
43 34 -1
43 35 1
43 37 1
43 39 1
43 41 -1
43 42 1
43 44 1
43 48 -1
43 54 -1
43 58 1
43 59 1
44 16 1
44 25 1
44 30 1
44 34 1
44 35 -1
44 36 1
44 37 1
44 38 1
44 39 -1
44 43 1
44 47 -1
44 50 1
44 56 1
44 61 -1
45 6 1
45 7 1
45 19 1
45 21 1
45 22 1
45 33 1
45 34 1
45 38 -1
45 40 -1
45 41 -1
45 42 1
45 47 -1
45 48 1
45 51 1
45 52 -1
45 63 1
46 5 -1
46 10 1
46 14 1
46 18 1
46 23 1
46 26 -1
46 32 -1
46 33 1
46 34 -1
46 35 1
46 36 -1
46 37 1
46 40 1
46 41 1
46 47 -1
47 8 1
47 12 -1
47 23 1
47 30 1
47 33 1
47 36 1
47 37 -1
47 38 1
47 41 -1
47 44 -1
47 45 -1
47 46 -1
47 54 1
47 59 1
47 60 1
48 1 -1
48 7 1
48 13 1
48 16 1
48 24 1
48 26 -1
48 31 1
48 33 -1
48 35 1
48 37 1
48 38 -1
48 40 1
48 42 1
48 43 -1
48 45 1
48 53 -1
49 3 1
49 6 1
49 9 -1
49 14 -1
49 15 1
49 30 1
49 37 1
49 50 -1
49 52 -1
49 53 -1
49 55 -1
49 60 1
49 61 1
49 63 1
49 64 -1
50 18 1
50 27 -1
50 32 1
50 42 -1
50 44 1
50 49 -1
50 51 1
50 57 -1
50 58 -1
50 59 1
50 62 -1
50 63 -1
50 64 1
51 4 1
51 5 1
51 8 1
51 14 1
51 20 1
51 23 1
51 29 -1
51 45 1
51 50 1
51 53 1
51 54 1
51 56 1
51 58 1
51 61 -1
51 62 1
51 64 -1
52 6 -1
52 11 1
52 12 -1
52 13 -1
52 21 1
52 31 1
52 39 1
52 45 -1
52 49 -1
52 53 1
52 54 -1
52 55 1
52 57 1
52 58 1
52 59 -1
52 61 1
53 4 -1
53 10 1
53 22 1
53 24 -1
53 25 1
53 28 1
53 37 1
53 48 -1
53 49 -1
53 51 1
53 52 1
53 55 -1
53 58 1
53 59 1
53 60 -1
53 62 1
54 2 -1
54 3 1
54 5 1
54 39 1
54 41 1
54 43 -1
54 47 1
54 51 1
54 52 -1
54 56 -1
54 57 1
54 58 1
54 60 1
54 61 1
54 62 -1
55 6 1
55 8 -1
55 24 -1
55 25 1
55 33 -1
55 39 1
55 41 1
55 49 -1
55 52 1
55 53 -1
55 56 1
55 57 1
55 59 1
55 62 -1
55 64 -1
56 13 1
56 15 -1
56 26 -1
56 27 -1
56 32 1
56 42 1
56 44 1
56 51 1
56 54 -1
56 55 1
56 57 -1
56 58 1
56 60 1
56 63 -1
56 64 -1
57 6 1
57 7 1
57 20 1
57 25 1
57 28 1
57 31 1
57 40 1
57 41 1
57 50 -1
57 52 1
57 54 1
57 55 1
57 56 -1
57 58 1
57 62 1
57 63 -1
58 5 1
58 7 -1
58 8 1
58 12 1
58 15 -1
58 27 1
58 31 1
58 43 1
58 50 -1
58 51 1
58 52 1
58 53 1
58 54 1
58 56 1
58 57 1
58 59 1
59 3 1
59 6 1
59 9 1
59 19 1
59 38 -1
59 43 1
59 47 1
59 50 1
59 52 -1
59 53 1
59 55 1
59 58 1
59 60 -1
59 61 1
59 63 -1
60 2 -1
60 19 1
60 23 1
60 29 1
60 30 1
60 32 1
60 35 -1
60 47 1
60 49 1
60 53 -1
60 54 1
60 56 1
60 59 -1
60 61 1
60 63 -1
60 64 -1
61 1 1
61 13 1
61 17 1
61 19 -1
61 20 -1
61 37 -1
61 41 1
61 44 -1
61 49 1
61 51 -1
61 52 1
61 54 1
61 59 1
61 60 1
61 62 1
61 63 1
62 9 1
62 11 -1
62 16 -1
62 17 -1
62 18 1
62 28 -1
62 50 -1
62 51 1
62 53 1
62 54 -1
62 55 -1
62 57 1
62 61 1
62 64 1
63 17 -1
63 18 1
63 28 1
63 30 1
63 36 -1
63 38 -1
63 40 1
63 45 1
63 49 1
63 50 -1
63 56 -1
63 57 -1
63 59 -1
63 60 -1
63 61 1
63 64 -1
64 1 1
64 2 1
64 12 1
64 13 1
64 18 1
64 19 -1
64 28 -1
64 33 1
64 49 -1
64 50 1
64 51 -1
64 55 -1
64 56 -1
64 60 -1
64 62 1
64 63 -1
