1 2 -1
1 4 -1
1 5 -1
1 6 -1
1 7 -1
1 13 -1
1 14 -1
1 16 -1
1 19 -1
1 24 -1
1 35 -1
1 36 -1
1 42 1
1 51 -1
1 59 -1
1 60 -1
2 1 -1
2 3 -1
2 5 -1
2 7 -1
2 9 -1
2 10 -1
2 11 -1
2 16 -1
2 17 -1
2 21 -1
2 25 -1
2 26 -1
2 29 1
2 31 -1
2 53 -1
2 62 -1
3 2 -1
3 6 -1
3 8 -1
3 9 -1
3 10 1
3 11 -1
3 13 -1
3 15 -1
3 20 -1
3 28 -1
3 41 -1
3 42 1
3 52 -1
3 57 -1
3 61 -1
4 1 -1
4 7 -1
4 10 -1
4 11 -1
4 12 -1
4 13 -1
4 14 -1
4 16 1
4 17 -1
4 22 -1
4 35 -1
4 37 1
4 39 -1
4 40 -1
4 56 -1
5 1 -1
5 2 -1
5 6 -1
5 11 -1
5 12 -1
5 13 -1
5 14 1
5 15 -1
5 26 -1
5 28 -1
5 30 -1
5 33 -1
5 40 -1
5 54 -1
5 56 -1
5 58 -1
6 1 -1
6 3 -1
6 5 -1
6 7 1
6 8 -1
6 9 -1
6 10 -1
6 11 -1
6 23 -1
6 24 -1
6 29 -1
6 31 -1
6 48 -1
6 51 -1
6 53 -1
6 63 1
7 1 -1
7 2 -1
7 4 -1
7 6 1
7 11 -1
7 13 -1
7 14 -1
7 16 -1
7 29 -1
7 36 -1
7 47 1
7 50 -1
7 58 -1
7 60 -1
7 63 -1
8 3 -1
8 6 -1
8 9 -1
8 11 -1
8 12 -1
8 13 -1
8 14 -1
8 15 -1
8 29 1
8 45 -1
8 47 -1
8 49 -1
8 53 -1
8 55 -1
8 57 -1
9 2 -1
9 3 -1
9 6 -1
9 8 -1
9 10 -1
9 12 -1
9 13 -1
9 15 -1
9 25 -1
9 26 -1
9 44 -1
9 45 -1
9 48 -1
9 54 1
9 59 -1
10 2 -1
10 3 1
10 4 -1
10 6 -1
10 9 -1
10 12 -1
10 14 -1
10 15 -1
10 18 -1
10 20 -1
10 25 -1
10 27 -1
10 32 -1
10 40 -1
10 43 -1
10 46 -1
11 2 -1
11 3 -1
11 4 -1
11 5 -1
11 6 -1
11 7 -1
11 8 -1
11 12 -1
11 21 -1
11 22 -1
11 36 -1
11 40 -1
11 48 -1
11 51 -1
11 58 -1
11 61 -1
12 4 -1
12 5 -1
12 8 -1
12 9 -1
12 10 -1
12 11 -1
12 15 1
12 16 -1
12 20 -1
12 32 -1
12 36 -1
12 40 -1
12 44 -1
12 62 -1
13 1 -1
13 3 -1
13 4 -1
13 5 -1
13 7 -1
13 8 -1
13 9 -1
13 16 -1
13 17 -1
13 28 -1
13 33 -1
13 35 -1
13 48 1
13 49 -1
13 63 -1
14 1 -1
14 4 -1
14 5 1
14 7 -1
14 8 -1
14 10 -1
14 15 -1
14 16 -1
14 20 -1
14 22 -1
14 30 -1
14 38 1
14 54 -1
14 57 -1
14 61 -1
15 3 -1
15 5 -1
15 8 -1
15 9 -1
15 10 -1
15 12 1
15 14 -1
15 16 -1
15 20 -1
15 21 -1
15 27 -1
15 39 -1
15 48 -1
15 59 -1
15 63 -1
15 64 -1
16 1 -1
16 2 -1
16 4 1
16 7 -1
16 12 -1
16 13 -1
16 14 -1
16 15 -1
16 27 -1
16 30 -1
16 34 -1
16 46 -1
16 50 -1
16 54 -1
16 62 -1
17 2 -1
17 4 -1
17 13 -1
17 18 -1
17 19 -1
17 20 -1
17 23 -1
17 27 -1
17 29 -1
17 30 -1
17 32 1
17 33 -1
17 35 1
17 39 -1
17 58 -1
17 59 -1
18 10 -1
18 17 -1
18 23 -1
18 24 1
18 25 -1
18 26 -1
18 28 -1
18 29 -1
18 31 -1
18 42 -1
18 46 -1
18 47 -1
18 51 -1
18 54 -1
18 56 -1
18 58 -1
19 1 -1
19 17 -1
19 20 -1
19 21 1
19 22 -1
19 23 -1
19 24 1
19 25 -1
19 30 -1
19 35 -1
19 37 1
19 46 -1
19 55 -1
19 58 -1
19 59 -1
19 61 -1
20 3 -1
20 10 -1
20 12 -1
20 14 -1
20 15 -1
20 17 -1
20 19 -1
20 21 -1
20 26 -1
20 27 1
20 30 -1
20 31 -1
20 32 -1
20 44 -1
20 62 -1
20 63 -1
21 2 -1
21 11 -1
21 15 -1
21 19 1
21 20 -1
21 22 -1
21 24 1
21 25 -1
21 26 -1
21 30 -1
21 31 -1
21 35 -1
21 46 -1
21 61 -1
21 64 -1
22 4 -1
22 11 -1
22 14 -1
22 19 -1
22 21 -1
22 25 -1
22 26 -1
22 27 -1
22 28 -1
22 29 -1
22 30 -1
22 39 -1
22 44 -1
22 45 1
22 61 -1
23 6 -1
23 17 -1
23 18 -1
23 19 -1
23 24 -1
23 25 -1
23 27 1
23 28 -1
23 31 -1
23 33 -1
23 38 -1
23 39 -1
23 44 -1
23 49 -1
23 57 -1
23 58 -1
24 1 -1
24 6 -1
24 18 1
24 19 1
24 21 1
24 23 -1
24 28 -1
24 29 -1
24 30 -1
24 31 -1
24 40 -1
24 43 -1
24 44 -1
24 54 -1
24 56 -1
24 64 -1
25 2 -1
25 9 -1
25 10 -1
25 18 -1
25 19 -1
25 21 -1
25 22 -1
25 23 -1
25 26 -1
25 29 -1
25 32 1
25 37 1
25 43 -1
25 45 -1
25 55 -1
25 64 -1
26 2 -1
26 5 -1
26 9 -1
26 18 -1
26 20 -1
26 21 -1
26 22 -1
26 25 -1
26 27 -1
26 28 -1
26 29 -1
26 39 -1
26 52 -1
26 54 -1
26 57 1
27 10 -1
27 15 -1
27 16 -1
27 17 -1
27 20 1
27 22 -1
27 23 1
27 26 -1
27 28 1
27 31 -1
27 32 -1
27 36 1
27 42 -1
27 47 -1
27 49 -1
27 63 -1
28 3 -1
28 5 -1
28 13 -1
28 18 -1
28 22 -1
28 23 -1
28 24 -1
28 26 -1
28 27 1
28 30 -1
28 32 -1
28 41 -1
28 42 -1
28 52 -1
28 61 -1
29 2 1
29 6 -1
29 7 -1
29 8 1
29 17 -1
29 18 -1
29 22 -1
29 24 -1
29 25 -1
29 26 -1
29 31 -1
29 32 -1
29 41 -1
29 49 -1
29 53 -1
29 64 -1
30 5 -1
30 14 -1
30 16 -1
30 17 -1
30 19 -1
30 20 -1
30 21 -1
30 22 -1
30 24 -1
30 28 -1
30 32 -1
30 37 -1
30 43 -1
30 56 -1
30 62 -1
31 2 -1
31 6 -1
31 18 -1
31 20 -1
31 21 -1
31 23 -1
31 24 -1
31 27 -1
31 29 -1
31 32 -1
31 33 -1
31 41 1
31 46 1
31 48 -1
31 55 -1
32 10 -1
32 12 -1
32 17 1
32 20 -1
32 25 1
32 27 -1
32 28 -1
32 29 -1
32 30 -1
32 31 -1
32 37 -1
32 41 -1
32 53 -1
32 55 -1
32 63 -1
33 5 -1
33 13 -1
33 17 -1
33 23 -1
33 31 -1
33 35 -1
33 36 -1
33 41 -1
33 42 -1
33 43 -1
33 45 -1
33 47 1
33 48 -1
33 49 -1
33 64 -1
34 16 -1
34 36 -1
34 40 -1
34 41 -1
34 42 -1
34 45 -1
34 46 -1
34 47 1
34 48 -1
34 50 -1
34 52 -1
34 56 -1
34 60 -1
34 62 -1
35 1 -1
35 4 -1
35 13 -1
35 17 1
35 19 -1
35 21 -1
35 33 -1
35 37 -1
35 40 -1
35 42 -1
35 43 -1
35 44 -1
35 46 -1
35 48 -1
35 56 -1
36 1 -1
36 7 -1
36 11 -1
36 12 -1
36 27 1
36 33 -1
36 34 -1
36 37 -1
36 38 -1
36 40 1
36 41 -1
36 43 -1
36 46 -1
36 57 -1
37 4 1
37 19 1
37 25 1
37 30 -1
37 32 -1
37 35 -1
37 36 -1
37 39 -1
37 41 1
37 42 -1
37 46 -1
37 47 -1
37 48 -1
37 50 -1
37 55 -1
37 58 1
38 14 1
38 23 -1
38 36 -1
38 39 -1
38 40 -1
38 42 -1
38 43 -1
38 44 -1
38 46 -1
38 48 -1
38 50 -1
38 60 -1
39 4 -1
39 15 -1
39 17 -1
39 22 -1
39 23 -1
39 26 -1
39 37 -1
39 38 -1
39 40 -1
39 41 -1
39 43 -1
39 46 -1
39 47 -1
39 48 -1
39 55 -1
39 64 -1
40 4 -1
40 5 -1
40 10 -1
40 11 -1
40 12 -1
40 24 -1
40 34 -1
40 35 -1
40 36 1
40 38 -1
40 39 -1
40 45 1
40 47 -1
40 48 -1
40 50 -1
41 3 -1
41 28 -1
41 29 -1
41 31 1
41 32 -1
41 33 -1
41 34 -1
41 36 -1
41 37 1
41 39 -1
41 44 -1
41 45 -1
41 47 -1
41 57 -1
41 61 -1
41 64 -1
42 1 1
42 3 1
42 18 -1
42 27 -1
42 28 -1
42 33 -1
42 34 -1
42 35 -1
42 37 -1
42 38 -1
42 44 -1
42 45 -1
42 48 -1
42 49 -1
42 59 -1
43 10 -1
43 24 -1
43 25 -1
43 30 -1
43 33 -1
43 35 -1
43 36 -1
43 38 -1
43 39 -1
43 44 -1
43 45 -1
43 46 -1
43 51 -1
43 53 -1
43 55 -1
44 9 -1
44 12 -1
44 20 -1
44 22 -1
44 23 -1
44 24 -1
44 35 -1
44 38 -1
44 41 -1
44 42 -1
44 43 -1
44 45 -1
44 46 -1
44 47 -1
44 59 -1
45 8 -1
45 9 -1
45 22 1
45 25 -1
45 33 -1
45 34 -1
45 40 1
45 41 -1
45 42 -1
45 43 -1
45 44 -1
45 47 1
45 51 -1
45 57 -1
45 59 -1
46 10 -1
46 16 -1
46 18 -1
46 19 -1
46 21 -1
46 31 1
46 34 -1
46 35 -1
46 36 -1
46 37 -1
46 38 -1
46 39 -1
46 43 -1
46 44 -1
46 53 -1
47 7 1
47 8 -1
47 18 -1
47 27 -1
47 33 1
47 34 1
47 37 -1
47 39 -1
47 40 -1
47 41 -1
47 44 -1
47 45 1
47 52 1
47 56 -1
47 62 1
48 6 -1
48 9 -1
48 11 -1
48 13 1
48 15 -1
48 31 -1
48 33 -1
48 34 -1
48 35 -1
48 37 -1
48 38 -1
48 39 -1
48 40 -1
48 42 -1
48 51 -1
48 63 -1
49 8 -1
49 13 -1
49 23 -1
49 27 -1
49 29 -1
49 33 -1
49 42 -1
49 51 -1
49 53 -1
49 54 1
49 56 -1
49 57 -1
49 61 -1
49 63 1
49 64 -1
50 7 -1
50 16 -1
50 34 -1
50 37 -1
50 38 -1
50 40 -1
50 52 1
50 54 -1
50 55 -1
50 57 -1
50 59 -1
50 61 -1
50 62 1
50 63 -1
51 1 -1
51 6 -1
51 11 -1
51 18 -1
51 43 -1
51 45 -1
51 48 -1
51 49 -1
51 52 -1
51 58 -1
51 59 1
51 61 -1
51 62 -1
51 63 -1
51 64 1
52 3 -1
52 26 -1
52 28 -1
52 34 -1
52 47 1
52 50 1
52 51 -1
52 53 -1
52 54 -1
52 55 -1
52 56 -1
52 63 -1
52 64 -1
53 2 -1
53 6 -1
53 8 -1
53 29 -1
53 32 -1
53 43 -1
53 46 -1
53 49 -1
53 52 -1
53 57 -1
53 58 -1
53 59 -1
53 60 -1
53 62 -1
53 64 -1
54 5 -1
54 9 1
54 14 -1
54 16 -1
54 18 -1
54 24 -1
54 26 -1
54 49 1
54 50 -1
54 52 -1
54 55 -1
54 58 -1
54 60 -1
54 61 -1
54 63 -1
55 8 -1
55 19 -1
55 25 -1
55 31 -1
55 32 -1
55 37 -1
55 39 -1
55 43 -1
55 50 -1
55 52 -1
55 54 -1
55 56 -1
55 58 -1
55 60 -1
55 62 -1
55 63 -1
56 4 -1
56 5 -1
56 18 -1
56 24 -1
56 30 -1
56 34 -1
56 35 -1
56 47 -1
56 49 -1
56 52 -1
56 55 -1
56 58 1
56 59 -1
56 60 1
56 61 -1
56 62 -1
57 3 -1
57 8 -1
57 14 -1
57 23 -1
57 26 1
57 36 -1
57 41 -1
57 45 -1
57 49 -1
57 50 -1
57 53 -1
57 58 -1
57 59 -1
57 61 -1
57 62 -1
57 64 -1
58 5 -1
58 7 -1
58 11 -1
58 17 -1
58 18 -1
58 19 -1
58 23 -1
58 37 1
58 51 -1
58 53 -1
58 54 -1
58 55 -1
58 56 1
58 57 -1
58 63 -1
58 64 -1
59 1 -1
59 9 -1
59 15 -1
59 17 -1
59 19 -1
59 42 -1
59 44 -1
59 45 -1
59 50 -1
59 51 1
59 53 -1
59 56 -1
59 57 -1
59 60 -1
59 61 -1
59 64 -1
60 1 -1
60 7 -1
60 34 -1
60 38 -1
60 53 -1
60 54 -1
60 55 -1
60 56 1
60 59 -1
60 61 -1
60 62 -1
60 63 -1
61 3 -1
61 11 -1
61 14 -1
61 19 -1
61 21 -1
61 22 -1
61 28 -1
61 41 -1
61 49 -1
61 50 -1
61 51 -1
61 54 -1
61 56 -1
61 57 -1
61 59 -1
61 60 -1
62 2 -1
62 12 -1
62 16 -1
62 20 -1
62 30 -1
62 34 -1
62 47 1
62 50 1
62 51 -1
62 53 -1
62 55 -1
62 56 -1
62 57 -1
62 60 -1
62 64 -1
63 6 1
63 7 -1
63 13 -1
63 15 -1
63 20 -1
63 27 -1
63 32 -1
63 48 -1
63 49 1
63 50 -1
63 51 -1
63 52 -1
63 54 -1
63 55 -1
63 58 -1
63 60 -1
64 15 -1
64 21 -1
64 24 -1
64 25 -1
64 29 -1
64 33 -1
64 39 -1
64 41 -1
64 49 -1
64 51 1
64 52 -1
64 53 -1
64 57 -1
64 58 -1
64 59 -1
64 62 -1
