1 2 -1
1 5 -1
1 6 -1
1 7 -1
1 12 -1
1 13 -1
1 14 1
1 16 1
1 24 -1
1 25 -1
1 34 -1
1 35 1
1 37 -1
1 47 -1
1 49 -1
2 1 -1
2 3 1
2 5 1
2 7 -1
2 9 -1
2 10 -1
2 12 -1
2 14 -1
2 22 -1
2 27 1
2 28 1
2 30 -1
2 32 -1
2 49 1
2 63 -1
3 2 1
3 4 -1
3 6 -1
3 11 -1
3 13 -1
3 14 1
3 15 -1
3 16 -1
3 20 -1
3 33 1
3 56 -1
3 60 -1
3 62 -1
3 63 -1
4 3 -1
4 5 1
4 6 1
4 7 1
4 9 -1
4 12 1
4 13 -1
4 15 -1
4 17 1
4 35 1
4 42 -1
4 45 1
4 48 1
4 49 -1
4 57 1
4 64 -1
5 1 -1
5 2 1
5 4 1
5 8 1
5 9 1
5 10 1
5 15 -1
5 16 -1
5 24 -1
5 25 -1
5 37 -1
5 40 1
5 52 -1
6 1 -1
6 3 -1
6 4 1
6 7 -1
6 8 1
6 11 -1
6 13 1
6 15 -1
6 17 -1
6 32 1
6 35 -1
6 39 -1
6 50 -1
6 56 1
6 58 -1
6 59 -1
7 1 -1
7 2 -1
7 4 1
7 6 -1
7 9 1
7 10 1
7 12 1
7 15 1
7 24 -1
7 33 1
7 38 -1
7 48 1
7 50 -1
7 54 -1
7 60 1
8 5 1
8 6 1
8 9 1
8 10 -1
8 11 -1
8 12 -1
8 14 -1
8 15 -1
8 18 -1
8 23 1
8 30 -1
8 31 -1
8 40 -1
8 43 -1
8 56 1
8 58 -1
9 2 -1
9 4 -1
9 5 1
9 7 1
9 8 1
9 11 -1
9 13 1
9 16 -1
9 25 -1
9 27 1
9 28 1
9 52 1
9 58 1
9 60 -1
9 64 1
10 2 -1
10 5 1
10 7 1
10 8 -1
10 11 1
10 13 -1
10 15 -1
10 16 1
10 33 -1
10 34 -1
10 36 -1
10 41 -1
10 44 -1
10 53 1
10 59 1
10 61 1
11 3 -1
11 6 -1
11 8 -1
11 9 -1
11 10 1
11 12 -1
11 13 -1
11 16 -1
11 20 -1
11 36 -1
11 42 1
11 51 -1
11 52 -1
11 55 -1
11 57 1
11 58 -1
12 1 -1
12 2 -1
12 4 1
12 7 1
12 8 -1
12 11 -1
12 14 -1
12 16 -1
12 22 1
12 23 1
12 26 1
12 29 1
12 33 1
12 50 1
12 59 -1
12 60 -1
13 1 -1
13 3 -1
13 4 -1
13 6 1
13 9 1
13 10 -1
13 11 -1
13 14 1
13 20 -1
13 30 -1
13 42 -1
13 44 -1
13 56 -1
13 60 -1
13 62 -1
14 1 1
14 2 -1
14 3 1
14 8 -1
14 12 -1
14 13 1
14 15 -1
14 16 -1
14 34 -1
14 41 -1
14 44 -1
14 45 -1
14 53 -1
14 55 1
14 64 -1
15 3 -1
15 4 -1
15 5 -1
15 6 -1
15 7 1
15 8 -1
15 10 -1
15 14 -1
15 22 1
15 24 -1
15 26 -1
15 30 -1
15 40 -1
15 44 -1
15 46 -1
15 56 -1
16 1 1
16 3 -1
16 5 -1
16 9 -1
16 10 1
16 11 -1
16 12 -1
16 14 -1
16 18 -1
16 26 -1
16 31 -1
16 32 1
16 33 -1
16 43 -1
16 51 -1
16 63 -1
17 4 1
17 6 -1
17 19 -1
17 20 1
17 23 -1
17 24 -1
17 25 -1
17 29 -1
17 30 -1
17 32 -1
17 43 -1
17 46 -1
17 50 -1
17 56 1
17 57 1
17 58 1
18 8 -1
18 16 -1
18 19 -1
18 20 -1
18 21 -1
18 23 -1
18 25 -1
18 26 -1
18 27 -1
18 32 -1
18 33 1
18 35 1
18 37 -1
18 40 -1
18 47 1
18 63 1
19 17 -1
19 18 -1
19 21 1
19 22 1
19 26 -1
19 28 -1
19 29 -1
19 31 -1
19 36 1
19 40 -1
19 44 1
19 46 1
19 47 -1
19 51 1
19 55 -1
20 3 -1
20 11 -1
20 13 -1
20 17 1
20 18 -1
20 22 -1
20 25 -1
20 27 1
20 29 -1
20 30 -1
20 31 -1
20 34 -1
20 35 -1
20 38 -1
20 44 1
21 18 -1
21 19 1
21 23 -1
21 24 -1
21 25 -1
21 29 -1
21 30 1
21 32 1
21 39 1
21 41 -1
21 43 1
21 44 -1
21 45 -1
21 63 -1
22 2 -1
22 12 1
22 15 1
22 19 1
22 20 -1
22 23 -1
22 24 -1
22 25 -1
22 28 -1
22 29 -1
22 30 1
22 37 -1
22 47 1
22 50 -1
22 57 -1
22 63 -1
23 8 1
23 12 1
23 17 -1
23 18 -1
23 21 -1
23 22 -1
23 25 1
23 26 -1
23 28 -1
23 31 -1
23 34 -1
23 43 -1
23 46 -1
23 52 1
23 56 -1
23 59 -1
24 1 -1
24 5 -1
24 7 -1
24 15 -1
24 17 -1
24 21 -1
24 22 -1
24 26 -1
24 27 -1
24 28 -1
24 30 -1
24 32 1
24 36 -1
24 45 1
25 1 -1
25 5 -1
25 9 -1
25 17 -1
25 18 -1
25 20 -1
25 21 -1
25 22 -1
25 23 1
25 28 -1
25 31 -1
25 34 1
25 38 -1
25 46 -1
25 58 -1
26 12 1
26 15 -1
26 16 -1
26 18 -1
26 19 -1
26 23 -1
26 24 -1
26 27 1
26 28 -1
26 29 1
26 31 -1
26 36 -1
26 38 1
26 53 -1
26 61 -1
27 2 1
27 9 1
27 18 -1
27 20 1
27 24 -1
27 26 1
27 28 -1
27 30 -1
27 31 1
27 32 -1
27 37 -1
27 47 -1
27 49 -1
27 50 -1
27 64 -1
28 2 1
28 9 1
28 19 -1
28 22 -1
28 23 -1
28 24 -1
28 25 -1
28 26 -1
28 27 -1
28 32 -1
28 38 -1
28 53 -1
28 60 -1
28 61 -1
29 12 1
29 17 -1
29 19 -1
29 20 -1
29 21 -1
29 22 -1
29 26 1
29 30 -1
29 31 -1
29 39 1
29 40 -1
29 42 -1
29 46 -1
29 50 -1
29 57 -1
29 61 1
30 2 -1
30 8 -1
30 13 -1
30 15 -1
30 17 -1
30 20 -1
30 21 1
30 22 1
30 24 -1
30 27 -1
30 29 -1
30 32 -1
30 55 -1
30 59 1
30 62 1
31 8 -1
31 16 -1
31 19 -1
31 20 -1
31 23 -1
31 25 -1
31 26 -1
31 27 1
31 29 -1
31 32 1
31 41 -1
31 46 -1
31 53 -1
31 59 -1
31 64 1
32 2 -1
32 6 1
32 16 1
32 17 -1
32 18 -1
32 21 1
32 24 1
32 27 -1
32 28 -1
32 30 -1
32 31 1
32 38 1
32 47 1
32 62 1
33 3 1
33 7 1
33 10 -1
33 12 1
33 16 -1
33 18 1
33 34 -1
33 37 1
33 40 1
33 41 -1
33 43 -1
33 44 1
33 46 -1
33 48 -1
33 53 -1
33 54 -1
34 1 -1
34 10 -1
34 14 -1
34 20 -1
34 23 -1
34 25 1
34 33 -1
34 35 -1
34 36 -1
34 37 -1
34 38 -1
34 40 1
34 42 1
34 48 -1
34 49 -1
34 59 -1
35 1 1
35 4 1
35 6 -1
35 18 1
35 20 -1
35 34 -1
35 39 -1
35 42 -1
35 43 -1
35 45 -1
35 46 1
35 47 1
35 48 1
35 50 -1
35 51 -1
35 59 -1
36 10 -1
36 11 -1
36 19 1
36 24 -1
36 26 -1
36 34 -1
36 37 -1
36 40 -1
36 41 -1
36 42 -1
36 43 1
36 46 1
36 47 -1
36 49 -1
36 61 1
36 64 1
37 1 -1
37 5 -1
37 18 -1
37 22 -1
37 27 -1
37 33 1
37 34 -1
37 36 -1
37 39 -1
37 44 -1
37 45 -1
37 46 -1
37 48 -1
37 54 1
37 57 -1
38 7 -1
38 20 -1
38 25 -1
38 26 1
38 28 -1
38 32 1
38 34 -1
38 39 1
38 40 -1
38 42 1
38 43 -1
38 45 1
38 47 1
38 48 -1
39 6 -1
39 21 1
39 29 1
39 35 -1
39 37 -1
39 38 1
39 43 -1
39 44 -1
39 45 1
39 46 -1
39 47 -1
39 51 1
39 52 -1
39 54 -1
40 5 1
40 8 -1
40 15 -1
40 18 -1
40 19 -1
40 29 -1
40 33 1
40 34 1
40 36 -1
40 38 -1
40 41 -1
40 44 -1
40 45 -1
40 47 -1
40 49 -1
40 64 -1
41 10 -1
41 14 -1
41 21 -1
41 31 -1
41 33 -1
41 36 -1
41 40 -1
41 42 1
41 43 1
41 45 -1
41 46 1
41 47 -1
41 51 -1
41 60 -1
41 61 -1
42 4 -1
42 11 1
42 13 -1
42 29 -1
42 34 1
42 35 -1
42 36 -1
42 38 1
42 41 1
42 44 1
42 45 -1
42 48 -1
42 53 -1
42 55 -1
42 57 -1
43 8 -1
43 16 -1
43 17 -1
43 21 1
43 23 -1
43 33 -1
43 35 -1
43 36 1
43 38 -1
43 39 -1
43 41 1
43 44 -1
43 46 1
43 51 -1
43 52 -1
43 56 -1
44 10 -1
44 13 -1
44 14 -1
44 15 -1
44 19 1
44 20 1
44 21 -1
44 33 1
44 37 -1
44 39 -1
44 40 -1
44 42 1
44 43 -1
44 46 -1
44 48 -1
44 53 -1
45 4 1
45 14 -1
45 21 -1
45 24 1
45 35 -1
45 37 -1
45 38 1
45 39 1
45 40 -1
45 41 -1
45 42 -1
45 47 1
45 54 1
45 55 1
45 58 -1
45 60 -1
46 15 -1
46 17 -1
46 19 1
46 23 -1
46 25 -1
46 29 -1
46 31 -1
46 33 -1
46 35 1
46 36 1
46 37 -1
46 39 -1
46 41 1
46 43 1
46 44 -1
46 49 1
47 1 -1
47 18 1
47 19 -1
47 22 1
47 27 -1
47 32 1
47 35 1
47 36 -1
47 38 1
47 39 -1
47 40 -1
47 41 -1
47 45 1
47 48 1
47 55 1
48 4 1
48 7 1
48 33 -1
48 34 -1
48 35 1
48 37 -1
48 38 -1
48 42 -1
48 44 -1
48 47 1
48 54 1
48 57 -1
48 62 -1
48 64 -1
49 1 -1
49 2 1
49 4 -1
49 27 -1
49 34 -1
49 36 -1
49 40 -1
49 46 1
49 53 -1
49 54 -1
49 57 -1
49 58 -1
49 60 -1
49 61 1
49 62 -1
49 64 -1
50 6 -1
50 7 -1
50 12 1
50 17 -1
50 22 -1
50 27 -1
50 29 -1
50 35 -1
50 53 1
50 54 -1
50 55 1
50 59 -1
50 60 -1
50 62 -1
50 63 -1
50 64 -1
51 11 -1
51 16 -1
51 19 1
51 35 -1
51 39 1
51 41 -1
51 43 -1
51 52 -1
51 54 -1
51 55 1
51 56 -1
51 59 -1
51 62 -1
51 63 -1
51 64 -1
52 5 -1
52 9 1
52 11 -1
52 23 1
52 39 -1
52 43 -1
52 51 -1
52 54 1
52 56 -1
52 57 -1
52 58 1
52 61 -1
52 62 -1
52 63 -1
53 10 1
53 14 -1
53 26 -1
53 28 -1
53 31 -1
53 33 -1
53 42 -1
53 44 -1
53 49 -1
53 50 1
53 54 -1
53 55 1
53 58 -1
53 60 1
53 63 -1
53 64 -1
54 7 -1
54 33 -1
54 37 1
54 39 -1
54 45 1
54 48 1
54 49 -1
54 50 -1
54 51 -1
54 52 1
54 53 -1
54 56 -1
54 57 1
54 59 -1
55 11 -1
55 14 1
55 19 -1
55 30 -1
55 42 -1
55 45 1
55 47 1
55 50 1
55 51 1
55 53 1
55 56 1
55 57 -1
55 59 1
55 60 1
55 64 -1
56 3 -1
56 6 1
56 8 1
56 13 -1
56 15 -1
56 17 1
56 23 -1
56 43 -1
56 51 -1
56 52 -1
56 54 -1
56 55 1
56 57 -1
56 59 -1
56 60 -1
56 64 1
57 4 1
57 11 1
57 17 1
57 22 -1
57 29 -1
57 37 -1
57 42 -1
57 48 -1
57 49 -1
57 52 -1
57 54 1
57 55 -1
57 56 -1
57 58 1
57 60 -1
57 63 -1
58 6 -1
58 8 -1
58 9 1
58 11 -1
58 17 1
58 25 -1
58 45 -1
58 49 -1
58 52 1
58 53 -1
58 57 1
58 59 -1
58 61 1
58 62 -1
58 64 -1
59 6 -1
59 10 1
59 12 -1
59 23 -1
59 30 1
59 31 -1
59 34 -1
59 35 -1
59 50 -1
59 51 -1
59 54 -1
59 55 1
59 56 -1
59 58 -1
59 61 1
59 63 -1
60 3 -1
60 7 1
60 9 -1
60 12 -1
60 13 -1
60 28 -1
60 41 -1
60 45 -1
60 49 -1
60 50 -1
60 53 1
60 55 1
60 56 -1
60 57 -1
60 61 -1
60 62 -1
61 10 1
61 26 -1
61 28 -1
61 29 1
61 36 1
61 41 -1
61 49 1
61 52 -1
61 58 1
61 59 1
61 60 -1
61 62 -1
61 63 -1
61 64 -1
62 3 -1
62 13 -1
62 30 1
62 32 1
62 48 -1
62 49 -1
62 50 -1
62 51 -1
62 52 -1
62 58 -1
62 60 -1
62 61 -1
62 63 -1
63 2 -1
63 3 -1
63 16 -1
63 18 1
63 21 -1
63 22 -1
63 50 -1
63 51 -1
63 52 -1
63 53 -1
63 57 -1
63 59 -1
63 61 -1
63 62 -1
64 4 -1
64 9 1
64 14 -1
64 27 -1
64 31 1
64 36 1
64 40 -1
64 48 -1
64 49 -1
64 50 -1
64 51 -1
64 53 -1
64 55 -1
64 56 1
64 58 -1
64 61 -1
