1 3 -1
1 6 -1
1 10 1
1 11 -1
1 12 1
1 13 -1
1 15 1
1 16 1
1 24 1
1 26 1
1 34 -1
1 42 1
1 49 1
1 50 -1
1 54 1
1 60 1
2 4 1
2 5 1
2 7 1
2 8 1
2 9 1
2 12 1
2 13 -1
2 16 -1
2 17 -1
2 22 -1
2 30 -1
2 32 1
2 33 1
2 34 1
2 40 1
2 56 1
3 1 -1
3 5 -1
3 6 -1
3 9 1
3 10 1
3 12 1
3 14 1
3 16 1
3 27 -1
3 32 -1
3 41 -1
3 47 1
3 51 1
3 53 -1
3 63 1
4 2 1
4 5 1
4 6 -1
4 7 -1
4 9 1
4 11 -1
4 12 1
4 14 1
4 17 -1
4 22 1
4 32 1
4 33 1
4 37 1
4 42 -1
4 63 1
4 64 -1
5 2 1
5 3 -1
5 4 1
5 7 -1
5 10 1
5 12 1
5 13 1
5 15 1
5 19 1
5 20 1
5 21 1
5 28 -1
5 31 -1
5 38 -1
5 48 1
5 60 1
6 1 -1
6 3 -1
6 4 -1
6 10 -1
6 12 1
6 13 -1
6 15 1
6 16 1
6 20 -1
6 33 -1
6 35 -1
6 52 -1
6 54 1
6 59 1
6 63 1
7 2 1
7 4 -1
7 5 -1
7 8 1
7 10 1
7 11 1
7 14 -1
7 15 -1
7 17 -1
7 21 1
7 24 1
7 36 1
7 39 -1
7 53 -1
7 55 1
7 59 -1
8 2 1
8 7 1
8 9 1
8 11 1
8 12 1
8 14 1
8 15 1
8 16 1
8 17 -1
8 18 1
8 20 1
8 26 -1
8 29 1
8 34 1
8 48 1
8 49 1
9 2 1
9 3 1
9 4 1
9 8 1
9 11 -1
9 13 1
9 15 1
9 16 1
9 19 1
9 24 1
9 29 1
9 43 1
9 49 1
9 51 1
9 54 1
10 1 1
10 3 1
10 5 1
10 6 -1
10 7 1
10 13 1
10 14 1
10 15 -1
10 17 1
10 18 1
10 23 1
10 39 1
10 45 1
10 49 1
10 56 1
11 1 -1
11 4 -1
11 7 1
11 8 1
11 9 -1
11 14 -1
11 15 1
11 16 1
11 18 1
11 25 1
11 29 1
11 41 -1
11 46 -1
11 51 1
11 56 1
11 60 -1
12 1 1
12 2 1
12 3 1
12 4 1
12 5 1
12 6 1
12 8 1
12 14 1
12 22 1
12 24 1
12 36 1
12 42 1
12 48 1
12 62 1
12 63 1
13 1 -1
13 2 -1
13 5 1
13 6 -1
13 9 1
13 10 1
13 14 1
13 16 -1
13 22 -1
13 35 1
13 41 1
13 44 1
13 48 1
13 58 1
13 61 1
14 3 1
14 4 1
14 7 -1
14 8 1
14 10 1
14 11 -1
14 12 1
14 13 1
14 18 1
14 33 1
14 41 -1
14 44 1
14 47 1
14 51 1
14 61 1
14 62 1
15 1 1
15 5 1
15 6 1
15 7 -1
15 8 1
15 9 1
15 10 -1
15 11 1
15 19 1
15 23 1
15 33 1
15 46 -1
15 53 -1
15 57 1
15 64 -1
16 1 1
16 2 -1
16 3 1
16 6 1
16 8 1
16 9 1
16 11 1
16 13 -1
16 35 -1
16 38 1
16 41 1
16 56 -1
16 57 1
16 59 1
16 61 1
17 2 -1
17 4 -1
17 7 -1
17 8 -1
17 10 1
17 19 1
17 21 1
17 24 1
17 26 1
17 28 1
17 30 -1
17 31 1
17 32 -1
17 47 1
17 50 1
17 60 -1
18 8 1
18 10 1
18 11 1
18 14 1
18 22 1
18 23 1
18 24 1
18 27 1
18 29 1
18 30 1
18 31 1
18 32 -1
18 40 -1
18 51 1
18 54 1
18 59 1
19 5 1
19 9 1
19 15 1
19 17 1
19 22 -1
19 24 1
19 26 -1
19 27 -1
19 28 1
19 30 1
19 31 1
19 43 1
19 51 -1
19 52 1
19 58 1
20 5 1
20 6 -1
20 8 1
20 21 1
20 22 1
20 23 1
20 25 1
20 26 1
20 30 1
20 31 1
20 32 1
20 50 1
20 52 1
20 53 1
20 62 1
20 64 1
21 5 1
21 7 1
21 17 1
21 20 1
21 22 1
21 25 1
21 27 -1
21 28 -1
21 29 1
21 30 -1
21 33 1
21 40 1
21 43 -1
21 44 1
21 58 -1
21 64 1
22 2 -1
22 4 1
22 12 1
22 13 -1
22 18 1
22 19 -1
22 20 1
22 21 1
22 23 -1
22 24 -1
22 27 1
22 28 1
22 33 -1
22 39 1
22 50 1
22 53 1
23 10 1
23 15 1
23 18 1
23 20 1
23 22 -1
23 24 -1
23 25 1
23 26 -1
23 27 1
23 31 1
23 36 1
23 39 -1
23 45 1
23 50 1
23 60 -1
24 1 1
24 7 1
24 9 1
24 12 1
24 17 1
24 18 1
24 19 1
24 22 -1
24 23 -1
24 27 -1
24 28 1
24 31 1
24 36 1
24 39 1
24 40 -1
24 41 1
25 11 1
25 20 1
25 21 1
25 23 1
25 26 1
25 28 1
25 29 1
25 30 1
25 31 -1
25 45 1
25 51 1
25 54 1
25 58 -1
25 60 1
25 64 1
26 1 1
26 8 -1
26 17 1
26 19 -1
26 20 1
26 23 -1
26 25 1
26 28 1
26 29 -1
26 32 -1
26 34 1
26 38 -1
26 42 1
26 62 1
27 3 -1
27 18 1
27 19 -1
27 21 -1
27 22 1
27 23 1
27 24 -1
27 29 -1
27 32 1
27 34 1
27 36 1
27 42 1
27 43 1
27 47 -1
27 59 1
27 63 -1
28 5 -1
28 17 1
28 19 1
28 21 -1
28 22 1
28 24 1
28 25 1
28 26 1
28 29 1
28 34 1
28 37 -1
28 43 1
28 48 1
28 62 -1
29 8 1
29 9 1
29 11 1
29 18 1
29 21 1
29 25 1
29 26 -1
29 27 -1
29 28 1
29 30 -1
29 32 -1
29 47 -1
29 52 1
29 57 1
29 62 1
30 2 -1
30 17 -1
30 18 1
30 19 1
30 20 1
30 21 -1
30 25 1
30 29 -1
30 32 1
30 36 1
30 39 1
30 40 -1
30 45 -1
30 47 -1
30 60 1
31 5 -1
31 17 1
31 18 1
31 19 1
31 20 1
31 23 1
31 24 1
31 25 -1
31 32 -1
31 37 1
31 38 1
31 44 1
31 52 1
31 57 1
31 64 1
32 2 1
32 3 -1
32 4 1
32 17 -1
32 18 -1
32 20 1
32 26 -1
32 27 1
32 29 -1
32 30 1
32 31 -1
32 49 1
32 50 1
32 61 -1
33 2 1
33 4 1
33 6 -1
33 14 1
33 15 1
33 21 1
33 22 -1
33 34 1
33 36 -1
33 37 -1
33 38 1
33 40 1
33 41 1
33 42 -1
33 44 -1
33 61 1
34 1 -1
34 2 1
34 8 1
34 26 1
34 27 1
34 28 1
34 33 1
34 37 1
34 39 1
34 44 1
34 45 1
34 46 1
34 47 -1
34 48 1
34 55 1
34 57 1
35 6 -1
35 13 1
35 16 -1
35 36 -1
35 37 1
35 38 1
35 40 1
35 41 1
35 43 1
35 45 1
35 47 -1
35 52 1
35 53 -1
35 55 1
35 59 1
36 7 1
36 12 1
36 23 1
36 24 1
36 27 1
36 30 1
36 33 -1
36 35 -1
36 37 1
36 38 1
36 39 -1
36 43 1
36 46 1
36 48 -1
36 56 1
37 4 1
37 28 -1
37 31 1
37 33 -1
37 34 1
37 35 1
37 36 1
37 40 1
37 41 1
37 42 -1
37 45 1
37 50 1
37 54 -1
37 64 -1
38 5 -1
38 16 1
38 26 -1
38 31 1
38 33 1
38 35 1
38 36 1
38 44 1
38 45 1
38 46 -1
38 47 -1
38 48 -1
38 50 1
38 54 -1
38 62 1
39 7 -1
39 10 1
39 22 1
39 23 -1
39 24 1
39 30 1
39 34 1
39 36 -1
39 41 1
39 42 1
39 43 -1
39 45 1
39 46 1
39 47 -1
39 56 1
39 59 1
40 2 1
40 18 -1
40 21 1
40 24 -1
40 30 -1
40 33 1
40 35 1
40 37 1
40 43 -1
40 44 -1
40 46 1
40 47 -1
40 48 -1
40 49 1
40 55 1
40 56 -1
41 3 -1
41 11 -1
41 13 1
41 14 -1
41 16 1
41 24 1
41 33 1
41 35 1
41 37 1
41 39 1
41 42 1
41 43 1
41 44 -1
41 48 -1
41 53 -1
41 58 1
42 1 1
42 4 -1
42 12 1
42 26 1
42 27 1
42 33 -1
42 37 -1
42 39 1
42 41 1
42 45 1
42 46 -1
42 47 1
42 48 1
42 63 1
43 9 1
43 19 1
43 21 -1
43 27 1
43 28 1
43 35 1
43 36 1
43 39 -1
43 40 -1
43 41 1
43 44 1
43 46 1
43 47 1
43 52 1
43 55 -1
43 58 1
44 13 1
44 14 1
44 21 1
44 31 1
44 33 -1
44 34 1
44 38 1
44 40 -1
44 41 -1
44 43 1
44 45 -1
44 46 1
44 49 1
44 55 1
44 59 -1
44 61 1
45 10 1
45 23 1
45 25 1
45 30 -1
45 34 1
45 35 1
45 37 1
45 38 1
45 39 1
45 42 1
45 44 -1
45 48 1
45 49 -1
45 51 1
45 52 -1
45 60 -1
46 11 -1
46 15 -1
46 34 1
46 36 1
46 38 -1
46 39 1
46 40 1
46 42 -1
46 43 1
46 44 1
46 53 1
46 55 1
46 57 1
46 61 1
46 63 -1
47 3 1
47 14 1
47 17 1
47 27 -1
47 29 -1
47 30 -1
47 34 -1
47 35 -1
47 38 -1
47 39 -1
47 40 -1
47 42 1
47 43 1
47 48 1
47 55 1
48 5 1
48 8 1
48 12 1
48 13 1
48 28 1
48 34 1
48 36 -1
48 38 -1
48 40 -1
48 41 -1
48 42 1
48 45 1
48 47 1
48 54 1
48 56 1
48 57 -1
49 1 1
49 8 1
49 9 1
49 10 1
49 32 1
49 40 1
49 44 1
49 45 -1
49 50 1
49 52 1
49 54 1
49 57 1
49 58 1
49 60 1
49 63 1
49 64 1
50 1 -1
50 17 1
50 20 1
50 22 1
50 23 1
50 32 1
50 37 1
50 38 1
50 49 1
50 51 1
50 52 1
50 53 1
50 57 -1
50 60 -1
50 62 1
50 64 1
51 3 1
51 9 1
51 11 1
51 14 1
51 18 1
51 19 -1
51 25 1
51 45 1
51 50 1
51 52 1
51 54 1
51 57 1
51 58 1
51 59 1
51 61 1
51 63 -1
52 6 -1
52 19 1
52 20 1
52 29 1
52 31 1
52 35 1
52 43 1
52 45 -1
52 49 1
52 50 1
52 51 1
52 54 -1
52 59 1
52 60 1
52 61 -1
52 62 1
53 3 -1
53 7 -1
53 15 -1
53 20 1
53 22 1
53 35 -1
53 41 -1
53 46 1
53 50 1
53 56 1
53 58 1
53 59 1
53 60 -1
53 62 1
53 63 -1
53 64 1
54 1 1
54 6 1
54 9 1
54 18 1
54 25 1
54 37 -1
54 38 -1
54 48 1
54 49 1
54 51 1
54 52 -1
54 55 1
54 56 -1
54 57 1
54 58 1
54 63 1
55 7 1
55 34 1
55 35 1
55 40 1
55 43 -1
55 44 1
55 46 1
55 47 1
55 54 1
55 56 1
55 57 1
55 58 1
55 60 -1
55 62 -1
55 63 -1
55 64 1
56 2 1
56 10 1
56 11 1
56 16 -1
56 36 1
56 39 1
56 40 -1
56 48 1
56 53 1
56 54 -1
56 55 1
56 57 1
56 58 1
56 59 1
56 61 -1
56 63 1
57 15 1
57 16 1
57 29 1
57 31 1
57 34 1
57 46 1
57 48 -1
57 49 1
57 50 -1
57 51 1
57 54 1
57 55 1
57 56 1
57 59 1
57 62 1
58 13 1
58 19 1
58 21 -1
58 25 -1
58 41 1
58 43 1
58 49 1
58 51 1
58 53 1
58 54 1
58 55 1
58 56 1
58 61 1
58 63 1
59 6 1
59 7 -1
59 16 1
59 18 1
59 27 1
59 35 1
59 39 1
59 44 -1
59 51 1
59 52 1
59 53 1
59 56 1
59 57 1
59 61 -1
59 62 1
59 64 -1
60 1 1
60 5 1
60 11 -1
60 17 -1
60 23 -1
60 25 1
60 30 1
60 45 -1
60 49 1
60 50 -1
60 52 1
60 53 -1
60 55 -1
60 61 1
60 62 -1
60 64 1
61 13 1
61 14 1
61 16 1
61 32 -1
61 33 1
61 44 1
61 46 1
61 51 1
61 52 -1
61 56 -1
61 58 1
61 59 -1
61 60 1
61 62 -1
61 64 1
62 12 1
62 14 1
62 20 1
62 26 1
62 28 -1
62 29 1
62 38 1
62 50 1
62 52 1
62 53 1
62 55 -1
62 57 1
62 59 1
62 60 -1
62 61 -1
63 3 1
63 4 1
63 6 1
63 12 1
63 27 -1
63 42 1
63 46 -1
63 49 1
63 51 -1
63 53 -1
63 54 1
63 55 -1
63 56 1
63 58 1
63 64 1
64 4 -1
64 15 -1
64 20 1
64 21 1
64 25 1
64 31 1
64 37 -1
64 49 1
64 50 1
64 53 1
64 55 1
64 59 -1
64 60 1
64 61 1
64 63 1
