1 2 1
1 6 -1
1 7 -1
1 8 1
1 9 -1
1 10 -1
1 12 -1
1 13 -1
1 18 -1
1 19 -1
1 20 -1
1 35 -1
1 38 -1
1 56 -1
1 61 -1
1 63 -1
2 1 1
2 3 1
2 6 1
2 7 1
2 9 -1
2 11 -1
2 14 -1
2 16 -1
2 24 -1
2 33 -1
2 38 1
2 46 -1
2 53 -1
2 55 -1
2 56 -1
3 2 1
3 4 1
3 5 -1
3 8 -1
3 10 1
3 12 -1
3 14 -1
3 16 1
3 17 -1
3 34 -1
3 39 -1
3 43 -1
3 44 -1
3 45 1
3 47 1
4 3 1
4 5 -1
4 6 -1
4 7 1
4 11 -1
4 12 -1
4 15 1
4 16 -1
4 19 -1
4 29 -1
4 30 -1
4 42 1
4 50 1
4 54 1
4 58 -1
4 64 1
5 3 -1
5 4 -1
5 7 1
5 8 -1
5 9 1
5 10 -1
5 15 -1
5 16 -1
5 25 -1
5 37 -1
5 39 1
5 43 -1
5 44 -1
5 48 -1
5 54 -1
6 1 -1
6 2 1
6 4 -1
6 9 -1
6 10 -1
6 11 -1
6 13 -1
6 14 1
6 21 -1
6 47 -1
6 49 1
6 50 1
6 51 -1
6 55 -1
6 59 -1
7 1 -1
7 2 1
7 4 1
7 5 1
7 8 -1
7 9 -1
7 11 -1
7 12 1
7 23 -1
7 31 -1
7 41 -1
7 51 -1
7 52 1
7 57 -1
7 58 -1
7 61 -1
8 1 1
8 3 -1
8 5 -1
8 7 -1
8 13 -1
8 14 -1
8 15 -1
8 16 1
8 19 1
8 21 -1
8 46 1
8 50 -1
8 53 -1
8 54 -1
8 58 -1
8 64 -1
9 1 -1
9 2 -1
9 5 1
9 6 -1
9 7 -1
9 14 1
9 15 1
9 16 1
9 19 -1
9 20 -1
9 25 -1
9 30 1
9 36 -1
9 44 -1
9 55 -1
9 62 -1
10 1 -1
10 3 1
10 5 -1
10 6 -1
10 11 -1
10 12 -1
10 13 1
10 15 -1
10 22 -1
10 25 -1
10 30 -1
10 32 -1
10 41 -1
10 50 1
10 62 -1
10 64 -1
11 2 -1
11 4 -1
11 6 -1
11 7 -1
11 10 -1
11 13 -1
11 14 -1
11 15 -1
11 20 -1
11 21 -1
11 28 -1
11 29 -1
11 38 -1
11 46 -1
11 53 -1
11 59 -1
12 1 -1
12 3 -1
12 4 -1
12 7 1
12 10 -1
12 13 -1
12 14 -1
12 16 -1
12 17 -1
12 22 -1
12 30 -1
12 34 1
12 47 1
12 50 -1
12 52 1
13 1 -1
13 6 -1
13 8 -1
13 10 1
13 11 -1
13 12 -1
13 14 -1
13 15 1
13 18 -1
13 26 1
13 42 -1
13 44 -1
13 45 -1
13 46 -1
13 61 1
14 2 -1
14 3 -1
14 6 1
14 8 -1
14 9 1
14 11 -1
14 12 -1
14 13 -1
14 21 -1
14 22 -1
14 30 -1
14 33 -1
14 39 1
14 56 -1
14 60 1
15 4 1
15 5 -1
15 8 -1
15 9 1
15 10 -1
15 11 -1
15 13 1
15 16 -1
15 19 -1
15 21 -1
15 42 -1
15 46 -1
15 52 -1
15 57 -1
15 63 1
16 2 -1
16 3 1
16 4 -1
16 5 -1
16 8 1
16 9 1
16 12 -1
16 15 -1
16 28 -1
16 30 -1
16 33 -1
16 40 1
16 41 1
16 54 -1
16 59 1
16 62 -1
17 3 -1
17 12 -1
17 19 -1
17 20 -1
17 21 1
17 23 -1
17 25 -1
17 27 -1
17 29 1
17 32 -1
17 45 -1
17 53 1
17 57 1
17 58 1
17 62 -1
17 64 -1
18 1 -1
18 13 -1
18 20 1
18 23 -1
18 24 -1
18 25 1
18 26 -1
18 28 1
18 30 -1
18 31 1
18 40 1
18 54 1
18 60 -1
18 63 -1
18 64 -1
19 1 -1
19 4 -1
19 8 1
19 9 -1
19 15 -1
19 17 -1
19 20 1
19 21 1
19 25 1
19 27 1
19 28 1
19 29 1
19 30 1
19 34 1
19 36 -1
19 45 1
20 1 -1
20 9 -1
20 11 -1
20 17 -1
20 18 1
20 19 1
20 21 1
20 22 -1
20 24 1
20 30 -1
20 32 -1
20 33 -1
20 36 -1
20 42 -1
20 50 1
20 56 -1
21 6 -1
21 8 -1
21 11 -1
21 14 -1
21 15 -1
21 17 1
21 19 1
21 20 1
21 22 -1
21 24 -1
21 28 1
21 29 -1
21 31 1
21 41 -1
21 59 1
21 61 1
22 10 -1
22 12 -1
22 14 -1
22 20 -1
22 21 -1
22 24 -1
22 26 1
22 27 -1
22 28 1
22 29 1
22 32 -1
22 38 1
22 48 -1
22 49 -1
22 53 -1
22 63 -1
23 7 -1
23 17 -1
23 18 -1
23 25 -1
23 26 -1
23 28 1
23 29 -1
23 30 -1
23 31 -1
23 42 -1
23 47 -1
23 49 1
23 52 -1
23 56 -1
23 63 -1
24 2 -1
24 18 -1
24 20 1
24 21 -1
24 22 -1
24 25 -1
24 27 -1
24 31 -1
24 32 1
24 34 -1
24 36 1
24 44 -1
24 50 -1
24 52 1
24 60 1
25 5 -1
25 9 -1
25 10 -1
25 17 -1
25 18 1
25 19 1
25 23 -1
25 24 -1
25 30 -1
25 31 -1
25 32 -1
25 35 1
25 47 1
25 55 -1
25 63 -1
25 64 1
26 13 1
26 18 -1
26 22 1
26 23 -1
26 27 -1
26 28 -1
26 29 -1
26 31 1
26 32 -1
26 34 -1
26 37 -1
26 48 1
26 60 1
27 17 -1
27 19 1
27 22 -1
27 24 -1
27 26 -1
27 29 -1
27 30 -1
27 32 -1
27 34 -1
27 36 -1
27 37 1
27 40 -1
27 44 -1
27 54 1
27 61 -1
27 62 -1
28 11 -1
28 16 -1
28 18 1
28 19 1
28 21 1
28 22 1
28 23 1
28 26 -1
28 30 -1
28 31 -1
28 38 -1
28 40 -1
28 48 1
28 58 -1
28 61 -1
29 4 -1
29 11 -1
29 17 1
29 19 1
29 21 -1
29 22 1
29 23 -1
29 26 -1
29 27 -1
29 32 -1
29 40 -1
29 44 -1
29 51 1
29 52 1
29 56 1
30 4 -1
30 9 1
30 10 -1
30 12 -1
30 14 -1
30 16 -1
30 18 -1
30 19 1
30 20 -1
30 23 -1
30 25 -1
30 27 -1
30 28 -1
30 31 -1
30 41 -1
30 49 -1
31 7 -1
31 18 1
31 21 1
31 23 -1
31 24 -1
31 25 -1
31 26 1
31 28 -1
31 30 -1
31 33 -1
31 34 1
31 39 -1
31 40 -1
31 46 -1
31 52 1
31 55 -1
32 10 -1
32 17 -1
32 20 -1
32 22 -1
32 24 1
32 25 -1
32 26 -1
32 27 -1
32 29 -1
32 38 -1
32 39 1
32 43 1
32 48 -1
32 58 1
32 60 -1
33 2 -1
33 14 -1
33 16 -1
33 20 -1
33 31 -1
33 35 -1
33 36 -1
33 39 1
33 40 1
33 41 1
33 42 1
33 43 -1
33 44 -1
33 51 -1
33 64 -1
34 3 -1
34 12 1
34 19 1
34 24 -1
34 26 -1
34 27 -1
34 31 1
34 36 -1
34 37 -1
34 38 -1
34 39 -1
34 42 -1
34 45 -1
34 47 -1
34 48 1
34 49 -1
35 1 -1
35 25 1
35 33 -1
35 38 -1
35 39 -1
35 40 -1
35 41 -1
35 42 -1
35 45 -1
35 47 1
35 49 1
35 53 -1
35 55 -1
35 57 -1
35 58 1
35 64 -1
36 9 -1
36 19 -1
36 20 -1
36 24 1
36 27 -1
36 33 -1
36 34 -1
36 37 -1
36 38 1
36 41 -1
36 44 -1
36 46 1
36 47 1
36 55 -1
36 57 -1
37 5 -1
37 26 -1
37 27 1
37 34 -1
37 36 -1
37 38 1
37 39 -1
37 40 1
37 43 -1
37 46 1
37 48 1
37 57 -1
37 60 -1
37 61 -1
37 62 -1
38 1 -1
38 2 1
38 11 -1
38 22 1
38 28 -1
38 32 -1
38 34 -1
38 35 -1
38 36 1
38 37 1
38 40 -1
38 41 -1
38 45 -1
38 47 -1
38 53 1
39 3 -1
39 5 1
39 14 1
39 31 -1
39 32 1
39 33 1
39 34 -1
39 35 -1
39 37 -1
39 42 1
39 45 1
39 46 -1
39 48 -1
39 53 -1
39 54 -1
40 16 1
40 18 1
40 27 -1
40 28 -1
40 29 -1
40 31 -1
40 33 1
40 35 -1
40 37 1
40 38 -1
40 43 1
40 45 -1
40 46 1
40 47 -1
40 59 1
41 7 -1
41 10 -1
41 16 1
41 21 -1
41 30 -1
41 33 1
41 35 -1
41 36 -1
41 38 -1
41 43 1
41 44 -1
41 46 -1
41 48 -1
41 50 1
41 56 -1
41 60 -1
42 4 1
42 13 -1
42 15 -1
42 20 -1
42 23 -1
42 33 1
42 34 -1
42 35 -1
42 39 1
42 44 -1
42 45 -1
42 47 -1
42 48 1
42 49 1
42 63 -1
43 3 -1
43 5 -1
43 32 1
43 33 -1
43 37 -1
43 40 1
43 41 1
43 44 -1
43 45 -1
43 46 -1
43 48 -1
43 54 -1
43 59 -1
43 62 1
44 3 -1
44 5 -1
44 9 -1
44 13 -1
44 24 -1
44 27 -1
44 29 -1
44 33 -1
44 36 -1
44 41 -1
44 42 -1
44 43 -1
44 46 -1
44 47 -1
44 48 -1
44 59 -1
45 3 1
45 13 -1
45 17 -1
45 19 1
45 34 -1
45 35 -1
45 38 -1
45 39 1
45 40 -1
45 42 -1
45 43 -1
45 47 1
45 57 -1
45 58 -1
45 61 -1
46 2 -1
46 8 1
46 11 -1
46 13 -1
46 15 -1
46 31 -1
46 36 1
46 37 1
46 39 -1
46 40 1
46 41 -1
46 43 -1
46 44 -1
46 48 1
46 49 -1
46 51 -1
47 3 1
47 6 -1
47 12 1
47 23 -1
47 25 1
47 34 -1
47 35 1
47 36 1
47 38 -1
47 40 -1
47 42 -1
47 44 -1
47 45 1
47 60 -1
47 62 -1
48 5 -1
48 22 -1
48 26 1
48 28 1
48 32 -1
48 34 1
48 37 1
48 39 -1
48 41 -1
48 42 1
48 43 -1
48 44 -1
48 46 1
48 51 -1
48 63 -1
49 6 1
49 22 -1
49 23 1
49 30 -1
49 34 -1
49 35 1
49 42 1
49 46 -1
49 51 -1
49 52 -1
49 54 -1
49 55 -1
49 57 -1
49 58 1
49 60 -1
49 63 -1
50 4 1
50 6 1
50 8 -1
50 10 1
50 12 -1
50 20 1
50 24 -1
50 41 1
50 52 -1
50 53 1
50 54 1
50 55 -1
50 58 -1
50 59 -1
50 63 -1
50 64 -1
51 6 -1
51 7 -1
51 29 1
51 33 -1
51 46 -1
51 48 -1
51 49 -1
51 52 -1
51 53 1
51 56 -1
51 61 -1
51 62 -1
51 63 1
51 64 -1
52 7 1
52 12 1
52 15 -1
52 23 -1
52 24 1
52 29 1
52 31 1
52 49 -1
52 50 -1
52 51 -1
52 56 -1
52 58 -1
52 60 1
52 62 1
52 63 -1
53 2 -1
53 8 -1
53 11 -1
53 17 1
53 22 -1
53 35 -1
53 38 1
53 39 -1
53 50 1
53 51 1
53 55 1
53 56 -1
53 57 1
53 59 1
53 60 -1
53 61 -1
54 4 1
54 5 -1
54 8 -1
54 16 -1
54 18 1
54 27 1
54 39 -1
54 43 -1
54 49 -1
54 50 1
54 55 -1
54 57 -1
54 58 -1
54 60 1
54 62 -1
54 64 1
55 2 -1
55 6 -1
55 9 -1
55 25 -1
55 31 -1
55 35 -1
55 36 -1
55 49 -1
55 50 -1
55 53 1
55 54 -1
55 57 -1
55 59 -1
55 61 1
55 64 -1
56 1 -1
56 2 -1
56 14 -1
56 20 -1
56 23 -1
56 29 1
56 41 -1
56 51 -1
56 52 -1
56 53 -1
56 57 1
56 59 1
56 61 -1
56 63 -1
56 64 -1
57 7 -1
57 15 -1
57 17 1
57 35 -1
57 36 -1
57 37 -1
57 45 -1
57 49 -1
57 53 1
57 54 -1
57 55 -1
57 56 1
57 58 1
57 61 -1
57 62 -1
58 4 -1
58 7 -1
58 8 -1
58 17 1
58 28 -1
58 32 1
58 35 1
58 45 -1
58 49 1
58 50 -1
58 52 -1
58 54 -1
58 57 1
58 61 -1
58 62 1
58 64 -1
59 6 -1
59 11 -1
59 16 1
59 21 1
59 40 1
59 43 -1
59 44 -1
59 50 -1
59 53 1
59 55 -1
59 56 1
59 60 -1
59 62 1
59 63 1
59 64 -1
60 14 1
60 18 -1
60 24 1
60 26 1
60 32 -1
60 37 -1
60 41 -1
60 47 -1
60 49 -1
60 52 1
60 53 -1
60 54 1
60 59 -1
60 61 -1
60 62 -1
60 63 1
61 1 -1
61 7 -1
61 13 1
61 21 1
61 27 -1
61 28 -1
61 37 -1
61 45 -1
61 51 -1
61 53 -1
61 55 1
61 56 -1
61 57 -1
61 58 -1
61 60 -1
61 64 1
62 9 -1
62 10 -1
62 16 -1
62 17 -1
62 27 -1
62 37 -1
62 43 1
62 47 -1
62 51 -1
62 52 1
62 54 -1
62 57 -1
62 58 1
62 59 1
62 60 -1
62 63 -1
63 1 -1
63 15 1
63 18 -1
63 22 -1
63 23 -1
63 25 -1
63 42 -1
63 48 -1
63 49 -1
63 50 -1
63 51 1
63 52 -1
63 56 -1
63 59 1
63 60 1
63 62 -1
64 4 1
64 8 -1
64 10 -1
64 17 -1
64 18 -1
64 25 1
64 33 -1
64 35 -1
64 50 -1
64 51 -1
64 54 1
64 55 -1
64 56 -1
64 58 -1
64 59 -1
64 61 1
