1 5 1
1 6 1
1 9 1
1 10 1
1 12 -1
1 13 -1
1 14 1
1 15 -1
1 19 -1
1 28 1
1 39 1
1 42 1
1 44 -1
1 60 1
1 64 -1
2 3 -1
2 7 -1
2 9 -1
2 10 1
2 11 1
2 12 1
2 13 -1
2 16 1
2 27 -1
2 31 -1
2 33 -1
2 39 1
2 53 -1
2 55 1
2 57 1
3 2 -1
3 5 -1
3 6 -1
3 7 1
3 11 1
3 13 1
3 14 1
3 15 -1
3 18 -1
3 19 -1
3 24 1
3 38 1
3 40 -1
3 42 -1
3 44 1
3 55 -1
4 5 -1
4 7 -1
4 8 1
4 9 1
4 10 -1
4 11 -1
4 12 -1
4 15 1
4 24 -1
4 33 -1
4 40 -1
4 47 -1
4 52 -1
4 56 -1
4 59 -1
5 1 1
5 3 -1
5 4 -1
5 7 1
5 8 -1
5 11 -1
5 13 1
5 16 1
5 18 -1
5 22 1
5 30 1
5 34 1
5 40 -1
5 48 1
5 64 -1
6 1 1
6 3 -1
6 8 -1
6 10 -1
6 11 -1
6 13 1
6 15 -1
6 16 -1
6 18 -1
6 21 -1
6 30 -1
6 32 -1
6 40 -1
6 55 -1
6 57 1
7 2 -1
7 3 1
7 4 -1
7 5 1
7 9 -1
7 10 -1
7 14 -1
7 15 -1
7 29 1
7 31 -1
7 33 1
7 40 1
7 46 -1
7 52 1
7 53 1
8 4 1
8 5 -1
8 6 -1
8 9 1
8 11 -1
8 12 -1
8 14 -1
8 16 -1
8 18 1
8 22 -1
8 28 -1
8 46 -1
8 47 -1
8 51 1
8 55 1
9 1 1
9 2 -1
9 4 1
9 7 -1
9 8 1
9 12 -1
9 14 -1
9 15 -1
9 19 -1
9 23 1
9 29 -1
9 35 1
9 43 -1
9 50 -1
9 51 1
9 63 -1
10 1 1
10 2 1
10 4 -1
10 6 -1
10 7 -1
10 12 1
10 14 -1
10 16 1
10 20 1
10 26 -1
10 29 -1
10 33 -1
10 43 1
10 45 -1
10 49 1
10 64 1
11 2 1
11 3 1
11 4 -1
11 5 -1
11 6 -1
11 8 -1
11 12 1
11 16 -1
11 19 -1
11 22 1
11 35 1
11 41 1
11 49 1
11 56 -1
11 62 -1
12 1 -1
12 2 1
12 4 -1
12 8 -1
12 9 -1
12 10 1
12 11 1
12 13 1
12 25 1
12 43 -1
12 47 -1
12 56 -1
12 61 1
12 63 1
13 1 -1
13 2 -1
13 3 1
13 5 1
13 6 1
13 12 1
13 15 -1
13 16 -1
13 19 1
13 23 -1
13 29 1
13 49 -1
13 55 1
13 61 -1
13 62 -1
13 64 -1
14 1 1
14 3 1
14 7 -1
14 8 -1
14 9 -1
14 10 -1
14 15 -1
14 16 -1
14 22 1
14 30 1
14 35 -1
14 36 -1
14 48 1
14 49 1
14 51 1
14 64 1
15 1 -1
15 3 -1
15 4 1
15 6 -1
15 7 -1
15 9 -1
15 13 -1
15 14 -1
15 17 -1
15 30 -1
15 33 1
15 42 1
15 45 -1
15 49 -1
16 2 1
16 5 1
16 6 -1
16 8 -1
16 10 1
16 11 -1
16 13 -1
16 14 -1
16 33 -1
16 36 -1
16 45 -1
16 46 1
16 48 1
16 52 -1
16 58 -1
16 62 -1
17 15 -1
17 19 1
17 20 -1
17 21 -1
17 22 -1
17 26 1
17 27 1
17 30 -1
17 32 1
17 36 -1
17 37 -1
17 41 -1
17 42 1
17 45 -1
17 50 -1
17 59 1
18 3 -1
18 5 -1
18 6 -1
18 8 1
18 19 -1
18 21 -1
18 23 -1
18 24 1
18 25 1
18 27 -1
18 29 1
18 32 -1
18 41 1
18 43 -1
18 53 -1
19 1 -1
19 3 -1
19 9 -1
19 11 -1
19 13 1
19 17 1
19 18 -1
19 21 -1
19 23 -1
19 24 1
19 26 -1
19 28 -1
19 30 -1
19 50 -1
19 54 1
19 60 -1
20 10 1
20 17 -1
20 21 -1
20 24 1
20 25 -1
20 27 -1
20 29 -1
20 30 1
20 31 -1
20 34 1
20 40 1
20 44 -1
20 58 1
20 63 -1
20 64 -1
21 6 -1
21 17 -1
21 18 -1
21 19 -1
21 20 -1
21 22 -1
21 23 1
21 27 1
21 29 -1
21 36 -1
21 37 1
21 41 1
21 49 -1
21 55 -1
21 57 1
21 58 -1
22 5 1
22 8 -1
22 11 1
22 14 1
22 17 -1
22 21 -1
22 23 -1
22 26 1
22 27 -1
22 28 -1
22 31 -1
22 32 1
22 39 1
22 47 -1
22 57 1
22 58 -1
23 9 1
23 13 -1
23 18 -1
23 19 -1
23 21 1
23 22 -1
23 25 1
23 28 1
23 30 -1
23 32 -1
23 36 -1
23 39 1
23 44 1
23 46 -1
23 50 1
23 62 1
24 3 1
24 4 -1
24 18 1
24 19 1
24 20 1
24 25 1
24 28 -1
24 29 -1
24 31 -1
24 32 -1
24 37 -1
24 43 -1
24 49 -1
24 53 -1
24 59 -1
24 63 1
25 12 1
25 18 1
25 20 -1
25 23 1
25 24 1
25 26 -1
25 27 1
25 28 1
25 31 -1
25 37 -1
25 39 -1
25 43 1
25 46 -1
25 48 1
25 50 -1
25 56 1
26 10 -1
26 17 1
26 19 -1
26 22 1
26 25 -1
26 28 -1
26 29 1
26 31 1
26 32 -1
26 37 1
26 38 1
26 49 -1
26 51 1
26 59 1
26 61 1
27 2 -1
27 17 1
27 18 -1
27 20 -1
27 21 1
27 22 -1
27 25 1
27 28 1
27 30 -1
27 41 1
27 47 1
27 48 -1
27 50 1
27 54 -1
27 56 -1
27 63 1
28 1 1
28 8 -1
28 19 -1
28 22 -1
28 23 1
28 24 -1
28 25 1
28 26 -1
28 27 1
28 30 1
28 43 -1
28 45 -1
28 48 -1
28 55 1
28 60 -1
29 7 1
29 9 -1
29 10 -1
29 13 1
29 18 1
29 20 -1
29 21 -1
29 24 -1
29 26 1
29 30 1
29 31 1
29 32 1
29 40 -1
29 42 -1
29 50 -1
29 56 1
30 5 1
30 6 -1
30 14 1
30 15 -1
30 17 -1
30 19 -1
30 20 1
30 23 -1
30 27 -1
30 28 1
30 29 1
30 31 -1
30 37 1
30 44 -1
30 45 -1
30 47 -1
31 2 -1
31 7 -1
31 20 -1
31 22 -1
31 24 -1
31 25 -1
31 26 1
31 29 1
31 30 -1
31 32 1
31 33 1
31 36 -1
31 42 1
31 50 1
31 60 1
31 61 -1
32 6 -1
32 17 1
32 18 -1
32 22 1
32 23 -1
32 24 -1
32 26 -1
32 29 1
32 31 1
32 36 -1
32 41 -1
32 55 -1
32 57 -1
32 59 -1
32 62 -1
32 64 1
33 2 -1
33 4 -1
33 7 1
33 10 -1
33 15 1
33 16 -1
33 31 1
33 35 -1
33 36 1
33 37 -1
33 39 1
33 41 -1
33 42 -1
33 43 -1
33 48 -1
34 5 1
34 20 1
34 35 1
34 38 1
34 39 1
34 42 -1
34 44 -1
34 45 -1
34 46 -1
34 47 -1
34 54 1
34 56 -1
34 58 -1
34 60 -1
35 9 1
35 11 1
35 14 -1
35 33 -1
35 34 1
35 37 -1
35 39 1
35 42 1
35 44 -1
35 46 -1
35 47 1
35 51 -1
35 56 1
35 59 -1
35 61 1
35 62 -1
36 14 -1
36 16 -1
36 17 -1
36 21 -1
36 23 -1
36 31 -1
36 32 -1
36 33 1
36 38 1
36 39 -1
36 43 -1
36 44 -1
36 45 1
36 47 -1
36 48 1
36 59 1
37 17 -1
37 21 1
37 24 -1
37 25 -1
37 26 1
37 30 1
37 33 -1
37 35 -1
37 40 1
37 42 -1
37 45 -1
37 46 1
37 47 -1
37 48 -1
37 57 -1
37 61 -1
38 3 1
38 26 1
38 34 1
38 36 1
38 39 1
38 40 1
38 41 -1
38 44 -1
38 45 1
38 46 -1
38 52 1
38 54 -1
38 58 -1
38 62 -1
39 1 1
39 2 1
39 22 1
39 23 1
39 25 -1
39 33 1
39 34 1
39 35 1
39 36 -1
39 38 1
39 40 -1
39 43 -1
39 46 1
39 54 -1
39 63 1
40 3 -1
40 4 -1
40 5 -1
40 6 -1
40 7 1
40 20 1
40 29 -1
40 37 1
40 38 1
40 39 -1
40 41 1
40 43 1
40 45 -1
40 47 -1
40 48 -1
40 52 1
41 11 1
41 17 -1
41 18 1
41 21 1
41 27 1
41 32 -1
41 33 -1
41 38 -1
41 40 1
41 43 1
41 44 -1
41 45 1
41 46 -1
41 48 -1
41 54 -1
41 63 -1
42 1 1
42 3 -1
42 15 1
42 17 1
42 29 -1
42 31 1
42 33 -1
42 34 -1
42 35 1
42 37 -1
42 43 -1
42 44 -1
42 47 -1
42 48 -1
42 51 -1
42 53 -1
43 9 -1
43 10 1
43 12 -1
43 18 -1
43 24 -1
43 25 1
43 28 -1
43 33 -1
43 36 -1
43 39 -1
43 40 1
43 41 1
43 42 -1
43 45 -1
43 47 -1
44 1 -1
44 3 1
44 20 -1
44 23 1
44 30 -1
44 34 -1
44 35 -1
44 36 -1
44 38 -1
44 41 -1
44 42 -1
44 47 -1
44 48 -1
44 51 -1
44 57 1
44 61 1
45 10 -1
45 15 -1
45 16 -1
45 17 -1
45 28 -1
45 30 -1
45 34 -1
45 36 1
45 37 -1
45 38 1
45 40 -1
45 41 1
45 43 -1
45 46 -1
45 54 -1
46 7 -1
46 8 -1
46 16 1
46 23 -1
46 25 -1
46 34 -1
46 35 -1
46 37 1
46 38 -1
46 39 1
46 41 -1
46 45 -1
46 48 -1
46 53 -1
46 58 -1
46 61 1
47 4 -1
47 8 -1
47 12 -1
47 22 -1
47 27 1
47 30 -1
47 34 -1
47 35 1
47 36 -1
47 37 -1
47 40 -1
47 42 -1
47 43 -1
47 44 -1
47 52 -1
47 53 1
48 5 1
48 14 1
48 16 1
48 25 1
48 27 -1
48 28 -1
48 33 -1
48 36 1
48 37 -1
48 40 -1
48 41 -1
48 42 -1
48 44 -1
48 46 -1
48 58 -1
48 59 1
49 10 1
49 11 1
49 13 -1
49 14 1
49 15 -1
49 21 -1
49 24 -1
49 26 -1
49 50 -1
49 51 1
49 52 -1
49 53 1
49 55 1
49 56 -1
49 60 -1
49 61 1
50 9 -1
50 17 -1
50 19 -1
50 23 1
50 25 -1
50 27 1
50 29 -1
50 31 1
50 49 -1
50 51 1
50 52 1
50 57 -1
50 58 -1
50 61 -1
50 62 -1
50 64 1
51 8 1
51 9 1
51 14 1
51 26 1
51 35 -1
51 42 -1
51 44 -1
51 49 1
51 50 1
51 52 1
51 54 -1
51 56 -1
51 58 -1
51 59 1
51 60 1
52 4 -1
52 7 1
52 16 -1
52 38 1
52 40 1
52 47 -1
52 49 -1
52 50 1
52 51 1
52 53 -1
52 54 -1
52 57 -1
52 58 -1
52 60 1
53 2 -1
53 7 1
53 18 -1
53 24 -1
53 42 -1
53 46 -1
53 47 1
53 49 1
53 52 -1
53 54 -1
53 56 1
53 57 1
53 59 1
53 62 1
53 63 -1
54 19 1
54 27 -1
54 34 1
54 38 -1
54 39 -1
54 41 -1
54 45 -1
54 51 -1
54 52 -1
54 53 -1
54 55 -1
54 56 1
54 59 -1
54 63 1
54 64 -1
55 2 1
55 3 -1
55 6 -1
55 8 1
55 13 1
55 21 -1
55 28 1
55 32 -1
55 49 1
55 54 -1
55 57 1
55 58 -1
55 60 -1
55 61 1
55 63 -1
55 64 1
56 4 -1
56 11 -1
56 12 -1
56 25 1
56 27 -1
56 29 1
56 34 -1
56 35 1
56 49 -1
56 51 -1
56 53 1
56 54 1
56 58 -1
56 59 1
56 62 -1
56 63 -1
57 2 1
57 6 1
57 21 1
57 22 1
57 32 -1
57 37 -1
57 44 1
57 50 -1
57 52 -1
57 53 1
57 55 1
57 59 -1
57 60 1
57 61 1
57 63 -1
58 16 -1
58 20 1
58 21 -1
58 22 -1
58 34 -1
58 38 -1
58 46 -1
58 48 -1
58 50 -1
58 51 -1
58 52 -1
58 55 -1
58 56 -1
58 62 -1
58 63 -1
58 64 1
59 4 -1
59 17 1
59 24 -1
59 26 1
59 32 -1
59 35 -1
59 36 1
59 48 1
59 51 1
59 53 1
59 54 -1
59 56 1
59 57 -1
59 60 1
59 62 1
59 64 -1
60 1 1
60 19 -1
60 28 -1
60 31 1
60 34 -1
60 49 -1
60 51 1
60 52 1
60 55 -1
60 57 1
60 59 1
60 61 -1
60 62 -1
61 12 1
61 13 -1
61 26 1
61 31 -1
61 35 1
61 37 -1
61 44 1
61 46 1
61 49 1
61 50 -1
61 55 1
61 57 1
61 60 -1
61 62 -1
61 63 -1
61 64 -1
62 11 -1
62 13 -1
62 16 -1
62 23 1
62 32 -1
62 35 -1
62 38 -1
62 50 -1
62 53 1
62 56 -1
62 58 -1
62 59 1
62 60 -1
62 61 -1
62 64 -1
63 9 -1
63 12 1
63 20 -1
63 24 1
63 27 1
63 39 1
63 41 -1
63 53 -1
63 54 1
63 55 -1
63 56 -1
63 57 -1
63 58 -1
63 61 -1
63 64 -1
64 1 -1
64 5 -1
64 10 1
64 13 -1
64 14 1
64 20 -1
64 32 1
64 50 1
64 54 -1
64 55 1
64 58 1
64 59 -1
64 61 -1
64 62 -1
64 63 -1
