1 2 -1
1 4 -1
1 7 -1
1 10 -1
1 11 -1
1 12 1
1 14 -1
1 16 1
1 18 -1
1 33 1
1 35 -1
1 39 1
1 47 1
1 49 -1
1 52 -1
2 1 -1
2 4 1
2 5 1
2 6 1
2 9 1
2 11 1
2 15 1
2 16 1
2 30 1
2 31 -1
2 39 1
2 40 1
2 43 1
2 45 1
2 60 1
2 64 1
3 4 1
3 5 -1
3 6 1
3 7 1
3 11 1
3 12 1
3 13 1
3 15 1
3 17 -1
3 24 -1
3 26 -1
3 31 -1
3 32 1
3 38 1
3 42 1
3 55 -1
4 1 -1
4 2 1
4 3 1
4 8 1
4 9 1
4 13 1
4 14 1
4 16 1
4 17 1
4 25 -1
4 29 -1
4 49 1
4 57 1
5 2 1
5 3 -1
5 6 -1
5 7 1
5 9 -1
5 12 1
5 13 1
5 14 -1
5 21 1
5 22 1
5 25 -1
5 29 1
5 33 -1
5 35 1
5 37 -1
5 60 1
6 2 1
6 3 1
6 5 -1
6 7 -1
6 8 -1
6 10 1
6 14 1
6 16 1
6 21 -1
6 27 -1
6 32 -1
6 40 -1
6 41 -1
6 51 -1
6 58 -1
7 1 -1
7 3 1
7 5 1
7 6 -1
7 8 1
7 9 1
7 15 1
7 16 -1
7 17 1
7 24 1
7 30 -1
7 40 1
7 46 -1
7 47 1
7 52 1
7 64 -1
8 4 1
8 6 -1
8 7 1
8 11 1
8 12 1
8 13 -1
8 14 1
8 15 1
8 26 1
8 28 1
8 36 1
8 48 -1
8 59 -1
8 61 1
8 62 -1
9 2 1
9 4 1
9 5 -1
9 7 1
9 10 -1
9 11 1
9 13 1
9 16 -1
9 39 1
9 40 1
9 41 -1
9 43 -1
9 50 1
9 53 1
9 58 1
9 63 1
10 1 -1
10 6 1
10 9 -1
10 11 -1
10 12 -1
10 13 -1
10 14 -1
10 16 1
10 18 -1
10 22 1
10 31 -1
10 36 1
10 48 1
10 55 -1
10 60 1
11 1 -1
11 2 1
11 3 1
11 8 1
11 9 1
11 10 -1
11 12 1
11 15 1
11 29 1
11 35 1
11 51 1
11 52 -1
11 53 -1
11 56 1
11 58 -1
11 59 -1
12 1 1
12 3 1
12 5 1
12 8 1
12 10 -1
12 11 1
12 13 1
12 15 1
12 19 -1
12 33 -1
12 40 1
12 42 -1
12 44 1
12 54 -1
12 60 -1
13 3 1
13 4 1
13 5 1
13 8 -1
13 9 1
13 10 -1
13 12 1
13 14 1
13 23 -1
13 37 -1
13 41 1
13 45 1
13 51 -1
13 55 -1
13 63 1
14 1 -1
14 4 1
14 5 -1
14 6 1
14 8 1
14 10 -1
14 13 1
14 15 1
14 22 1
14 28 1
14 33 1
14 46 -1
14 47 1
14 51 1
14 54 1
14 62 1
15 2 1
15 3 1
15 7 1
15 8 1
15 11 1
15 12 1
15 14 1
15 16 1
15 19 1
15 21 1
15 25 1
15 30 1
15 38 1
15 42 -1
15 48 1
16 1 1
16 2 1
16 4 1
16 6 1
16 7 -1
16 9 -1
16 10 1
16 15 1
16 18 1
16 22 1
16 24 1
16 27 1
16 50 1
16 51 1
16 63 1
17 3 -1
17 4 1
17 7 1
17 18 1
17 22 -1
17 24 1
17 25 1
17 26 -1
17 27 -1
17 28 1
17 29 -1
17 41 1
17 54 -1
17 55 1
17 59 1
18 1 -1
18 10 -1
18 16 1
18 17 1
18 22 -1
18 23 1
18 25 1
18 26 1
18 28 1
18 29 1
18 32 1
18 40 -1
18 44 -1
18 53 1
18 56 -1
18 61 1
19 12 -1
19 15 1
19 20 1
19 23 1
19 24 1
19 25 1
19 27 1
19 28 1
19 30 -1
19 31 1
19 35 -1
19 44 1
19 46 1
19 55 -1
19 59 -1
19 63 1
20 19 1
20 22 1
20 25 -1
20 26 1
20 27 1
20 28 1
20 31 -1
20 32 1
20 34 1
20 35 -1
20 42 -1
20 47 -1
20 53 1
20 56 1
20 60 -1
20 64 -1
21 5 1
21 6 -1
21 15 1
21 22 -1
21 23 1
21 25 -1
21 26 -1
21 27 -1
21 28 -1
21 29 1
21 30 -1
21 40 1
21 42 1
21 56 -1
21 62 -1
22 5 1
22 10 1
22 14 1
22 16 1
22 17 -1
22 18 -1
22 20 1
22 21 -1
22 24 -1
22 26 -1
22 28 1
22 30 1
22 41 1
22 45 1
22 55 1
23 13 -1
23 18 1
23 19 1
23 21 1
23 26 1
23 29 -1
23 30 -1
23 31 -1
23 32 1
23 39 1
23 42 1
23 44 -1
23 46 -1
23 49 -1
23 61 -1
23 62 1
24 3 -1
24 7 1
24 16 1
24 17 1
24 19 1
24 22 -1
24 26 -1
24 27 -1
24 29 1
24 30 1
24 32 1
24 46 1
24 50 -1
24 56 1
24 58 1
24 60 -1
25 4 -1
25 5 -1
25 15 1
25 17 1
25 18 1
25 19 1
25 20 -1
25 21 -1
25 29 -1
25 30 1
25 31 1
25 37 -1
25 48 1
25 50 1
25 57 1
25 58 1
26 3 -1
26 8 1
26 17 -1
26 18 1
26 20 1
26 21 -1
26 22 -1
26 23 1
26 24 -1
26 31 1
26 36 -1
26 38 -1
26 51 -1
26 59 -1
26 62 -1
26 63 -1
27 6 -1
27 16 1
27 17 -1
27 19 1
27 20 1
27 21 -1
27 24 -1
27 29 -1
27 31 -1
27 32 1
27 35 1
27 37 1
27 40 1
27 47 -1
27 50 -1
27 58 1
28 8 1
28 14 1
28 17 1
28 18 1
28 19 1
28 20 1
28 21 -1
28 22 1
28 31 -1
28 32 1
28 38 1
28 52 -1
28 53 -1
28 59 -1
28 60 -1
28 61 -1
29 4 -1
29 5 1
29 11 1
29 17 -1
29 18 1
29 21 1
29 23 -1
29 24 1
29 25 -1
29 27 -1
29 32 -1
29 41 1
29 42 1
29 44 1
29 57 -1
30 2 1
30 7 -1
30 15 1
30 19 -1
30 21 -1
30 22 1
30 23 -1
30 24 1
30 25 1
30 31 1
30 32 -1
30 33 1
30 37 1
30 43 -1
30 45 1
31 2 -1
31 3 -1
31 10 -1
31 19 1
31 20 -1
31 23 -1
31 25 1
31 26 1
31 27 -1
31 28 -1
31 30 1
31 35 -1
31 39 1
31 45 -1
31 47 1
31 53 -1
32 3 1
32 6 -1
32 18 1
32 20 1
32 23 1
32 24 1
32 27 1
32 28 1
32 29 -1
32 30 -1
32 49 1
32 56 -1
32 57 -1
32 60 1
32 62 -1
32 64 1
33 1 1
33 5 -1
33 12 -1
33 14 1
33 30 1
33 37 -1
33 40 1
33 41 -1
33 42 -1
33 43 1
33 45 -1
33 46 1
33 47 1
33 49 -1
33 57 -1
33 59 1
34 20 1
34 36 -1
34 39 -1
34 41 -1
34 43 1
34 45 1
34 46 1
34 47 1
34 48 1
34 50 1
34 54 1
34 56 -1
34 61 1
34 64 -1
35 1 -1
35 5 1
35 11 1
35 19 -1
35 20 -1
35 27 1
35 31 -1
35 36 -1
35 37 -1
35 38 1
35 40 -1
35 42 -1
35 44 1
35 45 1
35 48 1
35 58 1
36 8 1
36 10 1
36 26 -1
36 34 -1
36 35 -1
36 37 -1
36 39 1
36 41 1
36 43 -1
36 46 1
36 48 1
36 50 1
36 52 1
36 57 1
36 64 1
37 5 -1
37 13 -1
37 25 -1
37 27 1
37 30 1
37 33 -1
37 35 -1
37 36 -1
37 38 1
37 40 -1
37 42 1
37 44 1
37 47 1
37 55 -1
37 62 1
38 3 1
38 15 1
38 26 -1
38 28 1
38 35 1
38 37 1
38 41 1
38 42 -1
38 43 1
38 44 1
38 45 -1
38 46 1
38 52 -1
38 54 1
38 61 1
38 64 1
39 1 1
39 2 1
39 9 1
39 23 1
39 31 1
39 34 -1
39 36 1
39 41 -1
39 42 1
39 43 1
39 45 1
39 46 1
39 48 1
39 49 1
39 54 -1
40 2 1
40 6 -1
40 7 1
40 9 1
40 12 1
40 18 -1
40 21 1
40 27 1
40 33 1
40 35 -1
40 37 -1
40 43 -1
40 44 1
40 45 -1
40 47 -1
40 48 1
41 6 -1
41 9 -1
41 13 1
41 17 1
41 22 1
41 29 1
41 33 -1
41 34 -1
41 36 1
41 38 1
41 39 -1
41 44 -1
41 45 1
41 46 1
41 54 1
41 59 1
42 3 1
42 12 -1
42 15 -1
42 20 -1
42 21 1
42 23 1
42 29 1
42 33 -1
42 35 -1
42 37 1
42 38 -1
42 39 1
42 43 -1
42 47 1
42 48 1
42 53 -1
43 2 1
43 9 -1
43 30 -1
43 33 1
43 34 1
43 36 -1
43 38 1
43 39 1
43 40 -1
43 42 -1
43 46 -1
43 49 1
43 51 -1
43 57 -1
43 61 -1
43 62 -1
44 12 1
44 18 -1
44 19 1
44 23 -1
44 29 1
44 35 1
44 37 1
44 38 1
44 40 1
44 41 -1
44 45 1
44 47 -1
44 48 -1
44 51 1
44 63 1
45 2 1
45 13 1
45 22 1
45 30 1
45 31 -1
45 33 -1
45 34 1
45 35 1
45 38 -1
45 39 1
45 40 -1
45 41 1
45 44 1
45 63 1
46 7 -1
46 14 -1
46 19 1
46 23 -1
46 24 1
46 33 1
46 34 1
46 36 1
46 38 1
46 39 1
46 41 1
46 43 -1
46 47 1
46 52 1
46 55 1
47 1 1
47 7 1
47 14 1
47 20 -1
47 27 -1
47 31 1
47 33 1
47 34 1
47 37 1
47 40 -1
47 42 1
47 44 -1
47 46 1
47 48 -1
47 53 1
47 54 -1
48 8 -1
48 10 1
48 15 1
48 25 1
48 34 1
48 35 1
48 36 1
48 39 1
48 40 1
48 42 1
48 44 -1
48 47 -1
48 49 1
48 63 -1
49 1 -1
49 4 1
49 23 -1
49 32 1
49 33 -1
49 39 1
49 43 1
49 48 1
49 50 1
49 52 -1
49 53 -1
49 54 1
49 55 -1
49 60 1
49 62 1
49 63 1
50 9 1
50 16 1
50 24 -1
50 25 1
50 27 -1
50 34 1
50 36 1
50 49 1
50 51 1
50 54 1
50 57 1
50 59 -1
50 60 1
50 61 -1
50 62 1
51 6 -1
51 11 1
51 13 -1
51 14 1
51 16 1
51 26 -1
51 43 -1
51 44 1
51 50 1
51 52 1
51 53 1
51 57 1
51 58 -1
51 60 -1
51 61 1
51 64 1
52 1 -1
52 7 1
52 11 -1
52 28 -1
52 36 1
52 38 -1
52 46 1
52 49 -1
52 51 1
52 54 -1
52 55 -1
52 56 1
52 57 1
52 61 -1
52 62 -1
53 9 1
53 11 -1
53 18 1
53 20 1
53 28 -1
53 31 -1
53 42 -1
53 47 1
53 49 -1
53 51 1
53 55 -1
53 57 1
53 60 1
53 62 1
53 63 1
53 64 1
54 12 -1
54 14 1
54 17 -1
54 34 1
54 38 1
54 39 -1
54 41 1
54 47 -1
54 49 1
54 50 1
54 52 -1
54 55 -1
54 56 1
54 58 1
54 60 1
54 62 -1
55 3 -1
55 10 -1
55 13 -1
55 17 1
55 19 -1
55 22 1
55 37 -1
55 46 1
55 49 -1
55 52 -1
55 53 -1
55 54 -1
55 57 1
55 58 -1
55 59 1
55 64 1
56 11 1
56 18 -1
56 20 1
56 21 -1
56 24 1
56 32 -1
56 34 -1
56 52 1
56 54 1
56 58 1
56 59 1
56 61 1
56 62 1
56 63 1
56 64 -1
57 4 1
57 25 1
57 29 -1
57 32 -1
57 33 -1
57 36 1
57 43 -1
57 50 1
57 51 1
57 52 1
57 53 1
57 55 1
57 59 1
57 61 -1
57 63 1
58 6 -1
58 9 1
58 11 -1
58 24 1
58 25 1
58 27 1
58 35 1
58 51 -1
58 54 1
58 55 -1
58 56 1
58 59 1
58 61 1
58 63 1
58 64 1
59 8 -1
59 11 -1
59 17 1
59 19 -1
59 26 -1
59 28 -1
59 33 1
59 41 1
59 50 -1
59 55 1
59 56 1
59 57 1
59 58 1
59 60 -1
59 62 -1
59 64 1
60 2 1
60 5 1
60 10 1
60 12 -1
60 20 -1
60 24 -1
60 28 -1
60 32 1
60 49 1
60 50 1
60 51 -1
60 53 1
60 54 1
60 59 -1
60 61 -1
60 63 1
61 8 1
61 18 1
61 23 -1
61 28 -1
61 34 1
61 38 1
61 43 -1
61 50 -1
61 51 1
61 52 -1
61 56 1
61 57 -1
61 58 1
61 60 -1
61 64 -1
62 8 -1
62 14 1
62 21 -1
62 23 1
62 26 -1
62 32 -1
62 37 1
62 43 -1
62 49 1
62 50 1
62 52 -1
62 53 1
62 54 -1
62 56 1
62 59 -1
62 63 1
63 9 1
63 13 1
63 16 1
63 19 1
63 26 -1
63 44 1
63 45 1
63 48 -1
63 49 1
63 53 1
63 56 1
63 57 1
63 58 1
63 60 1
63 62 1
63 64 1
64 2 1
64 7 -1
64 20 -1
64 32 1
64 34 -1
64 36 1
64 38 1
64 51 1
64 53 1
64 55 1
64 56 -1
64 58 1
64 59 1
64 61 -1
64 63 1
