1 4 -1
1 5 -1
1 6 -1
1 8 -1
1 10 -1
1 11 1
1 13 -1
1 14 -1
1 17 -1
1 32 1
1 37 1
1 39 -1
1 46 1
1 48 1
1 60 1
2 3 -1
2 5 1
2 6 -1
2 7 -1
2 12 -1
2 13 -1
2 15 1
2 16 -1
2 22 1
2 27 1
2 28 1
2 31 1
2 32 -1
2 34 1
2 53 1
3 2 -1
3 4 -1
3 5 1
3 6 -1
3 8 1
3 10 -1
3 12 1
3 15 -1
3 24 -1
3 25 1
3 26 -1
3 27 1
3 28 -1
3 30 1
3 31 -1
3 54 1
4 1 -1
4 3 -1
4 6 -1
4 7 1
4 9 -1
4 12 1
4 13 1
4 14 1
4 20 -1
4 23 -1
4 34 -1
4 35 -1
4 38 1
4 58 -1
4 60 -1
4 62 -1
5 1 -1
5 2 1
5 3 1
5 7 -1
5 10 1
5 11 1
5 13 -1
5 16 -1
5 19 -1
5 23 1
5 24 1
5 32 1
5 42 -1
5 49 1
5 55 -1
6 1 -1
6 2 -1
6 3 -1
6 4 -1
6 7 -1
6 9 -1
6 11 1
6 14 1
6 24 1
6 30 1
6 42 1
6 44 1
6 58 1
6 60 1
6 62 -1
6 63 -1
7 2 -1
7 4 1
7 5 -1
7 6 -1
7 9 -1
7 12 -1
7 15 1
7 16 1
7 22 1
7 27 -1
7 34 1
7 38 -1
7 48 -1
7 50 1
7 62 -1
8 1 -1
8 3 1
8 9 1
8 10 1
8 12 -1
8 13 1
8 14 -1
8 16 1
8 18 1
8 27 -1
8 28 1
8 32 1
8 37 1
8 41 -1
8 43 1
8 64 1
9 4 -1
9 6 -1
9 7 -1
9 8 1
9 10 -1
9 11 -1
9 13 -1
9 16 -1
9 18 -1
9 36 -1
9 37 1
9 38 1
9 46 1
9 47 -1
9 52 -1
9 62 -1
10 1 -1
10 3 -1
10 5 1
10 8 1
10 9 -1
10 14 -1
10 15 1
10 16 -1
10 17 -1
10 31 -1
10 34 1
10 37 1
10 43 1
10 51 1
10 55 -1
10 63 1
11 1 1
11 5 1
11 6 1
11 9 -1
11 12 1
11 14 1
11 15 1
11 16 1
11 31 1
11 34 -1
11 51 1
11 53 1
11 54 -1
11 55 -1
11 57 -1
11 63 1
12 2 -1
12 3 1
12 4 1
12 7 -1
12 8 -1
12 11 1
12 14 1
12 15 -1
12 17 1
12 29 -1
12 30 1
12 41 -1
12 47 1
12 49 1
12 51 1
13 1 -1
13 2 -1
13 4 1
13 5 -1
13 8 1
13 9 -1
13 14 -1
13 15 1
13 28 1
13 33 1
13 39 1
13 40 -1
13 44 1
13 45 -1
13 49 -1
13 59 1
14 1 -1
14 4 1
14 6 1
14 8 -1
14 10 -1
14 11 1
14 12 1
14 13 -1
14 20 -1
14 34 1
14 38 1
14 44 1
14 57 -1
14 63 1
15 2 1
15 3 -1
15 7 1
15 10 1
15 11 1
15 12 -1
15 13 1
15 16 1
15 19 -1
15 25 -1
15 40 -1
15 50 -1
15 51 1
15 55 -1
15 58 1
16 2 -1
16 5 -1
16 7 1
16 8 1
16 9 -1
16 10 -1
16 11 1
16 15 1
16 25 1
16 27 -1
16 34 -1
16 45 1
16 50 -1
16 52 -1
16 59 1
16 62 1
17 1 -1
17 10 -1
17 12 1
17 21 1
17 22 1
17 24 1
17 25 -1
17 26 -1
17 27 1
17 29 1
17 32 1
17 45 -1
17 50 1
17 56 -1
17 64 -1
18 8 1
18 9 -1
18 20 -1
18 21 1
18 23 1
18 25 1
18 27 1
18 28 1
18 29 -1
18 30 1
18 34 1
18 44 -1
18 45 -1
18 57 1
18 60 -1
18 64 -1
19 5 -1
19 15 -1
19 20 1
19 22 -1
19 23 -1
19 24 1
19 26 -1
19 28 -1
19 29 -1
19 30 -1
19 33 1
19 35 -1
19 46 1
19 51 1
19 55 -1
20 4 -1
20 14 -1
20 18 -1
20 19 1
20 21 1
20 23 1
20 26 -1
20 27 -1
20 28 1
20 30 -1
20 46 -1
20 52 1
20 53 -1
21 17 1
21 18 1
21 20 1
21 22 1
21 24 -1
21 27 1
21 30 -1
21 31 1
21 33 -1
21 39 -1
21 47 1
21 53 1
21 54 1
21 57 -1
21 59 1
22 2 1
22 7 1
22 17 1
22 19 -1
22 21 1
22 25 1
22 28 -1
22 29 1
22 31 -1
22 32 1
22 43 -1
22 49 1
22 55 1
22 57 -1
22 61 -1
23 4 -1
23 5 1
23 18 1
23 19 -1
23 20 1
23 25 1
23 26 -1
23 29 -1
23 30 1
23 32 -1
23 33 -1
23 41 -1
23 46 -1
23 53 -1
23 64 -1
24 3 -1
24 5 1
24 6 1
24 17 1
24 19 1
24 21 -1
24 27 -1
24 28 -1
24 29 1
24 31 -1
24 32 -1
24 39 -1
24 43 -1
24 44 -1
24 49 -1
24 61 1
25 3 1
25 15 -1
25 16 1
25 17 -1
25 18 1
25 22 1
25 23 1
25 26 1
25 27 -1
25 28 -1
25 31 1
25 37 -1
25 39 -1
25 43 1
25 45 -1
26 3 -1
26 17 -1
26 19 -1
26 20 -1
26 23 -1
26 25 1
26 30 -1
26 31 1
26 32 -1
26 37 -1
26 42 1
26 43 1
26 50 -1
26 53 -1
27 2 1
27 3 1
27 7 -1
27 8 -1
27 16 -1
27 17 1
27 18 1
27 20 -1
27 21 1
27 24 -1
27 25 -1
27 30 -1
27 32 -1
27 38 1
27 43 1
27 56 1
28 2 1
28 3 -1
28 8 1
28 13 1
28 18 1
28 19 -1
28 20 1
28 22 -1
28 24 -1
28 25 -1
28 31 1
28 32 -1
28 35 -1
28 45 1
28 63 -1
29 12 -1
29 17 1
29 18 -1
29 19 -1
29 22 1
29 23 -1
29 24 1
29 30 -1
29 31 -1
29 33 1
29 36 1
29 38 -1
29 48 -1
29 52 -1
29 54 1
30 3 1
30 6 1
30 12 1
30 18 1
30 19 -1
30 20 -1
30 21 -1
30 23 1
30 26 -1
30 27 -1
30 29 -1
30 47 -1
30 50 -1
30 54 1
30 56 1
31 2 1
31 3 -1
31 10 -1
31 11 1
31 21 1
31 22 -1
31 24 -1
31 25 1
31 26 1
31 28 1
31 29 -1
31 32 -1
31 37 1
31 51 -1
31 55 -1
32 1 1
32 2 -1
32 5 1
32 8 1
32 17 1
32 22 1
32 23 -1
32 24 -1
32 26 -1
32 27 -1
32 28 -1
32 31 -1
32 36 1
32 54 1
32 60 1
32 61 -1
33 13 1
33 19 1
33 21 -1
33 23 -1
33 29 1
33 35 -1
33 38 1
33 40 1
33 41 -1
33 42 -1
33 45 1
33 46 1
33 47 -1
33 51 -1
33 59 -1
33 61 -1
34 2 1
34 4 -1
34 7 1
34 10 1
34 11 -1
34 14 1
34 16 -1
34 18 1
34 35 -1
34 37 -1
34 39 1
34 40 1
34 41 1
34 44 -1
34 46 -1
34 48 -1
35 4 -1
35 19 -1
35 28 -1
35 33 -1
35 34 -1
35 39 1
35 40 1
35 41 -1
35 42 1
35 47 -1
35 48 -1
35 49 1
35 51 1
35 57 -1
35 63 1
36 9 -1
36 29 1
36 32 1
36 38 1
36 39 -1
36 40 -1
36 41 1
36 42 1
36 44 1
36 45 -1
36 48 -1
36 54 -1
36 58 -1
36 60 -1
36 61 -1
36 64 1
37 1 1
37 8 1
37 9 1
37 10 1
37 25 -1
37 26 -1
37 31 1
37 34 -1
37 38 1
37 40 -1
37 43 1
37 44 -1
37 45 1
37 46 1
37 47 1
38 4 1
38 7 -1
38 9 1
38 14 1
38 27 1
38 29 -1
38 33 1
38 36 1
38 37 1
38 39 1
38 43 1
38 44 -1
38 45 1
38 46 1
38 59 1
39 1 -1
39 13 1
39 21 -1
39 24 -1
39 25 -1
39 34 1
39 35 1
39 36 -1
39 38 1
39 41 1
39 42 -1
39 47 -1
39 48 -1
39 59 1
39 62 -1
40 13 -1
40 15 -1
40 33 1
40 34 1
40 35 1
40 36 -1
40 37 -1
40 42 -1
40 43 -1
40 45 -1
40 50 1
40 52 1
40 56 1
40 58 -1
40 64 1
41 8 -1
41 12 -1
41 23 -1
41 33 -1
41 34 1
41 35 -1
41 36 1
41 39 1
41 44 -1
41 45 -1
41 46 1
41 54 1
41 58 -1
41 59 1
41 62 1
41 63 1
42 5 -1
42 6 1
42 26 1
42 33 -1
42 35 1
42 36 1
42 39 -1
42 40 -1
42 43 1
42 46 -1
42 48 1
42 49 1
42 52 1
42 56 1
42 58 -1
43 8 1
43 10 1
43 22 -1
43 24 -1
43 25 1
43 26 1
43 27 1
43 37 1
43 38 1
43 40 -1
43 42 1
43 45 1
43 46 -1
43 47 1
43 48 -1
43 55 1
44 6 1
44 13 1
44 14 1
44 18 -1
44 24 -1
44 34 -1
44 36 1
44 37 -1
44 38 -1
44 41 -1
44 45 1
44 47 -1
44 48 -1
44 49 1
44 52 1
44 57 1
45 13 -1
45 16 1
45 17 -1
45 18 -1
45 25 -1
45 28 1
45 33 1
45 36 -1
45 37 1
45 38 1
45 40 -1
45 41 -1
45 43 1
45 44 1
45 61 1
45 64 -1
46 1 1
46 9 1
46 19 1
46 20 -1
46 23 -1
46 33 1
46 34 -1
46 37 1
46 38 1
46 41 1
46 42 -1
46 43 -1
46 47 1
46 56 -1
46 59 -1
47 9 -1
47 12 1
47 21 1
47 30 -1
47 33 -1
47 35 -1
47 37 1
47 39 -1
47 43 1
47 44 -1
47 46 1
47 48 1
47 53 -1
47 56 -1
47 60 1
47 62 -1
48 1 1
48 7 -1
48 29 -1
48 34 -1
48 35 -1
48 36 -1
48 39 -1
48 42 1
48 43 -1
48 44 -1
48 47 1
48 53 -1
48 56 1
48 58 -1
48 61 -1
49 5 1
49 12 1
49 13 -1
49 22 1
49 24 -1
49 35 1
49 42 1
49 44 1
49 51 -1
49 53 -1
49 55 -1
49 57 -1
49 58 -1
49 59 1
49 60 -1
49 64 1
50 7 1
50 15 -1
50 16 -1
50 17 1
50 26 -1
50 30 -1
50 40 1
50 52 1
50 53 1
50 54 1
50 56 1
50 57 1
50 58 -1
50 60 -1
50 63 1
51 10 1
51 11 1
51 12 1
51 15 1
51 19 1
51 31 -1
51 33 -1
51 35 1
51 49 -1
51 52 1
51 54 -1
51 55 -1
51 57 1
51 59 1
51 61 -1
51 62 1
52 9 -1
52 16 -1
52 20 1
52 29 -1
52 40 1
52 42 1
52 44 1
52 50 1
52 51 1
52 53 1
52 55 1
52 56 1
52 57 1
52 63 1
52 64 1
53 2 1
53 11 1
53 20 -1
53 21 1
53 23 -1
53 26 -1
53 47 -1
53 48 -1
53 49 -1
53 50 1
53 52 1
53 54 -1
53 56 1
53 57 1
53 59 1
53 64 1
54 3 1
54 11 -1
54 21 1
54 29 1
54 30 1
54 32 1
54 36 -1
54 41 1
54 50 1
54 51 -1
54 53 -1
54 55 -1
54 59 1
54 60 1
54 61 1
54 64 -1
55 5 -1
55 10 -1
55 11 -1
55 15 -1
55 19 -1
55 22 1
55 31 -1
55 43 1
55 49 -1
55 51 -1
55 52 1
55 54 -1
55 58 -1
55 60 -1
55 61 -1
55 62 -1
56 17 -1
56 27 1
56 30 1
56 40 1
56 42 1
56 46 -1
56 47 -1
56 48 1
56 50 1
56 52 1
56 53 1
56 58 -1
56 61 -1
56 62 1
56 63 1
56 64 1
57 11 -1
57 14 -1
57 18 1
57 21 -1
57 22 -1
57 35 -1
57 44 1
57 49 -1
57 50 1
57 51 1
57 52 1
57 53 1
57 61 1
57 62 -1
57 63 1
58 4 -1
58 6 1
58 15 1
58 36 -1
58 40 -1
58 41 -1
58 42 -1
58 48 -1
58 49 -1
58 50 -1
58 55 -1
58 56 -1
58 59 1
58 62 1
58 63 1
58 64 -1
59 13 1
59 16 1
59 21 1
59 33 -1
59 38 1
59 39 1
59 41 1
59 46 -1
59 49 1
59 51 1
59 53 1
59 54 1
59 58 1
59 60 -1
59 61 1
59 62 1
60 1 1
60 4 -1
60 6 1
60 18 -1
60 32 1
60 36 -1
60 47 1
60 49 -1
60 50 -1
60 54 1
60 55 -1
60 59 -1
60 62 -1
60 63 1
60 64 -1
61 22 -1
61 24 1
61 32 -1
61 33 -1
61 36 -1
61 45 1
61 48 -1
61 51 -1
61 54 1
61 55 -1
61 56 -1
61 57 1
61 59 1
61 63 -1
61 64 -1
62 4 -1
62 6 -1
62 7 -1
62 9 -1
62 16 1
62 39 -1
62 41 1
62 47 -1
62 51 1
62 55 -1
62 56 1
62 57 -1
62 58 1
62 59 1
62 60 -1
62 63 -1
63 6 -1
63 10 1
63 11 1
63 14 1
63 28 -1
63 35 1
63 41 1
63 50 1
63 52 1
63 56 1
63 57 1
63 58 1
63 60 1
63 61 -1
63 62 -1
64 8 1
64 17 -1
64 18 -1
64 23 -1
64 36 1
64 40 1
64 45 -1
64 49 1
64 52 1
64 53 1
64 54 -1
64 56 1
64 58 -1
64 60 -1
64 61 -1
