1 2 1
1 3 1
1 4 1
1 5 1
1 6 1
1 7 1
1 14 1
1 15 1
1 21 1
1 27 1
1 36 1
1 40 1
1 44 1
1 56 1
2 1 1
2 4 1
2 5 1
2 8 1
2 9 -1
2 13 1
2 15 1
2 16 1
2 34 1
2 42 1
2 46 1
2 56 -1
2 59 1
2 63 1
2 64 1
3 1 1
3 4 1
3 8 1
3 9 1
3 10 -1
3 13 -1
3 15 1
3 16 1
3 20 1
3 30 1
3 31 1
3 44 1
3 49 1
3 54 1
4 1 1
4 2 1
4 3 1
4 5 1
4 8 1
4 11 1
4 13 1
4 14 1
4 29 1
4 31 1
4 45 1
4 46 1
4 53 1
4 54 1
4 61 1
4 63 1
5 1 1
5 2 1
5 4 1
5 6 -1
5 7 1
5 9 1
5 12 1
5 15 1
5 17 1
5 31 1
5 33 1
5 38 1
5 50 1
5 53 1
5 57 1
5 64 1
6 1 1
6 5 -1
6 7 1
6 8 -1
6 10 1
6 11 1
6 12 1
6 13 1
6 17 1
6 19 1
6 25 -1
6 51 1
6 57 1
6 59 1
6 63 -1
7 1 1
7 5 1
7 6 1
7 8 1
7 10 1
7 12 1
7 14 1
7 16 1
7 26 1
7 36 1
7 45 -1
7 46 1
7 49 1
7 55 -1
7 58 1
7 60 1
8 2 1
8 3 1
8 4 1
8 6 -1
8 7 1
8 10 1
8 13 1
8 16 1
8 20 1
8 22 1
8 29 1
8 40 1
8 42 1
8 56 1
8 60 1
9 2 -1
9 3 1
9 5 1
9 10 1
9 12 1
9 13 1
9 14 1
9 15 1
9 17 1
9 24 1
9 28 -1
9 33 1
9 42 1
9 47 1
9 49 1
9 59 1
10 3 -1
10 6 1
10 7 1
10 8 1
10 9 1
10 11 1
10 12 1
10 14 1
10 23 1
10 36 1
10 42 1
10 47 -1
10 49 1
10 53 1
10 57 1
10 59 1
11 4 1
11 6 1
11 10 1
11 12 1
11 13 1
11 14 1
11 15 1
11 16 1
11 19 1
11 26 1
11 35 1
11 37 -1
11 39 1
11 45 1
11 49 -1
11 63 1
12 5 1
12 6 1
12 7 1
12 9 1
12 10 1
12 11 1
12 13 1
12 16 1
12 36 1
12 42 1
12 43 1
12 47 1
12 48 1
12 51 1
12 56 1
12 60 -1
13 2 1
13 3 -1
13 4 1
13 6 1
13 8 1
13 9 1
13 11 1
13 12 1
13 17 1
13 28 1
13 50 -1
13 53 1
13 55 1
13 58 1
14 1 1
14 4 1
14 7 1
14 9 1
14 10 1
14 11 1
14 15 1
14 16 -1
14 35 1
14 46 1
14 48 1
14 52 -1
14 53 1
14 55 1
14 64 1
15 1 1
15 2 1
15 3 1
15 5 1
15 9 1
15 11 1
15 14 1
15 16 1
15 17 -1
15 29 1
15 33 1
15 34 1
15 36 1
15 44 1
15 45 1
16 2 1
16 3 1
16 7 1
16 8 1
16 11 1
16 12 1
16 14 -1
16 15 1
16 30 1
16 42 1
16 45 1
16 48 1
16 55 1
16 56 1
16 58 1
17 5 1
17 6 1
17 9 1
17 13 1
17 15 -1
17 19 1
17 20 1
17 23 1
17 24 1
17 25 1
17 27 1
17 29 1
17 30 -1
17 36 1
17 50 1
18 19 1
18 20 1
18 24 1
18 25 1
18 26 1
18 27 1
18 28 1
18 30 1
18 33 1
18 45 1
18 48 -1
18 50 1
18 54 1
18 57 -1
18 60 1
19 6 1
19 11 1
19 17 1
19 18 1
19 21 1
19 22 1
19 24 1
19 26 1
19 30 1
19 32 1
19 35 1
19 40 1
19 44 1
19 45 1
19 49 1
19 58 1
20 3 1
20 8 1
20 17 1
20 18 1
20 22 1
20 25 1
20 27 1
20 28 1
20 29 1
20 32 1
20 39 1
20 43 1
20 48 1
20 52 1
20 60 1
20 62 1
21 1 1
21 19 1
21 26 1
21 27 1
21 28 1
21 29 1
21 30 1
21 31 1
21 32 1
21 35 1
21 37 1
21 41 1
21 51 1
21 52 1
21 59 1
22 8 1
22 19 1
22 20 1
22 23 1
22 24 -1
22 25 1
22 28 1
22 29 1
22 30 1
22 34 1
22 60 1
22 62 1
23 10 1
23 17 1
23 22 1
23 24 1
23 26 -1
23 27 -1
23 28 1
23 30 1
23 31 1
23 33 1
23 37 1
23 40 1
23 43 1
23 51 1
23 62 1
23 64 1
24 9 1
24 17 1
24 18 1
24 19 1
24 22 -1
24 23 1
24 25 -1
24 31 1
24 32 1
24 36 1
24 38 1
24 39 1
24 43 1
24 52 1
24 64 1
25 6 -1
25 17 1
25 18 1
25 20 1
25 22 1
25 24 -1
25 26 1
25 29 1
25 31 -1
25 41 1
25 42 1
25 44 1
25 54 1
25 61 1
26 7 1
26 11 1
26 18 1
26 19 1
26 21 1
26 23 -1
26 25 1
26 28 1
26 29 1
26 30 1
26 35 1
26 43 1
26 45 1
26 57 1
26 59 1
26 61 1
27 1 1
27 17 1
27 18 1
27 20 1
27 21 1
27 23 -1
27 30 1
27 31 1
27 32 1
27 33 1
27 40 1
27 41 1
27 55 1
27 60 1
28 9 -1
28 13 1
28 18 1
28 20 1
28 21 1
28 22 1
28 23 1
28 26 1
28 31 1
28 32 1
28 37 1
28 41 1
28 43 1
28 47 1
28 53 1
28 61 1
29 4 1
29 8 1
29 15 1
29 17 1
29 20 1
29 21 1
29 22 1
29 25 1
29 26 1
29 31 1
29 32 1
29 33 1
29 39 1
29 40 1
29 43 1
30 3 1
30 16 1
30 17 -1
30 18 1
30 19 1
30 21 1
30 22 1
30 23 1
30 26 1
30 27 1
30 49 1
30 50 1
30 54 1
30 62 1
30 64 1
31 3 1
31 4 1
31 5 1
31 21 1
31 23 1
31 24 1
31 25 -1
31 27 1
31 28 1
31 29 1
31 32 1
31 35 1
31 50 1
31 51 1
31 56 1
31 57 1
32 19 1
32 20 1
32 21 1
32 24 1
32 27 1
32 28 1
32 29 1
32 31 1
32 34 1
32 35 1
32 52 1
32 54 1
32 59 1
32 61 1
33 5 1
33 9 1
33 15 1
33 18 1
33 23 1
33 27 1
33 29 1
33 34 1
33 37 1
33 38 1
33 39 1
33 40 1
33 42 1
33 43 1
33 48 1
33 64 1
34 2 1
34 15 1
34 22 1
34 32 1
34 33 1
34 35 1
34 37 1
34 40 1
34 41 1
34 43 -1
34 46 1
34 47 1
34 53 1
35 11 1
35 14 1
35 19 1
35 21 1
35 26 1
35 31 1
35 32 1
35 34 1
35 37 1
35 38 1
35 39 1
35 41 1
35 42 1
35 44 1
35 45 1
35 55 -1
36 1 1
36 7 1
36 10 1
36 12 1
36 15 1
36 17 1
36 24 1
36 38 -1
36 40 1
36 41 1
36 42 1
36 43 1
36 44 -1
36 45 1
36 47 1
37 11 -1
37 21 1
37 23 1
37 28 1
37 33 1
37 34 1
37 35 1
37 39 1
37 41 1
37 44 1
37 46 1
37 48 1
37 51 1
37 62 1
37 63 1
38 5 1
38 24 1
38 33 1
38 35 1
38 36 -1
38 42 1
38 43 1
38 45 1
38 47 1
38 48 1
38 52 1
38 58 1
38 62 1
39 11 1
39 20 1
39 24 1
39 29 1
39 33 1
39 35 1
39 37 1
39 42 1
39 44 1
39 46 1
39 47 1
39 48 1
39 54 1
39 56 1
39 57 1
40 1 1
40 8 1
40 19 1
40 23 1
40 27 1
40 29 1
40 33 1
40 34 1
40 36 1
40 41 -1
40 44 1
40 45 1
40 46 1
40 48 1
40 55 1
41 21 1
41 25 1
41 27 1
41 28 1
41 34 1
41 35 1
41 36 1
41 37 1
41 40 -1
41 43 1
41 44 1
41 47 1
41 52 1
41 62 -1
41 64 1
42 2 1
42 8 1
42 9 1
42 10 1
42 12 1
42 16 1
42 25 1
42 33 1
42 35 1
42 36 1
42 38 1
42 39 1
42 43 1
42 45 1
42 46 1
42 61 1
43 12 1
43 20 1
43 23 1
43 24 1
43 26 1
43 28 1
43 29 1
43 33 1
43 34 -1
43 36 1
43 38 1
43 41 1
43 42 1
43 44 1
43 45 -1
43 52 -1
44 1 1
44 3 1
44 15 1
44 19 1
44 25 1
44 35 1
44 36 -1
44 37 1
44 39 1
44 40 1
44 41 1
44 43 1
44 48 1
44 61 1
45 4 1
45 7 -1
45 11 1
45 15 1
45 16 1
45 18 1
45 19 1
45 26 1
45 35 1
45 36 1
45 38 1
45 40 1
45 42 1
45 43 -1
45 46 1
45 47 1
46 2 1
46 4 1
46 7 1
46 14 1
46 34 1
46 37 1
46 39 1
46 40 1
46 42 1
46 45 1
46 47 1
46 48 -1
46 51 1
46 57 1
46 63 1
47 9 1
47 10 -1
47 12 1
47 28 1
47 34 1
47 36 1
47 38 1
47 39 1
47 41 1
47 45 1
47 46 1
47 48 1
47 53 -1
47 58 1
47 59 1
47 61 1
48 12 1
48 14 1
48 16 1
48 18 -1
48 20 1
48 33 1
48 37 1
48 38 1
48 39 1
48 40 1
48 44 1
48 46 -1
48 47 1
48 51 1
49 3 1
49 7 1
49 9 1
49 10 1
49 11 -1
49 19 1
49 30 1
49 52 1
49 53 1
49 56 1
49 57 1
49 58 1
49 59 -1
49 61 -1
49 62 1
50 5 1
50 13 -1
50 17 1
50 18 1
50 30 1
50 31 1
50 51 1
50 54 1
50 56 -1
50 57 1
50 58 -1
50 61 1
50 63 1
50 64 1
51 6 1
51 12 1
51 21 1
51 23 1
51 31 1
51 37 1
51 46 1
51 48 1
51 50 1
51 53 -1
51 54 -1
51 56 1
51 57 1
51 59 1
51 62 1
51 64 1
52 14 -1
52 20 1
52 21 1
52 24 1
52 32 1
52 38 1
52 41 1
52 43 -1
52 49 1
52 53 1
52 54 1
52 55 -1
52 56 1
52 60 1
52 61 1
52 64 1
53 4 1
53 5 1
53 10 1
53 13 1
53 14 1
53 28 1
53 34 1
53 47 -1
53 49 1
53 51 -1
53 52 1
53 54 -1
53 57 1
53 58 1
53 60 1
53 63 1
54 3 1
54 4 1
54 18 1
54 25 1
54 30 1
54 32 1
54 39 1
54 50 1
54 51 -1
54 52 1
54 53 -1
54 55 1
54 58 1
54 59 1
54 64 1
55 7 -1
55 13 1
55 14 1
55 16 1
55 27 1
55 35 -1
55 40 1
55 52 -1
55 54 1
55 56 1
55 60 1
55 61 1
55 62 1
55 63 -1
55 64 1
56 1 1
56 2 -1
56 8 1
56 12 1
56 16 1
56 31 1
56 39 1
56 49 1
56 50 -1
56 51 1
56 52 1
56 55 1
56 57 1
56 58 1
56 63 1
57 5 1
57 6 1
57 10 1
57 18 -1
57 26 1
57 31 1
57 39 1
57 46 1
57 49 1
57 50 1
57 51 1
57 53 1
57 56 1
57 59 1
57 63 1
57 64 1
58 7 1
58 13 1
58 16 1
58 19 1
58 38 1
58 47 1
58 49 1
58 50 -1
58 53 1
58 54 1
58 56 1
58 59 1
58 60 1
58 62 1
59 2 1
59 6 1
59 9 1
59 10 1
59 21 1
59 26 1
59 32 1
59 47 1
59 49 -1
59 51 1
59 54 1
59 57 1
59 58 1
59 60 1
59 61 1
59 62 -1
60 7 1
60 8 1
60 12 -1
60 18 1
60 20 1
60 22 1
60 27 1
60 52 1
60 53 1
60 55 1
60 58 1
60 59 1
60 61 1
60 63 1
60 64 1
61 4 1
61 25 1
61 26 1
61 28 1
61 32 1
61 42 1
61 44 1
61 47 1
61 49 -1
61 50 1
61 52 1
61 55 1
61 59 1
61 60 1
61 62 1
61 63 1
62 20 1
62 22 1
62 23 1
62 30 1
62 37 1
62 38 1
62 41 -1
62 49 1
62 51 1
62 55 1
62 58 1
62 59 -1
62 61 1
62 63 -1
62 64 1
63 2 1
63 4 1
63 6 -1
63 11 1
63 37 1
63 46 1
63 50 1
63 53 1
63 55 -1
63 56 1
63 57 1
63 60 1
63 61 1
63 62 -1
64 2 1
64 5 1
64 14 1
64 23 1
64 24 1
64 30 1
64 33 1
64 41 1
64 50 1
64 51 1
64 52 1
64 54 1
64 55 1
64 57 1
64 60 1
64 62 1
