1 2 1
1 4 1
1 7 1
1 8 1
1 9 1
1 11 1
1 12 1
1 13 1
1 14 -1
1 30 1
1 32 1
1 33 1
1 41 1
1 45 -1
1 47 1
1 48 1
2 1 1
2 6 1
2 7 1
2 8 1
2 9 1
2 11 1
2 12 1
2 13 1
2 16 1
2 18 1
2 19 1
2 20 1
2 41 1
2 45 1
2 52 1
2 57 1
3 4 1
3 5 1
3 6 1
3 8 1
3 10 1
3 11 -1
3 12 -1
3 13 1
3 15 1
3 18 1
3 20 1
3 24 1
3 26 1
3 50 -1
3 64 1
4 1 1
4 3 1
4 5 1
4 7 1
4 8 -1
4 10 1
4 12 -1
4 15 1
4 16 -1
4 27 1
4 35 1
4 51 1
4 56 1
4 57 -1
4 62 1
4 63 -1
5 3 1
5 4 1
5 6 1
5 7 1
5 8 1
5 11 -1
5 13 1
5 14 -1
5 16 1
5 26 1
5 29 1
5 40 1
5 47 1
5 51 1
5 60 1
5 64 1
6 2 1
6 3 1
6 5 1
6 7 1
6 8 1
6 9 1
6 11 1
6 12 -1
6 16 1
6 29 -1
6 30 1
6 34 1
6 35 1
6 42 1
6 46 -1
6 61 1
7 1 1
7 2 1
7 4 1
7 5 1
7 6 1
7 10 1
7 11 1
7 14 1
7 15 -1
7 19 1
7 20 1
7 22 1
7 24 1
7 39 -1
7 56 1
7 58 1
8 1 1
8 2 1
8 3 1
8 4 -1
8 5 1
8 6 1
8 9 1
8 10 1
8 12 -1
8 25 1
8 38 -1
8 39 1
8 43 1
8 48 -1
8 61 1
9 1 1
9 2 1
9 6 1
9 8 1
9 10 1
9 12 1
9 13 -1
9 14 1
9 15 1
9 22 1
9 24 1
9 26 1
9 28 1
9 60 1
9 62 1
9 64 -1
10 3 1
10 4 1
10 7 1
10 8 1
10 9 1
10 11 -1
10 14 1
10 15 1
10 16 1
10 22 1
10 28 1
10 32 1
10 33 1
10 36 1
10 52 1
10 58 1
11 1 1
11 2 1
11 3 -1
11 5 -1
11 6 1
11 7 1
11 10 -1
11 14 -1
11 15 1
11 31 1
11 36 1
11 38 1
11 46 1
11 52 -1
11 57 1
11 64 1
12 1 1
12 2 1
12 3 -1
12 4 -1
12 6 -1
12 8 -1
12 9 1
12 13 1
12 16 1
12 19 -1
12 20 1
12 28 -1
12 51 1
12 53 -1
12 58 1
12 62 -1
13 1 1
13 2 1
13 3 1
13 5 1
13 9 -1
13 12 1
13 14 1
13 15 -1
13 16 1
13 24 1
13 28 -1
13 29 1
13 36 1
13 40 1
13 44 1
13 45 1
14 1 -1
14 5 -1
14 7 1
14 9 1
14 10 1
14 11 -1
14 13 1
14 15 -1
14 16 1
14 21 1
14 26 1
14 27 1
14 29 1
14 38 -1
14 58 1
15 3 1
15 4 1
15 7 -1
15 9 1
15 10 1
15 11 1
15 13 -1
15 14 -1
15 16 1
15 17 1
15 22 1
15 36 1
15 39 1
15 47 1
15 63 -1
15 64 -1
16 2 1
16 4 -1
16 5 1
16 6 1
16 10 1
16 12 1
16 13 1
16 14 1
16 15 1
16 21 1
16 23 -1
16 37 1
16 50 1
16 52 1
16 55 1
17 15 1
17 18 1
17 21 1
17 22 1
17 23 1
17 24 1
17 27 -1
17 28 1
17 29 -1
17 30 -1
17 35 1
17 42 1
17 45 1
17 49 1
17 50 1
17 63 -1
18 2 1
18 3 1
18 17 1
18 19 1
18 21 1
18 24 1
18 25 1
18 27 1
18 28 1
18 31 1
18 32 1
18 34 1
18 46 1
18 48 1
18 52 -1
18 57 1
19 2 1
19 7 1
19 12 -1
19 18 1
19 20 -1
19 22 1
19 26 1
19 27 1
19 28 1
19 29 1
19 30 1
19 32 -1
19 38 -1
19 47 1
19 48 -1
19 60 -1
20 2 1
20 3 1
20 7 1
20 12 1
20 19 -1
20 21 1
20 22 1
20 23 -1
20 24 -1
20 25 1
20 29 1
20 31 1
20 32 1
20 35 -1
20 41 1
21 14 1
21 16 1
21 17 1
21 18 1
21 20 1
21 23 1
21 25 1
21 26 1
21 27 1
21 28 1
21 32 1
21 35 1
21 37 -1
21 45 1
21 55 1
22 7 1
22 9 1
22 10 1
22 15 1
22 17 1
22 19 1
22 20 1
22 23 1
22 24 1
22 25 1
22 27 1
22 28 1
22 32 1
22 40 -1
22 53 -1
22 59 1
23 16 -1
23 17 1
23 20 -1
23 21 1
23 22 1
23 25 -1
23 26 1
23 27 1
23 29 1
23 30 1
23 33 1
23 37 1
23 49 1
23 51 1
23 55 -1
24 3 1
24 7 1
24 9 1
24 13 1
24 17 1
24 18 1
24 20 -1
24 22 1
24 27 1
24 28 1
24 29 1
24 30 1
24 31 -1
24 43 -1
24 47 1
24 61 1
25 8 1
25 18 1
25 20 1
25 21 1
25 22 1
25 23 -1
25 26 1
25 30 -1
25 31 1
25 32 1
25 33 1
25 46 1
25 54 -1
25 60 1
25 61 1
25 64 1
26 3 1
26 5 1
26 9 1
26 14 1
26 19 1
26 21 1
26 23 1
26 25 1
26 27 -1
26 28 1
26 29 1
26 30 1
26 31 1
26 39 1
26 57 1
26 62 -1
27 4 1
27 14 1
27 17 -1
27 18 1
27 19 1
27 21 1
27 22 1
27 23 1
27 24 1
27 26 -1
27 30 1
27 39 1
27 42 1
27 46 1
27 57 1
28 9 1
28 10 1
28 12 -1
28 13 -1
28 17 1
28 18 1
28 19 1
28 21 1
28 22 1
28 24 1
28 26 1
28 29 1
28 31 1
28 45 1
28 49 1
28 62 1
29 5 1
29 6 -1
29 13 1
29 14 1
29 17 -1
29 19 1
29 20 1
29 23 1
29 24 1
29 26 1
29 28 1
29 31 1
29 32 1
29 54 1
29 55 1
30 1 1
30 6 1
30 17 -1
30 19 1
30 23 1
30 24 1
30 25 -1
30 26 1
30 27 1
30 31 1
30 32 1
30 37 -1
30 40 1
30 44 1
30 60 1
31 11 1
31 18 1
31 20 1
31 24 -1
31 25 1
31 26 1
31 28 1
31 29 1
31 30 1
31 32 -1
31 36 1
31 38 -1
31 41 1
31 54 1
31 58 -1
31 64 -1
32 1 1
32 10 1
32 18 1
32 19 -1
32 20 1
32 21 1
32 22 1
32 25 1
32 29 1
32 30 1
32 31 -1
32 58 1
32 59 1
32 61 1
32 62 1
33 1 1
33 10 1
33 23 1
33 25 1
33 35 1
33 38 1
33 39 1
33 40 1
33 41 -1
33 45 1
33 46 1
33 47 1
33 48 1
33 52 1
33 54 1
33 59 1
34 6 1
34 18 1
34 35 -1
34 36 1
34 39 1
34 40 1
34 41 1
34 43 1
34 44 1
34 45 1
34 47 1
34 49 1
34 50 1
34 56 1
34 60 -1
34 61 -1
35 4 1
35 6 1
35 17 1
35 20 -1
35 21 1
35 33 1
35 34 -1
35 36 1
35 37 1
35 38 1
35 45 1
35 46 -1
35 47 1
35 48 1
35 55 1
35 63 -1
36 10 1
36 11 1
36 13 1
36 15 1
36 31 1
36 34 1
36 35 1
36 38 1
36 39 1
36 40 -1
36 41 1
36 42 1
36 44 1
36 45 1
36 50 -1
36 53 1
37 16 1
37 21 -1
37 23 1
37 30 -1
37 35 1
37 38 -1
37 40 1
37 41 1
37 42 -1
37 45 1
37 46 1
37 47 1
37 48 1
37 53 1
38 8 -1
38 11 1
38 14 -1
38 19 -1
38 31 -1
38 33 1
38 35 1
38 36 1
38 37 -1
38 41 1
38 42 1
38 43 -1
38 44 1
38 47 1
38 53 1
38 59 1
39 7 -1
39 8 1
39 15 1
39 26 1
39 27 1
39 33 1
39 34 1
39 36 1
39 40 -1
39 41 1
39 43 1
39 44 1
39 45 1
39 47 1
39 49 1
39 52 1
40 5 1
40 13 1
40 22 -1
40 30 1
40 33 1
40 34 1
40 36 -1
40 37 1
40 39 -1
40 42 1
40 43 1
40 46 1
40 48 1
40 49 1
40 50 1
40 59 1
41 1 1
41 2 1
41 20 1
41 31 1
41 33 -1
41 34 1
41 36 1
41 37 1
41 38 1
41 39 1
41 42 -1
41 46 1
41 47 1
41 50 -1
41 51 1
41 62 1
42 6 1
42 17 1
42 27 1
42 36 1
42 37 -1
42 38 1
42 40 1
42 41 -1
42 43 1
42 45 1
42 46 -1
42 48 -1
42 51 1
42 55 -1
42 56 1
42 60 1
43 8 1
43 24 -1
43 34 1
43 38 -1
43 39 1
43 40 1
43 42 1
43 44 1
43 45 1
43 46 -1
43 48 1
43 53 1
43 54 1
43 56 1
43 63 -1
44 13 1
44 30 1
44 34 1
44 36 1
44 38 1
44 39 1
44 43 1
44 45 1
44 46 1
44 47 1
44 48 1
44 51 1
44 53 1
44 56 1
44 59 -1
45 1 -1
45 2 1
45 13 1
45 17 1
45 21 1
45 28 1
45 33 1
45 34 1
45 35 1
45 36 1
45 37 1
45 39 1
45 42 1
45 43 1
45 44 1
45 54 1
46 6 -1
46 11 1
46 18 1
46 25 1
46 27 1
46 33 1
46 35 -1
46 37 1
46 40 1
46 41 1
46 42 -1
46 43 -1
46 44 1
46 48 -1
46 49 1
47 1 1
47 5 1
47 15 1
47 19 1
47 24 1
47 33 1
47 34 1
47 35 1
47 37 1
47 38 1
47 39 1
47 41 1
47 44 1
47 48 1
47 56 1
47 63 1
48 1 1
48 8 -1
48 18 1
48 19 -1
48 33 1
48 35 1
48 37 1
48 40 1
48 42 -1
48 43 1
48 44 1
48 46 -1
48 47 1
48 57 1
48 59 1
48 63 -1
49 17 1
49 23 1
49 28 1
49 34 1
49 39 1
49 40 1
49 46 1
49 50 -1
49 51 -1
49 52 1
49 54 1
49 55 1
49 57 -1
49 58 1
49 60 1
49 62 1
50 3 -1
50 16 1
50 17 1
50 34 1
50 36 -1
50 40 1
50 41 -1
50 49 -1
50 51 1
50 52 1
50 53 -1
50 54 1
50 58 1
50 60 1
50 61 1
50 62 1
51 4 1
51 5 1
51 12 1
51 23 1
51 41 1
51 42 1
51 44 1
51 49 -1
51 50 1
51 52 1
51 55 -1
51 56 1
51 59 1
51 62 -1
51 63 1
51 64 1
52 2 1
52 10 1
52 11 -1
52 16 1
52 18 -1
52 33 1
52 39 1
52 49 1
52 50 1
52 51 1
52 55 1
52 57 -1
52 58 1
52 61 1
52 63 1
52 64 1
53 12 -1
53 22 -1
53 36 1
53 37 1
53 38 1
53 43 1
53 44 1
53 50 -1
53 55 -1
53 56 1
53 57 1
53 58 1
53 59 1
53 60 1
53 61 1
53 62 1
54 25 -1
54 29 1
54 31 1
54 33 1
54 43 1
54 45 1
54 49 1
54 50 1
54 55 1
54 56 1
54 58 -1
54 59 1
54 61 1
54 63 1
54 64 1
55 16 1
55 21 1
55 23 -1
55 29 1
55 35 1
55 42 -1
55 49 1
55 51 -1
55 52 1
55 53 -1
55 54 1
55 56 1
55 61 1
55 62 -1
55 64 -1
56 4 1
56 7 1
56 34 1
56 42 1
56 43 1
56 44 1
56 47 1
56 51 1
56 53 1
56 54 1
56 55 1
56 57 -1
56 59 1
56 60 1
56 63 1
56 64 1
57 2 1
57 4 -1
57 11 1
57 18 1
57 26 1
57 27 1
57 48 1
57 49 -1
57 52 -1
57 53 1
57 56 -1
57 58 1
57 59 1
57 60 1
57 61 -1
57 62 1
58 7 1
58 10 1
58 12 1
58 14 1
58 31 -1
58 32 1
58 49 1
58 50 1
58 52 1
58 53 1
58 54 -1
58 57 1
58 59 1
58 60 1
58 64 1
59 22 1
59 32 1
59 33 1
59 38 1
59 40 1
59 44 -1
59 48 1
59 51 1
59 53 1
59 54 1
59 56 1
59 57 1
59 58 1
59 60 1
59 61 1
59 63 1
60 5 1
60 9 1
60 19 -1
60 25 1
60 30 1
60 34 -1
60 42 1
60 49 1
60 50 1
60 53 1
60 56 1
60 57 1
60 58 1
60 59 1
60 63 1
60 64 1
61 6 1
61 8 1
61 24 1
61 25 1
61 32 1
61 34 -1
61 50 1
61 52 1
61 53 1
61 54 1
61 55 1
61 57 -1
61 59 1
61 62 1
61 63 1
62 4 1
62 9 1
62 12 -1
62 26 -1
62 28 1
62 32 1
62 41 1
62 49 1
62 50 1
62 51 -1
62 53 1
62 55 -1
62 57 1
62 61 1
62 63 1
62 64 1
63 4 -1
63 15 -1
63 17 -1
63 35 -1
63 43 -1
63 47 1
63 48 -1
63 51 1
63 52 1
63 54 1
63 56 1
63 59 1
63 60 1
63 61 1
63 62 1
63 64 1
64 3 1
64 5 1
64 9 -1
64 11 1
64 15 -1
64 25 1
64 31 -1
64 51 1
64 52 1
64 54 1
64 55 -1
64 56 1
64 58 1
64 60 1
64 62 1
64 63 1
