1 2 -1
1 4 -1
1 7 1
1 8 -1
1 10 1
1 11 -1
1 12 1
1 14 1
1 15 1
1 20 -1
1 23 -1
1 28 -1
1 30 1
1 31 -1
1 39 -1
1 55 -1
2 1 -1
2 4 1
2 5 1
2 7 1
2 9 1
2 10 1
2 11 1
2 14 -1
2 15 -1
2 26 1
2 30 1
2 47 1
2 48 1
2 51 1
2 58 1
2 64 1
3 4 -1
3 6 -1
3 8 1
3 9 1
3 11 1
3 12 1
3 13 1
3 15 -1
3 16 1
3 21 1
3 24 1
3 39 1
3 44 1
3 52 -1
3 58 1
3 64 -1
4 1 -1
4 2 1
4 3 -1
4 5 1
4 7 1
4 11 1
4 12 1
4 13 -1
4 14 1
4 18 1
4 24 1
4 28 1
4 39 -1
4 43 1
4 53 1
4 59 -1
5 2 1
5 4 1
5 6 1
5 7 1
5 8 1
5 9 1
5 10 -1
5 11 1
5 16 1
5 18 -1
5 28 1
5 34 1
5 54 1
5 56 1
5 58 1
5 64 -1
6 3 -1
6 5 1
6 7 1
6 10 1
6 11 -1
6 12 1
6 13 1
6 15 -1
6 16 -1
6 27 1
6 32 1
6 38 -1
6 42 1
6 50 -1
6 58 1
7 1 1
7 2 1
7 4 1
7 5 1
7 6 1
7 9 -1
7 14 1
7 15 -1
7 16 1
7 18 -1
7 19 -1
7 23 1
7 26 1
7 32 1
7 37 1
7 59 -1
8 1 -1
8 3 1
8 5 1
8 9 1
8 10 1
8 11 1
8 12 -1
8 15 1
8 16 1
8 17 -1
8 27 -1
8 37 -1
8 47 1
8 57 -1
8 61 -1
9 2 1
9 3 1
9 5 1
9 7 -1
9 8 1
9 10 1
9 13 1
9 14 1
9 16 -1
9 38 1
9 44 -1
9 45 -1
9 52 1
9 58 -1
9 62 1
10 1 1
10 2 1
10 5 -1
10 6 1
10 8 1
10 9 1
10 12 1
10 13 1
10 16 1
10 21 1
10 29 -1
10 39 -1
10 40 -1
10 44 1
10 46 -1
10 49 1
11 1 -1
11 2 1
11 3 1
11 4 1
11 5 1
11 6 -1
11 8 1
11 13 1
11 14 1
11 19 1
11 20 -1
11 33 1
11 48 -1
11 50 1
11 53 1
11 57 1
12 1 1
12 3 1
12 4 1
12 6 1
12 8 -1
12 10 1
12 13 -1
12 14 -1
12 16 1
12 29 -1
12 32 1
12 35 1
12 40 1
12 41 1
12 45 -1
12 51 -1
13 3 1
13 4 -1
13 6 1
13 9 1
13 10 1
13 11 1
13 12 -1
13 14 1
13 15 -1
13 21 -1
13 27 -1
13 39 1
13 43 1
13 45 1
13 49 1
13 55 1
14 1 1
14 2 -1
14 4 1
14 7 1
14 9 1
14 11 1
14 12 -1
14 13 1
14 15 1
14 25 -1
14 42 -1
14 49 1
14 55 1
14 62 -1
15 1 1
15 2 -1
15 3 -1
15 6 -1
15 7 -1
15 8 1
15 13 -1
15 14 1
15 16 -1
15 19 1
15 23 -1
15 29 1
15 45 -1
15 47 1
15 53 1
15 55 -1
16 3 1
16 5 1
16 6 -1
16 7 1
16 8 1
16 9 -1
16 10 1
16 12 1
16 15 -1
16 17 1
16 19 1
16 20 -1
16 30 -1
16 49 -1
16 53 1
17 8 -1
17 16 1
17 21 -1
17 23 1
17 24 -1
17 27 1
17 28 1
17 29 1
17 30 1
17 31 -1
17 32 -1
17 52 1
17 53 -1
17 57 -1
17 62 -1
17 64 1
18 4 1
18 5 -1
18 7 -1
18 19 1
18 20 -1
18 21 -1
18 22 1
18 23 1
18 24 1
18 25 -1
18 26 1
18 31 -1
18 33 1
18 46 1
18 55 1
18 60 -1
19 7 -1
19 11 1
19 15 1
19 16 1
19 18 1
19 20 -1
19 21 1
19 23 1
19 25 -1
19 26 1
19 29 1
19 31 1
19 32 1
19 39 1
19 44 1
20 1 -1
20 11 -1
20 16 -1
20 18 -1
20 19 -1
20 21 -1
20 23 -1
20 25 1
20 26 -1
20 28 -1
20 29 1
20 30 -1
20 45 1
20 56 -1
20 61 1
21 3 1
21 10 1
21 13 -1
21 17 -1
21 18 -1
21 19 1
21 20 -1
21 26 1
21 28 1
21 29 1
21 30 -1
21 31 -1
21 33 1
21 41 1
21 42 1
21 48 1
22 18 1
22 23 1
22 24 -1
22 25 1
22 26 1
22 27 -1
22 30 1
22 31 1
22 32 1
22 33 -1
22 40 1
22 43 1
22 46 -1
22 56 -1
22 62 1
23 1 -1
23 7 1
23 15 -1
23 17 1
23 18 1
23 19 1
23 20 -1
23 22 1
23 25 -1
23 27 -1
23 28 1
23 29 1
23 46 1
23 50 1
23 57 -1
24 3 1
24 4 1
24 17 -1
24 18 1
24 22 -1
24 25 -1
24 28 1
24 29 -1
24 30 -1
24 31 -1
24 32 1
24 51 1
24 56 1
24 60 1
24 63 1
25 14 -1
25 18 -1
25 19 -1
25 20 1
25 22 1
25 23 -1
25 24 -1
25 27 1
25 28 -1
25 32 1
25 36 -1
25 37 1
25 41 1
25 53 1
25 59 1
25 61 -1
26 2 1
26 7 1
26 18 1
26 19 1
26 20 -1
26 21 1
26 22 1
26 27 1
26 30 1
26 31 -1
26 32 1
26 43 -1
26 50 -1
26 56 -1
26 60 1
26 63 -1
27 6 1
27 8 -1
27 13 -1
27 17 1
27 22 -1
27 23 -1
27 25 1
27 26 1
27 29 1
27 30 1
27 31 -1
27 32 -1
27 34 -1
27 37 -1
27 61 -1
28 1 -1
28 4 1
28 5 1
28 17 1
28 20 -1
28 21 1
28 23 1
28 24 1
28 25 -1
28 29 1
28 30 -1
28 32 1
28 47 1
28 48 1
28 51 1
28 61 1
29 10 -1
29 12 -1
29 15 1
29 17 1
29 19 1
29 20 1
29 21 1
29 23 1
29 24 -1
29 27 1
29 28 1
29 30 1
29 34 -1
29 38 1
29 54 1
29 58 -1
30 1 1
30 2 1
30 16 -1
30 17 1
30 20 -1
30 21 -1
30 22 1
30 24 -1
30 26 1
30 27 1
30 28 -1
30 29 1
30 33 1
30 36 1
30 47 1
30 51 -1
31 1 -1
31 17 -1
31 18 -1
31 19 1
31 21 -1
31 22 1
31 24 -1
31 26 -1
31 27 -1
31 32 1
31 40 1
31 42 -1
31 43 -1
31 50 -1
31 51 1
31 59 1
32 6 1
32 7 1
32 12 1
32 17 -1
32 19 1
32 22 1
32 24 1
32 25 1
32 26 1
32 27 -1
32 28 1
32 31 1
32 35 1
32 45 -1
32 48 1
32 63 1
33 11 1
33 18 1
33 21 1
33 22 -1
33 30 1
33 34 -1
33 35 1
33 36 -1
33 38 -1
33 39 1
33 40 1
33 43 1
33 44 1
33 47 -1
33 50 1
33 58 -1
34 5 1
34 27 -1
34 29 -1
34 33 -1
34 35 1
34 36 1
34 37 1
34 38 1
34 42 -1
34 43 -1
34 44 -1
34 48 -1
34 49 1
34 61 -1
34 63 1
35 12 1
35 32 1
35 33 1
35 34 1
35 36 -1
35 38 1
35 39 -1
35 41 1
35 46 -1
35 47 -1
35 48 -1
35 51 1
35 53 -1
35 55 1
35 57 1
35 62 1
36 25 -1
36 30 1
36 33 -1
36 34 1
36 35 -1
36 40 1
36 41 -1
36 42 -1
36 44 1
36 45 -1
36 47 1
36 59 1
36 60 -1
36 61 -1
37 7 1
37 8 -1
37 25 1
37 27 -1
37 34 1
37 38 1
37 40 1
37 41 -1
37 44 -1
37 45 1
37 46 -1
37 47 1
37 48 1
37 50 -1
37 63 1
37 64 1
38 6 -1
38 9 1
38 29 1
38 33 -1
38 34 1
38 35 1
38 37 1
38 39 -1
38 42 -1
38 45 1
38 46 -1
38 47 -1
38 52 -1
38 54 1
39 1 -1
39 3 1
39 4 -1
39 10 -1
39 13 1
39 19 1
39 33 1
39 35 -1
39 38 -1
39 41 -1
39 42 1
39 43 1
39 45 1
39 47 1
39 48 1
40 10 -1
40 12 1
40 22 1
40 31 1
40 33 1
40 36 1
40 37 1
40 41 1
40 42 1
40 43 -1
40 44 1
40 46 -1
40 48 -1
40 49 -1
40 54 1
41 12 1
41 21 1
41 25 1
41 35 1
41 36 -1
41 37 -1
41 39 -1
41 40 1
41 42 1
41 44 1
41 45 1
41 47 -1
41 54 -1
41 60 -1
41 64 -1
42 6 1
42 14 -1
42 21 1
42 31 -1
42 34 -1
42 36 -1
42 38 -1
42 39 1
42 40 1
42 41 1
42 43 -1
42 45 -1
42 46 -1
42 59 1
43 4 1
43 13 1
43 22 1
43 26 -1
43 31 -1
43 33 1
43 34 -1
43 39 1
43 40 -1
43 42 -1
43 44 -1
43 45 1
43 46 1
43 48 -1
43 60 1
44 3 1
44 9 -1
44 10 1
44 19 1
44 33 1
44 34 -1
44 36 1
44 37 -1
44 40 1
44 41 1
44 43 -1
44 46 -1
44 47 1
44 49 -1
44 55 1
44 63 -1
45 9 -1
45 12 -1
45 13 1
45 15 -1
45 20 1
45 32 -1
45 36 -1
45 37 1
45 38 1
45 39 1
45 41 1
45 42 -1
45 43 1
45 46 -1
45 48 -1
45 52 1
46 10 -1
46 18 1
46 22 -1
46 23 1
46 35 -1
46 37 -1
46 38 -1
46 40 -1
46 42 -1
46 43 1
46 44 -1
46 45 -1
46 48 -1
46 57 1
46 63 -1
47 2 1
47 8 1
47 15 1
47 28 1
47 30 1
47 33 -1
47 35 -1
47 36 1
47 37 1
47 38 -1
47 39 1
47 41 -1
47 44 1
47 48 1
47 56 1
47 62 1
48 2 1
48 11 -1
48 21 1
48 28 1
48 32 1
48 34 -1
48 35 -1
48 37 1
48 39 1
48 40 -1
48 43 -1
48 45 -1
48 46 -1
48 47 1
48 52 -1
49 10 1
49 13 1
49 14 1
49 16 -1
49 34 1
49 40 -1
49 44 -1
49 50 -1
49 52 -1
49 53 -1
49 55 1
49 57 1
49 60 -1
49 61 -1
49 63 1
49 64 1
50 6 -1
50 11 1
50 23 1
50 26 -1
50 31 -1
50 33 1
50 37 -1
50 49 -1
50 52 1
50 54 1
50 55 1
50 56 1
50 59 1
50 60 1
50 62 1
50 63 -1
51 2 1
51 12 -1
51 24 1
51 28 1
51 30 -1
51 31 1
51 35 1
51 52 -1
51 53 1
51 54 1
51 56 1
51 58 1
51 59 -1
51 61 1
51 62 -1
51 63 1
52 3 -1
52 9 1
52 17 1
52 38 -1
52 45 1
52 48 -1
52 49 -1
52 50 1
52 51 -1
52 53 1
52 55 -1
52 56 1
52 57 -1
52 61 -1
52 64 1
53 4 1
53 11 1
53 15 1
53 16 1
53 17 -1
53 25 1
53 35 -1
53 49 -1
53 51 1
53 52 1
53 56 1
53 57 1
53 59 1
53 60 -1
53 62 1
53 64 1
54 5 1
54 29 1
54 38 1
54 40 1
54 41 -1
54 50 1
54 51 1
54 55 -1
54 58 1
54 60 -1
54 61 -1
54 62 1
54 63 1
54 64 1
55 1 -1
55 13 1
55 14 1
55 15 -1
55 18 1
55 35 1
55 44 1
55 49 1
55 50 1
55 52 -1
55 54 -1
55 57 1
55 58 1
55 59 1
55 62 -1
55 64 -1
56 5 1
56 20 -1
56 22 -1
56 24 1
56 26 -1
56 47 1
56 50 1
56 51 1
56 52 1
56 53 1
56 57 1
56 58 1
56 60 1
56 63 1
56 64 1
57 8 -1
57 11 1
57 17 -1
57 23 -1
57 35 1
57 46 1
57 49 1
57 52 -1
57 53 1
57 55 1
57 56 1
57 58 1
57 59 1
57 61 -1
57 64 1
58 2 1
58 3 1
58 5 1
58 6 1
58 9 -1
58 29 -1
58 33 -1
58 51 1
58 54 1
58 55 1
58 56 1
58 57 1
58 60 1
58 61 1
58 62 -1
58 64 -1
59 4 -1
59 7 -1
59 25 1
59 31 1
59 36 1
59 42 1
59 50 1
59 51 -1
59 53 1
59 55 1
59 57 1
59 60 1
59 61 1
59 62 -1
59 63 -1
60 18 -1
60 24 1
60 26 1
60 36 -1
60 41 -1
60 43 1
60 49 -1
60 50 1
60 53 -1
60 54 -1
60 56 1
60 58 1
60 59 1
60 61 -1
60 63 1
61 8 -1
61 20 1
61 25 -1
61 27 -1
61 28 1
61 34 -1
61 36 -1
61 49 -1
61 51 1
61 52 -1
61 54 -1
61 57 -1
61 58 1
61 59 1
61 60 -1
61 63 1
62 9 1
62 14 -1
62 17 -1
62 22 1
62 35 1
62 47 1
62 50 1
62 51 -1
62 53 1
62 54 1
62 55 -1
62 58 -1
62 59 -1
62 63 1
62 64 1
63 24 1
63 26 -1
63 32 1
63 34 1
63 37 1
63 44 -1
63 46 -1
63 49 1
63 50 -1
63 51 1
63 54 1
63 56 1
63 59 -1
63 60 1
63 61 1
63 62 1
64 2 1
64 3 -1
64 5 -1
64 17 1
64 37 1
64 41 -1
64 49 1
64 52 1
64 53 1
64 54 1
64 55 -1
64 56 1
64 57 1
64 58 -1
64 62 1
