1 2 -1
1 3 -1
1 5 -1
1 6 1
1 10 -1
1 11 -1
1 13 -1
1 14 -1
1 16 -1
1 31 -1
1 33 -1
1 37 -1
1 41 -1
1 49 -1
1 51 -1
1 63 -1
2 1 -1
2 3 -1
2 4 -1
2 6 -1
2 10 -1
2 12 -1
2 14 -1
2 15 1
2 16 -1
2 26 1
2 28 -1
2 46 -1
2 48 -1
2 49 -1
2 54 -1
3 1 -1
3 2 -1
3 5 -1
3 6 -1
3 7 1
3 8 -1
3 9 1
3 10 1
3 16 1
3 20 1
3 34 -1
3 45 1
3 47 -1
3 54 1
3 60 -1
3 64 -1
4 2 -1
4 5 1
4 7 1
4 8 1
4 9 -1
4 10 1
4 12 -1
4 13 -1
4 15 -1
4 18 -1
4 20 -1
4 22 1
4 34 -1
4 35 -1
4 43 -1
4 50 -1
5 1 -1
5 3 -1
5 4 1
5 7 -1
5 8 -1
5 9 -1
5 11 -1
5 13 1
5 14 -1
5 20 1
5 26 1
5 38 1
5 50 -1
5 54 -1
5 62 -1
5 63 -1
6 1 1
6 2 -1
6 3 -1
6 7 -1
6 8 1
6 9 1
6 12 -1
6 14 1
6 16 1
6 23 -1
6 25 1
6 26 1
6 27 1
6 33 -1
6 61 -1
7 3 1
7 4 1
7 5 -1
7 6 -1
7 10 -1
7 12 -1
7 13 -1
7 15 1
7 16 1
7 21 1
7 29 1
7 32 -1
7 44 1
7 62 -1
7 63 1
8 3 -1
8 4 1
8 5 -1
8 6 1
8 9 -1
8 10 -1
8 11 -1
8 12 1
8 15 -1
8 33 -1
8 35 -1
8 42 -1
8 45 1
8 48 -1
8 56 -1
8 59 -1
9 3 1
9 4 -1
9 5 -1
9 6 1
9 8 -1
9 11 -1
9 13 -1
9 14 -1
9 15 -1
9 19 -1
9 28 -1
9 30 1
9 43 -1
9 46 -1
9 54 -1
9 64 -1
10 1 -1
10 2 -1
10 3 1
10 4 1
10 7 -1
10 8 -1
10 11 -1
10 13 -1
10 15 -1
10 19 -1
10 24 -1
10 36 -1
10 49 1
10 56 1
10 64 -1
11 1 -1
11 5 -1
11 8 -1
11 9 -1
11 10 -1
11 12 1
11 13 -1
11 14 -1
11 15 -1
11 21 1
11 22 1
11 23 -1
11 34 -1
11 42 1
11 57 -1
12 2 -1
12 4 -1
12 6 -1
12 7 -1
12 8 1
12 11 1
12 14 -1
12 15 -1
12 16 -1
12 26 -1
12 32 -1
12 33 -1
12 40 1
12 45 1
12 60 -1
13 1 -1
13 4 -1
13 5 1
13 7 -1
13 9 -1
13 10 -1
13 11 -1
13 14 -1
13 16 -1
13 23 1
13 28 1
13 39 1
13 43 1
13 58 -1
13 59 -1
14 1 -1
14 2 -1
14 5 -1
14 6 1
14 9 -1
14 11 -1
14 12 -1
14 13 -1
14 16 -1
14 19 1
14 21 -1
14 47 -1
14 49 -1
14 55 -1
14 57 -1
14 61 -1
15 2 1
15 4 -1
15 7 1
15 8 -1
15 9 -1
15 10 -1
15 11 -1
15 12 -1
15 16 1
15 25 -1
15 31 -1
15 36 -1
15 37 -1
15 42 -1
15 58 -1
15 61 -1
16 1 -1
16 2 -1
16 3 1
16 6 1
16 7 1
16 12 -1
16 13 -1
16 14 -1
16 15 1
16 18 -1
16 24 -1
16 27 -1
16 43 -1
16 53 -1
16 56 -1
16 60 -1
17 18 -1
17 20 -1
17 25 -1
17 26 -1
17 27 1
17 28 1
17 29 -1
17 30 -1
17 31 -1
17 35 -1
17 39 1
17 41 1
17 47 -1
17 61 1
17 62 -1
17 63 -1
18 4 -1
18 16 -1
18 17 -1
18 20 -1
18 22 -1
18 24 -1
18 26 -1
18 27 1
18 28 -1
18 29 -1
18 30 -1
18 34 -1
18 43 -1
18 49 -1
18 50 -1
19 9 -1
19 10 -1
19 14 1
19 20 -1
19 21 -1
19 24 -1
19 25 -1
19 26 -1
19 28 -1
19 29 -1
19 31 -1
19 32 -1
19 51 -1
19 59 -1
19 63 -1
20 3 1
20 4 -1
20 5 1
20 17 -1
20 18 -1
20 19 -1
20 21 -1
20 22 1
20 23 -1
20 24 -1
20 30 -1
20 32 -1
20 33 -1
20 35 1
20 57 -1
21 7 1
21 11 1
21 14 -1
21 19 -1
21 20 -1
21 23 -1
21 25 -1
21 26 -1
21 27 1
21 29 -1
21 31 1
21 32 1
21 37 -1
21 42 -1
21 46 1
21 64 1
22 4 1
22 11 1
22 18 -1
22 20 1
22 24 1
22 25 -1
22 26 -1
22 27 -1
22 28 -1
22 29 -1
22 30 -1
22 40 -1
22 41 -1
22 51 1
22 57 -1
22 63 -1
23 6 -1
23 11 -1
23 13 1
23 20 -1
23 21 -1
23 24 -1
23 25 -1
23 26 -1
23 28 -1
23 29 1
23 31 1
23 32 -1
23 39 -1
23 44 1
23 46 -1
24 10 -1
24 16 -1
24 18 -1
24 19 -1
24 20 -1
24 22 1
24 23 -1
24 28 -1
24 30 1
24 31 -1
24 32 -1
24 37 -1
24 46 1
24 48 -1
24 60 1
24 62 -1
25 6 1
25 15 -1
25 17 -1
25 19 -1
25 21 -1
25 22 -1
25 23 -1
25 28 -1
25 29 1
25 31 1
25 32 1
25 51 -1
25 53 -1
25 55 -1
25 64 -1
26 2 1
26 5 1
26 6 1
26 12 -1
26 17 -1
26 18 -1
26 19 -1
26 21 -1
26 22 -1
26 23 -1
26 27 1
26 30 1
26 31 1
26 40 1
26 51 -1
27 6 1
27 16 -1
27 17 1
27 18 1
27 21 1
27 22 -1
27 26 1
27 28 -1
27 29 1
27 30 -1
27 32 1
27 44 1
27 47 1
27 51 -1
27 59 1
27 63 -1
28 2 -1
28 9 -1
28 13 1
28 17 1
28 18 -1
28 19 -1
28 22 -1
28 23 -1
28 24 -1
28 25 -1
28 27 -1
28 32 1
28 39 -1
28 41 -1
28 45 1
29 7 1
29 17 -1
29 18 -1
29 19 -1
29 21 -1
29 22 -1
29 23 1
29 25 1
29 27 1
29 31 1
29 36 -1
29 44 -1
29 48 1
29 53 1
29 60 -1
30 9 1
30 17 -1
30 18 -1
30 20 -1
30 22 -1
30 24 1
30 26 1
30 27 -1
30 31 -1
30 32 1
30 33 -1
30 38 -1
30 46 -1
30 50 -1
30 54 -1
30 56 -1
31 1 -1
31 15 -1
31 17 -1
31 19 -1
31 21 1
31 23 1
31 24 -1
31 25 1
31 26 1
31 29 1
31 30 -1
31 33 -1
31 36 -1
31 40 1
31 48 -1
32 7 -1
32 12 -1
32 19 -1
32 20 -1
32 21 1
32 23 -1
32 24 -1
32 25 1
32 27 1
32 28 1
32 30 1
32 37 -1
32 46 -1
32 52 -1
32 56 1
32 61 1
33 1 -1
33 6 -1
33 8 -1
33 12 -1
33 20 -1
33 30 -1
33 31 -1
33 36 -1
33 37 1
33 39 1
33 40 -1
33 41 -1
33 43 1
33 45 -1
33 46 -1
33 47 -1
34 3 -1
34 4 -1
34 11 -1
34 18 -1
34 36 1
34 37 1
34 38 -1
34 39 1
34 40 -1
34 41 1
34 42 -1
34 46 -1
34 48 -1
34 52 -1
34 57 -1
34 61 -1
35 4 -1
35 8 -1
35 17 -1
35 20 1
35 36 1
35 37 1
35 38 1
35 40 -1
35 42 -1
35 43 -1
35 44 -1
35 45 1
35 48 -1
35 52 -1
35 53 -1
35 60 -1
36 10 -1
36 15 -1
36 29 -1
36 31 -1
36 33 -1
36 34 1
36 35 1
36 38 1
36 40 -1
36 41 1
36 44 -1
36 45 -1
36 48 -1
36 50 -1
36 51 -1
36 56 -1
37 1 -1
37 15 -1
37 21 -1
37 24 -1
37 32 -1
37 33 1
37 34 1
37 35 1
37 38 -1
37 39 1
37 42 -1
37 43 -1
37 44 -1
37 47 1
37 53 -1
37 55 1
38 5 1
38 30 -1
38 34 -1
38 35 1
38 36 1
38 37 -1
38 39 -1
38 42 -1
38 43 -1
38 44 1
38 45 -1
38 52 -1
38 58 1
38 62 1
39 13 1
39 17 1
39 23 -1
39 28 -1
39 33 1
39 34 1
39 37 1
39 38 -1
39 40 1
39 43 -1
39 44 -1
39 45 1
39 46 -1
39 49 -1
39 50 -1
39 55 -1
40 12 1
40 22 -1
40 26 1
40 31 1
40 33 -1
40 34 -1
40 35 -1
40 36 -1
40 39 1
40 42 -1
40 43 -1
40 46 -1
40 47 1
40 52 -1
40 62 -1
41 1 -1
41 17 1
41 22 -1
41 28 -1
41 33 -1
41 34 1
41 36 1
41 43 -1
41 44 1
41 45 -1
41 46 -1
41 47 -1
41 48 -1
41 54 -1
41 64 -1
42 8 -1
42 11 1
42 15 -1
42 21 -1
42 34 -1
42 35 -1
42 37 -1
42 38 -1
42 40 -1
42 44 1
42 46 1
42 47 -1
42 48 -1
42 55 -1
42 57 -1
43 4 -1
43 9 -1
43 13 1
43 16 -1
43 18 -1
43 33 1
43 35 -1
43 37 -1
43 38 -1
43 39 -1
43 40 -1
43 41 -1
43 45 -1
43 47 -1
43 49 1
43 58 1
44 7 1
44 23 1
44 27 1
44 29 -1
44 35 -1
44 36 -1
44 37 -1
44 38 1
44 39 -1
44 41 1
44 42 1
44 47 -1
44 48 -1
44 53 -1
44 61 -1
45 3 1
45 8 1
45 12 1
45 28 1
45 33 -1
45 35 1
45 36 -1
45 38 -1
45 39 1
45 41 -1
45 43 -1
45 46 1
45 48 1
45 54 -1
45 55 -1
45 59 1
46 2 -1
46 9 -1
46 21 1
46 23 -1
46 24 1
46 30 -1
46 32 -1
46 33 -1
46 34 -1
46 39 -1
46 40 -1
46 41 -1
46 42 1
46 45 1
46 47 -1
46 48 1
47 3 -1
47 14 -1
47 17 -1
47 27 1
47 33 -1
47 37 1
47 40 1
47 41 -1
47 42 -1
47 43 -1
47 44 -1
47 46 -1
47 48 -1
47 58 -1
48 2 -1
48 8 -1
48 24 -1
48 29 1
48 31 -1
48 34 -1
48 35 -1
48 36 -1
48 41 -1
48 42 -1
48 44 -1
48 45 1
48 46 1
48 47 -1
48 53 -1
49 1 -1
49 2 -1
49 10 1
49 14 -1
49 18 -1
49 39 -1
49 43 1
49 50 1
49 52 -1
49 53 -1
49 54 -1
49 55 1
49 58 -1
49 59 -1
49 63 -1
49 64 -1
50 4 -1
50 5 -1
50 18 -1
50 30 -1
50 36 -1
50 39 -1
50 49 1
50 51 -1
50 52 1
50 53 -1
50 55 1
50 58 -1
50 61 -1
50 62 -1
50 64 1
51 1 -1
51 19 -1
51 22 1
51 25 -1
51 26 -1
51 27 -1
51 36 -1
51 50 -1
51 54 1
51 56 1
51 57 -1
51 59 -1
51 60 1
51 61 1
51 62 -1
51 63 1
52 32 -1
52 34 -1
52 35 -1
52 38 -1
52 40 -1
52 49 -1
52 50 1
52 54 -1
52 55 1
52 57 1
52 58 -1
52 59 1
52 62 -1
52 64 -1
53 16 -1
53 25 -1
53 29 1
53 35 -1
53 37 -1
53 44 -1
53 48 -1
53 49 -1
53 50 -1
53 54 -1
53 56 -1
53 58 -1
53 59 -1
53 60 -1
53 62 1
53 63 1
54 2 -1
54 3 1
54 5 -1
54 9 -1
54 30 -1
54 41 -1
54 45 -1
54 49 -1
54 51 1
54 52 -1
54 53 -1
54 57 -1
54 58 1
54 60 1
54 61 -1
54 63 -1
55 14 -1
55 25 -1
55 37 1
55 39 -1
55 42 -1
55 45 -1
55 49 1
55 50 1
55 52 1
55 56 1
55 57 -1
55 60 1
55 61 -1
55 62 1
55 63 1
56 8 -1
56 10 1
56 16 -1
56 30 -1
56 32 1
56 36 -1
56 51 1
56 53 -1
56 55 1
56 57 1
56 58 -1
56 60 1
56 61 1
56 63 -1
56 64 -1
57 11 -1
57 14 -1
57 20 -1
57 22 -1
57 34 -1
57 42 -1
57 51 -1
57 52 1
57 54 -1
57 55 -1
57 56 1
57 58 -1
57 60 -1
57 61 -1
57 62 -1
58 13 -1
58 15 -1
58 38 1
58 43 1
58 47 -1
58 49 -1
58 50 -1
58 52 -1
58 53 -1
58 54 1
58 56 -1
58 57 -1
58 59 -1
58 64 -1
59 8 -1
59 13 -1
59 19 -1
59 27 1
59 45 1
59 49 -1
59 51 -1
59 52 1
59 53 -1
59 58 -1
59 60 -1
59 61 -1
59 62 -1
59 64 -1
60 3 -1
60 12 -1
60 16 -1
60 24 1
60 29 -1
60 35 -1
60 51 1
60 53 -1
60 54 1
60 55 1
60 56 1
60 57 -1
60 59 -1
60 62 -1
60 64 -1
61 6 -1
61 14 -1
61 15 -1
61 17 1
61 32 1
61 34 -1
61 44 -1
61 50 -1
61 51 1
61 54 -1
61 55 -1
61 56 1
61 57 -1
61 59 -1
61 63 -1
61 64 1
62 5 -1
62 7 -1
62 17 -1
62 24 -1
62 38 1
62 40 -1
62 50 -1
62 51 -1
62 52 -1
62 53 1
62 55 1
62 57 -1
62 59 -1
62 60 -1
62 63 -1
63 1 -1
63 5 -1
63 7 1
63 17 -1
63 19 -1
63 22 -1
63 27 -1
63 49 -1
63 51 1
63 53 1
63 54 -1
63 55 1
63 56 -1
63 61 -1
63 62 -1
63 64 1
64 3 -1
64 9 -1
64 10 -1
64 21 1
64 25 -1
64 41 -1
64 49 -1
64 50 1
64 52 -1
64 56 -1
64 58 -1
64 59 -1
64 60 -1
64 61 1
64 63 1
