1 3 -1
1 4 -1
1 5 -1
1 7 -1
1 8 -1
1 12 1
1 13 -1
1 14 -1
1 16 -1
1 17 -1
1 20 -1
1 41 1
1 44 -1
1 45 -1
1 55 -1
1 64 -1
2 4 1
2 6 -1
2 7 1
2 8 1
2 9 -1
2 11 -1
2 14 -1
2 15 1
2 16 1
2 17 -1
2 19 -1
2 21 -1
2 37 1
2 39 1
2 48 1
2 55 -1
3 1 -1
3 4 -1
3 6 1
3 8 -1
3 9 -1
3 10 1
3 12 1
3 14 -1
3 15 -1
3 21 1
3 27 -1
3 41 1
3 49 -1
3 59 1
3 61 -1
3 63 -1
4 1 -1
4 2 1
4 3 -1
4 6 -1
4 10 1
4 11 -1
4 12 -1
4 14 1
4 15 -1
4 29 -1
4 31 -1
4 32 -1
4 39 1
4 58 -1
4 60 1
5 1 -1
5 7 -1
5 8 1
5 9 -1
5 10 -1
5 13 -1
5 14 1
5 15 -1
5 16 -1
5 27 -1
5 32 -1
5 38 1
5 41 -1
5 45 1
5 55 1
5 58 -1
6 2 -1
6 3 1
6 4 -1
6 7 1
6 9 1
6 10 1
6 11 -1
6 13 -1
6 15 -1
6 17 1
6 21 -1
6 25 -1
6 38 -1
6 43 -1
6 56 -1
6 57 -1
7 1 -1
7 2 1
7 5 -1
7 6 1
7 8 -1
7 10 -1
7 11 1
7 13 -1
7 16 -1
7 21 -1
7 23 1
7 46 -1
7 47 -1
7 53 -1
7 56 1
8 1 -1
8 2 1
8 3 -1
8 5 1
8 7 -1
8 10 -1
8 12 1
8 15 1
8 16 1
8 18 -1
8 20 -1
8 23 -1
8 28 -1
8 44 -1
8 50 1
9 2 -1
9 3 -1
9 5 -1
9 6 1
9 11 -1
9 12 1
9 14 1
9 15 -1
9 16 -1
9 24 -1
9 31 -1
9 34 -1
9 36 -1
9 38 1
9 42 -1
9 47 -1
10 3 1
10 4 1
10 5 -1
10 6 1
10 7 -1
10 8 -1
10 12 1
10 13 -1
10 15 -1
10 18 -1
10 47 -1
10 51 1
10 52 -1
10 55 -1
10 61 -1
11 2 -1
11 4 -1
11 6 -1
11 7 1
11 9 -1
11 12 1
11 13 -1
11 15 1
11 16 -1
11 35 1
11 39 1
11 41 1
11 45 1
11 49 -1
11 51 -1
11 53 -1
12 1 1
12 3 1
12 4 -1
12 8 1
12 9 1
12 10 1
12 11 1
12 13 1
12 14 -1
12 20 1
12 34 -1
12 39 -1
12 46 1
12 51 -1
12 53 -1
12 61 1
13 1 -1
13 5 -1
13 6 -1
13 7 -1
13 10 -1
13 11 -1
13 12 1
13 14 -1
13 16 -1
13 17 -1
13 27 -1
13 33 -1
13 37 -1
13 49 -1
13 53 -1
13 63 -1
14 1 -1
14 2 -1
14 3 -1
14 4 1
14 5 1
14 9 1
14 12 -1
14 13 -1
14 16 -1
14 19 -1
14 29 -1
14 30 1
14 33 1
14 43 1
14 44 -1
14 49 -1
15 2 1
15 3 -1
15 4 -1
15 5 -1
15 6 -1
15 8 1
15 9 -1
15 10 -1
15 11 1
15 17 -1
15 20 1
15 24 1
15 48 -1
15 50 -1
15 58 -1
16 1 -1
16 2 1
16 5 -1
16 7 -1
16 8 1
16 9 -1
16 11 -1
16 13 -1
16 14 -1
16 20 1
16 24 -1
16 35 -1
16 38 -1
16 40 1
16 42 1
16 64 -1
17 1 -1
17 2 -1
17 6 1
17 13 -1
17 15 -1
17 18 -1
17 20 -1
17 21 1
17 22 1
17 23 -1
17 25 1
17 27 1
17 30 -1
17 31 -1
17 50 1
17 51 -1
18 8 -1
18 10 -1
18 17 -1
18 21 -1
18 24 -1
18 25 -1
18 27 -1
18 28 1
18 29 1
18 30 -1
18 31 1
18 35 -1
18 36 -1
18 48 1
18 59 -1
18 61 1
19 2 -1
19 14 -1
19 20 -1
19 22 -1
19 23 -1
19 24 -1
19 25 1
19 26 -1
19 27 -1
19 30 -1
19 32 -1
19 36 1
19 43 -1
19 47 -1
19 55 1
19 56 1
20 1 -1
20 8 -1
20 12 1
20 15 1
20 16 1
20 17 -1
20 19 -1
20 21 1
20 23 -1
20 24 -1
20 27 -1
20 30 -1
20 31 -1
20 32 -1
20 61 1
21 2 -1
21 3 1
21 6 -1
21 7 -1
21 17 1
21 18 -1
21 20 1
21 22 -1
21 25 -1
21 27 -1
21 28 1
21 29 -1
21 31 -1
21 48 -1
21 49 -1
21 59 -1
22 17 1
22 19 -1
22 21 -1
22 23 -1
22 25 -1
22 26 -1
22 28 -1
22 30 1
22 31 -1
22 33 -1
22 42 1
22 46 -1
22 54 1
22 56 -1
22 58 -1
23 7 1
23 8 -1
23 17 -1
23 19 -1
23 20 -1
23 22 -1
23 24 -1
23 27 1
23 29 -1
23 31 -1
23 32 -1
23 39 -1
23 40 -1
23 53 1
23 61 -1
23 63 -1
24 9 -1
24 15 1
24 16 -1
24 18 -1
24 19 -1
24 20 -1
24 23 -1
24 27 1
24 28 1
24 29 1
24 30 -1
24 32 -1
24 37 -1
24 50 -1
24 52 1
24 56 -1
25 6 -1
25 17 1
25 18 -1
25 19 1
25 21 -1
25 22 -1
25 26 -1
25 28 -1
25 29 -1
25 32 1
25 34 -1
25 36 -1
25 40 1
25 44 -1
25 52 -1
25 64 -1
26 19 -1
26 22 -1
26 25 -1
26 27 -1
26 28 -1
26 29 -1
26 30 1
26 31 -1
26 32 -1
26 42 -1
26 50 -1
26 55 -1
26 57 1
26 59 1
26 64 1
27 3 -1
27 5 -1
27 13 -1
27 17 1
27 18 -1
27 19 -1
27 20 -1
27 21 -1
27 23 1
27 24 1
27 26 -1
27 32 1
27 39 -1
27 44 1
27 45 -1
28 8 -1
28 18 1
28 21 1
28 22 -1
28 24 1
28 25 -1
28 26 -1
28 29 1
28 30 1
28 31 1
28 37 -1
28 43 1
28 46 -1
28 56 1
28 57 1
28 59 1
29 4 -1
29 14 -1
29 18 1
29 21 -1
29 23 -1
29 24 1
29 25 -1
29 26 -1
29 28 1
29 30 -1
29 32 -1
29 51 1
29 60 -1
29 64 1
30 14 1
30 17 -1
30 18 -1
30 19 -1
30 20 -1
30 22 1
30 24 -1
30 26 1
30 28 1
30 29 -1
30 34 1
30 36 -1
30 41 -1
30 43 -1
30 50 -1
30 56 -1
31 4 -1
31 9 -1
31 17 -1
31 18 1
31 20 -1
31 21 -1
31 22 -1
31 23 -1
31 26 -1
31 28 1
31 32 -1
31 35 -1
31 37 -1
31 47 1
31 48 -1
31 52 -1
32 4 -1
32 5 -1
32 19 -1
32 20 -1
32 23 -1
32 24 -1
32 25 1
32 26 -1
32 27 1
32 29 -1
32 31 -1
32 34 -1
32 39 -1
32 41 -1
32 62 -1
33 13 -1
33 14 1
33 22 -1
33 34 1
33 36 1
33 39 1
33 40 1
33 42 -1
33 44 -1
33 45 -1
33 46 1
33 48 -1
33 52 1
33 53 -1
33 58 1
34 9 -1
34 12 -1
34 25 -1
34 30 1
34 32 -1
34 33 1
34 36 -1
34 37 1
34 39 -1
34 41 -1
34 42 -1
34 44 1
34 45 -1
34 47 -1
34 49 -1
34 60 -1
35 11 1
35 16 -1
35 18 -1
35 31 -1
35 36 -1
35 37 -1
35 38 -1
35 39 1
35 40 -1
35 41 1
35 43 -1
35 45 1
35 47 1
35 52 1
35 57 -1
35 60 1
36 9 -1
36 18 -1
36 19 1
36 25 -1
36 30 -1
36 33 1
36 34 -1
36 35 -1
36 37 -1
36 38 1
36 42 -1
36 44 -1
36 45 -1
36 47 -1
36 54 -1
36 62 1
37 2 1
37 13 -1
37 24 -1
37 28 -1
37 31 -1
37 34 1
37 35 -1
37 36 -1
37 40 -1
37 41 1
37 42 -1
37 43 -1
37 44 -1
37 48 -1
37 54 -1
37 62 1
38 5 1
38 6 -1
38 9 1
38 16 -1
38 35 -1
38 36 1
38 39 -1
38 40 -1
38 41 -1
38 43 -1
38 44 -1
38 46 -1
38 48 -1
38 51 -1
38 60 -1
39 2 1
39 4 1
39 11 1
39 12 -1
39 23 -1
39 27 -1
39 32 -1
39 33 1
39 34 -1
39 35 1
39 38 -1
39 40 -1
39 42 1
39 43 -1
39 44 1
39 46 -1
40 16 1
40 23 -1
40 25 1
40 33 1
40 35 -1
40 37 -1
40 38 -1
40 39 -1
40 42 -1
40 43 1
40 47 -1
40 48 -1
40 49 -1
40 54 1
40 62 1
40 63 -1
41 1 1
41 3 1
41 5 -1
41 11 1
41 30 -1
41 32 -1
41 34 -1
41 35 1
41 37 1
41 38 -1
41 43 -1
41 44 -1
41 45 1
41 46 1
41 48 -1
41 57 1
42 9 -1
42 16 1
42 22 1
42 26 -1
42 33 -1
42 34 -1
42 36 -1
42 37 -1
42 39 1
42 40 -1
42 43 -1
42 45 -1
42 48 -1
42 54 1
42 62 -1
43 6 -1
43 14 1
43 19 -1
43 28 1
43 30 -1
43 35 -1
43 37 -1
43 38 -1
43 39 -1
43 40 1
43 41 -1
43 42 -1
43 46 1
43 47 -1
43 57 -1
43 64 -1
44 1 -1
44 8 -1
44 14 -1
44 25 -1
44 27 1
44 33 -1
44 34 1
44 36 -1
44 37 -1
44 38 -1
44 39 1
44 41 -1
44 46 -1
44 47 -1
44 54 -1
44 61 -1
45 1 -1
45 5 1
45 11 1
45 27 -1
45 33 -1
45 34 -1
45 35 1
45 36 -1
45 41 1
45 42 -1
45 46 -1
45 47 -1
45 48 -1
45 59 -1
45 60 -1
46 7 -1
46 12 1
46 22 -1
46 28 -1
46 33 1
46 38 -1
46 39 -1
46 41 1
46 43 1
46 44 -1
46 45 -1
46 47 -1
46 48 -1
46 54 1
46 63 1
47 7 -1
47 9 -1
47 10 -1
47 19 -1
47 31 1
47 34 -1
47 35 1
47 36 -1
47 40 -1
47 43 -1
47 44 -1
47 45 -1
47 46 -1
47 48 -1
47 51 -1
47 58 -1
48 2 1
48 15 -1
48 18 1
48 21 -1
48 31 -1
48 33 -1
48 37 -1
48 38 -1
48 40 -1
48 41 -1
48 42 -1
48 45 -1
48 46 -1
48 47 -1
48 59 1
48 63 -1
49 3 -1
49 11 -1
49 13 -1
49 14 -1
49 21 -1
49 34 -1
49 40 -1
49 50 1
49 51 -1
49 53 -1
49 54 -1
49 55 -1
49 57 -1
49 59 -1
49 62 -1
49 64 -1
50 8 1
50 15 -1
50 17 1
50 24 -1
50 26 -1
50 30 -1
50 49 1
50 51 -1
50 53 -1
50 54 1
50 57 -1
50 61 -1
50 62 -1
50 63 -1
50 64 -1
51 10 1
51 11 -1
51 12 -1
51 17 -1
51 29 1
51 38 -1
51 47 -1
51 49 -1
51 50 -1
51 52 -1
51 55 1
51 56 -1
51 58 -1
51 59 -1
51 61 1
51 62 -1
52 10 -1
52 24 1
52 25 -1
52 31 -1
52 33 1
52 35 1
52 51 -1
52 54 -1
52 55 1
52 56 -1
52 57 -1
52 58 -1
52 60 -1
52 61 -1
52 63 -1
53 7 -1
53 11 -1
53 12 -1
53 13 -1
53 23 1
53 33 -1
53 49 -1
53 50 -1
53 55 1
53 56 -1
53 57 -1
53 59 -1
53 61 -1
53 62 1
53 63 -1
54 22 1
54 36 -1
54 37 -1
54 40 1
54 42 1
54 44 -1
54 46 1
54 49 -1
54 50 1
54 52 -1
54 58 -1
54 59 1
54 61 1
54 62 -1
54 63 -1
54 64 1
55 1 -1
55 2 -1
55 5 1
55 10 -1
55 19 1
55 26 -1
55 49 -1
55 51 1
55 52 1
55 53 1
55 56 -1
55 58 -1
55 59 1
55 60 -1
55 62 -1
56 6 -1
56 7 1
56 19 1
56 22 -1
56 24 -1
56 28 1
56 30 -1
56 51 -1
56 52 -1
56 53 -1
56 55 -1
56 57 -1
56 58 -1
56 60 -1
56 61 1
56 64 -1
57 6 -1
57 26 1
57 28 1
57 35 -1
57 41 1
57 43 -1
57 49 -1
57 50 -1
57 52 -1
57 53 -1
57 56 -1
57 61 -1
57 62 1
57 63 -1
57 64 -1
58 4 -1
58 5 -1
58 15 -1
58 22 -1
58 33 1
58 47 -1
58 51 -1
58 52 -1
58 54 -1
58 55 -1
58 56 -1
58 59 -1
58 60 -1
58 61 -1
58 63 -1
59 3 1
59 18 -1
59 21 -1
59 26 1
59 28 1
59 45 -1
59 48 1
59 49 -1
59 51 -1
59 53 -1
59 54 1
59 55 1
59 58 -1
59 60 -1
59 63 -1
59 64 -1
60 4 1
60 29 -1
60 34 -1
60 35 1
60 38 -1
60 45 -1
60 52 -1
60 55 -1
60 56 -1
60 58 -1
60 59 -1
60 61 -1
60 62 -1
60 63 -1
60 64 -1
61 3 -1
61 10 -1
61 12 1
61 18 1
61 20 1
61 23 -1
61 44 -1
61 50 -1
61 51 1
61 52 -1
61 53 -1
61 54 1
61 56 1
61 57 -1
61 58 -1
61 60 -1
62 32 -1
62 36 1
62 37 1
62 40 1
62 42 -1
62 49 -1
62 50 -1
62 51 -1
62 53 1
62 54 -1
62 55 -1
62 57 1
62 60 -1
62 64 -1
63 3 -1
63 13 -1
63 23 -1
63 40 -1
63 46 1
63 48 -1
63 50 -1
63 52 -1
63 53 -1
63 54 -1
63 57 -1
63 58 -1
63 59 -1
63 60 -1
63 64 1
64 1 -1
64 16 -1
64 25 -1
64 26 1
64 29 1
64 43 -1
64 49 -1
64 50 -1
64 54 1
64 56 -1
64 57 -1
64 59 -1
64 60 -1
64 62 -1
64 63 1
