1 3 -1
1 4 1
1 5 1
1 9 1
1 10 1
1 12 -1
1 14 -1
1 15 1
1 16 -1
1 18 1
1 32 1
1 35 1
1 38 1
1 45 1
1 50 -1
2 6 1
2 8 1
2 9 1
2 10 -1
2 11 -1
2 12 -1
2 14 -1
2 15 -1
2 16 -1
2 21 -1
2 30 1
2 33 -1
2 37 -1
2 42 1
2 43 -1
2 64 -1
3 1 -1
3 4 1
3 5 1
3 7 1
3 8 -1
3 11 1
3 13 1
3 14 1
3 15 1
3 23 -1
3 27 1
3 38 1
3 45 -1
3 57 1
3 58 1
3 60 1
4 1 1
4 3 1
4 8 1
4 9 -1
4 10 1
4 11 1
4 12 1
4 14 1
4 16 1
4 18 -1
4 21 -1
4 24 -1
4 34 -1
4 40 1
4 54 -1
4 58 1
5 1 1
5 3 1
5 6 1
5 7 1
5 9 -1
5 10 1
5 12 -1
5 13 -1
5 15 1
5 18 1
5 31 1
5 32 -1
5 42 -1
5 52 -1
5 62 1
6 2 1
6 5 1
6 7 -1
6 8 1
6 10 -1
6 11 1
6 12 -1
6 13 1
6 14 1
6 20 1
6 22 1
6 24 1
6 45 -1
6 48 -1
6 59 1
6 61 1
7 3 1
7 5 1
7 6 -1
7 9 1
7 12 1
7 13 1
7 14 1
7 15 -1
7 16 -1
7 17 1
7 18 1
7 19 -1
7 22 1
7 48 1
7 60 1
7 61 -1
8 2 1
8 3 -1
8 4 1
8 6 1
8 10 -1
8 11 1
8 13 1
8 14 1
8 16 1
8 18 1
8 20 -1
8 24 1
8 26 1
8 35 -1
8 42 1
9 1 1
9 2 1
9 4 -1
9 5 -1
9 7 1
9 10 -1
9 11 1
9 14 1
9 15 1
9 37 -1
9 38 -1
9 44 -1
9 47 1
9 56 -1
9 62 -1
10 1 1
10 2 -1
10 4 1
10 5 1
10 6 -1
10 8 -1
10 9 -1
10 11 -1
10 16 -1
10 24 1
10 25 1
10 35 -1
10 49 1
10 51 1
10 58 -1
10 63 1
11 2 -1
11 3 1
11 4 1
11 6 1
11 8 1
11 9 1
11 10 -1
11 13 1
11 16 -1
11 31 -1
11 37 1
11 44 1
11 50 1
11 51 1
11 62 -1
12 1 -1
12 2 -1
12 4 1
12 5 -1
12 6 -1
12 7 1
12 13 1
12 14 1
12 15 -1
12 19 1
12 21 1
12 29 -1
12 33 1
12 41 -1
12 56 1
12 60 1
13 3 1
13 5 -1
13 6 1
13 7 1
13 8 1
13 11 1
13 12 1
13 15 1
13 16 1
13 20 -1
13 29 1
13 30 1
13 40 1
13 45 1
13 50 1
13 55 1
14 1 -1
14 2 -1
14 3 1
14 4 1
14 6 1
14 7 1
14 8 1
14 9 1
14 12 1
14 24 -1
14 30 -1
14 31 1
14 35 1
14 41 1
14 53 -1
14 60 1
15 1 1
15 2 -1
15 3 1
15 5 1
15 7 -1
15 9 1
15 12 -1
15 13 1
15 16 1
15 17 1
15 22 1
15 35 -1
15 36 -1
15 48 -1
15 58 1
15 59 1
16 1 -1
16 2 -1
16 4 1
16 7 -1
16 8 1
16 10 -1
16 11 -1
16 13 1
16 15 1
16 24 1
16 48 -1
16 49 1
16 59 1
16 62 1
16 64 -1
17 7 1
17 15 1
17 18 1
17 21 1
17 22 1
17 24 -1
17 25 1
17 27 -1
17 28 -1
17 29 -1
17 32 1
17 35 -1
17 36 -1
17 46 -1
17 55 -1
18 1 1
18 4 -1
18 5 1
18 7 1
18 8 1
18 17 1
18 19 1
18 20 -1
18 22 1
18 24 -1
18 26 -1
18 29 1
18 30 -1
18 31 -1
18 51 1
18 61 -1
19 7 -1
19 12 1
19 18 1
19 20 1
19 21 -1
19 22 1
19 23 1
19 26 1
19 27 1
19 29 1
19 32 -1
19 39 -1
19 50 1
19 52 -1
19 53 1
20 6 1
20 8 -1
20 13 -1
20 18 -1
20 19 1
20 21 1
20 22 1
20 23 1
20 24 -1
20 26 1
20 27 -1
20 29 -1
20 33 1
20 43 -1
20 49 1
20 60 1
21 2 -1
21 4 -1
21 12 1
21 17 1
21 19 -1
21 20 1
21 24 1
21 25 -1
21 26 -1
21 28 -1
21 29 1
21 31 -1
21 44 1
21 49 1
21 57 -1
21 61 -1
22 6 1
22 7 1
22 15 1
22 17 1
22 18 1
22 19 1
22 20 1
22 23 1
22 25 -1
22 26 1
22 28 -1
22 32 -1
22 34 1
22 37 -1
22 48 -1
23 3 -1
23 19 1
23 20 1
23 22 1
23 24 -1
23 25 -1
23 26 -1
23 27 1
23 28 1
23 30 1
23 39 1
23 42 -1
23 44 1
23 46 -1
23 50 1
23 63 1
24 4 -1
24 6 1
24 8 1
24 10 1
24 14 -1
24 16 1
24 17 -1
24 18 -1
24 20 -1
24 21 1
24 23 -1
24 25 -1
24 28 -1
24 30 1
24 32 1
24 57 1
25 10 1
25 17 1
25 21 -1
25 22 -1
25 23 -1
25 24 -1
25 26 -1
25 29 1
25 30 -1
25 31 -1
25 37 -1
25 38 -1
25 39 -1
25 42 -1
25 56 1
25 62 -1
26 8 1
26 18 -1
26 19 1
26 20 1
26 21 -1
26 22 1
26 23 -1
26 25 -1
26 31 -1
26 32 -1
26 40 1
26 46 1
26 55 -1
26 56 1
26 62 1
26 64 1
27 3 1
27 17 -1
27 19 1
27 20 -1
27 23 1
27 28 1
27 29 -1
27 30 1
27 31 1
27 32 -1
27 37 1
27 39 -1
27 45 -1
27 47 1
27 51 1
28 17 -1
28 21 -1
28 22 -1
28 23 1
28 24 -1
28 27 1
28 30 -1
28 31 -1
28 32 1
28 34 -1
28 36 1
28 54 1
28 56 1
28 58 -1
28 59 1
28 64 -1
29 12 -1
29 13 1
29 17 -1
29 18 1
29 19 1
29 20 -1
29 21 1
29 25 1
29 27 -1
29 30 -1
29 31 1
29 41 -1
29 52 1
29 57 1
30 2 1
30 13 1
30 14 -1
30 18 -1
30 23 1
30 24 1
30 25 -1
30 27 1
30 28 -1
30 29 -1
30 31 1
30 32 1
30 36 -1
30 54 1
30 61 1
31 5 1
31 11 -1
31 14 1
31 18 -1
31 21 -1
31 25 -1
31 26 -1
31 27 1
31 28 -1
31 29 1
31 30 1
31 32 1
31 43 1
31 44 1
31 47 1
31 57 1
32 1 1
32 5 -1
32 17 1
32 19 -1
32 22 -1
32 24 1
32 26 -1
32 27 -1
32 28 1
32 30 1
32 31 1
32 34 1
32 36 -1
32 59 1
33 2 -1
33 12 1
33 20 1
33 35 1
33 36 -1
33 37 1
33 39 1
33 41 -1
33 43 1
33 44 -1
33 46 1
33 48 -1
33 53 -1
33 55 -1
33 61 1
33 63 1
34 4 -1
34 22 1
34 28 -1
34 32 1
34 35 1
34 36 1
34 38 -1
34 39 1
34 41 1
34 44 -1
34 45 1
34 46 1
34 48 1
34 53 1
35 1 1
35 8 -1
35 10 -1
35 14 1
35 15 -1
35 17 -1
35 33 1
35 34 1
35 36 1
35 37 -1
35 38 1
35 42 1
35 43 -1
35 46 -1
35 48 -1
36 15 -1
36 17 -1
36 28 1
36 30 -1
36 32 -1
36 33 -1
36 34 1
36 35 1
36 37 1
36 40 -1
36 41 1
36 42 1
36 44 -1
36 47 -1
36 60 -1
37 2 -1
37 9 -1
37 11 1
37 22 -1
37 25 -1
37 27 1
37 33 1
37 35 -1
37 36 1
37 40 1
37 41 1
37 42 1
37 43 -1
37 44 1
37 45 1
38 1 1
38 3 1
38 9 -1
38 25 -1
38 34 -1
38 35 1
38 39 -1
38 40 -1
38 42 1
38 45 1
38 46 1
38 47 1
38 48 1
38 49 1
38 51 1
38 53 -1
39 19 -1
39 23 1
39 25 -1
39 27 -1
39 33 1
39 34 1
39 38 -1
39 40 1
39 42 1
39 43 1
39 44 1
39 46 1
39 47 1
39 53 1
39 57 -1
39 60 1
40 4 1
40 13 1
40 26 1
40 36 -1
40 37 1
40 38 -1
40 39 1
40 42 1
40 44 1
40 45 1
40 46 -1
40 48 -1
40 56 1
40 59 1
40 64 -1
41 12 -1
41 14 1
41 29 -1
41 33 -1
41 34 1
41 36 1
41 37 1
41 43 1
41 44 -1
41 45 1
41 47 -1
41 48 1
41 51 1
41 52 1
41 63 1
42 2 1
42 5 -1
42 8 1
42 23 -1
42 25 -1
42 35 1
42 36 1
42 37 1
42 38 1
42 39 1
42 40 1
42 44 1
42 47 1
42 48 -1
42 55 1
42 59 1
43 2 -1
43 20 -1
43 31 1
43 33 1
43 35 -1
43 37 -1
43 39 1
43 41 1
43 44 1
43 45 1
43 46 1
43 47 -1
43 52 1
43 56 1
43 58 -1
43 61 -1
44 9 -1
44 11 1
44 21 1
44 23 1
44 31 1
44 33 -1
44 34 -1
44 36 -1
44 37 1
44 39 1
44 40 1
44 41 -1
44 42 1
44 43 1
44 53 1
44 63 -1
45 1 1
45 3 -1
45 6 -1
45 13 1
45 27 -1
45 34 1
45 37 1
45 38 1
45 40 1
45 41 1
45 43 1
45 46 1
45 47 1
45 48 1
45 55 -1
45 63 1
46 17 -1
46 23 -1
46 26 1
46 33 1
46 34 1
46 35 -1
46 38 1
46 39 1
46 40 -1
46 43 1
46 45 1
46 47 1
46 54 -1
46 63 -1
47 9 1
47 27 1
47 31 1
47 36 -1
47 38 1
47 39 1
47 41 -1
47 42 1
47 43 -1
47 45 1
47 46 1
47 48 1
47 49 -1
47 52 -1
47 58 1
48 6 -1
48 7 1
48 15 -1
48 16 -1
48 22 -1
48 33 -1
48 34 1
48 35 -1
48 38 1
48 40 -1
48 41 1
48 42 -1
48 45 1
48 47 1
48 49 1
48 57 1
49 10 1
49 16 1
49 20 1
49 21 1
49 38 1
49 47 -1
49 48 1
49 50 1
49 51 -1
49 52 1
49 55 1
49 56 1
49 58 -1
49 59 1
49 62 1
49 63 1
50 1 -1
50 11 1
50 13 1
50 19 1
50 23 1
50 49 1
50 51 -1
50 53 -1
50 54 -1
50 57 -1
50 58 1
50 59 -1
50 60 -1
50 63 1
51 10 1
51 11 1
51 18 1
51 27 1
51 38 1
51 41 1
51 49 -1
51 50 -1
51 52 1
51 54 1
51 56 1
51 57 1
51 60 1
51 61 1
51 64 -1
52 5 -1
52 19 -1
52 29 1
52 41 1
52 43 1
52 47 -1
52 49 1
52 51 1
52 53 1
52 54 -1
52 59 -1
52 61 1
52 62 1
52 63 1
52 64 -1
53 14 -1
53 19 1
53 33 -1
53 34 1
53 38 -1
53 39 1
53 44 1
53 50 -1
53 52 1
53 55 1
53 56 -1
53 57 1
53 58 1
53 59 1
53 61 1
53 63 -1
54 4 -1
54 28 1
54 30 1
54 46 -1
54 50 -1
54 51 1
54 52 -1
54 55 -1
54 56 -1
54 57 1
54 58 1
54 61 -1
54 62 1
55 13 1
55 17 -1
55 26 -1
55 33 -1
55 42 1
55 45 -1
55 49 1
55 53 1
55 54 -1
55 56 1
55 58 -1
55 60 1
55 61 -1
55 62 -1
55 63 -1
56 9 -1
56 12 1
56 25 1
56 26 1
56 28 1
56 40 1
56 43 1
56 49 1
56 51 1
56 53 -1
56 54 -1
56 55 1
56 58 1
56 60 1
56 62 1
56 63 -1
57 3 1
57 21 -1
57 24 1
57 29 1
57 31 1
57 39 -1
57 48 1
57 50 -1
57 51 1
57 53 1
57 54 1
57 58 -1
57 59 -1
57 60 1
57 61 1
57 64 1
58 3 1
58 4 1
58 10 -1
58 15 1
58 28 -1
58 43 -1
58 47 1
58 49 -1
58 50 1
58 53 1
58 54 1
58 55 -1
58 56 1
58 57 -1
58 63 1
58 64 1
59 6 1
59 15 1
59 16 1
59 28 1
59 32 1
59 40 1
59 42 1
59 49 1
59 50 -1
59 52 -1
59 53 1
59 57 -1
59 60 1
59 62 1
59 63 -1
59 64 1
60 3 1
60 7 1
60 12 1
60 14 1
60 20 1
60 36 -1
60 39 1
60 50 -1
60 51 1
60 55 1
60 56 1
60 57 1
60 59 1
60 61 1
60 62 1
60 64 -1
61 6 1
61 7 -1
61 18 -1
61 21 -1
61 30 1
61 33 1
61 43 -1
61 51 1
61 52 1
61 53 1
61 54 -1
61 55 -1
61 57 1
61 60 1
61 62 -1
61 64 1
62 5 1
62 9 -1
62 11 -1
62 16 1
62 25 -1
62 26 1
62 49 1
62 52 1
62 54 1
62 55 -1
62 56 1
62 59 1
62 60 1
62 61 -1
62 64 -1
63 10 1
63 23 1
63 33 1
63 41 1
63 44 -1
63 45 1
63 46 -1
63 49 1
63 50 1
63 52 1
63 53 -1
63 55 -1
63 56 -1
63 58 1
63 59 -1
63 64 -1
64 2 -1
64 16 -1
64 26 1
64 28 -1
64 40 -1
64 51 -1
64 52 -1
64 57 1
64 58 1
64 59 1
64 60 -1
64 61 1
64 62 -1
64 63 -1
