1 2 -1
1 4 -1
1 8 -1
1 9 -1
1 10 -1
1 12 -1
1 13 -1
1 15 -1
1 16 -1
1 21 -1
1 28 -1
1 44 -1
1 48 -1
1 54 -1
1 56 -1
2 1 -1
2 3 -1
2 4 -1
2 6 -1
2 8 -1
2 11 -1
2 12 -1
2 13 1
2 15 -1
2 32 -1
2 35 -1
2 42 -1
2 47 -1
2 49 1
2 59 -1
3 2 -1
3 5 -1
3 6 1
3 7 -1
3 8 -1
3 9 -1
3 11 -1
3 12 1
3 16 -1
3 27 -1
3 31 -1
3 46 -1
3 48 -1
3 50 -1
3 53 -1
3 64 -1
4 1 -1
4 2 -1
4 5 -1
4 7 -1
4 8 -1
4 9 -1
4 10 -1
4 12 -1
4 14 -1
4 21 -1
4 28 -1
4 34 1
4 40 -1
4 46 -1
4 53 -1
4 58 -1
5 3 -1
5 4 -1
5 7 -1
5 8 -1
5 9 -1
5 10 -1
5 11 -1
5 15 -1
5 16 -1
5 25 -1
5 33 -1
5 35 -1
5 48 1
5 56 -1
5 58 -1
5 64 -1
6 2 -1
6 3 1
6 7 -1
6 8 -1
6 11 -1
6 13 -1
6 14 -1
6 15 1
6 16 -1
6 32 -1
6 37 -1
6 42 -1
6 44 1
6 46 -1
6 50 -1
6 51 -1
7 3 -1
7 4 -1
7 5 -1
7 6 -1
7 10 1
7 11 -1
7 13 -1
7 14 -1
7 16 -1
7 22 -1
7 23 -1
7 26 -1
7 34 -1
7 56 -1
7 60 -1
7 64 1
8 1 -1
8 2 -1
8 3 -1
8 4 -1
8 5 -1
8 6 -1
8 13 -1
8 14 -1
8 15 -1
8 20 1
8 28 -1
8 30 -1
8 48 1
8 50 -1
8 54 -1
8 60 -1
9 1 -1
9 3 -1
9 4 -1
9 5 -1
9 10 -1
9 12 -1
9 13 -1
9 15 -1
9 16 -1
9 20 -1
9 26 -1
9 36 -1
9 43 -1
9 52 -1
9 58 -1
9 62 -1
10 1 -1
10 4 -1
10 5 -1
10 7 1
10 9 -1
10 12 -1
10 14 -1
10 15 -1
10 16 -1
10 21 -1
10 27 -1
10 45 -1
10 51 -1
10 55 -1
10 61 -1
11 2 -1
11 3 -1
11 5 -1
11 6 -1
11 7 -1
11 12 -1
11 13 -1
11 14 -1
11 15 -1
11 34 -1
11 36 -1
11 38 -1
11 41 -1
11 44 -1
11 64 -1
12 1 -1
12 2 -1
12 3 1
12 4 -1
12 9 -1
12 10 -1
12 11 -1
12 13 -1
12 16 -1
12 29 -1
12 31 -1
12 46 1
12 49 -1
12 55 -1
12 57 -1
12 63 -1
13 1 -1
13 2 1
13 6 -1
13 7 -1
13 8 -1
13 9 -1
13 11 -1
13 12 -1
13 14 -1
13 17 -1
13 20 -1
13 24 -1
13 31 -1
13 34 -1
13 36 -1
13 43 -1
14 4 -1
14 6 -1
14 7 -1
14 8 -1
14 10 -1
14 11 -1
14 13 -1
14 15 -1
14 16 -1
14 23 -1
14 28 -1
14 29 -1
14 48 -1
14 57 -1
14 58 -1
14 64 -1
15 1 -1
15 2 -1
15 5 -1
15 6 1
15 8 -1
15 9 -1
15 10 -1
15 11 -1
15 14 -1
15 18 1
15 21 -1
15 34 -1
15 35 -1
15 40 -1
15 61 -1
15 63 -1
16 1 -1
16 3 -1
16 5 -1
16 6 -1
16 7 -1
16 9 -1
16 10 -1
16 12 -1
16 14 -1
16 17 -1
16 24 -1
16 25 -1
16 28 -1
16 29 -1
16 42 -1
16 63 -1
17 13 -1
17 16 -1
17 18 -1
17 21 -1
17 23 -1
17 25 -1
17 26 -1
17 27 -1
17 28 -1
17 30 -1
17 31 -1
17 37 -1
17 41 -1
17 44 -1
17 45 -1
18 15 1
18 17 -1
18 19 -1
18 20 -1
18 25 -1
18 26 -1
18 27 -1
18 29 1
18 30 -1
18 32 -1
18 39 -1
18 44 1
18 48 -1
18 58 -1
18 60 -1
18 62 -1
19 18 -1
19 22 -1
19 23 -1
19 24 -1
19 26 -1
19 27 1
19 28 -1
19 30 -1
19 32 -1
19 39 -1
19 41 -1
19 52 -1
19 54 -1
19 55 -1
19 63 1
19 64 -1
20 8 1
20 9 -1
20 13 -1
20 18 -1
20 21 -1
20 22 1
20 24 -1
20 25 -1
20 28 -1
20 30 -1
20 31 -1
20 32 -1
20 47 -1
20 49 -1
20 56 -1
20 57 -1
21 1 -1
21 4 -1
21 10 -1
21 15 -1
21 17 -1
21 20 -1
21 22 1
21 23 -1
21 25 -1
21 26 -1
21 30 -1
21 31 -1
21 32 1
21 52 -1
21 56 -1
21 59 -1
22 7 -1
22 19 -1
22 20 1
22 21 1
22 24 -1
22 26 -1
22 27 -1
22 29 1
22 30 1
22 31 1
22 37 1
22 42 -1
22 45 1
22 54 -1
22 58 -1
22 60 -1
23 7 -1
23 14 -1
23 17 -1
23 19 -1
23 21 -1
23 24 -1
23 25 -1
23 26 -1
23 27 -1
23 28 1
23 29 -1
23 33 -1
23 43 -1
23 52 -1
23 53 1
23 55 -1
24 13 -1
24 16 -1
24 19 -1
24 20 -1
24 22 -1
24 23 -1
24 25 -1
24 27 -1
24 29 -1
24 30 -1
24 31 1
24 38 -1
24 40 -1
24 44 -1
24 50 -1
24 60 -1
25 5 -1
25 16 -1
25 17 -1
25 18 -1
25 20 -1
25 21 -1
25 23 -1
25 24 -1
25 29 -1
25 30 1
25 32 -1
25 43 -1
25 45 -1
25 49 1
25 50 -1
25 62 -1
26 7 -1
26 9 -1
26 17 -1
26 18 -1
26 19 -1
26 21 -1
26 22 -1
26 23 -1
26 28 -1
26 29 -1
26 31 -1
26 38 -1
26 40 1
26 41 -1
26 55 -1
27 3 -1
27 10 -1
27 17 -1
27 18 -1
27 19 1
27 22 -1
27 23 -1
27 24 -1
27 28 -1
27 29 -1
27 31 -1
27 36 1
27 38 -1
27 46 -1
27 56 -1
27 57 -1
28 1 -1
28 4 -1
28 8 -1
28 14 -1
28 16 -1
28 17 -1
28 19 -1
28 20 -1
28 23 1
28 26 -1
28 27 -1
28 29 -1
28 31 -1
28 32 -1
28 38 -1
28 53 -1
29 12 -1
29 14 -1
29 16 -1
29 18 1
29 22 1
29 23 -1
29 24 -1
29 25 -1
29 26 -1
29 27 -1
29 28 -1
29 32 -1
29 42 -1
29 54 -1
29 59 -1
29 63 -1
30 8 -1
30 17 -1
30 18 -1
30 19 -1
30 20 -1
30 21 -1
30 22 1
30 24 -1
30 25 1
30 32 -1
30 38 -1
30 40 -1
30 51 1
30 62 -1
31 3 -1
31 12 -1
31 13 -1
31 17 -1
31 20 -1
31 21 -1
31 22 1
31 24 1
31 26 -1
31 27 -1
31 28 -1
31 32 -1
31 39 -1
31 46 -1
31 57 -1
31 60 -1
32 2 -1
32 6 -1
32 18 -1
32 19 -1
32 20 -1
32 21 1
32 25 -1
32 28 -1
32 29 -1
32 30 -1
32 31 -1
32 33 -1
32 38 -1
32 53 -1
32 59 -1
33 5 -1
33 23 -1
33 32 -1
33 36 -1
33 37 -1
33 39 -1
33 43 -1
33 44 -1
33 45 -1
33 46 -1
33 47 -1
33 48 -1
33 51 -1
33 52 -1
33 53 -1
33 61 -1
34 4 1
34 7 -1
34 11 -1
34 13 -1
34 15 -1
34 35 -1
34 36 -1
34 37 -1
34 38 -1
34 39 -1
34 40 -1
34 41 -1
34 42 -1
34 44 1
34 57 -1
34 61 -1
35 2 -1
35 5 -1
35 15 -1
35 34 -1
35 39 1
35 40 -1
35 41 -1
35 42 -1
35 44 -1
35 45 -1
35 47 -1
35 48 -1
35 52 -1
35 61 -1
35 62 -1
35 63 -1
36 9 -1
36 11 -1
36 13 -1
36 27 1
36 33 -1
36 34 -1
36 38 -1
36 40 -1
36 41 -1
36 44 -1
36 46 -1
36 47 -1
36 48 -1
36 55 1
36 61 1
37 6 -1
37 17 -1
37 22 1
37 33 -1
37 34 -1
37 38 -1
37 39 -1
37 40 -1
37 45 -1
37 46 -1
37 47 -1
37 48 -1
37 49 -1
37 52 -1
37 59 -1
38 11 -1
38 24 -1
38 26 -1
38 27 -1
38 28 -1
38 30 -1
38 32 -1
38 34 -1
38 36 -1
38 37 -1
38 39 -1
38 42 -1
38 43 -1
38 44 -1
38 47 -1
38 48 1
39 18 -1
39 19 -1
39 31 -1
39 33 -1
39 34 -1
39 35 1
39 37 -1
39 38 -1
39 41 -1
39 42 -1
39 43 -1
39 45 1
39 51 -1
39 54 -1
39 62 -1
40 4 -1
40 15 -1
40 24 -1
40 26 1
40 30 -1
40 34 -1
40 35 -1
40 36 -1
40 37 -1
40 42 -1
40 44 -1
40 46 -1
40 47 -1
40 48 1
41 11 -1
41 17 -1
41 19 -1
41 26 -1
41 34 -1
41 35 -1
41 36 -1
41 39 -1
41 43 1
41 45 -1
41 46 -1
41 47 -1
41 48 -1
41 56 -1
41 59 -1
41 64 -1
42 2 -1
42 6 -1
42 16 -1
42 22 -1
42 29 -1
42 34 -1
42 35 -1
42 38 -1
42 39 -1
42 40 -1
42 43 -1
42 44 -1
42 45 -1
42 46 -1
42 53 -1
42 55 1
43 9 -1
43 13 -1
43 23 -1
43 25 -1
43 33 -1
43 38 -1
43 39 -1
43 41 1
43 42 -1
43 44 -1
43 45 -1
43 46 -1
43 48 -1
43 49 -1
43 54 -1
44 1 -1
44 6 1
44 11 -1
44 17 -1
44 18 1
44 24 -1
44 33 -1
44 34 1
44 35 -1
44 36 -1
44 38 -1
44 40 -1
44 42 -1
44 43 -1
44 48 1
44 57 -1
45 10 -1
45 17 -1
45 22 1
45 25 -1
45 33 -1
45 35 -1
45 37 -1
45 39 1
45 41 -1
45 42 -1
45 43 -1
45 46 -1
45 47 -1
45 60 -1
45 63 -1
46 3 -1
46 4 -1
46 6 -1
46 12 1
46 27 -1
46 31 -1
46 33 -1
46 36 -1
46 37 -1
46 40 -1
46 41 -1
46 42 -1
46 43 -1
46 45 -1
46 47 -1
46 51 -1
47 2 -1
47 20 -1
47 33 -1
47 35 -1
47 36 -1
47 37 -1
47 38 -1
47 40 -1
47 41 -1
47 45 -1
47 46 -1
47 50 -1
47 58 -1
47 59 -1
47 61 -1
48 1 -1
48 3 -1
48 5 1
48 8 1
48 14 -1
48 18 -1
48 33 -1
48 35 -1
48 36 -1
48 37 -1
48 38 1
48 40 1
48 41 -1
48 43 -1
48 44 1
49 2 1
49 12 -1
49 20 -1
49 25 1
49 37 -1
49 43 -1
49 50 -1
49 52 -1
49 53 -1
49 55 -1
49 56 1
49 58 -1
49 61 -1
49 62 -1
49 63 -1
50 3 -1
50 6 -1
50 8 -1
50 24 -1
50 25 -1
50 47 -1
50 49 -1
50 52 -1
50 53 -1
50 55 -1
50 56 -1
50 57 -1
50 58 1
50 59 -1
50 64 1
51 6 -1
51 10 -1
51 30 1
51 33 -1
51 39 -1
51 46 -1
51 52 -1
51 54 -1
51 55 -1
51 57 -1
51 59 -1
51 60 -1
51 62 -1
51 63 -1
51 64 -1
52 9 -1
52 19 -1
52 21 -1
52 23 -1
52 33 -1
52 35 -1
52 37 -1
52 49 -1
52 50 -1
52 51 -1
52 56 -1
52 57 -1
52 58 -1
52 60 1
52 61 -1
52 62 -1
53 3 -1
53 4 -1
53 23 1
53 28 -1
53 32 -1
53 33 -1
53 42 -1
53 49 -1
53 50 -1
53 54 -1
53 56 -1
53 58 1
53 60 -1
53 61 -1
53 63 -1
53 64 -1
54 1 -1
54 8 -1
54 19 -1
54 22 -1
54 29 -1
54 39 -1
54 43 -1
54 51 -1
54 53 -1
54 56 -1
54 57 -1
54 58 -1
54 60 -1
54 61 -1
54 62 -1
54 64 -1
55 10 -1
55 12 -1
55 19 -1
55 23 -1
55 26 -1
55 36 1
55 42 1
55 49 -1
55 50 -1
55 51 -1
55 59 1
55 60 -1
55 61 -1
55 62 -1
55 63 -1
55 64 -1
56 1 -1
56 5 -1
56 7 -1
56 20 -1
56 21 -1
56 27 -1
56 41 -1
56 49 1
56 50 -1
56 52 -1
56 53 -1
56 54 -1
56 57 -1
56 58 -1
56 59 -1
56 61 -1
57 12 -1
57 14 -1
57 20 -1
57 27 -1
57 31 -1
57 34 -1
57 44 -1
57 50 -1
57 51 -1
57 52 -1
57 54 -1
57 56 -1
57 59 -1
57 61 -1
57 63 -1
57 64 -1
58 4 -1
58 5 -1
58 9 -1
58 14 -1
58 18 -1
58 22 -1
58 47 -1
58 49 -1
58 50 1
58 52 -1
58 53 1
58 54 -1
58 56 -1
58 59 1
58 61 -1
58 62 -1
59 2 -1
59 21 -1
59 29 -1
59 32 -1
59 37 -1
59 41 -1
59 47 -1
59 50 -1
59 51 -1
59 55 1
59 56 -1
59 57 -1
59 58 1
59 60 -1
59 61 -1
59 63 -1
60 7 -1
60 8 -1
60 18 -1
60 22 -1
60 24 -1
60 31 -1
60 45 -1
60 51 -1
60 52 1
60 53 -1
60 54 -1
60 55 -1
60 59 -1
60 62 -1
60 63 -1
60 64 -1
61 10 -1
61 15 -1
61 33 -1
61 34 -1
61 35 -1
61 36 1
61 47 -1
61 49 -1
61 52 -1
61 53 -1
61 54 -1
61 55 -1
61 56 -1
61 57 -1
61 58 -1
61 59 -1
62 9 -1
62 18 -1
62 25 -1
62 30 -1
62 35 -1
62 39 -1
62 49 -1
62 51 -1
62 52 -1
62 54 -1
62 55 -1
62 58 -1
62 60 -1
62 63 -1
62 64 -1
63 12 -1
63 15 -1
63 16 -1
63 19 1
63 29 -1
63 35 -1
63 45 -1
63 49 -1
63 51 -1
63 53 -1
63 55 -1
63 57 -1
63 59 -1
63 60 -1
63 62 -1
63 64 -1
64 3 -1
64 5 -1
64 7 1
64 11 -1
64 14 -1
64 19 -1
64 41 -1
64 50 1
64 51 -1
64 53 -1
64 54 -1
64 55 -1
64 57 -1
64 60 -1
64 62 -1
64 63 -1
