1 2 1
1 3 1
1 4 -1
1 5 1
1 6 1
1 10 -1
1 11 1
1 13 1
1 14 1
1 19 1
1 27 -1
1 31 1
1 37 -1
1 39 -1
1 40 1
1 57 1
2 1 1
2 5 1
2 6 1
2 7 1
2 8 1
2 9 1
2 14 1
2 15 -1
2 16 1
2 17 1
2 27 1
2 33 1
2 45 1
2 52 1
2 62 1
2 63 -1
3 1 1
3 4 -1
3 5 1
3 7 1
3 9 -1
3 10 -1
3 13 1
3 14 1
3 15 -1
3 26 1
3 32 1
3 37 -1
3 40 1
3 50 1
3 54 -1
3 59 1
4 1 -1
4 3 -1
4 5 -1
4 8 -1
4 10 -1
4 11 1
4 13 1
4 14 1
4 16 1
4 18 1
4 20 -1
4 28 -1
4 37 -1
4 42 1
4 44 1
4 54 -1
5 1 1
5 2 1
5 3 1
5 4 -1
5 8 1
5 9 1
5 12 -1
5 15 1
5 16 1
5 19 -1
5 37 1
5 44 1
5 51 1
5 60 1
5 61 1
5 63 1
6 1 1
6 2 1
6 7 -1
6 9 1
6 10 1
6 11 -1
6 12 1
6 13 1
6 15 1
6 17 1
6 29 1
6 36 1
6 47 1
6 49 -1
6 55 -1
6 61 -1
7 2 1
7 3 1
7 6 -1
7 9 -1
7 12 1
7 13 1
7 14 -1
7 15 1
7 16 1
7 22 1
7 27 -1
7 28 1
7 31 -1
7 36 1
7 44 1
7 55 1
8 2 1
8 4 -1
8 5 1
8 9 1
8 10 1
8 11 -1
8 12 1
8 13 1
8 15 1
8 26 1
8 36 1
8 38 1
8 39 1
8 49 -1
8 60 1
8 63 1
9 2 1
9 3 -1
9 5 1
9 6 1
9 7 -1
9 8 1
9 11 -1
9 12 1
9 14 1
9 24 1
9 34 1
9 37 1
9 41 1
9 42 1
9 47 1
10 1 -1
10 3 -1
10 4 -1
10 6 1
10 8 1
10 11 -1
10 12 1
10 14 1
10 16 1
10 20 1
10 26 1
10 40 1
10 50 1
10 54 1
10 57 1
10 59 -1
11 1 1
11 4 1
11 6 -1
11 8 -1
11 9 -1
11 10 -1
11 12 -1
11 13 1
11 15 1
11 18 1
11 24 -1
11 32 -1
11 34 1
11 44 1
11 48 1
11 54 1
12 5 -1
12 6 1
12 7 1
12 8 1
12 9 1
12 10 1
12 11 -1
12 15 1
12 16 1
12 19 -1
12 25 -1
12 26 1
12 32 1
12 38 -1
12 44 1
12 64 1
13 1 1
13 3 1
13 4 1
13 6 1
13 7 1
13 8 1
13 11 1
13 14 -1
13 16 1
13 22 1
13 34 1
13 42 1
13 57 -1
13 58 1
13 62 -1
13 64 1
14 1 1
14 2 1
14 3 1
14 4 1
14 7 -1
14 9 1
14 10 1
14 13 -1
14 16 1
14 24 1
14 32 1
14 45 1
14 52 1
14 56 1
14 59 1
14 60 1
15 2 -1
15 3 -1
15 5 1
15 6 1
15 7 1
15 8 1
15 11 1
15 12 1
15 16 1
15 19 1
15 24 1
15 32 1
15 46 1
15 56 -1
15 59 1
16 2 1
16 4 1
16 5 1
16 7 1
16 10 1
16 12 1
16 13 1
16 14 1
16 15 1
16 20 -1
16 27 1
16 33 -1
16 39 1
16 47 1
16 52 1
16 59 1
17 2 1
17 6 1
17 18 -1
17 19 1
17 20 1
17 21 1
17 23 1
17 27 1
17 29 -1
17 30 1
17 32 -1
17 33 -1
17 47 1
17 52 -1
17 58 -1
17 62 1
18 4 1
18 11 1
18 17 -1
18 21 1
18 22 -1
18 23 -1
18 24 -1
18 26 1
18 27 1
18 28 1
18 31 -1
18 36 1
18 40 1
18 42 1
18 50 1
19 1 1
19 5 -1
19 12 -1
19 15 1
19 17 1
19 20 1
19 22 -1
19 24 -1
19 25 1
19 26 1
19 29 1
19 30 1
19 32 1
19 41 1
19 56 1
20 4 -1
20 10 1
20 16 -1
20 17 1
20 19 1
20 21 -1
20 22 1
20 25 -1
20 27 1
20 28 1
20 30 1
20 32 1
20 38 -1
20 39 1
20 53 1
20 57 1
21 17 1
21 18 1
21 20 -1
21 23 1
21 24 1
21 25 -1
21 27 1
21 28 1
21 29 1
21 38 1
21 43 1
21 44 1
21 45 1
21 50 1
21 58 -1
21 62 1
22 7 1
22 13 1
22 18 -1
22 19 -1
22 20 1
22 26 1
22 27 1
22 29 -1
22 30 -1
22 31 -1
22 32 -1
22 37 1
22 43 1
22 46 1
22 56 1
22 62 -1
23 17 1
23 18 -1
23 21 1
23 24 1
23 25 1
23 26 -1
23 28 1
23 29 1
23 30 1
23 45 1
23 46 -1
23 49 1
23 50 1
23 60 1
23 61 -1
23 63 1
24 9 1
24 11 -1
24 14 1
24 15 1
24 18 -1
24 19 -1
24 21 1
24 23 1
24 25 1
24 28 -1
24 30 -1
24 31 1
24 32 1
24 45 -1
24 53 -1
25 12 -1
25 19 1
25 20 -1
25 21 -1
25 23 1
25 24 1
25 28 1
25 30 1
25 31 -1
25 32 -1
25 34 1
25 35 -1
25 36 1
25 40 1
25 46 1
25 57 1
26 3 1
26 8 1
26 10 1
26 12 1
26 18 1
26 19 1
26 22 1
26 23 -1
26 27 -1
26 28 1
26 29 1
26 31 -1
26 32 1
26 33 -1
26 51 1
26 53 1
27 1 -1
27 2 1
27 7 -1
27 16 1
27 17 1
27 18 1
27 20 1
27 21 1
27 22 1
27 26 -1
27 29 1
27 31 1
27 32 1
27 35 1
27 54 1
27 64 1
28 4 -1
28 7 1
28 18 1
28 20 1
28 21 1
28 23 1
28 24 -1
28 25 1
28 26 1
28 30 -1
28 31 1
28 46 1
28 48 -1
28 52 1
28 58 1
29 6 1
29 17 -1
29 19 1
29 21 1
29 22 -1
29 23 1
29 26 1
29 27 1
29 31 1
29 32 1
29 34 1
29 40 -1
29 52 -1
29 53 1
29 56 1
29 62 1
30 17 1
30 19 1
30 20 1
30 22 -1
30 23 1
30 24 -1
30 25 1
30 28 -1
30 31 -1
30 41 1
30 43 1
30 45 1
30 48 1
30 49 1
30 58 -1
30 64 1
31 1 1
31 7 -1
31 18 -1
31 22 -1
31 24 1
31 25 -1
31 26 -1
31 27 1
31 28 1
31 29 1
31 30 -1
31 49 1
31 52 1
31 56 1
31 60 1
31 61 1
32 3 1
32 11 -1
32 12 1
32 14 1
32 15 1
32 17 -1
32 19 1
32 20 1
32 22 -1
32 24 1
32 25 -1
32 26 1
32 27 1
32 29 1
32 47 1
32 64 1
33 2 1
33 16 -1
33 17 -1
33 26 -1
33 35 -1
33 36 1
33 39 1
33 40 -1
33 42 1
33 44 1
33 45 1
33 46 1
33 47 -1
33 55 -1
33 57 1
33 60 -1
34 9 1
34 11 1
34 13 1
34 25 1
34 29 1
34 35 1
34 39 1
34 41 1
34 42 1
34 43 1
34 44 1
34 45 1
34 47 1
34 48 1
34 49 1
34 55 1
35 25 -1
35 27 1
35 33 -1
35 34 1
35 36 1
35 37 -1
35 41 1
35 43 1
35 45 -1
35 47 1
35 48 1
35 50 -1
35 55 1
35 57 1
35 62 1
35 63 1
36 6 1
36 7 1
36 8 1
36 18 1
36 25 1
36 33 1
36 35 1
36 38 -1
36 39 1
36 40 -1
36 42 1
36 43 1
36 44 -1
36 47 1
36 51 -1
37 1 -1
37 3 -1
37 4 -1
37 5 1
37 9 1
37 22 1
37 35 -1
37 38 1
37 39 1
37 40 1
37 41 1
37 42 -1
37 44 -1
37 46 1
37 48 1
37 54 1
38 8 1
38 12 -1
38 20 -1
38 21 1
38 36 -1
38 37 1
38 40 1
38 41 1
38 42 1
38 44 1
38 45 -1
38 46 1
38 48 -1
38 51 -1
38 59 -1
38 63 -1
39 1 -1
39 8 1
39 16 1
39 20 1
39 33 1
39 34 1
39 36 1
39 37 1
39 41 1
39 43 -1
39 45 -1
39 47 1
39 48 1
39 54 -1
39 60 1
39 61 1
40 1 1
40 3 1
40 10 1
40 18 1
40 25 1
40 29 -1
40 33 -1
40 36 -1
40 37 1
40 38 1
40 41 1
40 42 1
40 44 1
40 45 1
40 47 1
40 55 1
41 9 1
41 19 1
41 30 1
41 34 1
41 35 1
41 37 1
41 38 1
41 39 1
41 40 1
41 43 -1
41 44 -1
41 46 -1
41 53 1
41 63 -1
42 4 1
42 9 1
42 13 1
42 18 1
42 33 1
42 34 1
42 36 1
42 37 -1
42 38 1
42 40 1
42 43 -1
42 46 1
42 47 1
42 51 1
42 53 1
43 21 1
43 22 1
43 30 1
43 34 1
43 35 1
43 36 1
43 39 -1
43 41 -1
43 42 -1
43 44 1
43 46 -1
43 48 -1
43 50 1
43 56 1
43 59 -1
43 61 1
44 4 1
44 5 1
44 7 1
44 11 1
44 12 1
44 21 1
44 33 1
44 34 1
44 36 -1
44 37 -1
44 38 1
44 40 1
44 41 -1
44 43 1
44 46 1
44 61 1
45 2 1
45 14 1
45 21 1
45 23 1
45 24 -1
45 30 1
45 33 1
45 34 1
45 35 -1
45 38 -1
45 39 -1
45 40 1
45 46 1
45 47 1
45 48 1
45 49 -1
46 15 1
46 22 1
46 23 -1
46 25 1
46 28 1
46 33 1
46 37 1
46 38 1
46 41 -1
46 42 1
46 43 -1
46 44 1
46 45 1
46 48 1
46 58 -1
47 6 1
47 9 1
47 16 1
47 17 1
47 32 1
47 33 -1
47 34 1
47 35 1
47 36 1
47 39 1
47 40 1
47 42 1
47 45 1
47 48 1
47 51 -1
47 55 -1
48 11 1
48 28 -1
48 30 1
48 34 1
48 35 1
48 37 1
48 38 -1
48 39 1
48 43 -1
48 45 1
48 46 1
48 47 1
48 58 -1
48 64 1
49 6 -1
49 8 -1
49 23 1
49 30 1
49 31 1
49 34 1
49 45 -1
49 50 -1
49 51 1
49 52 1
49 55 -1
49 56 1
49 57 1
49 58 1
49 59 -1
49 63 1
50 3 1
50 10 1
50 18 1
50 21 1
50 23 1
50 35 -1
50 43 1
50 49 -1
50 51 -1
50 54 -1
50 56 1
50 58 -1
50 60 1
50 62 1
50 63 1
50 64 -1
51 5 1
51 26 1
51 36 -1
51 38 -1
51 42 1
51 47 -1
51 49 1
51 50 -1
51 54 -1
51 55 1
51 56 -1
51 59 1
51 60 -1
51 61 1
51 64 -1
52 2 1
52 14 1
52 16 1
52 17 -1
52 28 1
52 29 -1
52 31 1
52 49 1
52 54 -1
52 56 1
52 57 -1
52 59 1
52 60 -1
52 62 1
52 63 -1
52 64 1
53 20 1
53 24 -1
53 26 1
53 29 1
53 41 1
53 42 1
53 55 1
53 56 1
53 58 1
53 59 1
53 60 1
53 61 1
53 62 -1
53 63 1
53 64 -1
54 3 -1
54 4 -1
54 10 1
54 11 1
54 27 1
54 37 1
54 39 -1
54 50 -1
54 51 -1
54 52 -1
54 57 1
54 59 -1
54 60 1
54 61 1
54 63 -1
54 64 1
55 6 -1
55 7 1
55 33 -1
55 34 1
55 35 1
55 40 1
55 47 -1
55 49 -1
55 51 1
55 53 1
55 56 -1
55 57 1
55 58 -1
55 59 1
55 62 1
55 64 -1
56 14 1
56 15 -1
56 19 1
56 22 1
56 29 1
56 31 1
56 43 1
56 49 1
56 50 1
56 51 -1
56 52 1
56 53 1
56 55 -1
56 57 1
56 58 1
56 61 1
57 1 1
57 10 1
57 13 -1
57 20 1
57 25 1
57 33 1
57 35 1
57 49 1
57 52 -1
57 54 1
57 55 1
57 56 1
57 58 -1
57 60 1
57 62 -1
57 64 1
58 13 1
58 17 -1
58 21 -1
58 28 1
58 30 -1
58 46 -1
58 48 -1
58 49 1
58 50 -1
58 53 1
58 55 -1
58 56 1
58 57 -1
58 60 -1
58 62 -1
58 63 1
59 3 1
59 10 -1
59 14 1
59 15 1
59 16 1
59 38 -1
59 43 -1
59 49 -1
59 51 1
59 52 1
59 53 1
59 54 -1
59 55 1
59 60 1
59 61 1
59 63 1
60 5 1
60 8 1
60 14 1
60 23 1
60 31 1
60 33 -1
60 39 1
60 50 1
60 51 -1
60 52 -1
60 53 1
60 54 1
60 57 1
60 58 -1
60 59 1
60 61 -1
61 5 1
61 6 -1
61 23 -1
61 31 1
61 39 1
61 43 1
61 44 1
61 51 1
61 53 1
61 54 1
61 56 1
61 59 1
61 60 -1
61 62 1
61 63 1
61 64 1
62 2 1
62 13 -1
62 17 1
62 21 1
62 22 -1
62 29 1
62 35 1
62 50 1
62 52 1
62 53 -1
62 55 1
62 57 -1
62 58 -1
62 61 1
62 63 1
62 64 1
63 2 -1
63 5 1
63 8 1
63 23 1
63 35 1
63 38 -1
63 41 -1
63 49 1
63 50 1
63 52 -1
63 53 1
63 54 -1
63 58 1
63 59 1
63 61 1
63 62 1
64 12 1
64 13 1
64 27 1
64 30 1
64 32 1
64 48 1
64 50 -1
64 51 -1
64 52 1
64 53 -1
64 54 1
64 55 -1
64 57 1
64 61 1
64 62 1
