1 2 -1
1 5 1
1 6 1
1 8 -1
1 10 1
1 12 -1
1 14 1
1 15 1
1 16 -1
1 17 1
1 23 -1
1 25 1
1 36 -1
1 44 -1
1 49 1
1 59 -1
2 1 -1
2 3 -1
2 7 1
2 8 1
2 10 -1
2 12 1
2 13 -1
2 14 1
2 15 1
2 22 -1
2 28 -1
2 46 -1
2 49 1
2 50 -1
2 58 -1
2 60 1
3 2 -1
3 4 -1
3 5 -1
3 6 -1
3 7 -1
3 9 1
3 11 1
3 14 1
3 16 1
3 28 1
3 29 -1
3 40 1
3 45 -1
3 50 -1
3 61 1
3 64 -1
4 3 -1
4 5 -1
4 6 -1
4 7 -1
4 8 -1
4 12 -1
4 14 -1
4 15 -1
4 16 -1
4 18 -1
4 23 -1
4 26 -1
4 41 -1
4 50 -1
4 54 -1
4 61 -1
5 1 1
5 3 -1
5 4 -1
5 9 -1
5 10 1
5 11 -1
5 12 -1
5 13 1
5 15 -1
5 19 -1
5 22 1
5 32 -1
5 40 -1
5 42 -1
5 47 1
5 62 1
6 1 1
6 3 -1
6 4 -1
6 8 -1
6 10 -1
6 12 -1
6 14 1
6 15 -1
6 16 1
6 19 -1
6 21 -1
6 30 -1
6 35 -1
6 37 -1
6 41 -1
6 58 -1
7 2 1
7 3 -1
7 4 -1
7 8 -1
7 9 -1
7 10 1
7 11 -1
7 13 -1
7 15 -1
7 21 -1
7 26 -1
7 33 -1
7 35 -1
7 49 -1
7 61 1
7 64 -1
8 1 -1
8 2 1
8 4 -1
8 6 -1
8 7 -1
8 9 -1
8 10 1
8 14 1
8 16 1
8 26 1
8 36 1
8 37 -1
8 42 -1
8 47 -1
8 54 1
9 3 1
9 5 -1
9 7 -1
9 8 -1
9 10 1
9 11 -1
9 12 -1
9 13 -1
9 16 -1
9 30 -1
9 39 1
9 41 -1
9 48 -1
9 54 -1
9 59 -1
10 1 1
10 2 -1
10 5 1
10 6 -1
10 7 1
10 8 1
10 9 1
10 13 -1
10 15 -1
10 27 -1
10 29 -1
10 38 -1
10 51 1
10 53 -1
10 55 -1
10 59 -1
11 3 1
11 5 -1
11 7 -1
11 9 -1
11 12 -1
11 13 1
11 14 -1
11 15 -1
11 16 -1
11 29 -1
11 32 -1
11 35 1
11 39 -1
11 42 -1
11 46 1
11 62 -1
12 1 -1
12 2 1
12 4 -1
12 5 -1
12 6 -1
12 9 -1
12 11 -1
12 13 1
12 14 -1
12 18 1
12 24 -1
12 28 1
12 32 -1
12 35 1
12 41 -1
12 64 1
13 2 -1
13 5 1
13 7 -1
13 9 -1
13 10 -1
13 11 1
13 12 1
13 14 -1
13 16 -1
13 25 -1
13 32 -1
13 39 1
13 48 -1
13 58 -1
13 62 -1
13 64 -1
14 1 1
14 2 1
14 3 1
14 4 -1
14 6 1
14 8 1
14 11 -1
14 12 -1
14 13 -1
14 19 -1
14 21 -1
14 31 -1
14 43 -1
14 47 1
14 57 1
14 60 1
15 1 1
15 2 1
15 4 -1
15 5 -1
15 6 -1
15 7 -1
15 10 -1
15 11 -1
15 16 -1
15 19 -1
15 44 1
15 50 -1
15 51 -1
15 53 1
15 56 1
15 60 -1
16 1 -1
16 3 1
16 4 -1
16 6 1
16 8 1
16 9 -1
16 11 -1
16 13 -1
16 15 -1
16 23 -1
16 25 -1
16 26 -1
16 31 -1
16 32 -1
16 43 -1
16 64 -1
17 1 1
17 18 -1
17 19 -1
17 20 -1
17 21 -1
17 26 -1
17 27 -1
17 29 -1
17 30 -1
17 32 1
17 33 -1
17 39 -1
17 47 -1
17 48 1
17 49 -1
17 53 -1
18 4 -1
18 12 1
18 17 -1
18 19 -1
18 22 -1
18 23 -1
18 25 1
18 26 1
18 27 1
18 30 -1
18 32 -1
18 34 -1
18 53 -1
18 54 -1
18 55 1
19 5 -1
19 6 -1
19 14 -1
19 15 -1
19 17 -1
19 18 -1
19 20 -1
19 22 -1
19 23 1
19 24 1
19 29 -1
19 30 -1
19 31 -1
19 51 -1
19 52 1
19 63 1
20 17 -1
20 19 -1
20 21 1
20 22 -1
20 24 1
20 25 -1
20 26 -1
20 28 -1
20 30 -1
20 36 -1
20 40 -1
20 46 -1
20 47 -1
20 59 -1
20 60 -1
21 6 -1
21 7 -1
21 14 -1
21 17 -1
21 20 1
21 23 -1
21 25 -1
21 28 -1
21 29 1
21 30 -1
21 31 -1
21 32 -1
21 35 1
21 53 1
21 55 -1
21 63 -1
22 2 -1
22 5 1
22 18 -1
22 19 -1
22 20 -1
22 23 -1
22 24 -1
22 26 -1
22 27 1
22 28 -1
22 29 -1
22 46 -1
22 48 -1
22 50 -1
22 55 -1
22 61 -1
23 1 -1
23 4 -1
23 16 -1
23 18 -1
23 19 1
23 21 -1
23 22 -1
23 25 -1
23 26 1
23 29 -1
23 30 1
23 31 -1
23 37 1
23 39 -1
23 62 -1
23 63 -1
24 12 -1
24 19 1
24 20 1
24 22 -1
24 25 1
24 27 -1
24 28 -1
24 30 -1
24 31 -1
24 32 -1
24 34 -1
24 38 -1
24 42 -1
24 44 -1
24 48 -1
25 1 1
25 13 -1
25 16 -1
25 18 1
25 20 -1
25 21 -1
25 23 -1
25 24 1
25 26 1
25 28 -1
25 31 -1
25 32 -1
25 47 -1
25 48 -1
25 52 1
25 60 -1
26 4 -1
26 7 -1
26 8 1
26 16 -1
26 17 -1
26 18 1
26 20 -1
26 22 -1
26 23 1
26 25 1
26 29 -1
26 31 1
26 32 -1
26 34 1
26 51 -1
27 10 -1
27 17 -1
27 18 1
27 22 1
27 24 -1
27 28 1
27 29 1
27 30 1
27 31 -1
27 32 -1
27 45 -1
27 51 -1
27 57 -1
27 58 -1
27 60 -1
28 2 -1
28 3 1
28 12 1
28 20 -1
28 21 -1
28 22 -1
28 24 -1
28 25 -1
28 27 1
28 29 1
28 31 -1
28 32 1
28 42 -1
28 52 -1
28 57 -1
28 59 -1
29 3 -1
29 10 -1
29 11 -1
29 17 -1
29 19 -1
29 21 1
29 22 -1
29 23 -1
29 26 -1
29 27 1
29 28 1
29 30 -1
29 41 -1
29 44 -1
29 52 1
29 59 -1
30 6 -1
30 9 -1
30 17 -1
30 18 -1
30 19 -1
30 20 -1
30 21 -1
30 23 1
30 24 -1
30 27 1
30 29 -1
30 33 -1
30 37 -1
30 47 1
30 53 -1
30 61 -1
31 14 -1
31 16 -1
31 19 -1
31 21 -1
31 23 -1
31 24 -1
31 25 -1
31 26 1
31 27 -1
31 28 -1
31 32 -1
31 34 -1
31 35 -1
31 38 -1
31 42 -1
31 56 1
32 5 -1
32 11 -1
32 12 -1
32 13 -1
32 16 -1
32 17 1
32 18 -1
32 21 -1
32 24 -1
32 25 -1
32 26 -1
32 27 -1
32 28 1
32 31 -1
32 39 1
32 43 1
33 7 -1
33 17 -1
33 30 -1
33 35 -1
33 36 -1
33 38 -1
33 39 1
33 41 -1
33 44 1
33 46 -1
33 47 -1
33 48 -1
33 49 -1
33 51 -1
33 53 -1
33 61 -1
34 18 -1
34 24 -1
34 26 1
34 31 -1
34 35 -1
34 37 -1
34 38 1
34 39 -1
34 40 1
34 42 -1
34 43 -1
34 44 -1
34 45 -1
34 54 -1
35 6 -1
35 7 -1
35 11 1
35 12 1
35 21 1
35 31 -1
35 33 -1
35 34 -1
35 37 -1
35 39 1
35 40 -1
35 42 -1
35 46 1
35 47 1
35 48 1
35 50 -1
36 1 -1
36 8 1
36 20 -1
36 33 -1
36 37 -1
36 38 1
36 41 -1
36 43 -1
36 45 -1
36 46 -1
36 47 -1
36 48 1
36 49 1
36 54 1
36 61 1
36 62 -1
37 6 -1
37 8 -1
37 23 1
37 30 -1
37 34 -1
37 35 -1
37 36 -1
37 38 1
37 40 -1
37 42 -1
37 43 1
37 45 -1
37 48 -1
37 56 -1
37 57 -1
37 63 -1
38 10 -1
38 24 -1
38 31 -1
38 33 -1
38 34 1
38 36 1
38 37 1
38 40 1
38 41 1
38 42 -1
38 43 -1
38 47 -1
38 51 1
38 55 1
38 62 -1
39 9 1
39 11 -1
39 13 1
39 17 -1
39 23 -1
39 32 1
39 33 1
39 34 -1
39 35 1
39 40 -1
39 42 1
39 44 -1
39 45 1
39 47 -1
39 48 -1
39 58 -1
40 3 1
40 5 -1
40 20 -1
40 34 1
40 35 -1
40 37 -1
40 38 1
40 39 -1
40 43 1
40 44 -1
40 45 -1
40 47 -1
40 49 -1
40 57 -1
40 63 -1
41 4 -1
41 6 -1
41 9 -1
41 12 -1
41 29 -1
41 33 -1
41 36 -1
41 38 1
41 43 -1
41 44 1
41 45 1
41 46 1
41 47 1
41 48 1
41 56 -1
41 63 -1
42 5 -1
42 8 -1
42 11 -1
42 24 -1
42 28 -1
42 31 -1
42 34 -1
42 35 -1
42 37 -1
42 38 -1
42 39 1
42 43 1
42 44 -1
42 45 1
42 46 1
42 62 -1
43 14 -1
43 16 -1
43 32 1
43 34 -1
43 36 -1
43 37 1
43 38 -1
43 40 1
43 41 -1
43 42 1
43 44 1
43 48 -1
43 52 -1
43 56 -1
43 59 -1
43 64 1
44 1 -1
44 15 1
44 24 -1
44 29 -1
44 33 1
44 34 -1
44 39 -1
44 40 -1
44 41 1
44 42 -1
44 43 1
44 45 -1
44 46 -1
44 55 -1
44 56 -1
44 58 -1
45 3 -1
45 27 -1
45 34 -1
45 36 -1
45 37 -1
45 39 1
45 40 -1
45 41 1
45 42 1
45 44 -1
45 46 -1
45 50 -1
45 55 1
45 58 -1
45 63 -1
45 64 -1
46 2 -1
46 11 1
46 20 -1
46 22 -1
46 33 -1
46 35 1
46 36 -1
46 41 1
46 42 1
46 44 -1
46 45 -1
46 47 -1
46 48 1
46 52 1
46 56 -1
47 5 1
47 8 -1
47 14 1
47 17 -1
47 20 -1
47 25 -1
47 30 1
47 33 -1
47 35 1
47 36 -1
47 38 -1
47 39 -1
47 40 -1
47 41 1
47 46 -1
47 48 -1
48 9 -1
48 13 -1
48 17 1
48 22 -1
48 24 -1
48 25 -1
48 33 -1
48 35 1
48 36 1
48 37 -1
48 39 -1
48 41 1
48 43 -1
48 46 1
48 47 -1
49 1 1
49 2 1
49 7 -1
49 17 -1
49 33 -1
49 36 1
49 40 -1
49 51 -1
49 52 1
49 56 -1
49 57 -1
49 59 1
49 60 -1
49 62 1
49 63 -1
49 64 -1
50 2 -1
50 3 -1
50 4 -1
50 15 -1
50 22 -1
50 35 -1
50 45 -1
50 51 -1
50 52 1
50 54 -1
50 55 -1
50 58 1
50 59 -1
50 61 1
50 63 1
50 64 1
51 10 1
51 15 -1
51 19 -1
51 26 -1
51 27 -1
51 33 -1
51 38 1
51 49 -1
51 50 -1
51 52 1
51 53 -1
51 55 -1
51 56 -1
51 61 1
51 62 -1
51 64 1
52 19 1
52 25 1
52 28 -1
52 29 1
52 43 -1
52 46 1
52 49 1
52 50 1
52 51 1
52 53 -1
52 54 1
52 59 -1
52 60 1
52 62 1
52 63 -1
53 10 -1
53 15 1
53 17 -1
53 18 -1
53 21 1
53 30 -1
53 33 -1
53 51 -1
53 52 -1
53 54 -1
53 55 1
53 56 -1
53 57 -1
53 59 -1
53 60 1
53 61 -1
54 4 -1
54 8 1
54 9 -1
54 18 -1
54 34 -1
54 36 1
54 50 -1
54 52 1
54 53 -1
54 55 -1
54 57 -1
54 58 -1
54 60 1
54 61 1
54 62 -1
55 10 -1
55 18 1
55 21 -1
55 22 -1
55 38 1
55 44 -1
55 45 1
55 50 -1
55 51 -1
55 53 1
55 54 -1
55 57 1
55 59 -1
55 62 -1
55 63 1
55 64 1
56 15 1
56 31 1
56 37 -1
56 41 -1
56 43 -1
56 44 -1
56 46 -1
56 49 -1
56 51 -1
56 53 -1
56 58 -1
56 59 -1
56 60 1
56 61 -1
56 63 -1
56 64 1
57 14 1
57 27 -1
57 28 -1
57 37 -1
57 40 -1
57 49 -1
57 53 -1
57 54 -1
57 55 1
57 58 1
57 59 -1
57 60 -1
57 61 -1
57 62 -1
58 2 -1
58 6 -1
58 13 -1
58 27 -1
58 39 -1
58 44 -1
58 45 -1
58 50 1
58 54 -1
58 56 -1
58 57 1
58 60 1
58 61 -1
58 62 1
58 63 -1
58 64 -1
59 1 -1
59 9 -1
59 10 -1
59 20 -1
59 28 -1
59 29 -1
59 43 -1
59 49 1
59 50 -1
59 52 -1
59 53 -1
59 55 -1
59 56 -1
59 57 -1
59 63 -1
59 64 -1
60 2 1
60 14 1
60 15 -1
60 20 -1
60 25 -1
60 27 -1
60 49 -1
60 52 1
60 53 1
60 54 1
60 56 1
60 57 -1
60 58 1
60 61 -1
60 63 -1
61 3 1
61 4 -1
61 7 1
61 22 -1
61 30 -1
61 33 -1
61 36 1
61 50 1
61 51 1
61 53 -1
61 54 1
61 56 -1
61 57 -1
61 58 -1
61 60 -1
61 62 1
62 5 1
62 11 -1
62 13 -1
62 23 -1
62 36 -1
62 38 -1
62 42 -1
62 49 1
62 51 -1
62 52 1
62 54 -1
62 55 -1
62 57 -1
62 58 1
62 61 1
62 64 -1
63 19 1
63 21 -1
63 23 -1
63 37 -1
63 40 -1
63 41 -1
63 45 -1
63 49 -1
63 50 1
63 52 -1
63 55 1
63 56 -1
63 58 -1
63 59 -1
63 60 -1
63 64 -1
64 3 -1
64 7 -1
64 12 1
64 13 -1
64 16 -1
64 43 1
64 45 -1
64 49 -1
64 50 1
64 51 1
64 55 1
64 56 1
64 58 -1
64 59 -1
64 62 -1
64 63 -1
