1 4 -1
1 5 1
1 7 1
1 8 1
1 9 -1
1 11 1
1 12 -1
1 13 -1
1 14 -1
1 30 1
1 42 1
1 44 1
1 47 1
1 54 -1
1 58 1
1 62 1
2 3 1
2 4 -1
2 6 -1
2 7 1
2 10 -1
2 11 -1
2 12 -1
2 13 1
2 14 1
2 20 1
2 21 1
2 26 1
2 35 -1
2 37 1
2 41 -1
2 64 1
3 2 1
3 4 1
3 6 -1
3 7 -1
3 8 1
3 9 1
3 10 1
3 11 1
3 13 1
3 17 -1
3 18 1
3 19 -1
3 40 1
3 55 1
3 58 1
3 60 1
4 1 -1
4 2 -1
4 3 1
4 9 -1
4 10 -1
4 12 -1
4 13 1
4 15 1
4 16 1
4 24 1
4 27 1
4 47 1
4 48 1
4 53 1
4 56 1
4 62 -1
5 1 1
5 6 -1
5 7 -1
5 9 1
5 12 1
5 13 -1
5 14 1
5 15 1
5 16 -1
5 19 1
5 23 -1
5 25 1
5 33 -1
5 53 1
5 60 1
5 61 1
6 2 -1
6 3 -1
6 5 -1
6 8 -1
6 9 1
6 10 1
6 11 1
6 14 -1
6 16 -1
6 17 1
6 25 1
6 27 -1
6 31 1
6 44 -1
6 55 -1
6 63 -1
7 1 1
7 2 1
7 3 -1
7 5 -1
7 10 -1
7 11 1
7 14 1
7 15 1
7 16 -1
7 18 1
7 21 1
7 44 -1
7 46 1
7 56 1
7 58 1
8 1 1
8 3 1
8 6 -1
8 9 1
8 10 1
8 12 -1
8 14 -1
8 15 1
8 16 1
8 17 1
8 25 1
8 35 1
8 38 1
8 41 -1
8 44 -1
9 1 -1
9 3 1
9 4 -1
9 5 1
9 6 1
9 8 1
9 12 1
9 13 -1
9 14 1
9 21 1
9 31 1
9 51 1
9 59 -1
10 2 -1
10 3 1
10 4 -1
10 6 1
10 7 -1
10 8 1
10 13 1
10 15 1
10 16 1
10 18 1
10 25 1
10 39 -1
10 57 1
10 59 1
10 61 -1
10 62 -1
11 1 1
11 2 -1
11 3 1
11 6 1
11 7 1
11 12 -1
11 14 1
11 15 -1
11 16 -1
11 37 1
11 38 1
11 40 1
11 44 -1
11 50 1
11 63 1
12 1 -1
12 2 -1
12 4 -1
12 5 1
12 8 -1
12 9 1
12 11 -1
12 13 1
12 15 -1
12 20 1
12 32 -1
12 36 -1
12 39 -1
12 49 1
12 60 -1
13 1 -1
13 2 1
13 3 1
13 4 1
13 5 -1
13 9 -1
13 10 1
13 12 1
13 15 -1
13 30 -1
13 31 1
13 34 -1
13 38 1
13 43 1
13 52 -1
13 54 -1
14 1 -1
14 2 1
14 5 1
14 6 -1
14 7 1
14 8 -1
14 9 1
14 11 1
14 16 1
14 33 -1
14 37 -1
14 49 1
14 59 1
14 61 1
14 63 1
15 4 1
15 5 1
15 7 1
15 8 1
15 10 1
15 11 -1
15 12 -1
15 13 -1
15 16 -1
15 19 -1
15 22 -1
15 27 1
15 28 -1
15 54 -1
15 56 -1
15 60 1
16 4 1
16 5 -1
16 6 -1
16 7 -1
16 8 1
16 10 1
16 11 -1
16 14 1
16 15 -1
16 40 1
16 45 1
16 48 1
16 52 -1
16 55 -1
16 56 -1
16 63 -1
17 3 -1
17 6 1
17 8 1
17 18 1
17 19 1
17 20 -1
17 21 1
17 22 1
17 23 1
17 26 1
17 28 1
17 30 -1
17 34 -1
17 36 1
17 40 1
17 42 1
18 3 1
18 7 1
18 10 1
18 17 1
18 19 -1
18 20 1
18 26 -1
18 27 1
18 28 1
18 30 1
18 31 1
18 32 1
18 40 1
18 52 -1
19 3 -1
19 5 1
19 15 -1
19 17 1
19 18 -1
19 20 1
19 23 1
19 24 1
19 25 -1
19 27 -1
19 30 -1
19 31 -1
19 37 1
19 39 -1
19 50 1
19 56 1
20 2 1
20 12 1
20 17 -1
20 18 1
20 19 1
20 22 -1
20 24 -1
20 25 1
20 29 -1
20 31 1
20 32 1
20 40 1
20 45 1
20 49 -1
20 51 -1
20 54 -1
21 2 1
21 7 1
21 9 1
21 17 1
21 22 1
21 23 1
21 24 1
21 25 1
21 28 1
21 29 -1
21 31 -1
21 32 1
21 49 1
21 50 -1
22 15 -1
22 17 1
22 20 -1
22 21 1
22 23 1
22 27 1
22 28 1
22 29 1
22 31 1
22 32 -1
22 33 1
22 35 -1
22 45 -1
22 47 -1
22 59 1
22 60 1
23 5 -1
23 17 1
23 19 1
23 21 1
23 22 1
23 25 1
23 26 -1
23 27 1
23 29 -1
23 32 -1
23 34 -1
23 35 1
23 37 1
23 48 -1
23 58 1
23 64 -1
24 4 1
24 19 1
24 20 -1
24 21 1
24 25 -1
24 26 -1
24 27 1
24 28 -1
24 29 1
24 31 -1
24 39 1
24 44 1
24 46 1
24 48 -1
24 54 1
24 64 1
25 5 1
25 6 1
25 8 1
25 10 1
25 19 -1
25 20 1
25 21 1
25 23 1
25 24 -1
25 26 -1
25 28 1
25 29 1
25 30 1
25 43 -1
25 47 1
25 57 1
26 2 1
26 17 1
26 18 -1
26 23 -1
26 24 -1
26 25 -1
26 27 -1
26 30 -1
26 31 -1
26 32 1
26 35 -1
26 41 1
26 42 1
26 46 -1
26 48 1
27 4 1
27 6 -1
27 15 1
27 18 1
27 19 -1
27 22 1
27 23 1
27 24 1
27 26 -1
27 28 -1
27 30 1
27 31 1
27 49 1
27 50 1
27 51 -1
27 57 -1
28 15 -1
28 17 1
28 18 1
28 21 1
28 22 1
28 24 -1
28 25 1
28 27 -1
28 30 -1
28 32 -1
28 35 1
28 43 -1
28 47 1
28 48 -1
28 51 1
28 64 1
29 20 -1
29 21 -1
29 22 1
29 23 -1
29 24 1
29 25 1
29 30 1
29 31 -1
29 32 1
29 34 1
29 41 1
29 50 -1
29 56 1
29 57 -1
29 58 1
30 1 1
30 13 -1
30 17 -1
30 18 1
30 19 -1
30 25 1
30 26 -1
30 27 1
30 28 -1
30 29 1
30 32 -1
30 38 -1
30 52 1
30 53 -1
30 57 1
30 61 1
31 6 1
31 9 1
31 13 1
31 18 1
31 19 -1
31 20 1
31 21 -1
31 22 1
31 24 -1
31 26 -1
31 27 1
31 29 -1
31 36 1
31 45 1
31 51 -1
31 55 1
32 12 -1
32 18 1
32 20 1
32 21 1
32 22 -1
32 23 -1
32 26 1
32 28 -1
32 29 1
32 30 -1
32 33 -1
32 39 1
32 45 1
32 49 1
32 53 1
33 5 -1
33 14 -1
33 22 1
33 32 -1
33 34 1
33 35 -1
33 37 1
33 41 -1
33 42 -1
33 43 1
33 45 1
33 46 -1
33 48 1
33 50 1
33 62 1
33 63 -1
34 13 -1
34 17 -1
34 23 -1
34 29 1
34 33 1
34 36 -1
34 38 -1
34 39 1
34 43 -1
34 44 1
34 45 1
34 47 -1
34 48 1
34 53 -1
34 57 -1
34 61 1
35 2 -1
35 8 1
35 22 -1
35 23 1
35 26 -1
35 28 1
35 33 -1
35 36 -1
35 38 1
35 42 -1
35 43 1
35 44 1
35 46 -1
35 47 -1
35 48 -1
35 53 -1
36 12 -1
36 17 1
36 31 1
36 34 -1
36 35 -1
36 37 1
36 39 -1
36 40 1
36 41 1
36 43 1
36 45 1
36 47 1
36 60 1
36 62 1
37 2 1
37 11 1
37 14 -1
37 19 1
37 23 1
37 33 1
37 36 1
37 38 -1
37 39 1
37 40 -1
37 43 1
37 44 1
37 46 1
37 47 1
37 60 1
37 64 -1
38 8 1
38 11 1
38 13 1
38 30 -1
38 34 -1
38 35 1
38 37 -1
38 39 -1
38 40 1
38 41 1
38 42 1
38 45 -1
38 46 -1
38 54 1
38 55 1
38 56 1
39 10 -1
39 12 -1
39 19 -1
39 24 1
39 32 1
39 34 1
39 36 -1
39 37 1
39 38 -1
39 41 1
39 45 -1
39 46 1
39 47 -1
39 48 1
39 64 -1
40 3 1
40 11 1
40 16 1
40 17 1
40 18 1
40 20 1
40 36 1
40 37 -1
40 38 1
40 41 1
40 42 1
40 43 1
40 44 1
40 46 -1
40 48 1
41 2 -1
41 8 -1
41 26 1
41 29 1
41 33 -1
41 36 1
41 38 1
41 39 1
41 40 1
41 42 -1
41 44 -1
41 46 1
41 47 -1
41 58 1
41 61 1
41 63 1
42 1 1
42 17 1
42 26 1
42 33 -1
42 35 -1
42 38 1
42 40 1
42 41 -1
42 43 1
42 45 1
42 47 -1
42 48 1
42 53 1
42 55 1
42 59 -1
42 62 1
43 13 1
43 25 -1
43 28 -1
43 33 1
43 34 -1
43 35 1
43 36 1
43 37 1
43 40 1
43 42 1
43 47 -1
43 48 1
43 51 1
43 55 -1
43 59 1
44 1 1
44 6 -1
44 7 -1
44 8 -1
44 11 -1
44 24 1
44 34 1
44 35 1
44 37 1
44 40 1
44 41 -1
44 45 -1
44 46 1
44 47 -1
44 48 1
45 16 1
45 20 1
45 22 -1
45 31 1
45 32 1
45 33 1
45 34 1
45 36 1
45 38 -1
45 39 -1
45 42 1
45 44 -1
45 46 1
45 48 -1
45 50 1
46 7 1
46 24 1
46 26 -1
46 33 -1
46 35 -1
46 37 1
46 38 -1
46 39 1
46 40 -1
46 41 1
46 44 1
46 45 1
46 52 -1
46 57 1
47 1 1
47 4 1
47 22 -1
47 25 1
47 28 1
47 34 -1
47 35 -1
47 36 1
47 37 1
47 39 -1
47 41 -1
47 42 -1
47 43 -1
47 44 -1
47 54 1
47 61 1
48 4 1
48 16 1
48 23 -1
48 24 -1
48 26 1
48 28 -1
48 33 1
48 34 1
48 35 -1
48 39 1
48 40 1
48 42 1
48 43 1
48 44 1
48 45 -1
49 12 1
49 14 1
49 20 -1
49 21 1
49 27 1
49 32 1
49 50 -1
49 51 1
49 52 1
49 54 1
49 58 -1
49 59 1
49 62 1
49 63 1
49 64 1
50 11 1
50 19 1
50 21 -1
50 27 1
50 29 -1
50 33 1
50 45 1
50 49 -1
50 52 1
50 55 -1
50 57 -1
50 58 1
50 59 1
50 62 1
50 63 -1
50 64 1
51 9 1
51 20 -1
51 27 -1
51 28 1
51 31 -1
51 43 1
51 49 1
51 55 -1
51 56 1
51 57 -1
51 58 1
51 59 1
51 60 1
51 61 1
51 64 1
52 13 -1
52 16 -1
52 18 -1
52 30 1
52 46 -1
52 49 1
52 50 1
52 53 1
52 58 -1
52 59 1
52 60 -1
52 62 -1
52 63 -1
52 64 -1
53 4 1
53 5 1
53 30 -1
53 32 1
53 34 -1
53 35 -1
53 42 1
53 52 1
53 54 -1
53 55 1
53 56 -1
53 57 1
53 60 1
53 61 -1
53 62 -1
53 63 1
54 1 -1
54 13 -1
54 15 -1
54 20 -1
54 24 1
54 38 1
54 47 1
54 49 1
54 53 -1
54 55 -1
54 56 -1
54 57 -1
54 59 -1
54 60 -1
54 62 -1
54 63 1
55 3 1
55 6 -1
55 16 -1
55 31 1
55 38 1
55 42 1
55 43 -1
55 50 -1
55 51 -1
55 53 1
55 54 -1
55 56 1
55 57 1
55 58 -1
55 61 1
55 63 1
56 4 1
56 7 1
56 15 -1
56 16 -1
56 19 1
56 29 1
56 38 1
56 51 1
56 53 -1
56 54 -1
56 55 1
56 57 1
56 58 1
56 59 1
56 60 1
56 61 1
57 10 1
57 25 1
57 27 -1
57 29 -1
57 30 1
57 34 -1
57 46 1
57 50 -1
57 51 -1
57 53 1
57 54 -1
57 55 1
57 56 1
57 60 1
57 61 -1
57 64 1
58 1 1
58 3 1
58 7 1
58 23 1
58 29 1
58 41 1
58 49 -1
58 50 1
58 51 1
58 52 -1
58 55 -1
58 56 1
58 60 -1
58 61 1
58 62 1
59 9 -1
59 10 1
59 14 1
59 22 1
59 42 -1
59 43 1
59 49 1
59 50 1
59 51 1
59 52 1
59 54 -1
59 56 1
59 62 1
59 63 -1
59 64 -1
60 3 1
60 5 1
60 12 -1
60 15 1
60 22 1
60 36 1
60 37 1
60 51 1
60 52 -1
60 53 1
60 54 -1
60 56 1
60 57 1
60 58 -1
60 63 1
60 64 -1
61 5 1
61 10 -1
61 14 1
61 30 1
61 34 1
61 41 1
61 47 1
61 51 1
61 53 -1
61 55 1
61 56 1
61 57 -1
61 58 1
61 62 1
61 63 -1
61 64 1
62 1 1
62 4 -1
62 10 -1
62 33 1
62 36 1
62 42 1
62 49 1
62 50 1
62 52 -1
62 53 -1
62 54 -1
62 58 1
62 59 1
62 61 1
62 64 -1
63 6 -1
63 11 1
63 14 1
63 16 -1
63 33 -1
63 41 1
63 49 1
63 50 -1
63 52 -1
63 53 1
63 54 1
63 55 1
63 59 -1
63 60 1
63 61 -1
64 2 1
64 23 -1
64 24 1
64 28 1
64 37 -1
64 39 -1
64 49 1
64 50 1
64 51 1
64 52 -1
64 57 1
64 59 -1
64 60 -1
64 61 1
64 62 -1
