1 3 1
1 6 1
1 7 -1
1 9 -1
1 10 -1
1 12 -1
1 13 1
1 15 -1
1 16 -1
1 18 1
1 30 -1
1 38 -1
1 50 1
1 51 -1
1 59 1
1 63 -1
2 4 -1
2 5 -1
2 7 -1
2 8 1
2 11 -1
2 12 -1
2 14 1
2 15 -1
2 16 1
2 28 -1
2 33 -1
2 36 -1
2 55 -1
2 58 -1
2 62 -1
2 63 1
3 1 1
3 6 -1
3 7 -1
3 9 1
3 10 -1
3 12 -1
3 13 -1
3 14 1
3 15 -1
3 30 -1
3 31 -1
3 38 -1
3 45 -1
3 50 -1
3 54 -1
4 2 -1
4 5 -1
4 7 -1
4 8 -1
4 9 -1
4 11 -1
4 12 -1
4 13 1
4 16 -1
4 17 -1
4 29 -1
4 44 -1
4 45 -1
4 51 -1
4 54 -1
4 55 1
5 2 -1
5 4 -1
5 6 -1
5 8 -1
5 9 1
5 10 -1
5 12 -1
5 14 -1
5 15 -1
5 26 -1
5 39 -1
5 50 -1
5 52 -1
5 64 -1
6 1 1
6 3 -1
6 5 -1
6 8 -1
6 9 1
6 12 1
6 14 -1
6 15 -1
6 16 -1
6 20 -1
6 21 -1
6 29 1
6 30 -1
6 33 -1
6 37 -1
6 47 -1
7 1 -1
7 2 -1
7 3 -1
7 4 -1
7 8 1
7 9 -1
7 10 -1
7 11 -1
7 13 -1
7 20 -1
7 36 1
7 40 -1
7 41 -1
7 42 -1
7 49 -1
7 52 1
8 2 1
8 4 -1
8 5 -1
8 6 -1
8 7 1
8 11 -1
8 12 -1
8 14 -1
8 16 -1
8 20 1
8 27 -1
8 28 -1
8 39 1
8 44 -1
8 46 1
8 58 -1
9 1 -1
9 3 1
9 4 -1
9 5 1
9 6 1
9 7 -1
9 10 -1
9 13 1
9 14 1
9 21 -1
9 37 -1
9 38 -1
9 45 1
9 48 -1
9 52 -1
9 56 -1
10 1 -1
10 3 -1
10 5 -1
10 7 -1
10 9 -1
10 11 -1
10 13 1
10 15 -1
10 16 -1
10 19 -1
10 21 1
10 36 -1
10 38 1
10 51 -1
10 62 -1
10 64 -1
11 2 -1
11 4 -1
11 7 -1
11 8 -1
11 10 -1
11 12 -1
11 13 1
11 14 -1
11 16 -1
11 18 1
11 23 -1
11 29 -1
11 30 1
11 50 -1
12 1 -1
12 2 -1
12 3 -1
12 4 -1
12 5 -1
12 6 1
12 8 -1
12 11 -1
12 15 -1
12 20 1
12 22 -1
12 33 -1
12 41 -1
12 43 1
12 56 1
13 1 1
13 3 -1
13 4 1
13 7 -1
13 9 1
13 10 1
13 11 1
13 14 -1
13 15 1
13 19 -1
13 31 -1
13 39 1
13 42 -1
13 51 -1
13 57 -1
14 2 1
14 3 1
14 5 -1
14 6 -1
14 8 -1
14 9 1
14 11 -1
14 13 -1
14 16 -1
14 28 -1
14 33 -1
14 34 1
14 35 -1
14 36 -1
14 54 -1
15 1 -1
15 2 -1
15 3 -1
15 5 -1
15 6 -1
15 10 -1
15 12 -1
15 13 1
15 16 -1
15 23 -1
15 24 -1
15 25 -1
15 47 -1
15 53 1
15 58 -1
16 1 -1
16 2 1
16 4 -1
16 6 -1
16 8 -1
16 10 -1
16 11 -1
16 14 -1
16 15 -1
16 22 -1
16 25 -1
16 29 -1
16 32 1
16 33 -1
16 42 -1
16 49 -1
17 4 -1
17 18 -1
17 19 -1
17 23 1
17 25 1
17 26 1
17 27 -1
17 28 -1
17 30 -1
17 32 -1
17 45 -1
17 46 -1
17 49 -1
17 59 1
17 61 -1
18 1 1
18 11 1
18 17 -1
18 20 -1
18 21 -1
18 23 -1
18 24 -1
18 26 -1
18 30 -1
18 31 -1
18 32 -1
18 35 -1
18 43 -1
18 45 -1
18 53 -1
19 10 -1
19 13 -1
19 17 -1
19 20 -1
19 21 -1
19 22 -1
19 23 -1
19 25 -1
19 29 -1
19 31 -1
19 32 -1
19 35 -1
19 41 -1
19 57 -1
19 59 -1
19 64 -1
20 6 -1
20 7 -1
20 8 1
20 12 1
20 18 -1
20 19 -1
20 21 -1
20 22 -1
20 23 1
20 24 -1
20 27 -1
20 30 -1
20 31 -1
20 36 -1
20 42 -1
20 48 -1
21 6 -1
21 9 -1
21 10 1
21 18 -1
21 19 -1
21 20 -1
21 22 -1
21 23 -1
21 24 -1
21 25 -1
21 27 -1
21 28 -1
21 45 1
21 46 -1
21 60 -1
22 12 -1
22 16 -1
22 19 -1
22 20 -1
22 21 -1
22 25 1
22 27 -1
22 28 -1
22 29 -1
22 31 -1
22 32 1
22 37 -1
22 43 -1
22 54 -1
22 58 -1
22 63 -1
23 11 -1
23 15 -1
23 17 1
23 18 -1
23 19 -1
23 20 1
23 21 -1
23 27 1
23 29 -1
23 30 -1
23 31 1
23 38 -1
23 39 -1
23 44 -1
23 51 1
23 52 -1
24 15 -1
24 18 -1
24 20 -1
24 21 -1
24 25 -1
24 26 -1
24 27 1
24 29 -1
24 30 -1
24 31 1
24 35 -1
24 41 -1
24 49 -1
24 51 -1
24 55 -1
24 59 -1
25 15 -1
25 16 -1
25 17 1
25 19 -1
25 21 -1
25 22 1
25 24 -1
25 26 1
25 28 -1
25 30 -1
25 32 1
25 37 -1
25 52 1
25 53 -1
25 55 -1
25 57 -1
26 5 -1
26 17 1
26 18 -1
26 24 -1
26 25 1
26 28 -1
26 29 -1
26 30 -1
26 31 1
26 32 -1
26 38 -1
26 40 -1
26 56 -1
26 58 -1
27 8 -1
27 17 -1
27 20 -1
27 21 -1
27 22 -1
27 23 1
27 24 1
27 29 -1
27 31 -1
27 32 1
27 37 -1
27 40 1
27 51 -1
27 59 -1
27 63 -1
28 2 -1
28 8 -1
28 14 -1
28 17 -1
28 21 -1
28 22 -1
28 25 -1
28 26 -1
28 29 -1
28 30 -1
28 31 -1
28 32 1
28 42 1
28 55 -1
28 62 -1
29 4 -1
29 6 1
29 11 -1
29 16 -1
29 19 -1
29 22 -1
29 23 -1
29 24 -1
29 26 -1
29 27 -1
29 28 -1
29 30 -1
29 32 1
29 43 -1
29 58 -1
30 1 -1
30 3 -1
30 6 -1
30 11 1
30 17 -1
30 18 -1
30 20 -1
30 23 -1
30 24 -1
30 25 -1
30 26 -1
30 28 -1
30 29 -1
30 53 -1
30 59 -1
31 3 -1
31 13 -1
31 18 -1
31 19 -1
31 20 -1
31 22 -1
31 23 1
31 24 1
31 26 1
31 27 -1
31 28 -1
31 48 -1
31 50 -1
31 61 1
31 64 -1
32 16 1
32 17 -1
32 18 -1
32 19 -1
32 22 1
32 25 1
32 26 -1
32 27 1
32 28 1
32 29 1
32 39 1
32 40 -1
32 41 -1
32 44 -1
32 63 -1
32 64 -1
33 2 -1
33 6 -1
33 12 -1
33 14 -1
33 16 -1
33 34 -1
33 36 -1
33 37 -1
33 40 -1
33 43 -1
33 44 -1
33 45 1
33 46 -1
33 47 -1
33 52 -1
33 60 -1
34 14 1
34 33 -1
34 35 -1
34 36 -1
34 38 -1
34 39 -1
34 41 -1
34 43 -1
34 44 -1
34 48 -1
34 53 1
34 54 1
34 56 -1
34 62 -1
34 64 1
35 14 -1
35 18 -1
35 19 -1
35 24 -1
35 34 -1
35 37 -1
35 38 -1
35 40 1
35 42 -1
35 43 -1
35 44 -1
35 46 1
35 47 -1
35 55 -1
35 58 -1
35 60 -1
36 2 -1
36 7 1
36 10 -1
36 14 -1
36 20 -1
36 33 -1
36 34 -1
36 38 1
36 40 -1
36 41 -1
36 44 1
36 46 -1
36 47 -1
36 48 -1
36 57 -1
36 61 -1
37 6 -1
37 9 -1
37 22 -1
37 25 -1
37 27 -1
37 33 -1
37 35 -1
37 39 1
37 41 1
37 42 -1
37 44 -1
37 45 -1
37 46 -1
37 48 -1
37 60 -1
37 63 -1
38 1 -1
38 3 -1
38 9 -1
38 10 1
38 23 -1
38 26 -1
38 34 -1
38 35 -1
38 36 1
38 39 1
38 41 -1
38 42 1
38 43 1
38 44 -1
38 47 -1
38 56 -1
39 5 -1
39 8 1
39 13 1
39 23 -1
39 32 1
39 34 -1
39 37 1
39 38 1
39 41 -1
39 42 -1
39 43 -1
39 45 -1
39 47 1
39 48 -1
39 49 -1
39 50 -1
40 7 -1
40 26 -1
40 27 1
40 32 -1
40 33 -1
40 35 1
40 36 -1
40 41 -1
40 43 -1
40 44 -1
40 45 -1
40 46 -1
40 47 -1
40 59 -1
41 7 -1
41 12 -1
41 19 -1
41 24 -1
41 32 -1
41 34 -1
41 36 -1
41 37 1
41 38 -1
41 39 -1
41 40 -1
41 42 -1
41 45 -1
41 48 -1
41 61 -1
41 62 -1
42 7 -1
42 13 -1
42 16 -1
42 20 -1
42 28 1
42 35 -1
42 37 -1
42 38 1
42 39 -1
42 41 -1
42 43 -1
42 44 -1
42 45 -1
42 48 -1
42 53 -1
43 12 1
43 18 -1
43 22 -1
43 29 -1
43 33 -1
43 34 -1
43 35 -1
43 38 1
43 39 -1
43 40 -1
43 42 -1
43 45 -1
43 46 -1
43 52 -1
43 57 1
44 4 -1
44 8 -1
44 23 -1
44 32 -1
44 33 -1
44 34 -1
44 35 -1
44 36 1
44 37 -1
44 38 -1
44 40 -1
44 42 -1
44 47 -1
44 55 -1
44 57 1
44 62 -1
45 3 -1
45 4 -1
45 9 1
45 17 -1
45 18 -1
45 21 1
45 33 1
45 37 -1
45 39 -1
45 40 -1
45 41 -1
45 42 -1
45 43 -1
45 46 -1
45 48 -1
46 8 1
46 17 -1
46 21 -1
46 33 -1
46 35 1
46 36 -1
46 37 -1
46 40 -1
46 43 -1
46 45 -1
46 47 -1
46 48 -1
46 49 -1
46 56 -1
46 62 1
47 6 -1
47 15 -1
47 33 -1
47 35 -1
47 36 -1
47 38 -1
47 39 1
47 40 -1
47 44 -1
47 46 -1
47 48 -1
47 53 -1
47 60 -1
47 63 -1
48 9 -1
48 20 -1
48 31 -1
48 34 -1
48 36 -1
48 37 -1
48 39 -1
48 41 -1
48 42 -1
48 45 -1
48 46 -1
48 47 -1
48 49 -1
48 57 -1
48 61 -1
49 7 -1
49 16 -1
49 17 -1
49 24 -1
49 39 -1
49 46 -1
49 48 -1
49 50 -1
49 52 -1
49 54 -1
49 55 -1
49 58 -1
49 59 1
49 60 -1
49 61 -1
49 62 -1
50 1 1
50 3 -1
50 5 -1
50 11 -1
50 31 -1
50 39 -1
50 49 -1
50 51 1
50 53 -1
50 55 1
50 57 -1
50 58 -1
50 62 1
50 63 1
50 64 -1
51 1 -1
51 4 -1
51 10 -1
51 13 -1
51 23 1
51 24 -1
51 27 -1
51 50 1
51 52 -1
51 54 -1
51 55 -1
51 58 -1
51 59 -1
51 60 1
51 62 -1
51 64 -1
52 5 -1
52 7 1
52 9 -1
52 23 -1
52 25 1
52 33 -1
52 43 -1
52 49 -1
52 51 -1
52 53 -1
52 54 -1
52 55 1
52 57 -1
52 61 -1
52 63 -1
52 64 -1
53 15 1
53 18 -1
53 25 -1
53 30 -1
53 34 1
53 42 -1
53 47 -1
53 50 -1
53 52 -1
53 56 -1
53 57 -1
53 58 -1
53 59 -1
53 60 -1
53 62 -1
53 64 1
54 3 -1
54 4 -1
54 14 -1
54 22 -1
54 34 1
54 49 -1
54 51 -1
54 52 -1
54 55 -1
54 57 1
54 58 -1
54 59 -1
54 61 1
54 63 -1
55 2 -1
55 4 1
55 24 -1
55 25 -1
55 28 -1
55 35 -1
55 44 -1
55 49 -1
55 50 1
55 51 -1
55 52 1
55 54 -1
55 57 -1
55 59 -1
55 60 -1
55 62 -1
56 9 -1
56 12 1
56 26 -1
56 34 -1
56 38 -1
56 46 -1
56 53 -1
56 57 -1
56 58 -1
56 59 -1
56 60 -1
56 61 -1
56 62 1
56 63 -1
56 64 -1
57 13 -1
57 19 -1
57 25 -1
57 36 -1
57 43 1
57 44 1
57 48 -1
57 50 -1
57 52 -1
57 53 -1
57 54 1
57 55 -1
57 56 -1
57 61 1
57 62 -1
57 63 -1
58 2 -1
58 8 -1
58 15 -1
58 22 -1
58 26 -1
58 29 -1
58 35 -1
58 49 -1
58 50 -1
58 51 -1
58 53 -1
58 54 -1
58 56 -1
58 59 -1
58 62 -1
58 64 -1
59 1 1
59 17 1
59 19 -1
59 24 -1
59 27 -1
59 30 -1
59 40 -1
59 49 1
59 51 -1
59 53 -1
59 54 -1
59 55 -1
59 56 -1
59 58 -1
59 60 -1
59 63 1
60 21 -1
60 33 -1
60 35 -1
60 37 -1
60 47 -1
60 49 -1
60 51 1
60 53 -1
60 55 -1
60 56 -1
60 59 -1
60 61 1
60 63 -1
60 64 -1
61 17 -1
61 31 1
61 36 -1
61 41 -1
61 48 -1
61 49 -1
61 52 -1
61 54 1
61 56 -1
61 57 1
61 60 1
61 62 1
61 63 1
61 64 -1
62 2 -1
62 10 -1
62 28 -1
62 34 -1
62 41 -1
62 44 -1
62 46 1
62 49 -1
62 50 1
62 51 -1
62 53 -1
62 55 -1
62 56 1
62 57 -1
62 58 -1
62 61 1
63 1 -1
63 2 1
63 22 -1
63 27 -1
63 32 -1
63 37 -1
63 47 -1
63 50 1
63 52 -1
63 54 -1
63 56 -1
63 57 -1
63 59 1
63 60 -1
63 61 1
63 64 1
64 5 -1
64 10 -1
64 19 -1
64 31 -1
64 32 -1
64 34 1
64 50 -1
64 51 -1
64 52 -1
64 53 1
64 56 -1
64 58 -1
64 60 -1
64 61 -1
64 63 1
