1 2 -1
1 4 -1
1 5 1
1 8 1
1 9 -1
1 10 -1
1 13 1
1 14 1
1 15 -1
1 18 -1
1 29 -1
1 35 -1
1 39 -1
1 44 -1
1 46 1
2 1 -1
2 4 -1
2 6 -1
2 8 -1
2 9 -1
2 10 -1
2 11 1
2 12 -1
2 16 1
2 29 -1
2 32 -1
2 34 -1
2 36 -1
2 50 1
2 51 -1
2 62 1
3 5 -1
3 6 -1
3 7 1
3 8 1
3 10 1
3 12 -1
3 13 -1
3 14 1
3 16 -1
3 18 -1
3 21 -1
3 22 -1
3 24 -1
3 38 -1
3 43 -1
3 64 -1
4 1 -1
4 2 -1
4 5 -1
4 7 -1
4 8 1
4 9 -1
4 11 -1
4 13 -1
4 16 1
4 37 -1
4 49 1
4 50 -1
4 53 -1
4 54 1
4 63 -1
4 64 -1
5 1 1
5 3 -1
5 4 -1
5 6 -1
5 8 -1
5 10 -1
5 11 1
5 13 -1
5 14 1
5 33 1
5 35 1
5 47 -1
5 55 -1
5 60 -1
5 61 -1
5 64 -1
6 2 -1
6 3 -1
6 5 -1
6 7 1
6 9 -1
6 10 1
6 11 -1
6 12 -1
6 13 -1
6 20 -1
6 43 -1
6 48 -1
6 52 -1
6 54 -1
6 57 -1
6 60 -1
7 3 1
7 4 -1
7 6 1
7 8 1
7 12 1
7 13 -1
7 14 1
7 15 1
7 16 -1
7 23 1
7 38 1
7 51 1
7 53 1
7 56 -1
7 60 1
8 1 1
8 2 -1
8 3 1
8 4 1
8 5 -1
8 7 1
8 9 -1
8 12 1
8 15 1
8 18 1
8 20 -1
8 30 -1
8 33 -1
8 39 -1
8 46 -1
8 59 -1
9 1 -1
9 2 -1
9 4 -1
9 6 -1
9 8 -1
9 11 1
9 14 -1
9 15 -1
9 16 -1
9 21 1
9 23 -1
9 33 1
9 43 1
9 47 -1
9 57 1
9 58 -1
10 1 -1
10 2 -1
10 3 1
10 5 -1
10 6 1
10 13 -1
10 14 -1
10 15 -1
10 16 -1
10 19 -1
10 36 -1
10 42 -1
10 46 -1
10 49 -1
10 62 -1
11 2 1
11 4 -1
11 5 1
11 6 -1
11 9 1
11 12 1
11 13 -1
11 14 -1
11 15 -1
11 22 -1
11 29 1
11 48 -1
11 52 -1
11 53 -1
11 59 -1
11 64 -1
12 2 -1
12 3 -1
12 6 -1
12 7 1
12 8 1
12 11 1
12 14 1
12 15 -1
12 16 -1
12 19 -1
12 20 1
12 38 -1
12 52 -1
12 57 -1
12 58 -1
12 59 -1
13 1 1
13 3 -1
13 4 -1
13 5 -1
13 6 -1
13 7 -1
13 10 -1
13 11 -1
13 15 -1
13 25 -1
13 39 1
13 44 -1
13 46 -1
13 50 -1
13 56 -1
14 1 1
14 3 1
14 5 1
14 7 1
14 9 -1
14 10 -1
14 11 -1
14 12 1
14 16 -1
14 17 -1
14 22 -1
14 24 -1
14 27 -1
14 29 1
14 31 -1
14 42 -1
15 1 -1
15 7 1
15 8 1
15 9 -1
15 10 -1
15 11 -1
15 12 -1
15 13 -1
15 16 -1
15 26 -1
15 32 -1
15 53 -1
15 58 -1
15 60 1
15 64 -1
16 2 1
16 3 -1
16 4 1
16 7 -1
16 9 -1
16 10 -1
16 12 -1
16 14 -1
16 15 -1
16 25 -1
16 32 1
16 37 1
16 42 1
16 46 -1
16 47 -1
16 53 -1
17 14 -1
17 18 -1
17 19 1
17 21 -1
17 22 -1
17 23 -1
17 25 1
17 26 1
17 29 -1
17 32 -1
17 34 1
17 38 1
17 41 -1
17 46 -1
17 49 -1
17 55 -1
18 1 -1
18 3 -1
18 8 1
18 17 -1
18 20 1
18 21 -1
18 22 -1
18 23 1
18 24 1
18 28 -1
18 30 -1
18 31 1
18 39 -1
18 49 -1
18 50 -1
18 51 -1
19 10 -1
19 12 -1
19 17 1
19 20 -1
19 22 -1
19 23 1
19 24 1
19 26 -1
19 28 -1
19 29 -1
19 30 1
19 43 -1
19 48 1
19 57 1
19 60 -1
20 6 -1
20 8 -1
20 12 1
20 18 1
20 19 -1
20 21 1
20 23 -1
20 24 -1
20 25 1
20 26 -1
20 27 -1
20 32 1
20 40 -1
20 41 -1
20 45 -1
20 63 -1
21 3 -1
21 9 1
21 17 -1
21 18 -1
21 20 1
21 22 -1
21 25 1
21 26 1
21 29 -1
21 31 1
21 32 1
21 34 -1
21 37 -1
21 43 1
21 53 1
21 57 -1
22 3 -1
22 11 -1
22 14 -1
22 17 -1
22 18 -1
22 19 -1
22 21 -1
22 26 -1
22 27 -1
22 29 -1
22 31 -1
22 32 -1
22 40 1
22 46 -1
22 54 -1
23 7 1
23 9 -1
23 17 -1
23 18 1
23 19 1
23 20 -1
23 24 1
23 26 -1
23 27 1
23 30 1
23 31 -1
23 33 -1
23 38 -1
23 47 -1
23 49 -1
23 52 1
24 3 -1
24 14 -1
24 18 1
24 19 1
24 20 -1
24 23 1
24 25 1
24 28 -1
24 29 -1
24 30 1
24 31 -1
24 39 -1
24 41 -1
24 48 -1
24 54 -1
24 61 1
25 13 -1
25 16 -1
25 17 1
25 20 1
25 21 1
25 24 1
25 26 -1
25 27 -1
25 28 -1
25 30 -1
25 31 -1
25 36 -1
25 37 -1
25 41 -1
25 42 1
25 51 -1
26 15 -1
26 17 1
26 19 -1
26 20 -1
26 21 1
26 22 -1
26 23 -1
26 25 -1
26 27 -1
26 28 1
26 34 -1
26 40 1
26 42 1
26 48 1
26 52 -1
26 58 1
27 14 -1
27 20 -1
27 22 -1
27 23 1
27 25 -1
27 26 -1
27 28 1
27 29 -1
27 30 -1
27 32 1
27 34 1
27 41 -1
27 44 -1
27 51 -1
27 56 1
28 18 -1
28 19 -1
28 24 -1
28 25 -1
28 26 1
28 27 1
28 29 -1
28 31 1
28 32 -1
28 36 1
28 40 -1
28 48 1
28 50 1
28 58 1
28 63 -1
29 1 -1
29 2 -1
29 11 1
29 14 1
29 17 -1
29 19 -1
29 21 -1
29 22 -1
29 24 -1
29 27 -1
29 28 -1
29 30 -1
29 32 -1
29 36 -1
29 40 -1
30 8 -1
30 18 -1
30 19 1
30 23 1
30 24 1
30 25 -1
30 27 -1
30 29 -1
30 31 -1
30 32 1
30 34 1
30 45 1
30 50 -1
30 52 -1
30 62 -1
31 14 -1
31 18 1
31 21 1
31 22 -1
31 23 -1
31 24 -1
31 25 -1
31 28 1
31 30 -1
31 32 1
31 35 -1
31 37 -1
31 42 1
31 51 -1
31 59 -1
31 63 1
32 2 -1
32 15 -1
32 16 1
32 17 -1
32 20 1
32 21 1
32 22 -1
32 27 1
32 28 -1
32 29 -1
32 30 1
32 31 1
32 35 -1
32 36 -1
32 49 1
32 62 1
33 5 1
33 8 -1
33 9 1
33 23 -1
33 36 -1
33 38 1
33 39 -1
33 42 -1
33 43 -1
33 44 -1
33 45 -1
33 47 -1
33 48 -1
33 55 1
33 56 1
34 2 -1
34 17 1
34 21 -1
34 26 -1
34 27 1
34 30 1
34 36 -1
34 37 -1
34 40 -1
34 42 -1
34 43 -1
34 44 1
34 45 -1
34 46 -1
34 48 -1
34 62 -1
35 1 -1
35 5 1
35 31 -1
35 32 -1
35 36 -1
35 37 -1
35 40 1
35 41 1
35 42 -1
35 44 -1
35 45 -1
35 47 -1
35 48 -1
35 49 1
35 51 1
35 56 -1
36 2 -1
36 10 -1
36 25 -1
36 28 1
36 29 -1
36 32 -1
36 33 -1
36 34 -1
36 35 -1
36 38 -1
36 40 -1
36 43 -1
36 44 -1
36 46 -1
36 47 -1
36 61 -1
37 4 -1
37 16 1
37 21 -1
37 25 -1
37 31 -1
37 34 -1
37 35 -1
37 38 1
37 39 1
37 43 -1
37 44 -1
37 45 -1
37 46 -1
37 48 -1
37 60 -1
37 62 -1
38 3 -1
38 7 1
38 12 -1
38 17 1
38 23 -1
38 33 1
38 36 -1
38 37 1
38 39 -1
38 40 1
38 41 -1
38 44 -1
38 47 -1
38 48 -1
38 57 -1
39 1 -1
39 8 -1
39 13 1
39 18 -1
39 24 -1
39 33 -1
39 37 1
39 38 -1
39 41 -1
39 43 1
39 44 -1
39 45 -1
39 47 1
39 48 -1
39 54 -1
39 61 -1
40 20 -1
40 22 1
40 26 1
40 28 -1
40 29 -1
40 34 -1
40 35 1
40 36 -1
40 38 1
40 41 1
40 42 -1
40 43 -1
40 46 -1
40 47 -1
40 55 -1
40 63 -1
41 17 -1
41 20 -1
41 24 -1
41 25 -1
41 27 -1
41 35 1
41 38 -1
41 39 -1
41 40 1
41 42 1
41 43 -1
41 45 -1
41 47 -1
41 48 -1
41 52 -1
41 56 -1
42 10 -1
42 14 -1
42 16 1
42 25 1
42 26 1
42 31 1
42 33 -1
42 34 -1
42 35 -1
42 40 -1
42 41 1
42 44 1
42 45 1
42 46 -1
42 48 1
42 55 -1
43 3 -1
43 6 -1
43 9 1
43 19 -1
43 21 1
43 33 -1
43 34 -1
43 36 -1
43 37 -1
43 39 1
43 40 -1
43 41 -1
43 45 -1
43 46 -1
43 61 -1
44 1 -1
44 13 -1
44 27 -1
44 33 -1
44 34 1
44 35 -1
44 36 -1
44 37 -1
44 38 -1
44 39 -1
44 42 1
44 46 -1
44 55 -1
44 59 -1
45 20 -1
45 30 1
45 33 -1
45 34 -1
45 35 -1
45 37 -1
45 39 -1
45 41 -1
45 42 1
45 43 -1
45 47 -1
45 54 1
45 59 -1
45 60 1
45 63 -1
46 1 1
46 8 -1
46 10 -1
46 13 -1
46 16 -1
46 17 -1
46 22 -1
46 34 -1
46 36 -1
46 37 -1
46 40 -1
46 42 -1
46 43 -1
46 44 -1
46 47 -1
46 48 -1
47 5 -1
47 9 -1
47 16 -1
47 23 -1
47 33 -1
47 35 -1
47 36 -1
47 38 -1
47 39 1
47 40 -1
47 41 -1
47 45 -1
47 46 -1
47 58 -1
47 61 1
47 64 1
48 6 -1
48 11 -1
48 19 1
48 24 -1
48 26 1
48 28 1
48 33 -1
48 34 -1
48 35 -1
48 37 -1
48 38 -1
48 39 -1
48 41 -1
48 42 1
48 46 -1
48 63 -1
49 4 1
49 10 -1
49 17 -1
49 18 -1
49 23 -1
49 32 1
49 35 1
49 51 -1
49 53 1
49 54 -1
49 56 -1
49 57 -1
49 58 -1
49 59 -1
49 60 -1
49 62 -1
50 2 1
50 4 -1
50 13 -1
50 18 -1
50 28 1
50 30 -1
50 51 -1
50 52 1
50 54 1
50 55 -1
50 58 1
50 59 1
50 61 -1
50 63 1
50 64 1
51 2 -1
51 7 1
51 18 -1
51 25 -1
51 27 -1
51 31 -1
51 35 1
51 49 -1
51 50 -1
51 54 1
51 57 -1
51 58 -1
51 59 -1
51 61 1
51 63 -1
51 64 1
52 6 -1
52 11 -1
52 12 -1
52 23 1
52 26 -1
52 30 -1
52 41 -1
52 50 1
52 53 -1
52 54 -1
52 56 -1
52 57 -1
52 58 -1
52 60 -1
52 61 1
52 63 -1
53 4 -1
53 7 1
53 11 -1
53 15 -1
53 16 -1
53 21 1
53 49 1
53 52 -1
53 55 -1
53 56 1
53 59 -1
53 60 1
53 61 -1
53 63 -1
53 64 -1
54 4 1
54 6 -1
54 22 -1
54 24 -1
54 39 -1
54 45 1
54 49 -1
54 50 1
54 51 1
54 52 -1
54 55 1
54 59 1
54 60 -1
54 62 -1
54 63 -1
55 5 -1
55 17 -1
55 33 1
55 40 -1
55 42 -1
55 44 -1
55 50 -1
55 53 -1
55 54 1
55 56 -1
55 58 -1
55 59 1
55 60 1
55 62 1
55 64 -1
56 7 -1
56 13 -1
56 27 1
56 33 1
56 35 -1
56 41 -1
56 49 -1
56 52 -1
56 53 1
56 55 -1
56 57 -1
56 61 1
56 62 1
56 63 1
56 64 -1
57 6 -1
57 9 1
57 12 -1
57 19 1
57 21 -1
57 38 -1
57 49 -1
57 51 -1
57 52 -1
57 56 -1
57 58 -1
57 60 -1
57 61 -1
57 63 -1
57 64 -1
58 9 -1
58 12 -1
58 15 -1
58 26 1
58 28 1
58 47 -1
58 49 -1
58 50 1
58 51 -1
58 52 -1
58 55 -1
58 57 -1
58 60 -1
58 61 -1
58 62 -1
59 8 -1
59 11 -1
59 12 -1
59 31 -1
59 44 -1
59 45 -1
59 49 -1
59 50 1
59 51 -1
59 53 -1
59 54 1
59 55 1
59 60 1
59 62 -1
59 64 -1
60 5 -1
60 6 -1
60 7 1
60 15 1
60 19 -1
60 37 -1
60 45 1
60 49 -1
60 52 -1
60 53 1
60 54 -1
60 55 1
60 57 -1
60 58 -1
60 59 1
60 62 -1
61 5 -1
61 24 1
61 36 -1
61 39 -1
61 43 -1
61 47 1
61 50 -1
61 51 1
61 52 1
61 53 -1
61 56 1
61 57 -1
61 58 -1
61 63 -1
61 64 -1
62 2 1
62 10 -1
62 30 -1
62 32 1
62 34 -1
62 37 -1
62 49 -1
62 54 -1
62 55 1
62 56 1
62 58 -1
62 59 -1
62 60 -1
62 63 1
62 64 1
63 4 -1
63 20 -1
63 28 -1
63 31 1
63 40 -1
63 45 -1
63 48 -1
63 50 1
63 51 -1
63 52 -1
63 53 -1
63 54 -1
63 56 1
63 57 -1
63 61 -1
63 62 1
64 3 -1
64 4 -1
64 5 -1
64 11 -1
64 15 -1
64 47 1
64 50 1
64 51 1
64 53 -1
64 55 -1
64 56 -1
64 57 -1
64 59 -1
64 61 -1
64 62 1
