1 3 1
1 4 -1
1 5 -1
1 9 -1
1 10 -1
1 11 -1
1 13 -1
1 14 -1
1 16 -1
1 20 1
1 21 -1
1 31 -1
1 32 -1
1 33 -1
1 48 -1
1 53 -1
2 3 -1
2 4 -1
2 6 -1
2 9 -1
2 10 -1
2 11 1
2 12 -1
2 14 -1
2 16 -1
2 18 -1
2 30 -1
2 37 1
2 41 -1
2 56 -1
2 59 -1
3 1 1
3 2 -1
3 5 1
3 7 1
3 8 -1
3 11 1
3 12 -1
3 13 -1
3 15 -1
3 22 1
3 27 -1
3 34 -1
3 37 -1
3 48 -1
3 57 -1
3 60 1
4 1 -1
4 2 -1
4 7 -1
4 9 -1
4 10 -1
4 12 -1
4 13 -1
4 14 -1
4 16 -1
4 19 -1
4 20 -1
4 21 -1
4 30 -1
4 31 1
4 42 -1
5 1 -1
5 3 1
5 6 -1
5 7 1
5 10 -1
5 11 -1
5 14 -1
5 15 -1
5 16 1
5 19 -1
5 29 -1
5 30 1
5 44 -1
5 45 1
5 61 -1
5 64 -1
6 2 -1
6 5 -1
6 7 -1
6 8 -1
6 10 1
6 12 -1
6 14 -1
6 15 1
6 16 -1
6 22 -1
6 28 -1
6 35 1
6 37 1
6 55 -1
6 61 -1
7 3 1
7 4 -1
7 5 1
7 6 -1
7 11 -1
7 13 -1
7 14 1
7 15 -1
7 16 -1
7 31 -1
7 34 -1
7 35 -1
7 37 -1
7 38 -1
7 41 -1
7 61 -1
8 3 -1
8 6 -1
8 9 -1
8 11 -1
8 12 -1
8 13 1
8 14 1
8 15 1
8 16 -1
8 25 1
8 42 -1
8 48 1
8 53 -1
8 56 -1
9 1 -1
9 2 -1
9 4 -1
9 8 -1
9 10 -1
9 11 -1
9 12 -1
9 15 1
9 16 -1
9 32 -1
9 36 1
9 43 -1
9 44 -1
9 50 -1
9 61 -1
9 62 -1
10 1 -1
10 2 -1
10 4 -1
10 5 -1
10 6 1
10 9 -1
10 11 -1
10 13 1
10 14 1
10 26 -1
10 36 -1
10 39 1
10 49 -1
10 50 -1
10 58 1
11 1 -1
11 2 1
11 3 1
11 5 -1
11 7 -1
11 8 -1
11 9 -1
11 10 -1
11 12 1
11 19 -1
11 20 -1
11 42 -1
11 49 -1
11 50 -1
11 52 -1
11 60 -1
12 2 -1
12 3 -1
12 4 -1
12 6 -1
12 8 -1
12 9 -1
12 11 1
12 13 -1
12 15 1
12 17 -1
12 24 -1
12 35 -1
12 42 -1
12 45 -1
12 55 1
12 56 -1
13 1 -1
13 3 -1
13 4 -1
13 7 -1
13 8 1
13 10 1
13 12 -1
13 14 -1
13 15 -1
13 36 -1
13 41 -1
13 42 -1
13 51 -1
13 54 1
13 58 1
13 61 -1
14 1 -1
14 2 -1
14 4 -1
14 5 -1
14 6 -1
14 7 1
14 8 1
14 10 1
14 13 -1
14 17 1
14 20 -1
14 34 -1
14 43 -1
14 52 1
14 56 1
14 63 -1
15 3 -1
15 5 -1
15 6 1
15 7 -1
15 8 1
15 9 1
15 12 1
15 13 -1
15 16 -1
15 19 1
15 38 -1
15 40 -1
15 44 -1
15 46 -1
15 47 -1
15 57 -1
16 1 -1
16 2 -1
16 4 -1
16 5 1
16 6 -1
16 7 -1
16 8 -1
16 9 -1
16 15 -1
16 18 -1
16 34 1
16 36 -1
16 46 -1
16 56 -1
16 62 -1
17 12 -1
17 14 1
17 18 -1
17 19 -1
17 21 -1
17 22 -1
17 28 -1
17 29 -1
17 30 1
17 31 -1
17 32 -1
17 35 -1
17 37 -1
17 45 -1
17 54 -1
17 61 -1
18 2 -1
18 16 -1
18 17 -1
18 19 -1
18 22 -1
18 23 -1
18 25 -1
18 26 -1
18 27 -1
18 29 -1
18 30 -1
18 43 -1
18 46 -1
18 55 -1
18 56 -1
18 58 -1
19 4 -1
19 5 -1
19 11 -1
19 15 1
19 17 -1
19 18 -1
19 23 -1
19 25 -1
19 26 -1
19 27 1
19 28 -1
19 29 -1
19 30 -1
19 50 1
19 54 -1
20 1 1
20 4 -1
20 11 -1
20 14 -1
20 22 -1
20 23 -1
20 24 -1
20 25 1
20 26 -1
20 28 1
20 29 -1
20 30 -1
20 31 -1
20 45 -1
20 47 -1
21 1 -1
21 4 -1
21 17 -1
21 22 -1
21 23 -1
21 24 1
21 25 -1
21 26 1
21 28 -1
21 31 -1
21 32 -1
21 44 -1
21 47 -1
21 58 -1
21 63 -1
22 3 1
22 6 -1
22 17 -1
22 18 -1
22 20 -1
22 21 -1
22 24 -1
22 25 -1
22 29 -1
22 31 1
22 32 -1
22 39 -1
22 51 -1
22 59 -1
23 18 -1
23 19 -1
23 20 -1
23 21 -1
23 26 -1
23 27 -1
23 28 1
23 30 -1
23 32 -1
23 34 -1
23 48 -1
23 51 -1
23 55 -1
23 59 -1
23 60 -1
24 12 -1
24 20 -1
24 21 1
24 22 -1
24 26 1
24 27 1
24 29 -1
24 30 -1
24 31 -1
24 32 1
24 36 -1
24 38 -1
24 44 -1
24 47 -1
24 54 -1
24 60 1
25 8 1
25 18 -1
25 19 -1
25 20 1
25 21 -1
25 22 -1
25 27 -1
25 28 1
25 31 -1
25 32 -1
25 33 -1
25 35 -1
25 43 -1
25 46 -1
25 48 1
26 10 -1
26 18 -1
26 19 -1
26 20 -1
26 21 1
26 23 -1
26 24 1
26 27 -1
26 28 -1
26 30 1
26 36 1
26 40 -1
26 41 -1
26 52 1
26 55 -1
26 59 -1
27 3 -1
27 18 -1
27 19 1
27 23 -1
27 24 1
27 25 -1
27 26 -1
27 29 -1
27 31 -1
27 32 -1
27 35 -1
27 38 -1
27 49 -1
27 50 -1
27 59 -1
28 6 -1
28 17 -1
28 19 -1
28 20 1
28 21 -1
28 23 1
28 25 1
28 26 -1
28 30 1
28 32 1
28 44 -1
28 47 -1
28 51 -1
28 54 -1
28 57 -1
28 63 -1
29 5 -1
29 17 -1
29 18 -1
29 19 -1
29 20 -1
29 22 -1
29 24 -1
29 27 -1
29 30 -1
29 31 -1
29 39 -1
29 48 1
29 49 -1
29 60 -1
29 63 -1
30 2 -1
30 4 -1
30 5 1
30 17 1
30 18 -1
30 19 -1
30 20 -1
30 23 -1
30 24 -1
30 26 1
30 28 1
30 29 -1
30 33 -1
30 39 -1
30 41 -1
31 1 -1
31 4 1
31 7 -1
31 17 -1
31 20 -1
31 21 -1
31 22 1
31 24 -1
31 25 -1
31 27 -1
31 29 -1
31 32 -1
31 41 -1
31 45 -1
31 54 -1
31 60 -1
32 1 -1
32 9 -1
32 17 -1
32 21 -1
32 22 -1
32 23 -1
32 24 1
32 25 -1
32 27 -1
32 28 1
32 31 -1
32 45 -1
32 52 -1
32 62 -1
32 64 1
33 1 -1
33 25 -1
33 30 -1
33 34 -1
33 37 -1
33 38 -1
33 39 -1
33 40 -1
33 41 -1
33 42 -1
33 43 -1
33 48 1
33 53 -1
33 54 -1
33 62 -1
33 64 -1
34 3 -1
34 7 -1
34 14 -1
34 16 1
34 23 -1
34 33 -1
34 36 -1
34 37 -1
34 40 -1
34 42 -1
34 44 -1
34 45 -1
34 46 1
34 47 1
34 53 -1
35 6 1
35 7 -1
35 12 -1
35 17 -1
35 25 -1
35 27 -1
35 36 -1
35 38 -1
35 39 -1
35 41 -1
35 42 -1
35 43 -1
35 44 -1
35 45 -1
35 47 -1
35 57 -1
36 9 1
36 10 -1
36 13 -1
36 16 -1
36 24 -1
36 26 1
36 34 -1
36 35 -1
36 37 1
36 39 1
36 41 -1
36 42 -1
36 43 -1
36 44 -1
36 47 -1
36 51 -1
37 2 1
37 3 -1
37 6 1
37 7 -1
37 17 -1
37 33 -1
37 34 -1
37 36 1
37 38 1
37 41 -1
37 43 -1
37 44 -1
37 46 1
37 48 -1
37 49 -1
37 64 -1
38 7 -1
38 15 -1
38 24 -1
38 27 -1
38 33 -1
38 35 -1
38 37 1
38 41 1
38 43 1
38 45 -1
38 46 -1
38 47 1
38 48 -1
38 52 1
38 58 -1
39 10 1
39 22 -1
39 29 -1
39 30 -1
39 33 -1
39 35 -1
39 36 1
39 40 1
39 41 -1
39 42 -1
39 43 1
39 44 1
39 48 -1
39 49 -1
39 56 -1
40 15 -1
40 26 -1
40 33 -1
40 34 -1
40 39 1
40 41 -1
40 42 -1
40 44 1
40 45 -1
40 46 1
40 47 -1
40 52 -1
40 58 -1
40 64 1
41 2 -1
41 7 -1
41 13 -1
41 26 -1
41 30 -1
41 31 -1
41 33 -1
41 35 -1
41 36 -1
41 37 -1
41 38 1
41 39 -1
41 40 -1
41 42 -1
41 47 -1
41 53 -1
42 4 -1
42 8 -1
42 11 -1
42 12 -1
42 13 -1
42 33 -1
42 34 -1
42 35 -1
42 36 -1
42 39 -1
42 40 -1
42 41 -1
42 45 -1
42 46 -1
42 49 -1
42 63 -1
43 9 -1
43 14 -1
43 18 -1
43 25 -1
43 33 -1
43 35 -1
43 36 -1
43 37 -1
43 38 1
43 39 1
43 44 -1
43 46 1
43 48 -1
43 57 1
43 63 -1
43 64 -1
44 5 -1
44 9 -1
44 15 -1
44 21 -1
44 24 -1
44 28 -1
44 34 -1
44 35 -1
44 36 -1
44 37 -1
44 39 1
44 40 1
44 43 -1
44 45 -1
44 48 -1
44 57 1
45 5 1
45 12 -1
45 17 -1
45 20 -1
45 31 -1
45 32 -1
45 34 -1
45 35 -1
45 38 -1
45 40 -1
45 42 -1
45 44 -1
45 46 -1
45 47 -1
45 48 -1
45 59 1
46 15 -1
46 16 -1
46 18 -1
46 25 -1
46 34 1
46 37 1
46 38 -1
46 40 1
46 42 -1
46 43 1
46 45 -1
46 47 -1
46 48 -1
46 51 -1
46 55 -1
46 61 -1
47 15 -1
47 20 -1
47 21 -1
47 24 -1
47 28 -1
47 34 1
47 35 -1
47 36 -1
47 38 1
47 40 -1
47 41 -1
47 45 -1
47 46 -1
47 48 -1
47 62 -1
48 1 -1
48 3 -1
48 8 1
48 23 -1
48 25 1
48 29 1
48 33 1
48 37 -1
48 38 -1
48 39 -1
48 43 -1
48 44 -1
48 45 -1
48 46 -1
48 47 -1
48 57 -1
49 10 -1
49 11 -1
49 27 -1
49 29 -1
49 37 -1
49 39 -1
49 42 -1
49 50 -1
49 51 -1
49 52 -1
49 53 -1
49 54 -1
49 57 -1
49 60 -1
49 63 -1
49 64 -1
50 9 -1
50 10 -1
50 11 -1
50 19 1
50 27 -1
50 49 -1
50 52 -1
50 56 -1
50 57 1
50 58 -1
50 59 1
50 60 -1
50 61 -1
50 64 -1
51 13 -1
51 22 -1
51 23 -1
51 28 -1
51 36 -1
51 46 -1
51 49 -1
51 52 1
51 53 -1
51 55 -1
51 58 1
51 59 -1
51 62 1
51 63 -1
51 64 -1
52 11 -1
52 14 1
52 26 1
52 32 -1
52 38 1
52 40 -1
52 49 -1
52 50 -1
52 51 1
52 53 -1
52 54 1
52 55 -1
52 58 1
52 62 -1
52 64 1
53 1 -1
53 8 -1
53 33 -1
53 34 -1
53 41 -1
53 49 -1
53 51 -1
53 52 -1
53 54 -1
53 55 -1
53 56 -1
53 57 -1
53 59 1
53 61 -1
54 13 1
54 17 -1
54 19 -1
54 24 -1
54 28 -1
54 31 -1
54 33 -1
54 49 -1
54 52 1
54 53 -1
54 57 -1
54 58 -1
54 60 1
54 61 -1
54 62 -1
54 63 1
55 6 -1
55 12 1
55 18 -1
55 23 -1
55 26 -1
55 46 -1
55 51 -1
55 52 -1
55 53 -1
55 56 -1
55 58 -1
55 60 -1
55 61 -1
55 62 -1
55 63 -1
56 2 -1
56 8 -1
56 12 -1
56 14 1
56 16 -1
56 18 -1
56 39 -1
56 50 -1
56 53 -1
56 55 -1
56 57 1
56 59 1
56 60 -1
56 61 -1
56 62 -1
56 63 1
57 3 -1
57 15 -1
57 28 -1
57 35 -1
57 43 1
57 44 1
57 48 -1
57 49 -1
57 50 1
57 53 -1
57 54 -1
57 56 1
57 58 -1
57 59 -1
57 60 -1
57 61 -1
58 10 1
58 13 1
58 18 -1
58 21 -1
58 38 -1
58 40 -1
58 50 -1
58 51 1
58 52 1
58 54 -1
58 55 -1
58 57 -1
58 60 -1
58 62 1
58 64 -1
59 2 -1
59 22 -1
59 23 -1
59 26 -1
59 27 -1
59 45 1
59 50 1
59 51 -1
59 53 1
59 56 1
59 57 -1
59 61 -1
59 62 1
59 63 -1
59 64 -1
60 3 1
60 11 -1
60 23 -1
60 24 1
60 29 -1
60 31 -1
60 49 -1
60 50 -1
60 54 1
60 55 -1
60 56 -1
60 57 -1
60 58 -1
60 62 -1
60 64 -1
61 5 -1
61 6 -1
61 7 -1
61 9 -1
61 13 -1
61 17 -1
61 46 -1
61 50 -1
61 53 -1
61 54 -1
61 55 -1
61 56 -1
61 57 -1
61 59 -1
61 63 -1
61 64 -1
62 9 -1
62 16 -1
62 32 -1
62 33 -1
62 47 -1
62 51 1
62 52 -1
62 54 -1
62 55 -1
62 56 -1
62 58 1
62 59 1
62 60 -1
62 63 -1
63 14 -1
63 21 -1
63 28 -1
63 29 -1
63 42 -1
63 43 -1
63 49 -1
63 51 -1
63 54 1
63 55 -1
63 56 1
63 59 -1
63 61 -1
63 62 -1
63 64 -1
64 5 -1
64 32 1
64 33 -1
64 37 -1
64 40 1
64 43 -1
64 49 -1
64 50 -1
64 51 -1
64 52 1
64 58 -1
64 59 -1
64 60 -1
64 61 -1
64 63 -1
