1 3 1
1 7 -1
1 8 -1
1 10 -1
1 11 -1
1 12 -1
1 13 -1
1 15 -1
1 16 -1
1 22 1
1 28 -1
1 30 -1
1 44 -1
1 50 -1
1 53 -1
2 3 -1
2 5 -1
2 6 1
2 7 -1
2 10 -1
2 11 -1
2 12 -1
2 15 -1
2 16 -1
2 17 -1
2 19 -1
2 22 1
2 33 -1
2 50 -1
2 52 -1
2 58 -1
3 1 1
3 2 -1
3 4 -1
3 5 1
3 6 -1
3 8 -1
3 13 -1
3 15 -1
3 16 1
3 18 -1
3 20 1
3 24 -1
3 30 1
3 52 -1
3 58 1
3 59 1
4 3 -1
4 6 -1
4 7 -1
4 8 1
4 9 -1
4 11 -1
4 13 -1
4 14 -1
4 16 1
4 17 -1
4 19 1
4 39 -1
4 46 1
4 50 1
4 62 -1
5 2 -1
5 3 1
5 6 -1
5 7 -1
5 10 -1
5 11 -1
5 12 -1
5 14 -1
5 15 -1
5 28 -1
5 30 -1
5 35 -1
5 37 -1
5 53 -1
5 55 -1
5 60 -1
6 2 1
6 3 -1
6 4 -1
6 5 -1
6 8 1
6 10 -1
6 11 -1
6 12 1
6 14 -1
6 18 -1
6 22 -1
6 36 -1
6 40 -1
6 52 -1
6 55 -1
6 58 -1
7 1 -1
7 2 -1
7 4 -1
7 5 -1
7 9 -1
7 10 -1
7 12 -1
7 14 -1
7 15 -1
7 17 -1
7 18 -1
7 21 -1
7 25 -1
7 39 1
7 58 -1
7 59 -1
8 1 -1
8 3 -1
8 4 1
8 6 1
8 9 -1
8 10 -1
8 13 -1
8 14 -1
8 16 1
8 18 1
8 31 1
8 45 -1
8 51 -1
8 57 -1
8 59 -1
9 4 -1
9 7 -1
9 8 -1
9 11 -1
9 12 -1
9 13 -1
9 14 -1
9 15 -1
9 16 -1
9 25 -1
9 27 -1
9 33 -1
9 37 -1
9 41 -1
9 57 -1
9 63 -1
10 1 -1
10 2 -1
10 5 -1
10 6 -1
10 7 -1
10 8 -1
10 11 -1
10 12 -1
10 13 -1
10 34 -1
10 35 -1
10 43 -1
10 48 -1
10 54 1
10 56 1
10 64 -1
11 1 -1
11 2 -1
11 4 -1
11 5 -1
11 6 -1
11 9 -1
11 10 -1
11 14 -1
11 15 -1
11 22 -1
11 43 -1
11 46 -1
11 47 -1
11 54 -1
11 56 -1
11 63 -1
12 1 -1
12 2 -1
12 5 -1
12 6 1
12 7 -1
12 9 -1
12 10 -1
12 13 1
12 16 1
12 32 -1
12 41 -1
12 47 -1
12 54 -1
12 60 -1
12 61 1
13 1 -1
13 3 -1
13 4 -1
13 8 -1
13 9 -1
13 10 -1
13 12 1
13 15 -1
13 16 -1
13 42 -1
13 43 1
13 45 -1
13 51 -1
13 54 -1
13 60 -1
14 4 -1
14 5 -1
14 6 -1
14 7 -1
14 8 -1
14 9 -1
14 11 -1
14 15 -1
14 16 1
14 21 1
14 36 -1
14 37 -1
14 51 -1
14 53 -1
14 60 -1
15 1 -1
15 2 -1
15 3 -1
15 5 -1
15 7 -1
15 9 -1
15 11 -1
15 13 -1
15 14 -1
15 31 -1
15 35 1
15 39 -1
15 48 -1
15 53 -1
15 62 -1
16 1 -1
16 2 -1
16 3 1
16 4 1
16 8 1
16 9 -1
16 12 1
16 13 -1
16 14 1
16 28 -1
16 33 -1
16 42 1
16 43 1
16 46 -1
16 52 -1
17 2 -1
17 4 -1
17 7 -1
17 18 -1
17 24 -1
17 25 -1
17 26 -1
17 27 1
17 28 -1
17 29 -1
17 30 -1
17 31 -1
17 38 1
17 40 1
17 47 -1
17 63 1
18 3 -1
18 6 -1
18 7 -1
18 8 1
18 17 -1
18 19 -1
18 21 -1
18 22 -1
18 24 -1
18 26 1
18 27 -1
18 31 1
18 32 -1
18 42 -1
18 58 -1
18 64 -1
19 2 -1
19 4 1
19 18 -1
19 20 -1
19 21 -1
19 22 -1
19 23 -1
19 25 -1
19 26 1
19 28 -1
19 32 -1
19 34 -1
19 35 1
19 47 1
19 49 -1
19 62 1
20 3 1
20 19 -1
20 21 -1
20 22 -1
20 23 -1
20 25 -1
20 28 -1
20 29 -1
20 30 1
20 31 -1
20 44 1
20 48 -1
20 49 -1
20 57 -1
20 60 1
20 61 -1
21 7 -1
21 14 1
21 18 -1
21 19 -1
21 20 -1
21 22 -1
21 24 -1
21 25 -1
21 27 -1
21 31 1
21 32 -1
21 37 -1
21 42 -1
21 43 -1
21 51 -1
22 1 1
22 2 1
22 6 -1
22 11 -1
22 18 -1
22 19 -1
22 20 -1
22 21 -1
22 23 -1
22 26 -1
22 28 1
22 29 -1
22 31 -1
22 46 -1
22 57 -1
22 61 -1
23 19 -1
23 20 -1
23 22 -1
23 25 -1
23 27 -1
23 28 1
23 30 -1
23 31 -1
23 32 -1
23 36 -1
23 39 -1
23 41 -1
23 49 -1
23 57 -1
23 58 -1
23 61 1
24 3 -1
24 17 -1
24 18 -1
24 21 -1
24 25 1
24 26 -1
24 28 -1
24 29 -1
24 30 1
24 31 -1
24 34 -1
24 35 -1
24 41 -1
24 49 -1
24 60 -1
25 7 -1
25 9 -1
25 17 -1
25 19 -1
25 20 -1
25 21 -1
25 23 -1
25 24 1
25 26 -1
25 29 -1
25 32 -1
25 44 1
25 45 1
25 47 -1
25 57 -1
25 59 1
26 17 -1
26 18 1
26 19 1
26 22 -1
26 24 -1
26 25 -1
26 27 -1
26 30 -1
26 32 -1
26 34 -1
26 38 -1
26 40 -1
26 42 -1
26 46 -1
26 56 1
27 9 -1
27 17 1
27 18 -1
27 21 -1
27 23 -1
27 26 -1
27 28 1
27 29 -1
27 30 -1
27 32 -1
27 33 -1
27 46 -1
27 50 -1
27 51 1
27 54 -1
27 62 1
28 1 -1
28 5 -1
28 16 -1
28 17 -1
28 19 -1
28 20 -1
28 22 1
28 23 1
28 24 -1
28 27 1
28 30 -1
28 31 -1
28 33 1
28 56 1
28 59 -1
29 17 -1
29 20 -1
29 22 -1
29 24 -1
29 25 -1
29 27 -1
29 30 1
29 31 1
29 32 -1
29 35 -1
29 40 1
29 43 -1
29 48 -1
29 53 -1
29 55 1
30 1 -1
30 3 1
30 5 -1
30 17 -1
30 20 1
30 23 -1
30 24 1
30 26 -1
30 27 -1
30 28 -1
30 29 1
30 32 -1
30 37 -1
30 39 -1
30 47 -1
31 8 1
31 15 -1
31 17 -1
31 18 1
31 20 -1
31 21 1
31 22 -1
31 23 -1
31 24 -1
31 28 -1
31 29 1
31 40 -1
31 49 -1
31 52 -1
31 54 1
31 62 -1
32 12 -1
32 18 -1
32 19 -1
32 21 -1
32 23 -1
32 25 -1
32 26 -1
32 27 -1
32 29 -1
32 30 -1
32 33 -1
32 34 -1
32 37 1
32 38 1
32 55 1
32 56 1
33 2 -1
33 9 -1
33 16 -1
33 27 -1
33 28 1
33 32 -1
33 34 -1
33 36 -1
33 37 -1
33 39 -1
33 40 -1
33 41 -1
33 42 -1
33 43 -1
33 45 1
33 61 -1
34 10 -1
34 19 -1
34 24 -1
34 26 -1
34 32 -1
34 33 -1
34 38 -1
34 39 -1
34 41 -1
34 42 -1
34 43 -1
34 45 -1
34 47 -1
34 48 -1
34 52 -1
34 63 -1
35 5 -1
35 10 -1
35 15 1
35 19 1
35 24 -1
35 29 -1
35 36 -1
35 37 1
35 38 1
35 39 -1
35 41 -1
35 43 -1
35 44 -1
35 45 -1
35 47 1
36 6 -1
36 14 -1
36 23 -1
36 33 -1
36 35 -1
36 39 -1
36 40 -1
36 41 -1
36 44 1
36 46 -1
36 47 -1
36 48 -1
36 49 -1
36 59 -1
36 63 -1
37 5 -1
37 9 -1
37 14 -1
37 21 -1
37 30 -1
37 32 1
37 33 -1
37 35 1
37 38 -1
37 39 -1
37 40 -1
37 42 1
37 44 -1
37 46 -1
37 48 1
38 17 1
38 26 -1
38 32 1
38 34 -1
38 35 1
38 37 -1
38 40 -1
38 41 -1
38 42 1
38 43 -1
38 45 -1
38 48 -1
38 64 -1
39 4 -1
39 7 1
39 15 -1
39 23 -1
39 30 -1
39 33 -1
39 34 -1
39 35 -1
39 36 -1
39 37 -1
39 40 -1
39 43 -1
39 44 -1
39 46 -1
39 53 -1
39 63 -1
40 6 -1
40 17 1
40 26 -1
40 29 1
40 31 -1
40 33 -1
40 36 -1
40 37 -1
40 38 -1
40 39 -1
40 43 -1
40 45 -1
40 47 -1
40 48 -1
40 53 -1
40 57 1
41 9 -1
41 12 -1
41 23 -1
41 24 -1
41 33 -1
41 34 -1
41 35 -1
41 36 -1
41 38 -1
41 44 -1
41 45 -1
41 46 -1
41 48 -1
41 49 -1
41 50 1
41 58 -1
42 13 -1
42 16 1
42 18 -1
42 21 -1
42 26 -1
42 33 -1
42 34 -1
42 37 1
42 38 1
42 43 -1
42 44 -1
42 45 -1
42 46 -1
42 47 -1
42 52 -1
43 10 -1
43 11 -1
43 13 1
43 16 1
43 21 -1
43 29 -1
43 33 -1
43 34 -1
43 35 -1
43 38 -1
43 39 -1
43 40 -1
43 42 -1
43 46 1
43 48 -1
44 1 -1
44 20 1
44 25 1
44 35 -1
44 36 1
44 37 -1
44 39 -1
44 41 -1
44 42 -1
44 46 1
44 47 -1
44 48 -1
44 51 -1
44 55 1
44 61 -1
45 8 -1
45 13 -1
45 25 1
45 33 1
45 34 -1
45 35 -1
45 38 -1
45 40 -1
45 41 -1
45 42 -1
45 46 -1
45 47 -1
45 50 1
45 56 -1
45 59 -1
46 4 1
46 11 -1
46 16 -1
46 22 -1
46 26 -1
46 27 -1
46 36 -1
46 37 -1
46 39 -1
46 41 -1
46 42 -1
46 43 1
46 44 1
46 45 -1
46 47 -1
47 11 -1
47 12 -1
47 17 -1
47 19 1
47 25 -1
47 30 -1
47 34 -1
47 35 1
47 36 -1
47 40 -1
47 42 -1
47 44 -1
47 45 -1
47 46 -1
47 48 -1
47 61 1
48 10 -1
48 15 -1
48 20 -1
48 29 -1
48 34 -1
48 36 -1
48 37 1
48 38 -1
48 40 -1
48 41 -1
48 43 -1
48 44 -1
48 47 -1
48 55 -1
48 56 1
48 64 -1
49 19 -1
49 20 -1
49 23 -1
49 24 -1
49 31 -1
49 36 -1
49 41 -1
49 50 -1
49 51 1
49 52 -1
49 53 1
49 56 -1
49 58 -1
49 59 -1
49 61 -1
49 64 -1
50 1 -1
50 2 -1
50 4 1
50 27 -1
50 41 1
50 45 1
50 49 -1
50 51 -1
50 53 -1
50 54 -1
50 55 -1
50 57 -1
50 59 1
50 60 -1
50 62 -1
51 8 -1
51 13 -1
51 14 -1
51 21 -1
51 27 1
51 44 -1
51 49 1
51 50 -1
51 52 1
51 54 -1
51 57 -1
51 61 -1
51 62 -1
51 63 -1
51 64 -1
52 2 -1
52 3 -1
52 6 -1
52 16 -1
52 31 -1
52 34 -1
52 42 -1
52 49 -1
52 51 1
52 54 -1
52 56 1
52 57 -1
52 59 -1
52 61 -1
52 62 1
52 63 -1
53 1 -1
53 5 -1
53 14 -1
53 15 -1
53 29 -1
53 39 -1
53 40 -1
53 49 1
53 50 -1
53 55 1
53 56 -1
53 57 -1
53 58 -1
53 60 -1
53 63 -1
53 64 1
54 10 1
54 11 -1
54 12 -1
54 13 -1
54 27 -1
54 31 1
54 50 -1
54 51 -1
54 52 -1
54 56 -1
54 58 -1
54 61 -1
54 62 -1
54 63 -1
54 64 -1
55 5 -1
55 6 -1
55 29 1
55 32 1
55 44 1
55 48 -1
55 50 -1
55 53 1
55 56 -1
55 57 -1
55 58 -1
55 60 -1
55 61 -1
55 63 1
55 64 -1
56 10 1
56 11 -1
56 26 1
56 28 1
56 32 1
56 45 -1
56 48 1
56 49 -1
56 52 1
56 53 -1
56 54 -1
56 55 -1
56 58 -1
56 59 -1
56 60 -1
56 64 -1
57 8 -1
57 9 -1
57 20 -1
57 22 -1
57 23 -1
57 25 -1
57 40 1
57 50 -1
57 51 -1
57 52 -1
57 53 -1
57 55 -1
57 58 1
57 60 -1
57 62 -1
57 63 -1
58 2 -1
58 3 1
58 6 -1
58 7 -1
58 18 -1
58 23 -1
58 41 -1
58 49 -1
58 53 -1
58 54 -1
58 55 -1
58 56 -1
58 57 1
58 59 -1
58 60 1
58 62 -1
59 3 1
59 7 -1
59 8 -1
59 25 1
59 28 -1
59 36 -1
59 45 -1
59 49 -1
59 50 1
59 52 -1
59 56 -1
59 58 -1
59 60 -1
59 61 1
59 63 -1
59 64 -1
60 5 -1
60 12 -1
60 13 -1
60 14 -1
60 20 1
60 24 -1
60 50 -1
60 53 -1
60 55 -1
60 56 -1
60 57 -1
60 58 1
60 59 -1
60 61 -1
60 62 1
61 12 1
61 20 -1
61 22 -1
61 23 1
61 33 -1
61 44 -1
61 47 1
61 49 -1
61 51 -1
61 52 -1
61 54 -1
61 55 -1
61 59 1
61 60 -1
61 62 -1
61 64 1
62 4 -1
62 15 -1
62 19 1
62 27 1
62 31 -1
62 50 -1
62 51 -1
62 52 1
62 54 -1
62 57 -1
62 58 -1
62 60 1
62 61 -1
62 63 -1
63 9 -1
63 11 -1
63 17 1
63 34 -1
63 36 -1
63 39 -1
63 51 -1
63 52 -1
63 53 -1
63 54 -1
63 55 1
63 57 -1
63 59 -1
63 62 -1
63 64 -1
64 10 -1
64 18 -1
64 38 -1
64 48 -1
64 49 -1
64 51 -1
64 53 1
64 54 -1
64 55 -1
64 56 -1
64 59 -1
64 61 1
64 63 -1
