1 2 -1
1 4 -1
1 6 1
1 7 -1
1 8 -1
1 10 -1
1 11 -1
1 12 -1
1 16 -1
1 32 1
1 34 -1
1 36 -1
1 48 -1
1 56 -1
1 59 -1
2 1 -1
2 3 -1
2 4 -1
2 5 -1
2 6 -1
2 10 -1
2 11 -1
2 12 1
2 14 -1
2 17 -1
2 19 -1
2 28 -1
2 31 -1
2 43 1
2 49 -1
2 57 -1
3 2 -1
3 5 -1
3 6 -1
3 7 -1
3 8 -1
3 9 -1
3 10 -1
3 11 -1
3 13 -1
3 19 -1
3 28 -1
3 36 -1
3 40 -1
3 52 -1
3 60 -1
3 61 -1
4 1 -1
4 2 -1
4 5 -1
4 7 -1
4 9 -1
4 10 -1
4 11 -1
4 13 -1
4 15 -1
4 20 -1
4 22 -1
4 23 -1
4 29 -1
4 41 -1
4 57 -1
4 63 -1
5 2 -1
5 3 -1
5 4 -1
5 7 -1
5 8 -1
5 9 -1
5 10 -1
5 13 -1
5 15 -1
5 31 -1
5 35 -1
5 36 -1
5 42 -1
5 48 -1
5 50 -1
5 52 -1
6 1 1
6 2 -1
6 3 -1
6 8 -1
6 11 -1
6 12 -1
6 13 -1
6 15 -1
6 16 -1
6 22 -1
6 24 -1
6 35 -1
6 38 -1
6 55 -1
6 59 -1
7 1 -1
7 3 -1
7 4 -1
7 5 -1
7 9 -1
7 13 -1
7 14 -1
7 15 1
7 16 -1
7 22 -1
7 23 -1
7 26 -1
7 28 -1
7 32 1
7 55 -1
7 64 -1
8 1 -1
8 3 -1
8 5 -1
8 6 -1
8 9 1
8 12 -1
8 14 1
8 15 1
8 16 -1
8 23 -1
8 24 -1
8 34 1
8 35 -1
8 45 -1
8 48 -1
8 63 -1
9 3 -1
9 4 -1
9 5 -1
9 7 -1
9 8 1
9 11 -1
9 12 -1
9 15 -1
9 16 -1
9 30 -1
9 31 -1
9 35 -1
9 44 1
9 45 -1
9 47 -1
9 64 -1
10 1 -1
10 2 -1
10 3 -1
10 4 -1
10 5 -1
10 12 -1
10 13 -1
10 14 -1
10 15 -1
10 19 -1
10 26 -1
10 27 1
10 33 -1
10 44 -1
10 49 -1
10 53 -1
11 1 -1
11 2 -1
11 3 -1
11 4 -1
11 6 -1
11 9 -1
11 14 -1
11 15 -1
11 16 -1
11 29 1
11 47 -1
11 49 -1
11 50 -1
11 56 -1
11 62 -1
11 63 -1
12 1 -1
12 2 1
12 6 -1
12 8 -1
12 9 -1
12 10 -1
12 13 -1
12 14 -1
12 16 -1
12 17 -1
12 28 -1
12 40 -1
12 41 -1
12 42 -1
13 3 -1
13 4 -1
13 5 -1
13 6 -1
13 7 -1
13 10 -1
13 12 -1
13 14 -1
13 16 -1
13 19 -1
13 43 -1
13 45 -1
13 58 -1
13 62 -1
13 63 -1
13 64 -1
14 2 -1
14 7 -1
14 8 1
14 10 -1
14 11 -1
14 12 -1
14 13 -1
14 15 -1
14 16 -1
14 20 -1
14 28 1
14 32 -1
14 41 -1
14 48 -1
14 52 1
14 60 1
15 4 -1
15 5 -1
15 6 -1
15 7 1
15 8 1
15 9 -1
15 10 -1
15 11 -1
15 14 -1
15 25 1
15 30 1
15 31 -1
15 33 -1
15 37 -1
15 45 -1
15 52 -1
16 1 -1
16 6 -1
16 7 -1
16 8 -1
16 9 -1
16 11 -1
16 12 -1
16 13 -1
16 14 -1
16 18 -1
16 26 -1
16 35 -1
16 36 -1
16 42 -1
16 57 -1
16 61 -1
17 2 -1
17 12 -1
17 18 -1
17 22 -1
17 25 -1
17 26 -1
17 27 -1
17 28 -1
17 30 -1
17 31 -1
17 32 -1
17 53 -1
17 57 -1
17 58 -1
17 61 -1
18 16 -1
18 17 -1
18 19 -1
18 20 -1
18 21 -1
18 26 -1
18 27 -1
18 28 -1
18 29 -1
18 31 1
18 36 -1
18 40 -1
18 42 -1
18 50 -1
18 52 -1
19 2 -1
19 3 -1
19 10 -1
19 13 -1
19 18 -1
19 20 -1
19 21 -1
19 22 -1
19 23 -1
19 24 -1
19 28 -1
19 29 -1
19 30 -1
19 34 -1
19 54 -1
19 58 -1
20 4 -1
20 14 -1
20 18 -1
20 19 -1
20 23 -1
20 24 -1
20 25 -1
20 28 -1
20 29 -1
20 30 -1
20 32 1
20 33 -1
20 35 -1
20 47 -1
20 48 -1
20 53 -1
21 18 -1
21 19 -1
21 22 1
21 24 -1
21 25 -1
21 26 -1
21 27 1
21 31 -1
21 32 -1
21 34 1
21 44 -1
21 45 -1
21 49 -1
21 53 -1
21 58 -1
21 64 1
22 4 -1
22 6 -1
22 7 -1
22 17 -1
22 19 -1
22 21 1
22 25 -1
22 27 -1
22 29 -1
22 30 -1
22 31 1
22 32 -1
22 51 -1
22 53 -1
23 4 -1
23 7 -1
23 8 -1
23 19 -1
23 20 -1
23 24 -1
23 26 -1
23 27 -1
23 28 1
23 29 -1
23 30 1
23 32 -1
23 33 -1
23 46 1
23 62 -1
24 6 -1
24 8 -1
24 19 -1
24 20 -1
24 21 -1
24 23 -1
24 26 -1
24 27 1
24 28 -1
24 30 -1
24 31 -1
24 33 -1
24 44 -1
24 46 -1
24 60 -1
25 15 1
25 17 -1
25 20 -1
25 21 -1
25 22 -1
25 27 -1
25 28 -1
25 29 -1
25 31 -1
25 32 -1
25 38 -1
25 39 -1
25 42 -1
25 49 -1
25 54 -1
25 56 -1
26 7 -1
26 10 -1
26 16 -1
26 17 -1
26 18 -1
26 21 -1
26 23 -1
26 24 -1
26 27 -1
26 29 -1
26 30 -1
26 32 -1
26 40 -1
26 45 -1
26 46 -1
26 64 -1
27 10 1
27 17 -1
27 18 -1
27 21 1
27 22 -1
27 23 -1
27 24 1
27 25 -1
27 26 -1
27 28 -1
27 41 1
27 43 1
27 51 -1
27 58 -1
27 62 -1
28 2 -1
28 3 -1
28 7 -1
28 12 -1
28 14 1
28 17 -1
28 18 -1
28 19 -1
28 20 -1
28 23 1
28 24 -1
28 25 -1
28 27 -1
28 30 -1
28 55 -1
29 4 -1
29 11 1
29 18 -1
29 19 -1
29 20 -1
29 22 -1
29 23 -1
29 25 -1
29 26 -1
29 31 -1
29 32 -1
29 34 -1
29 38 -1
29 54 -1
29 58 -1
29 62 -1
30 9 -1
30 15 1
30 17 -1
30 19 -1
30 20 -1
30 22 -1
30 23 1
30 24 -1
30 26 -1
30 28 -1
30 31 -1
30 38 -1
30 39 -1
30 44 -1
30 49 -1
30 61 -1
31 2 -1
31 5 -1
31 9 -1
31 15 -1
31 17 -1
31 18 1
31 21 -1
31 22 1
31 24 -1
31 25 -1
31 29 -1
31 30 -1
31 32 -1
31 37 -1
31 59 -1
31 62 -1
32 1 1
32 7 1
32 14 -1
32 17 -1
32 20 1
32 21 -1
32 22 -1
32 23 -1
32 25 -1
32 26 -1
32 29 -1
32 31 -1
32 38 -1
32 44 -1
32 55 -1
32 60 -1
33 10 -1
33 15 -1
33 20 -1
33 23 -1
33 24 -1
33 34 -1
33 35 -1
33 37 1
33 39 -1
33 40 -1
33 43 1
33 44 -1
33 46 -1
33 47 -1
33 54 -1
33 60 -1
34 1 -1
34 8 1
34 19 -1
34 21 1
34 29 -1
34 33 -1
34 37 -1
34 38 -1
34 41 -1
34 42 -1
34 45 -1
34 46 -1
34 47 -1
34 48 -1
34 59 -1
34 63 -1
35 5 -1
35 6 -1
35 8 -1
35 9 -1
35 16 -1
35 20 -1
35 33 -1
35 37 -1
35 38 -1
35 39 -1
35 40 -1
35 43 -1
35 44 -1
35 45 -1
35 46 -1
35 54 -1
36 1 -1
36 3 -1
36 5 -1
36 16 -1
36 18 -1
36 37 -1
36 38 -1
36 39 -1
36 40 -1
36 41 -1
36 42 -1
36 43 -1
36 44 1
36 48 -1
36 61 -1
36 63 -1
37 15 -1
37 31 -1
37 33 1
37 34 -1
37 35 -1
37 36 -1
37 38 -1
37 40 -1
37 41 -1
37 45 -1
37 46 -1
37 49 1
37 51 -1
37 59 -1
37 63 -1
38 6 -1
38 25 -1
38 29 -1
38 30 -1
38 32 -1
38 34 -1
38 35 -1
38 36 -1
38 37 -1
38 39 -1
38 42 -1
38 44 -1
38 46 -1
38 47 -1
38 51 -1
38 64 -1
39 25 -1
39 30 -1
39 33 -1
39 35 -1
39 36 -1
39 38 -1
39 40 -1
39 43 1
39 44 -1
39 46 -1
39 48 1
39 50 -1
39 53 -1
39 56 -1
39 60 -1
40 3 -1
40 12 -1
40 18 -1
40 26 -1
40 33 -1
40 35 -1
40 36 -1
40 37 -1
40 39 -1
40 41 -1
40 42 -1
40 44 -1
40 45 -1
40 50 -1
40 57 -1
40 61 -1
41 4 -1
41 12 -1
41 14 -1
41 27 1
41 34 -1
41 36 -1
41 37 -1
41 40 -1
41 42 1
41 45 -1
41 46 -1
41 47 -1
41 48 -1
41 51 -1
41 56 -1
42 5 -1
42 12 -1
42 16 -1
42 18 -1
42 25 -1
42 34 -1
42 36 -1
42 38 -1
42 40 -1
42 41 1
42 43 -1
42 44 -1
42 45 -1
42 48 1
42 59 -1
42 64 -1
43 2 1
43 13 -1
43 27 1
43 33 1
43 35 -1
43 36 -1
43 39 1
43 42 -1
43 45 -1
43 46 -1
43 47 -1
43 48 -1
43 52 -1
43 54 1
43 55 -1
43 56 -1
44 9 1
44 10 -1
44 21 -1
44 24 -1
44 30 -1
44 32 -1
44 33 -1
44 35 -1
44 36 1
44 38 -1
44 39 -1
44 40 -1
44 42 -1
44 47 -1
44 48 -1
44 55 -1
45 8 -1
45 9 -1
45 13 -1
45 15 -1
45 21 -1
45 26 -1
45 34 -1
45 35 -1
45 37 -1
45 40 -1
45 41 -1
45 42 -1
45 43 -1
45 47 -1
45 48 -1
45 52 -1
46 23 1
46 24 -1
46 26 -1
46 33 -1
46 34 -1
46 35 -1
46 37 -1
46 38 -1
46 39 -1
46 41 -1
46 43 -1
46 47 -1
46 50 -1
46 55 -1
46 59 -1
47 9 -1
47 11 -1
47 20 -1
47 33 -1
47 34 -1
47 38 -1
47 41 -1
47 43 -1
47 44 -1
47 45 -1
47 46 -1
47 48 1
47 54 -1
47 57 -1
47 58 -1
47 60 -1
48 1 -1
48 5 -1
48 8 -1
48 14 -1
48 20 -1
48 34 -1
48 36 -1
48 39 1
48 41 -1
48 42 1
48 43 -1
48 44 -1
48 45 -1
48 47 1
48 57 -1
48 61 -1
49 2 -1
49 10 -1
49 11 -1
49 21 -1
49 25 -1
49 30 -1
49 37 1
49 51 -1
49 52 1
49 53 -1
49 54 -1
49 55 -1
49 58 -1
49 59 -1
49 61 -1
49 64 -1
50 5 -1
50 11 -1
50 18 -1
50 39 -1
50 40 -1
50 46 -1
50 51 -1
50 52 -1
50 54 -1
50 55 -1
50 56 -1
50 57 -1
50 58 1
50 63 -1
50 64 1
51 22 -1
51 27 -1
51 37 -1
51 38 -1
51 41 -1
51 49 -1
51 50 -1
51 53 -1
51 54 -1
51 56 1
51 59 -1
51 60 -1
51 63 -1
51 64 1
52 3 -1
52 5 -1
52 14 1
52 15 -1
52 18 -1
52 43 -1
52 45 -1
52 49 1
52 50 -1
52 53 -1
52 55 -1
52 59 -1
52 61 1
52 62 -1
52 63 -1
52 64 -1
53 10 -1
53 17 -1
53 20 -1
53 21 -1
53 22 -1
53 39 -1
53 49 -1
53 51 -1
53 52 -1
53 54 -1
53 55 -1
53 57 -1
53 60 1
53 61 -1
53 63 -1
54 19 -1
54 25 -1
54 29 -1
54 33 -1
54 35 -1
54 43 1
54 47 -1
54 49 -1
54 50 -1
54 51 -1
54 53 -1
54 58 -1
54 59 -1
54 60 -1
54 62 -1
54 63 -1
55 6 -1
55 7 -1
55 28 -1
55 32 -1
55 43 -1
55 44 -1
55 46 -1
55 49 -1
55 50 -1
55 52 -1
55 53 -1
55 56 -1
55 59 1
55 60 -1
55 62 -1
55 64 -1
56 1 -1
56 11 -1
56 25 -1
56 39 -1
56 41 -1
56 43 -1
56 50 -1
56 51 1
56 55 -1
56 57 -1
56 58 -1
56 59 -1
56 60 -1
56 62 1
56 63 -1
57 2 -1
57 4 -1
57 16 -1
57 17 -1
57 40 -1
57 47 -1
57 48 -1
57 50 -1
57 53 -1
57 56 -1
57 59 -1
57 60 -1
57 61 -1
57 62 -1
57 63 -1
57 64 -1
58 13 -1
58 17 -1
58 19 -1
58 21 -1
58 27 -1
58 29 -1
58 47 -1
58 49 -1
58 50 1
58 54 -1
58 56 -1
58 60 -1
58 61 -1
58 62 -1
58 63 -1
58 64 -1
59 1 -1
59 6 -1
59 31 -1
59 34 -1
59 37 -1
59 42 -1
59 46 -1
59 49 -1
59 51 -1
59 52 -1
59 54 -1
59 55 1
59 56 -1
59 57 -1
59 61 -1
59 63 -1
60 3 -1
60 14 1
60 24 -1
60 32 -1
60 33 -1
60 39 -1
60 47 -1
60 51 -1
60 53 1
60 54 -1
60 55 -1
60 56 -1
60 57 -1
60 58 -1
60 61 -1
60 62 1
61 3 -1
61 16 -1
61 17 -1
61 30 -1
61 36 -1
61 40 -1
61 48 -1
61 49 -1
61 52 1
61 53 -1
61 57 -1
61 58 -1
61 59 -1
61 60 -1
61 62 -1
61 64 -1
62 11 -1
62 13 -1
62 23 -1
62 27 -1
62 29 -1
62 31 -1
62 52 -1
62 54 -1
62 55 -1
62 56 1
62 57 -1
62 58 -1
62 60 1
62 61 -1
62 64 -1
63 4 -1
63 8 -1
63 11 -1
63 13 -1
63 34 -1
63 36 -1
63 37 -1
63 50 -1
63 51 -1
63 52 -1
63 53 -1
63 54 -1
63 56 -1
63 57 -1
63 58 -1
63 59 -1
64 7 -1
64 9 -1
64 13 -1
64 21 1
64 26 -1
64 38 -1
64 42 -1
64 49 -1
64 50 1
64 51 1
64 52 -1
64 55 -1
64 57 -1
64 58 -1
64 61 -1
64 62 -1
