1 3 1
1 4 1
1 5 -1
1 7 1
1 9 1
1 12 1
1 13 1
1 14 1
1 15 -1
1 18 -1
1 20 1
1 31 -1
1 36 -1
1 45 -1
1 54 1
1 59 1
2 3 1
2 5 -1
2 7 -1
2 8 -1
2 9 1
2 10 -1
2 11 1
2 12 1
2 15 1
2 20 1
2 22 1
2 34 -1
2 40 1
2 42 -1
2 48 -1
2 51 -1
3 1 1
3 2 1
3 4 -1
3 5 1
3 6 -1
3 10 1
3 12 -1
3 13 -1
3 16 -1
3 23 -1
3 28 1
3 32 1
3 34 1
3 43 1
3 46 1
4 1 1
4 3 -1
4 5 -1
4 6 1
4 7 1
4 8 -1
4 12 -1
4 13 -1
4 16 1
4 30 1
4 32 -1
4 35 -1
4 42 1
4 49 1
4 60 -1
4 62 1
5 1 -1
5 2 -1
5 3 1
5 4 -1
5 6 1
5 8 1
5 9 1
5 11 -1
5 15 1
5 23 -1
5 27 -1
5 28 -1
5 31 1
5 38 -1
5 50 -1
5 62 -1
6 3 -1
6 4 1
6 5 1
6 7 -1
6 10 -1
6 11 -1
6 12 -1
6 14 -1
6 16 1
6 19 -1
6 20 -1
6 22 -1
6 35 1
6 40 -1
6 41 -1
6 62 1
7 1 1
7 2 -1
7 4 1
7 6 -1
7 8 -1
7 10 1
7 11 -1
7 13 1
7 15 -1
7 27 -1
7 37 1
7 39 -1
7 45 1
7 47 -1
7 49 -1
7 63 -1
8 2 -1
8 4 -1
8 5 1
8 7 -1
8 10 1
8 13 1
8 14 1
8 15 1
8 16 -1
8 19 -1
8 21 1
8 28 1
8 37 -1
8 52 1
8 58 -1
8 64 1
9 1 1
9 2 1
9 5 1
9 10 -1
9 12 1
9 13 1
9 14 1
9 15 1
9 16 1
9 17 1
9 19 1
9 21 1
9 28 -1
9 31 -1
9 35 1
9 48 1
10 2 -1
10 3 1
10 6 -1
10 7 1
10 8 1
10 9 -1
10 11 1
10 13 -1
10 16 -1
10 17 1
10 26 -1
10 40 -1
10 47 1
10 50 -1
10 54 1
11 2 1
11 5 -1
11 6 -1
11 7 -1
11 10 1
11 12 1
11 14 1
11 15 1
11 16 -1
11 18 1
11 31 1
11 38 -1
11 45 1
11 55 -1
11 59 -1
11 62 1
12 1 1
12 2 1
12 3 -1
12 4 -1
12 6 -1
12 9 1
12 11 1
12 14 1
12 15 -1
12 17 -1
12 26 -1
12 31 -1
12 52 1
12 62 1
12 63 1
12 64 1
13 1 1
13 3 -1
13 4 -1
13 7 1
13 8 1
13 9 1
13 10 -1
13 14 -1
13 16 1
13 21 1
13 25 -1
13 28 -1
13 37 -1
13 43 -1
13 60 -1
13 63 1
14 1 1
14 6 -1
14 8 1
14 9 1
14 11 1
14 12 1
14 13 -1
14 15 1
14 16 -1
14 17 -1
14 21 1
14 24 1
14 29 1
14 35 1
14 37 -1
14 61 1
15 1 -1
15 2 1
15 5 1
15 7 -1
15 8 1
15 9 1
15 11 1
15 12 -1
15 14 1
15 20 -1
15 21 1
15 34 -1
15 35 -1
15 44 1
15 49 -1
15 50 -1
16 3 -1
16 4 1
16 6 1
16 8 -1
16 9 1
16 10 -1
16 11 -1
16 13 1
16 14 -1
16 18 -1
16 24 1
16 41 -1
16 44 1
16 54 1
16 56 1
17 9 1
17 10 1
17 12 -1
17 14 -1
17 18 -1
17 20 1
17 21 -1
17 22 1
17 23 1
17 25 1
17 27 -1
17 30 -1
17 32 -1
17 34 1
17 43 -1
17 57 1
18 1 -1
18 11 1
18 16 -1
18 17 -1
18 19 1
18 20 -1
18 21 -1
18 22 -1
18 23 -1
18 24 -1
18 29 -1
18 32 1
18 39 1
18 43 1
18 50 -1
18 51 -1
19 6 -1
19 8 -1
19 9 1
19 18 1
19 21 -1
19 22 -1
19 24 -1
19 25 -1
19 26 -1
19 28 1
19 31 -1
19 32 1
19 37 1
19 51 1
19 61 1
19 63 -1
20 1 1
20 2 1
20 6 -1
20 15 -1
20 17 1
20 18 -1
20 21 1
20 22 1
20 23 -1
20 25 1
20 26 1
20 29 1
20 31 -1
20 39 1
20 53 -1
20 61 1
21 8 1
21 9 1
21 13 1
21 14 1
21 15 1
21 17 -1
21 18 -1
21 19 -1
21 20 1
21 27 -1
21 28 1
21 30 -1
21 31 1
21 32 -1
21 41 -1
21 43 -1
22 2 1
22 6 -1
22 17 1
22 18 -1
22 19 -1
22 20 1
22 24 1
22 26 -1
22 27 -1
22 30 1
22 31 1
22 33 1
22 34 -1
22 36 -1
22 38 1
22 52 -1
23 3 -1
23 5 -1
23 17 1
23 18 -1
23 20 -1
23 27 -1
23 28 1
23 29 -1
23 30 1
23 31 1
23 32 1
23 44 1
23 49 -1
23 52 1
23 55 -1
24 14 1
24 16 1
24 18 -1
24 19 -1
24 22 1
24 25 -1
24 27 1
24 28 1
24 29 -1
24 30 1
24 31 1
24 41 1
24 45 -1
24 55 -1
24 58 1
24 64 -1
25 13 -1
25 17 1
25 19 -1
25 20 1
25 24 -1
25 26 1
25 27 1
25 28 1
25 29 -1
25 30 1
25 40 -1
25 44 -1
25 47 -1
25 50 -1
25 54 1
25 60 1
26 10 -1
26 12 -1
26 19 -1
26 20 1
26 22 -1
26 25 1
26 27 -1
26 28 1
26 29 1
26 30 1
26 32 1
26 39 -1
26 51 1
26 52 1
26 56 1
27 5 -1
27 7 -1
27 17 -1
27 21 -1
27 22 -1
27 23 -1
27 24 1
27 25 1
27 26 -1
27 29 -1
27 31 1
27 42 1
27 47 1
27 48 1
27 49 -1
27 52 -1
28 3 1
28 5 -1
28 8 1
28 9 -1
28 13 -1
28 19 1
28 21 1
28 23 1
28 24 1
28 25 1
28 26 1
28 30 1
28 31 -1
28 32 -1
28 43 -1
28 45 -1
29 14 1
29 18 -1
29 20 1
29 23 -1
29 24 -1
29 25 -1
29 26 1
29 27 -1
29 31 -1
29 32 -1
29 39 -1
29 40 1
29 44 -1
29 46 1
29 59 1
29 61 -1
30 4 1
30 17 -1
30 21 -1
30 22 1
30 23 1
30 24 1
30 25 1
30 26 1
30 28 1
30 32 1
30 41 1
30 49 -1
30 56 -1
30 57 -1
30 63 -1
31 1 -1
31 5 1
31 9 -1
31 11 1
31 12 -1
31 19 -1
31 20 -1
31 21 1
31 22 1
31 23 1
31 24 1
31 27 1
31 28 -1
31 29 -1
31 55 -1
31 62 1
32 3 1
32 4 -1
32 17 -1
32 18 1
32 19 1
32 21 -1
32 23 1
32 26 1
32 28 -1
32 29 -1
32 30 1
32 34 1
32 39 -1
32 55 1
32 56 -1
33 22 1
33 34 -1
33 35 1
33 37 1
33 38 1
33 42 1
33 43 1
33 45 1
33 47 -1
33 48 1
33 51 1
33 53 -1
33 55 1
33 56 1
33 58 -1
34 2 -1
34 3 1
34 15 -1
34 17 1
34 22 -1
34 32 1
34 33 -1
34 35 1
34 38 -1
34 39 -1
34 40 -1
34 41 1
34 43 1
34 44 1
34 45 -1
34 61 -1
35 4 -1
35 6 1
35 9 1
35 14 1
35 15 -1
35 33 1
35 34 1
35 36 -1
35 41 1
35 43 1
35 44 -1
35 45 1
35 47 1
35 48 1
35 53 1
35 64 1
36 1 -1
36 22 -1
36 35 -1
36 38 1
36 40 -1
36 41 1
36 42 -1
36 43 -1
36 46 -1
36 47 1
36 48 -1
36 50 -1
36 54 -1
36 58 1
36 61 -1
36 63 -1
37 7 1
37 8 -1
37 13 -1
37 14 -1
37 19 1
37 33 1
37 38 1
37 40 1
37 42 -1
37 44 1
37 45 -1
37 46 -1
37 47 1
37 48 1
37 51 1
37 63 1
38 5 -1
38 11 -1
38 22 1
38 33 1
38 34 -1
38 36 1
38 37 1
38 39 1
38 40 -1
38 43 -1
38 46 -1
38 47 1
38 50 -1
38 58 -1
38 60 1
39 7 -1
39 18 1
39 20 1
39 26 -1
39 29 -1
39 32 -1
39 34 -1
39 38 1
39 41 1
39 42 -1
39 43 -1
39 44 -1
39 45 1
39 46 -1
39 47 -1
39 52 1
40 2 1
40 6 -1
40 10 -1
40 25 -1
40 29 1
40 34 -1
40 36 -1
40 37 1
40 38 -1
40 41 -1
40 42 -1
40 43 1
40 45 -1
40 48 -1
40 53 1
40 59 -1
41 6 -1
41 16 -1
41 21 -1
41 24 1
41 30 1
41 34 1
41 35 1
41 36 1
41 39 1
41 40 -1
41 44 -1
41 46 1
41 47 1
41 48 -1
41 49 1
41 57 1
42 2 -1
42 4 1
42 27 1
42 33 1
42 36 -1
42 37 -1
42 39 -1
42 40 -1
42 44 -1
42 45 1
42 46 1
42 47 1
42 53 -1
42 57 1
42 64 1
43 3 1
43 13 -1
43 17 -1
43 18 1
43 21 -1
43 28 -1
43 33 1
43 34 1
43 35 1
43 36 -1
43 38 -1
43 39 -1
43 40 1
43 44 -1
43 46 1
43 53 -1
44 15 1
44 16 1
44 23 1
44 25 -1
44 29 -1
44 34 1
44 35 -1
44 37 1
44 39 -1
44 41 -1
44 42 -1
44 43 -1
44 47 1
44 48 -1
44 59 1
44 61 1
45 1 -1
45 7 1
45 11 1
45 24 -1
45 28 -1
45 33 1
45 34 -1
45 35 1
45 37 -1
45 39 1
45 40 -1
45 42 1
45 46 1
45 48 -1
45 57 -1
45 60 -1
46 3 1
46 29 1
46 36 -1
46 37 -1
46 38 -1
46 39 -1
46 41 1
46 42 1
46 43 1
46 45 1
46 48 1
46 51 1
46 53 -1
46 57 -1
46 59 1
47 7 -1
47 10 1
47 25 -1
47 27 1
47 33 -1
47 35 1
47 36 1
47 37 1
47 38 1
47 39 -1
47 41 1
47 42 1
47 44 1
47 56 1
47 58 -1
47 62 -1
48 2 -1
48 9 1
48 27 1
48 33 1
48 35 1
48 36 -1
48 37 1
48 40 -1
48 41 -1
48 44 -1
48 45 -1
48 46 1
48 54 -1
48 60 1
48 64 -1
49 4 1
49 7 -1
49 15 -1
49 23 -1
49 27 -1
49 30 -1
49 41 1
49 50 -1
49 52 -1
49 54 1
49 56 -1
49 57 1
49 59 -1
49 60 -1
49 62 1
49 63 -1
50 5 -1
50 10 -1
50 15 -1
50 18 -1
50 25 -1
50 36 -1
50 38 -1
50 49 -1
50 51 -1
50 52 -1
50 54 -1
50 56 1
50 57 -1
50 60 1
50 61 1
50 64 -1
51 2 -1
51 18 -1
51 19 1
51 26 1
51 33 1
51 37 1
51 46 1
51 50 -1
51 53 -1
51 55 -1
51 56 1
51 57 -1
51 58 -1
51 61 -1
51 63 -1
51 64 1
52 8 1
52 12 1
52 22 -1
52 23 1
52 26 1
52 27 -1
52 39 1
52 49 -1
52 50 -1
52 53 1
52 54 1
52 55 -1
52 58 -1
52 59 1
52 60 -1
52 61 -1
53 20 -1
53 33 -1
53 35 1
53 40 1
53 42 -1
53 43 -1
53 46 -1
53 51 -1
53 52 1
53 54 1
53 55 1
53 56 -1
53 58 1
53 62 -1
53 63 1
53 64 1
54 1 1
54 10 1
54 16 1
54 25 1
54 36 -1
54 48 -1
54 49 1
54 50 -1
54 52 1
54 53 1
54 55 1
54 57 1
54 59 -1
54 60 -1
54 64 -1
55 11 -1
55 23 -1
55 24 -1
55 31 -1
55 32 1
55 33 1
55 51 -1
55 52 -1
55 53 1
55 54 1
55 56 -1
55 58 -1
55 60 -1
55 63 1
55 64 1
56 16 1
56 26 1
56 30 -1
56 32 -1
56 33 1
56 47 1
56 49 -1
56 50 1
56 51 1
56 53 -1
56 55 -1
56 57 -1
56 59 -1
56 62 1
56 63 -1
57 17 1
57 30 -1
57 41 1
57 42 1
57 45 -1
57 46 -1
57 49 1
57 50 -1
57 51 -1
57 54 1
57 56 -1
57 58 1
57 61 1
57 63 -1
57 64 -1
58 8 -1
58 24 1
58 33 -1
58 36 1
58 38 -1
58 47 -1
58 51 -1
58 52 -1
58 53 1
58 55 -1
58 57 1
58 59 1
58 60 1
58 62 -1
58 63 1
59 1 1
59 11 -1
59 29 1
59 40 -1
59 44 1
59 46 1
59 49 -1
59 52 1
59 54 -1
59 56 -1
59 58 1
59 60 -1
59 61 1
59 62 -1
59 64 1
60 4 -1
60 13 -1
60 25 1
60 38 1
60 45 -1
60 48 1
60 49 -1
60 50 1
60 52 -1
60 54 -1
60 55 -1
60 58 1
60 59 -1
60 61 -1
60 62 1
61 14 1
61 19 1
61 20 1
61 29 -1
61 34 -1
61 36 -1
61 44 1
61 50 1
61 51 -1
61 52 -1
61 57 1
61 59 1
61 60 -1
61 62 1
61 63 -1
61 64 -1
62 4 1
62 5 -1
62 6 1
62 11 1
62 12 1
62 31 1
62 47 -1
62 49 1
62 53 -1
62 56 1
62 58 -1
62 59 -1
62 60 1
62 61 1
62 63 1
62 64 1
63 7 -1
63 12 1
63 13 1
63 19 -1
63 30 -1
63 36 -1
63 37 1
63 49 -1
63 51 -1
63 53 1
63 55 1
63 56 -1
63 57 -1
63 58 1
63 61 -1
63 62 1
64 8 1
64 12 1
64 24 -1
64 35 1
64 42 1
64 48 -1
64 50 -1
64 51 1
64 53 1
64 54 -1
64 55 1
64 57 -1
64 59 1
64 61 -1
64 62 1
