1 3 -1
1 5 1
1 7 -1
1 9 1
1 10 -1
1 11 -1
1 13 1
1 14 1
1 15 1
1 19 1
1 27 1
1 29 -1
1 41 1
1 48 -1
1 51 1
1 53 1
2 4 -1
2 5 1
2 6 1
2 8 -1
2 10 1
2 11 -1
2 13 -1
2 14 1
2 15 1
2 20 -1
2 24 1
2 36 1
2 41 1
2 42 -1
2 54 1
2 58 -1
3 1 -1
3 6 1
3 9 1
3 10 1
3 11 1
3 12 1
3 14 -1
3 15 -1
3 16 -1
3 22 1
3 31 -1
3 36 1
3 44 -1
3 51 1
3 54 -1
3 64 -1
4 2 -1
4 5 -1
4 7 -1
4 8 -1
4 9 -1
4 12 1
4 14 -1
4 15 1
4 16 -1
4 24 1
4 40 -1
4 44 1
4 51 1
4 56 -1
4 57 -1
4 61 1
5 1 1
5 2 1
5 4 -1
5 7 -1
5 10 1
5 12 -1
5 13 1
5 15 -1
5 16 -1
5 23 -1
5 30 1
5 34 1
5 38 -1
5 45 1
5 50 1
5 62 -1
6 2 1
6 3 1
6 8 1
6 11 -1
6 12 1
6 13 -1
6 14 1
6 15 1
6 16 -1
6 23 1
6 31 -1
6 43 1
6 49 1
6 56 1
6 57 1
6 62 -1
7 1 -1
7 4 -1
7 5 -1
7 8 -1
7 10 1
7 12 1
7 13 -1
7 14 1
7 15 1
7 18 1
7 30 -1
7 38 -1
7 52 -1
7 53 1
7 54 -1
8 2 -1
8 4 -1
8 6 1
8 7 -1
8 9 1
8 11 1
8 13 -1
8 15 -1
8 16 1
8 17 -1
8 25 1
8 34 1
8 35 1
8 49 -1
8 52 1
8 59 1
9 1 1
9 3 1
9 4 -1
9 8 1
9 10 -1
9 11 -1
9 13 1
9 14 -1
9 16 -1
9 20 -1
9 22 1
9 34 1
9 39 1
9 45 -1
9 57 1
10 1 -1
10 2 1
10 3 1
10 5 1
10 7 1
10 9 -1
10 11 1
10 12 -1
10 16 -1
10 18 1
10 22 -1
10 33 -1
10 35 -1
10 41 1
10 44 1
10 61 1
11 1 -1
11 2 -1
11 3 1
11 6 -1
11 8 1
11 9 -1
11 10 1
11 13 -1
11 16 -1
11 23 1
11 32 1
11 38 1
11 42 -1
11 54 1
11 56 -1
11 58 -1
12 3 1
12 4 1
12 5 -1
12 6 1
12 7 1
12 10 -1
12 13 -1
12 14 -1
12 15 -1
12 18 -1
12 23 -1
12 26 1
12 45 -1
12 58 1
12 59 1
12 64 1
13 1 1
13 2 -1
13 5 1
13 6 -1
13 7 -1
13 8 -1
13 9 1
13 11 -1
13 12 -1
13 17 1
13 27 1
13 29 1
13 31 -1
13 47 1
13 50 -1
13 59 1
14 1 1
14 2 1
14 3 -1
14 4 -1
14 6 1
14 7 1
14 9 -1
14 12 -1
14 16 1
14 33 1
14 39 -1
14 43 1
14 62 1
15 1 1
15 2 1
15 3 -1
15 4 1
15 5 -1
15 6 1
15 7 1
15 8 -1
15 12 -1
15 29 -1
15 33 1
15 41 -1
15 42 -1
15 44 -1
15 62 1
15 64 -1
16 3 -1
16 4 -1
16 5 -1
16 6 -1
16 8 1
16 9 -1
16 10 -1
16 11 -1
16 14 1
16 19 1
16 34 1
16 40 -1
16 47 1
16 53 1
16 54 -1
16 55 -1
17 8 -1
17 13 1
17 18 -1
17 20 -1
17 21 -1
17 22 1
17 25 -1
17 27 1
17 30 1
17 31 -1
17 32 -1
17 34 -1
17 37 1
17 45 -1
17 46 -1
17 61 -1
18 7 1
18 10 1
18 12 -1
18 17 -1
18 19 1
18 22 1
18 25 1
18 26 -1
18 27 -1
18 28 -1
18 29 -1
18 31 1
18 38 1
18 40 1
18 42 -1
18 46 -1
19 1 1
19 16 1
19 18 1
19 20 -1
19 21 1
19 22 -1
19 24 1
19 26 -1
19 28 -1
19 29 1
19 30 1
19 40 1
19 46 -1
19 48 -1
19 49 1
19 63 -1
20 2 -1
20 9 -1
20 17 -1
20 19 -1
20 21 1
20 23 1
20 24 1
20 25 1
20 26 1
20 31 -1
20 32 1
20 58 1
20 61 1
20 62 1
20 64 1
21 17 -1
21 19 1
21 20 1
21 22 -1
21 23 -1
21 26 -1
21 27 1
21 29 1
21 32 -1
21 33 1
21 34 1
21 36 -1
21 43 1
21 56 -1
21 58 1
21 60 -1
22 3 1
22 9 1
22 10 -1
22 17 1
22 18 1
22 19 -1
22 21 -1
22 24 -1
22 25 -1
22 28 -1
22 29 1
22 30 1
22 37 -1
22 41 -1
22 43 1
22 63 -1
23 5 -1
23 6 1
23 11 1
23 12 -1
23 20 1
23 21 -1
23 24 1
23 25 -1
23 26 1
23 27 -1
23 28 -1
23 29 1
23 30 1
23 42 1
23 46 1
23 55 1
24 2 1
24 4 1
24 19 1
24 20 1
24 22 -1
24 23 1
24 26 1
24 28 -1
24 29 1
24 30 1
24 31 1
24 36 1
24 42 -1
24 49 -1
24 56 -1
24 64 -1
25 8 1
25 17 -1
25 18 1
25 20 1
25 22 -1
25 23 -1
25 26 -1
25 28 1
25 31 -1
25 32 -1
25 37 -1
25 44 1
25 46 -1
25 52 1
25 62 -1
26 12 1
26 18 -1
26 19 -1
26 20 1
26 21 -1
26 23 1
26 24 1
26 25 -1
26 28 -1
26 32 -1
26 38 1
26 40 1
26 51 -1
26 57 1
26 60 1
26 62 -1
27 1 1
27 13 1
27 17 1
27 18 -1
27 21 1
27 23 -1
27 28 -1
27 29 -1
27 30 1
27 31 -1
27 32 1
27 36 -1
27 47 1
27 53 1
27 56 -1
27 57 1
28 18 -1
28 19 -1
28 22 -1
28 23 -1
28 24 -1
28 25 1
28 26 -1
28 27 -1
28 31 1
28 38 1
28 40 -1
28 50 -1
28 56 -1
28 64 -1
29 1 -1
29 13 1
29 15 -1
29 18 -1
29 19 1
29 21 1
29 22 1
29 23 1
29 24 1
29 27 -1
29 30 1
29 32 -1
29 34 1
29 36 1
29 52 1
29 59 -1
30 5 1
30 7 -1
30 17 1
30 19 1
30 22 1
30 23 1
30 24 1
30 27 1
30 29 1
30 31 1
30 32 1
30 35 -1
30 50 1
30 51 1
30 60 -1
30 63 -1
31 3 -1
31 6 -1
31 13 -1
31 17 -1
31 18 1
31 20 -1
31 24 1
31 25 -1
31 27 -1
31 28 1
31 30 1
31 32 -1
31 37 -1
31 38 -1
31 48 -1
31 57 -1
32 11 1
32 17 -1
32 20 1
32 21 -1
32 25 -1
32 26 -1
32 27 1
32 29 -1
32 30 1
32 31 -1
32 45 -1
32 47 -1
32 54 -1
32 57 -1
32 59 -1
33 10 -1
33 14 1
33 15 1
33 21 1
33 35 1
33 36 -1
33 37 -1
33 38 -1
33 39 1
33 43 -1
33 44 1
33 45 1
33 48 -1
33 53 1
33 60 1
34 5 1
34 8 1
34 9 1
34 16 1
34 17 -1
34 21 1
34 29 1
34 36 -1
34 38 1
34 40 1
34 41 1
34 43 1
34 44 1
34 45 1
34 46 1
34 48 1
35 8 1
35 10 -1
35 30 -1
35 33 1
35 37 -1
35 38 1
35 39 -1
35 40 -1
35 42 -1
35 44 1
35 45 1
35 48 -1
35 55 1
35 59 -1
35 61 -1
35 64 1
36 2 1
36 3 1
36 21 -1
36 24 1
36 27 -1
36 29 1
36 33 -1
36 34 -1
36 37 1
36 38 1
36 40 -1
36 41 -1
36 45 1
36 46 -1
36 47 -1
36 53 -1
37 17 1
37 22 -1
37 25 -1
37 31 -1
37 33 -1
37 35 -1
37 36 1
37 39 -1
37 40 1
37 41 1
37 44 1
37 47 -1
37 48 1
37 59 -1
37 60 1
38 5 -1
38 7 -1
38 11 1
38 18 1
38 26 1
38 28 1
38 31 -1
38 33 -1
38 34 1
38 35 1
38 36 1
38 39 1
38 42 1
38 44 -1
38 46 1
38 48 1
39 9 1
39 14 -1
39 33 1
39 35 -1
39 37 -1
39 38 1
39 40 1
39 41 1
39 42 -1
39 43 1
39 47 -1
39 49 1
39 53 1
39 60 -1
40 4 -1
40 16 -1
40 18 1
40 19 1
40 26 1
40 28 -1
40 34 1
40 35 -1
40 36 -1
40 37 1
40 39 1
40 42 1
40 44 -1
40 46 -1
40 47 -1
40 61 1
41 1 1
41 2 1
41 10 1
41 15 -1
41 22 -1
41 34 1
41 36 -1
41 37 1
41 39 1
41 42 1
41 43 1
41 45 -1
41 46 1
41 47 1
41 58 1
41 60 -1
42 2 -1
42 11 -1
42 15 -1
42 18 -1
42 23 1
42 24 -1
42 35 -1
42 38 1
42 39 -1
42 40 1
42 41 1
42 43 1
42 45 -1
42 46 1
42 48 -1
42 55 1
43 6 1
43 14 1
43 21 1
43 22 1
43 33 -1
43 34 1
43 39 1
43 41 1
43 42 1
43 44 -1
43 46 -1
43 47 1
43 48 1
43 51 1
43 52 -1
43 58 1
44 3 -1
44 4 1
44 10 1
44 15 -1
44 25 1
44 33 1
44 34 1
44 35 1
44 37 1
44 38 -1
44 40 -1
44 43 -1
44 45 -1
44 47 -1
44 49 1
44 61 -1
45 5 1
45 9 -1
45 12 -1
45 17 -1
45 32 -1
45 33 1
45 34 1
45 35 1
45 36 1
45 41 -1
45 42 -1
45 44 -1
45 46 -1
45 48 -1
45 50 -1
45 63 -1
46 17 -1
46 18 -1
46 19 -1
46 23 1
46 25 -1
46 34 1
46 36 -1
46 38 1
46 40 -1
46 41 1
46 42 1
46 43 -1
46 45 -1
46 47 -1
46 49 1
46 63 -1
47 13 1
47 16 1
47 27 1
47 32 -1
47 36 -1
47 37 -1
47 39 -1
47 40 -1
47 41 1
47 43 1
47 44 -1
47 46 -1
47 48 1
47 52 -1
47 55 -1
47 63 -1
48 1 -1
48 19 -1
48 31 -1
48 33 -1
48 34 1
48 35 -1
48 37 1
48 38 1
48 42 -1
48 43 1
48 45 -1
48 47 1
48 51 -1
48 55 -1
48 63 1
49 6 1
49 8 -1
49 19 1
49 24 -1
49 39 1
49 44 1
49 46 1
49 50 -1
49 52 1
49 53 -1
49 55 -1
49 56 1
49 60 1
49 61 1
49 62 1
49 63 -1
50 5 1
50 13 -1
50 28 -1
50 30 1
50 45 -1
50 49 -1
50 51 -1
50 54 -1
50 56 -1
50 57 -1
50 58 -1
50 59 -1
50 60 -1
50 62 -1
51 1 1
51 3 1
51 4 1
51 26 -1
51 30 1
51 43 1
51 48 -1
51 50 -1
51 52 -1
51 53 1
51 54 1
51 56 -1
51 57 -1
51 59 1
51 60 1
51 64 -1
52 7 -1
52 8 1
52 25 1
52 29 1
52 43 -1
52 47 -1
52 49 1
52 51 -1
52 53 -1
52 59 -1
52 60 -1
52 61 1
52 62 -1
52 63 1
52 64 1
53 1 1
53 7 1
53 16 1
53 27 1
53 33 1
53 36 -1
53 39 1
53 49 -1
53 51 1
53 52 -1
53 54 -1
53 57 1
53 58 -1
53 61 1
53 62 -1
53 63 1
54 2 1
54 3 -1
54 7 -1
54 11 1
54 16 -1
54 32 -1
54 50 -1
54 51 1
54 53 -1
54 55 -1
54 56 1
54 58 -1
54 60 1
54 63 -1
54 64 -1
55 16 -1
55 23 1
55 35 1
55 42 1
55 47 -1
55 48 -1
55 49 -1
55 54 -1
55 56 -1
55 57 1
55 58 -1
55 59 1
55 60 1
55 61 -1
55 63 1
56 4 -1
56 6 1
56 11 -1
56 21 -1
56 24 -1
56 27 -1
56 28 -1
56 49 1
56 50 -1
56 51 -1
56 54 1
56 55 -1
56 57 1
56 59 -1
56 63 -1
56 64 1
57 4 -1
57 6 1
57 9 1
57 26 1
57 27 1
57 31 -1
57 32 -1
57 50 -1
57 51 -1
57 53 1
57 55 1
57 56 1
57 58 -1
57 61 1
57 62 1
57 64 1
58 2 -1
58 11 -1
58 12 1
58 20 1
58 21 1
58 41 1
58 43 1
58 50 -1
58 53 -1
58 54 -1
58 55 -1
58 57 -1
58 59 1
58 61 -1
58 62 1
58 64 1
59 8 1
59 12 1
59 13 1
59 29 -1
59 32 -1
59 35 -1
59 37 -1
59 50 -1
59 51 1
59 52 -1
59 55 1
59 56 -1
59 58 1
59 61 -1
59 62 1
59 64 1
60 21 -1
60 26 1
60 30 -1
60 33 1
60 37 1
60 39 -1
60 41 -1
60 49 1
60 50 -1
60 51 1
60 52 -1
60 54 1
60 55 1
60 61 1
60 62 -1
60 63 -1
61 4 1
61 10 1
61 17 -1
61 20 1
61 35 -1
61 40 1
61 44 -1
61 49 1
61 52 1
61 53 1
61 55 -1
61 57 1
61 58 -1
61 59 -1
61 60 1
61 63 -1
62 5 -1
62 6 -1
62 14 1
62 15 1
62 20 1
62 25 -1
62 26 -1
62 49 1
62 50 -1
62 52 -1
62 53 -1
62 57 1
62 58 1
62 59 1
62 60 -1
62 64 -1
63 19 -1
63 22 -1
63 30 -1
63 45 -1
63 46 -1
63 47 -1
63 48 1
63 49 -1
63 52 1
63 53 1
63 54 -1
63 55 1
63 56 -1
63 60 -1
63 61 -1
63 64 1
64 3 -1
64 12 1
64 15 -1
64 20 1
64 24 -1
64 28 -1
64 35 1
64 51 -1
64 52 1
64 54 -1
64 56 1
64 57 1
64 58 1
64 59 1
64 62 -1
64 63 1
