1 3 -1
1 5 -1
1 7 -1
1 8 1
1 9 1
1 11 1
1 13 1
1 14 1
1 16 1
1 21 1
1 32 1
1 51 -1
1 59 1
1 60 1
1 62 -1
2 3 -1
2 4 1
2 6 1
2 7 1
2 8 -1
2 9 1
2 11 -1
2 12 1
2 16 -1
2 17 -1
2 19 1
2 46 1
2 57 1
2 58 1
2 60 -1
2 61 1
3 1 -1
3 2 -1
3 4 1
3 5 1
3 7 1
3 8 -1
3 9 1
3 12 1
3 15 -1
3 21 1
3 26 -1
3 35 -1
3 38 1
3 39 -1
3 43 -1
3 62 1
4 2 1
4 3 1
4 5 -1
4 8 -1
4 11 1
4 12 1
4 13 1
4 14 1
4 15 -1
4 18 -1
4 29 1
4 36 1
4 38 1
4 39 -1
4 60 -1
4 64 1
5 1 -1
5 3 1
5 4 -1
5 6 -1
5 7 1
5 9 1
5 10 1
5 13 1
5 15 1
5 18 1
5 24 1
5 31 1
5 32 -1
5 44 1
5 50 1
5 58 1
6 2 1
6 5 -1
6 7 1
6 8 -1
6 9 1
6 10 1
6 13 1
6 14 1
6 15 1
6 23 1
6 24 -1
6 38 1
6 49 -1
6 57 1
6 62 1
6 63 1
7 1 -1
7 2 1
7 3 1
7 5 1
7 6 1
7 10 1
7 14 1
7 15 -1
7 16 1
7 26 1
7 27 1
7 28 1
7 34 -1
7 50 -1
7 55 1
7 63 -1
8 1 1
8 2 -1
8 3 -1
8 4 -1
8 6 -1
8 11 1
8 14 1
8 15 1
8 16 1
8 26 1
8 27 1
8 28 1
8 31 1
8 42 1
8 43 1
8 49 1
9 1 1
9 2 1
9 3 1
9 5 1
9 6 1
9 10 1
9 12 -1
9 13 1
9 14 -1
9 21 -1
9 28 -1
9 44 1
9 46 1
9 50 1
9 54 1
9 58 1
10 5 1
10 6 1
10 7 1
10 9 1
10 11 1
10 12 1
10 13 1
10 15 1
10 16 1
10 20 -1
10 28 1
10 36 -1
10 40 1
10 46 -1
10 47 1
10 64 -1
11 1 1
11 2 -1
11 4 1
11 8 1
11 10 1
11 12 -1
11 14 -1
11 15 1
11 16 -1
11 21 1
11 25 -1
11 30 1
11 35 1
11 37 1
11 48 -1
11 63 1
12 2 1
12 3 1
12 4 1
12 9 -1
12 10 1
12 11 -1
12 13 1
12 15 1
12 16 -1
12 22 1
12 39 1
12 40 1
12 47 1
12 53 1
12 60 1
12 62 1
13 1 1
13 4 1
13 5 1
13 6 1
13 9 1
13 10 1
13 12 1
13 14 1
13 16 1
13 20 1
13 24 1
13 27 1
13 40 1
13 46 -1
13 64 1
14 1 1
14 4 1
14 6 1
14 7 1
14 8 1
14 9 -1
14 11 -1
14 13 1
14 16 -1
14 23 1
14 37 1
14 41 1
14 43 -1
14 47 -1
14 56 1
15 3 -1
15 4 -1
15 5 1
15 6 1
15 7 -1
15 8 1
15 10 1
15 11 1
15 12 1
15 21 1
15 38 -1
15 45 1
15 51 1
15 53 -1
15 54 1
15 63 -1
16 1 1
16 2 -1
16 7 1
16 8 1
16 10 1
16 11 -1
16 12 -1
16 13 1
16 14 -1
16 18 1
16 21 -1
16 37 1
16 38 1
16 45 1
16 52 1
16 62 1
17 2 -1
17 18 -1
17 19 1
17 20 1
17 22 1
17 23 1
17 26 1
17 29 1
17 31 1
17 32 1
17 36 -1
17 41 -1
17 44 -1
17 48 1
17 50 -1
17 59 1
18 4 -1
18 5 1
18 16 1
18 17 -1
18 19 1
18 20 1
18 21 -1
18 23 1
18 27 1
18 28 -1
18 30 1
18 31 1
18 45 1
18 51 1
18 61 1
19 2 1
19 17 1
19 18 1
19 20 -1
19 23 1
19 24 1
19 25 1
19 28 1
19 29 1
19 30 1
19 34 1
19 40 -1
19 51 1
19 55 1
19 56 1
19 64 1
20 10 -1
20 13 1
20 17 1
20 18 1
20 19 -1
20 23 -1
20 24 -1
20 25 -1
20 27 -1
20 29 -1
20 32 -1
20 39 1
20 45 1
20 52 1
20 58 1
21 1 1
21 3 1
21 9 -1
21 11 1
21 15 1
21 16 -1
21 18 -1
21 22 1
21 25 1
21 26 1
21 27 -1
21 28 -1
21 29 1
21 30 1
21 31 1
21 48 1
22 12 1
22 17 1
22 21 1
22 24 1
22 25 1
22 27 1
22 28 -1
22 30 -1
22 31 -1
22 32 1
22 35 1
22 40 -1
22 42 1
22 47 1
22 52 -1
23 6 1
23 14 1
23 17 1
23 18 1
23 19 1
23 20 -1
23 25 1
23 26 1
23 27 -1
23 28 -1
23 31 -1
23 33 1
23 35 -1
23 51 1
23 53 1
23 61 1
24 5 1
24 6 -1
24 13 1
24 19 1
24 20 -1
24 22 1
24 26 -1
24 27 1
24 29 -1
24 30 1
24 31 1
24 32 1
24 35 -1
24 46 -1
24 52 1
24 56 1
25 11 -1
25 19 1
25 20 -1
25 21 1
25 22 1
25 23 1
25 27 1
25 29 1
25 30 1
25 31 1
25 34 1
25 44 1
25 48 1
25 50 -1
25 51 -1
25 55 1
26 3 -1
26 7 1
26 8 1
26 17 1
26 21 1
26 23 1
26 24 -1
26 27 -1
26 28 1
26 29 -1
26 30 1
26 32 -1
26 36 -1
26 42 -1
26 47 1
26 55 1
27 7 1
27 8 1
27 13 1
27 18 1
27 20 -1
27 21 -1
27 22 1
27 23 -1
27 24 1
27 25 1
27 26 -1
27 32 -1
27 36 1
27 49 1
27 51 1
27 64 1
28 7 1
28 8 1
28 9 -1
28 10 1
28 18 -1
28 19 1
28 21 -1
28 22 -1
28 23 -1
28 26 1
28 30 1
28 31 1
28 32 1
28 33 -1
28 36 -1
28 37 1
29 4 1
29 17 1
29 19 1
29 20 -1
29 21 1
29 24 -1
29 25 1
29 26 -1
29 30 1
29 32 1
29 36 1
29 47 1
29 48 1
29 50 1
29 54 1
29 61 -1
30 11 1
30 18 1
30 19 1
30 21 1
30 22 -1
30 24 1
30 25 1
30 26 1
30 28 1
30 29 1
30 39 -1
30 43 1
30 53 -1
30 59 1
30 61 1
30 63 1
31 5 1
31 8 1
31 17 1
31 18 1
31 21 1
31 22 -1
31 23 -1
31 24 1
31 25 1
31 28 1
31 32 1
31 41 1
31 53 1
31 54 -1
31 58 1
31 60 -1
32 1 1
32 5 -1
32 17 1
32 20 -1
32 22 1
32 24 1
32 26 -1
32 27 -1
32 28 1
32 29 1
32 31 1
32 41 1
32 53 1
32 57 1
33 23 1
33 28 -1
33 35 1
33 36 1
33 38 1
33 39 -1
33 41 1
33 42 -1
33 44 1
33 46 1
33 47 1
33 49 -1
33 50 -1
33 59 1
34 7 -1
34 19 1
34 25 1
34 37 1
34 38 -1
34 40 1
34 41 1
34 42 1
34 43 1
34 44 1
34 47 1
34 48 -1
34 57 1
34 59 -1
34 63 1
35 3 -1
35 11 1
35 22 1
35 23 -1
35 24 -1
35 33 1
35 36 1
35 37 1
35 38 1
35 39 -1
35 40 -1
35 43 1
35 44 -1
35 46 1
35 55 1
35 58 1
36 4 1
36 10 -1
36 17 -1
36 26 -1
36 27 1
36 28 -1
36 29 1
36 33 1
36 35 1
36 37 1
36 40 1
36 41 -1
36 45 -1
36 46 -1
36 47 1
36 48 1
37 11 1
37 14 1
37 16 1
37 28 1
37 34 1
37 35 1
37 36 1
37 38 1
37 40 1
37 43 1
37 44 1
37 46 -1
37 48 1
37 54 1
37 56 -1
38 3 1
38 4 1
38 6 1
38 15 -1
38 16 1
38 33 1
38 34 -1
38 35 1
38 37 1
38 41 1
38 42 1
38 43 1
38 45 1
38 47 1
38 52 1
38 56 1
39 3 -1
39 4 -1
39 12 1
39 20 1
39 30 -1
39 33 -1
39 35 -1
39 40 1
39 41 1
39 42 -1
39 43 1
39 45 1
39 47 1
39 48 1
39 56 1
39 60 1
40 10 1
40 12 1
40 13 1
40 19 -1
40 22 -1
40 34 1
40 35 -1
40 36 1
40 37 1
40 39 1
40 42 -1
40 43 1
40 44 -1
40 46 1
40 55 -1
41 14 1
41 17 -1
41 31 1
41 32 1
41 33 1
41 34 1
41 36 -1
41 38 1
41 39 1
41 44 1
41 45 1
41 47 1
41 48 -1
41 49 -1
41 52 1
41 60 1
42 8 1
42 22 1
42 26 -1
42 33 -1
42 34 1
42 38 1
42 39 -1
42 40 -1
42 44 1
42 45 -1
42 46 1
42 48 1
42 61 1
42 62 -1
42 64 1
43 3 -1
43 8 1
43 14 -1
43 30 1
43 34 1
43 35 1
43 37 1
43 38 1
43 39 1
43 40 1
43 45 1
43 46 1
43 47 -1
43 54 1
43 61 1
44 5 1
44 9 1
44 17 -1
44 25 1
44 33 1
44 34 1
44 35 -1
44 37 1
44 40 -1
44 41 1
44 42 1
44 45 1
44 48 1
44 57 1
44 59 -1
44 63 1
45 15 1
45 16 1
45 18 1
45 20 1
45 36 -1
45 38 1
45 39 1
45 41 1
45 42 -1
45 43 1
45 44 1
45 47 1
45 48 -1
45 54 1
46 2 1
46 9 1
46 10 -1
46 13 -1
46 24 -1
46 33 1
46 35 1
46 36 -1
46 37 -1
46 40 1
46 42 1
46 43 1
46 47 1
46 48 1
46 58 1
46 62 1
47 10 1
47 12 1
47 14 -1
47 22 1
47 26 1
47 29 1
47 33 1
47 34 1
47 36 1
47 38 1
47 39 1
47 41 1
47 43 -1
47 45 1
47 46 1
47 55 1
48 11 -1
48 17 1
48 21 1
48 25 1
48 29 1
48 34 -1
48 36 1
48 37 1
48 39 1
48 41 -1
48 42 1
48 44 1
48 45 -1
48 46 1
48 49 1
48 53 1
49 6 -1
49 8 1
49 27 1
49 33 -1
49 41 -1
49 48 1
49 50 -1
49 52 1
49 53 -1
49 55 -1
49 56 -1
49 59 1
49 61 1
49 62 1
49 63 1
50 5 1
50 7 -1
50 9 1
50 17 -1
50 25 -1
50 29 1
50 33 -1
50 49 -1
50 51 1
50 52 1
50 53 1
50 57 1
50 59 -1
50 61 -1
50 63 1
50 64 1
51 1 -1
51 15 1
51 18 1
51 19 1
51 23 1
51 25 -1
51 27 1
51 50 1
51 53 1
51 54 1
51 55 1
51 56 1
51 58 1
51 61 -1
51 62 -1
51 64 -1
52 16 1
52 20 1
52 22 -1
52 24 1
52 38 1
52 41 1
52 49 1
52 50 1
52 53 1
52 55 1
52 57 1
52 59 1
52 60 -1
52 62 1
52 63 -1
53 12 1
53 15 -1
53 23 1
53 30 -1
53 31 1
53 32 1
53 48 1
53 49 -1
53 50 1
53 51 1
53 52 1
53 58 1
53 59 -1
53 60 1
53 61 1
53 62 -1
54 9 1
54 15 1
54 29 1
54 31 -1
54 37 1
54 43 1
54 45 1
54 51 1
54 55 1
54 56 1
54 57 1
54 58 1
54 60 1
54 61 1
54 62 -1
54 64 -1
55 7 1
55 19 1
55 25 1
55 26 1
55 35 1
55 40 -1
55 47 1
55 49 -1
55 51 1
55 52 1
55 54 1
55 57 1
55 59 1
55 60 -1
55 62 -1
55 63 1
56 14 1
56 19 1
56 24 1
56 37 -1
56 38 1
56 39 1
56 49 -1
56 51 1
56 54 1
56 57 1
56 58 -1
56 59 -1
56 60 -1
56 63 1
56 64 1
57 2 1
57 6 1
57 32 1
57 34 1
57 44 1
57 50 1
57 52 1
57 54 1
57 55 1
57 56 1
57 59 -1
57 60 1
57 62 1
57 63 1
58 2 1
58 5 1
58 9 1
58 20 1
58 31 1
58 35 1
58 46 1
58 51 1
58 53 1
58 54 1
58 56 -1
58 59 1
58 60 1
58 61 1
58 62 1
58 64 -1
59 1 1
59 17 1
59 30 1
59 33 1
59 34 -1
59 44 -1
59 49 1
59 50 -1
59 52 1
59 53 -1
59 55 1
59 56 -1
59 57 -1
59 58 1
59 63 1
60 1 1
60 2 -1
60 4 -1
60 12 1
60 31 -1
60 39 1
60 41 1
60 52 -1
60 53 1
60 54 1
60 55 -1
60 56 -1
60 57 1
60 58 1
60 61 -1
60 64 -1
61 2 1
61 18 1
61 23 1
61 29 -1
61 30 1
61 42 1
61 43 1
61 49 1
61 50 -1
61 51 -1
61 53 1
61 54 1
61 58 1
61 60 -1
61 63 -1
61 64 1
62 1 -1
62 3 1
62 6 1
62 12 1
62 16 1
62 42 -1
62 46 1
62 49 1
62 51 -1
62 52 1
62 53 -1
62 54 -1
62 55 -1
62 57 1
62 58 1
62 64 1
63 6 1
63 7 -1
63 11 1
63 15 -1
63 30 1
63 34 1
63 44 1
63 49 1
63 50 1
63 52 -1
63 55 1
63 56 1
63 57 1
63 59 1
63 61 -1
63 64 1
64 4 1
64 10 -1
64 13 1
64 19 1
64 27 1
64 42 1
64 50 1
64 51 -1
64 54 -1
64 56 1
64 58 -1
64 60 -1
64 61 1
64 62 1
64 63 1
