1 2 1
1 4 -1
1 5 1
1 6 1
1 9 -1
1 10 -1
1 12 1
1 13 -1
1 14 -1
1 17 1
1 23 -1
1 37 1
1 41 -1
1 53 -1
1 59 -1
2 1 1
2 4 1
2 5 -1
2 7 1
2 8 -1
2 12 1
2 13 1
2 15 -1
2 16 1
2 26 -1
2 27 1
2 46 1
2 49 -1
2 55 1
2 63 1
3 4 1
3 5 1
3 6 1
3 7 1
3 8 -1
3 9 1
3 10 -1
3 11 1
3 14 1
3 38 -1
3 45 -1
3 50 1
3 52 -1
3 53 1
3 59 1
4 1 -1
4 2 1
4 3 1
4 5 1
4 6 1
4 10 -1
4 11 -1
4 12 1
4 14 1
4 25 1
4 29 1
4 31 -1
4 35 1
4 43 -1
4 64 1
5 1 1
5 2 -1
5 3 1
5 4 1
5 8 1
5 10 -1
5 11 1
5 13 1
5 16 1
5 18 1
5 22 1
5 26 1
5 36 1
5 47 1
5 49 -1
5 52 -1
6 1 1
6 3 1
6 4 1
6 7 1
6 10 -1
6 12 -1
6 13 1
6 15 -1
6 16 1
6 23 1
6 25 1
6 42 1
6 43 1
6 61 1
6 62 1
6 63 1
7 2 1
7 3 1
7 6 1
7 8 1
7 9 -1
7 10 1
7 12 1
7 14 -1
7 15 1
7 25 -1
7 26 -1
7 33 -1
7 35 1
7 39 1
7 47 1
7 52 -1
8 2 -1
8 3 -1
8 5 1
8 7 1
8 10 1
8 11 1
8 12 1
8 14 -1
8 16 -1
8 27 -1
8 32 -1
8 34 1
8 48 1
8 55 1
8 62 1
9 1 -1
9 3 1
9 7 -1
9 10 1
9 11 1
9 12 -1
9 13 1
9 14 1
9 15 1
9 21 -1
9 22 1
9 27 1
9 29 1
9 57 -1
9 58 1
9 60 1
10 1 -1
10 3 -1
10 4 -1
10 5 -1
10 6 -1
10 7 1
10 8 1
10 9 1
10 16 1
10 19 -1
10 21 1
10 24 1
10 42 -1
10 44 1
10 54 -1
10 60 -1
11 3 1
11 4 -1
11 5 1
11 8 1
11 9 1
11 13 -1
11 14 -1
11 15 -1
11 16 1
11 19 1
11 32 1
11 39 1
11 44 1
11 55 1
11 61 1
11 64 1
12 1 1
12 2 1
12 4 1
12 6 -1
12 7 1
12 8 1
12 9 -1
12 13 1
12 15 -1
12 25 1
12 37 1
12 45 1
12 47 -1
12 51 1
12 55 1
13 1 -1
13 2 1
13 5 1
13 6 1
13 9 1
13 11 -1
13 12 1
13 15 1
13 16 1
13 24 1
13 29 -1
13 37 -1
13 38 -1
13 45 1
13 50 1
13 58 -1
14 1 -1
14 3 1
14 4 1
14 7 -1
14 8 -1
14 9 1
14 11 -1
14 15 1
14 16 1
14 31 -1
14 37 1
14 41 -1
14 43 1
14 57 1
14 58 1
15 2 -1
15 6 -1
15 7 1
15 9 1
15 11 -1
15 12 -1
15 13 1
15 14 1
15 16 -1
15 22 -1
15 24 1
15 32 -1
15 33 1
15 45 -1
15 48 1
15 52 -1
16 2 1
16 5 1
16 6 1
16 8 -1
16 10 1
16 11 1
16 13 1
16 14 1
16 15 -1
16 23 -1
16 27 1
16 32 1
16 34 -1
16 46 1
16 48 -1
16 60 1
17 1 1
17 22 1
17 23 -1
17 24 1
17 25 -1
17 26 -1
17 27 1
17 28 1
17 30 1
17 31 1
17 37 1
17 39 1
17 48 -1
17 52 -1
17 53 -1
18 5 1
18 19 1
18 22 1
18 23 -1
18 24 -1
18 25 1
18 27 -1
18 28 1
18 29 1
18 30 -1
18 34 -1
18 44 1
18 46 1
18 51 1
18 54 1
19 10 -1
19 11 1
19 18 1
19 20 1
19 21 1
19 22 1
19 26 1
19 28 -1
19 29 -1
19 30 1
19 32 1
19 44 1
19 50 -1
19 53 1
19 60 -1
19 62 1
20 19 1
20 23 1
20 24 -1
20 25 1
20 26 -1
20 28 1
20 29 1
20 30 1
20 31 1
20 38 -1
20 44 1
20 48 -1
20 49 -1
20 58 1
20 60 -1
21 9 -1
21 10 1
21 19 1
21 22 1
21 23 -1
21 24 1
21 25 1
21 27 1
21 28 1
21 29 -1
21 32 -1
21 41 1
21 45 1
21 49 1
21 51 -1
21 56 1
22 5 1
22 9 1
22 15 -1
22 17 1
22 18 1
22 19 1
22 21 1
22 23 1
22 24 -1
22 25 1
22 26 1
22 28 1
22 33 1
22 47 -1
22 49 1
22 59 -1
23 1 -1
23 6 1
23 16 -1
23 17 -1
23 18 -1
23 20 1
23 21 -1
23 22 1
23 24 -1
23 27 -1
23 28 -1
23 32 -1
23 43 1
23 49 -1
23 61 1
23 64 1
24 10 1
24 13 1
24 15 1
24 17 1
24 18 -1
24 20 -1
24 21 1
24 22 -1
24 23 -1
24 30 1
24 31 1
24 32 1
24 34 1
24 35 1
24 51 -1
24 64 1
25 4 1
25 6 1
25 7 -1
25 12 1
25 17 -1
25 18 1
25 20 1
25 21 1
25 22 1
25 26 1
25 27 1
25 31 -1
25 32 1
25 49 1
25 59 -1
25 64 -1
26 2 -1
26 5 1
26 7 -1
26 17 -1
26 19 1
26 20 -1
26 22 1
26 25 1
26 27 1
26 28 1
26 30 -1
26 31 1
26 43 -1
26 56 -1
26 57 -1
26 63 -1
27 2 1
27 8 -1
27 9 1
27 16 1
27 17 1
27 18 -1
27 21 1
27 23 -1
27 25 1
27 26 1
27 29 -1
27 31 -1
27 32 1
27 37 -1
27 44 -1
27 62 1
28 17 1
28 18 1
28 19 -1
28 20 1
28 21 1
28 22 1
28 23 -1
28 26 1
28 29 1
28 36 1
28 40 1
28 47 1
28 54 -1
28 58 1
29 4 1
29 9 1
29 13 -1
29 18 1
29 19 -1
29 20 1
29 21 -1
29 27 -1
29 28 1
29 30 1
29 31 -1
29 32 -1
29 54 -1
29 63 1
29 64 1
30 17 1
30 18 -1
30 19 1
30 20 1
30 24 1
30 26 -1
30 29 1
30 31 1
30 32 1
30 36 1
30 38 -1
30 46 1
30 48 1
30 53 1
30 57 -1
30 62 1
31 4 -1
31 14 -1
31 17 1
31 20 1
31 24 1
31 25 -1
31 26 1
31 27 -1
31 29 -1
31 30 1
31 32 1
31 33 1
31 34 1
31 40 -1
31 51 -1
31 63 1
32 8 -1
32 11 1
32 15 -1
32 16 1
32 19 1
32 21 -1
32 23 -1
32 24 1
32 25 1
32 27 1
32 29 -1
32 30 1
32 31 1
32 41 1
33 7 -1
33 15 1
33 22 1
33 31 1
33 35 1
33 36 -1
33 37 1
33 39 1
33 42 1
33 45 -1
33 46 1
33 47 1
33 48 -1
33 55 1
33 57 -1
33 62 -1
34 8 1
34 16 -1
34 18 -1
34 24 1
34 31 1
34 35 -1
34 37 -1
34 40 -1
34 41 1
34 42 1
34 43 1
34 45 -1
34 46 -1
34 48 -1
34 57 1
35 4 1
35 7 1
35 24 1
35 33 1
35 34 -1
35 37 -1
35 38 1
35 41 1
35 42 1
35 45 -1
35 46 1
35 48 -1
35 50 1
35 51 1
36 5 1
36 28 1
36 30 1
36 33 -1
36 37 1
36 38 1
36 39 1
36 41 1
36 42 -1
36 43 1
36 47 -1
36 48 -1
36 56 1
36 58 1
37 1 1
37 12 1
37 13 -1
37 14 1
37 17 1
37 27 -1
37 33 1
37 34 -1
37 35 -1
37 36 1
37 38 -1
37 39 -1
37 41 1
37 44 1
37 45 1
37 64 -1
38 3 -1
38 13 -1
38 20 -1
38 30 -1
38 35 1
38 36 1
38 37 -1
38 40 1
38 41 1
38 42 -1
38 43 1
38 46 1
38 47 1
38 54 -1
38 56 -1
38 62 -1
39 7 1
39 11 1
39 17 1
39 33 1
39 36 1
39 37 -1
39 40 1
39 41 -1
39 43 1
39 44 1
39 46 -1
39 48 -1
39 52 1
39 56 -1
39 59 1
39 61 1
40 28 1
40 31 -1
40 34 -1
40 38 1
40 39 1
40 42 1
40 43 1
40 44 -1
40 45 1
40 46 -1
40 47 -1
40 55 1
40 56 1
40 61 1
40 63 -1
41 1 -1
41 14 -1
41 21 1
41 32 1
41 34 1
41 35 1
41 36 1
41 37 1
41 38 1
41 39 -1
41 44 1
41 45 -1
41 48 1
41 59 1
41 60 1
42 6 1
42 10 -1
42 33 1
42 34 1
42 35 1
42 36 -1
42 38 -1
42 40 1
42 43 1
42 46 -1
42 47 -1
42 53 1
42 54 -1
42 58 1
42 61 -1
43 4 -1
43 6 1
43 14 1
43 23 1
43 26 -1
43 34 1
43 36 1
43 38 1
43 39 1
43 40 1
43 42 1
43 44 1
43 46 1
43 47 1
43 55 1
44 10 1
44 11 1
44 18 1
44 19 1
44 20 1
44 27 -1
44 37 1
44 39 1
44 40 -1
44 41 1
44 43 1
44 45 -1
44 46 -1
44 47 1
44 48 -1
44 59 1
45 3 -1
45 12 1
45 13 1
45 15 -1
45 21 1
45 33 -1
45 34 -1
45 35 -1
45 37 1
45 40 1
45 41 -1
45 44 -1
45 47 -1
45 48 1
45 50 1
46 2 1
46 16 1
46 18 1
46 30 1
46 33 1
46 34 -1
46 35 1
46 38 1
46 39 -1
46 40 -1
46 42 -1
46 43 1
46 44 -1
46 53 1
46 57 1
47 5 1
47 7 1
47 12 -1
47 22 -1
47 28 1
47 33 1
47 36 -1
47 38 1
47 40 -1
47 42 -1
47 43 1
47 44 1
47 45 -1
47 48 -1
47 63 1
48 8 1
48 15 1
48 16 -1
48 17 -1
48 20 -1
48 30 1
48 33 -1
48 34 -1
48 35 -1
48 36 -1
48 39 -1
48 41 1
48 44 -1
48 45 1
48 47 -1
48 61 -1
49 2 -1
49 5 -1
49 20 -1
49 21 1
49 22 1
49 23 -1
49 25 1
49 50 -1
49 51 1
49 54 -1
49 55 1
49 57 -1
49 59 1
49 60 1
49 61 1
49 63 1
50 3 1
50 13 1
50 19 -1
50 35 1
50 45 1
50 49 -1
50 51 -1
50 53 1
50 54 1
50 55 1
50 58 1
50 59 1
50 62 -1
50 64 1
51 12 1
51 18 1
51 21 -1
51 24 -1
51 31 -1
51 35 1
51 49 1
51 50 -1
51 52 -1
51 53 1
51 56 1
51 60 1
51 61 -1
51 63 -1
51 64 -1
52 3 -1
52 5 -1
52 7 -1
52 15 -1
52 17 -1
52 39 1
52 51 -1
52 55 -1
52 56 -1
52 57 1
52 58 -1
52 60 1
52 62 -1
52 63 1
52 64 -1
53 1 -1
53 3 1
53 17 -1
53 19 1
53 30 1
53 42 1
53 46 1
53 50 1
53 51 1
53 54 -1
53 55 -1
53 57 -1
53 58 1
53 60 1
53 61 1
53 63 -1
54 10 -1
54 18 1
54 28 -1
54 29 -1
54 38 -1
54 42 -1
54 49 -1
54 50 1
54 53 -1
54 55 1
54 56 1
54 57 1
54 59 -1
54 62 -1
54 63 -1
55 2 1
55 8 1
55 11 1
55 12 1
55 33 1
55 40 1
55 43 1
55 49 1
55 50 1
55 52 -1
55 53 -1
55 54 1
55 56 -1
55 57 1
55 59 1
55 64 -1
56 21 1
56 26 -1
56 36 1
56 38 -1
56 39 -1
56 40 1
56 51 1
56 52 -1
56 54 1
56 55 -1
56 58 1
56 59 -1
56 61 1
56 62 -1
56 64 1
57 9 -1
57 14 1
57 26 -1
57 30 -1
57 33 -1
57 34 1
57 46 1
57 49 -1
57 52 1
57 53 -1
57 54 1
57 55 1
57 59 -1
57 61 -1
57 63 -1
57 64 -1
58 9 1
58 13 -1
58 14 1
58 20 1
58 28 1
58 36 1
58 42 1
58 50 1
58 52 -1
58 53 1
58 56 1
58 59 1
58 60 1
58 61 1
58 63 -1
58 64 1
59 1 -1
59 3 1
59 22 -1
59 25 -1
59 39 1
59 41 1
59 44 1
59 49 1
59 50 1
59 54 -1
59 55 1
59 56 -1
59 57 -1
59 58 1
59 60 -1
59 62 -1
60 9 1
60 10 -1
60 16 1
60 19 -1
60 20 -1
60 41 1
60 49 1
60 51 1
60 52 1
60 53 1
60 58 1
60 59 -1
60 61 -1
60 62 1
60 64 -1
61 6 1
61 11 1
61 23 1
61 39 1
61 40 1
61 42 -1
61 48 -1
61 49 1
61 51 -1
61 53 1
61 56 1
61 57 -1
61 58 1
61 60 -1
61 62 -1
61 63 -1
62 6 1
62 8 1
62 19 1
62 27 1
62 30 1
62 33 -1
62 38 -1
62 50 -1
62 52 -1
62 54 -1
62 56 -1
62 59 -1
62 60 1
62 61 -1
62 63 1
62 64 1
63 2 1
63 6 1
63 26 -1
63 29 1
63 31 1
63 40 -1
63 47 1
63 49 1
63 51 -1
63 52 1
63 53 -1
63 54 -1
63 57 -1
63 58 -1
63 61 -1
63 62 1
64 4 1
64 11 1
64 23 1
64 24 1
64 25 -1
64 29 1
64 37 -1
64 50 1
64 51 -1
64 52 -1
64 55 -1
64 56 1
64 57 -1
64 58 1
64 60 -1
64 62 1
