1 2 1
1 3 -1
1 5 1
1 6 1
1 7 -1
1 9 -1
1 12 -1
1 15 -1
1 16 1
1 18 -1
1 30 1
1 32 1
1 40 1
1 43 1
1 48 1
2 1 1
2 4 1
2 5 1
2 6 -1
2 8 1
2 10 1
2 11 1
2 13 1
2 16 1
2 22 1
2 38 -1
2 40 -1
2 47 1
2 48 1
2 49 -1
2 64 1
3 1 -1
3 4 1
3 7 -1
3 8 -1
3 11 -1
3 12 1
3 13 -1
3 14 1
3 15 1
3 24 -1
3 29 1
3 35 -1
3 37 1
3 43 -1
3 47 1
4 2 1
4 3 1
4 5 -1
4 6 -1
4 9 -1
4 10 -1
4 12 1
4 14 1
4 16 -1
4 27 1
4 31 -1
4 36 1
4 38 -1
4 59 1
5 1 1
5 2 1
5 4 -1
5 8 -1
5 10 -1
5 11 1
5 12 -1
5 13 1
5 15 1
5 19 1
5 31 1
5 42 1
5 49 1
5 56 1
5 60 1
5 63 1
6 1 1
6 2 -1
6 4 -1
6 7 1
6 8 -1
6 9 -1
6 11 1
6 12 1
6 16 -1
6 19 1
6 28 -1
6 31 -1
6 44 1
6 55 -1
6 62 -1
7 1 -1
7 3 -1
7 6 1
7 10 1
7 11 -1
7 12 -1
7 13 1
7 14 -1
7 15 -1
7 24 1
7 27 -1
7 35 1
7 43 -1
7 46 1
7 50 1
7 59 -1
8 2 1
8 3 -1
8 5 -1
8 6 -1
8 9 1
8 11 -1
8 13 1
8 14 1
8 15 -1
8 22 -1
8 33 -1
8 38 1
8 39 -1
8 44 -1
8 54 -1
8 55 1
9 1 -1
9 4 -1
9 6 -1
9 8 1
9 10 1
9 11 -1
9 12 1
9 14 1
9 16 1
9 20 1
9 25 -1
9 33 1
9 47 -1
9 55 -1
9 63 1
10 2 1
10 4 -1
10 5 -1
10 7 1
10 9 1
10 12 -1
10 14 1
10 15 -1
10 16 1
10 17 1
10 20 -1
10 30 1
10 31 1
10 51 1
10 55 1
10 59 -1
11 2 1
11 3 -1
11 5 1
11 6 1
11 7 -1
11 8 -1
11 9 -1
11 13 -1
11 16 -1
11 19 1
11 27 1
11 41 1
11 52 -1
11 58 1
11 59 1
12 1 -1
12 3 1
12 4 1
12 5 -1
12 6 1
12 7 -1
12 9 1
12 10 -1
12 15 1
12 21 -1
12 22 1
12 25 1
12 39 1
12 45 1
12 50 -1
13 2 1
13 3 -1
13 5 1
13 7 1
13 8 1
13 11 -1
13 14 1
13 15 -1
13 16 1
13 19 1
13 25 1
13 35 1
13 51 1
13 57 -1
13 58 -1
14 3 1
14 4 1
14 7 -1
14 8 1
14 9 1
14 10 1
14 13 1
14 15 -1
14 16 -1
14 21 1
14 24 -1
14 37 1
14 44 1
14 46 1
14 52 -1
14 56 1
15 1 -1
15 3 1
15 5 1
15 7 -1
15 8 -1
15 10 -1
15 12 1
15 13 -1
15 14 -1
15 20 -1
15 29 -1
15 33 1
15 40 1
15 50 1
15 59 1
15 61 1
16 1 1
16 2 1
16 4 -1
16 6 -1
16 9 1
16 10 1
16 11 -1
16 13 1
16 14 -1
16 18 -1
16 22 -1
16 26 -1
16 45 1
16 51 1
16 52 1
16 62 1
17 10 1
17 18 1
17 19 1
17 20 1
17 23 1
17 25 -1
17 26 1
17 28 1
17 29 1
17 32 -1
17 38 1
17 40 -1
17 46 1
17 57 -1
17 58 1
18 1 -1
18 16 -1
18 17 1
18 20 1
18 21 1
18 22 1
18 24 1
18 27 -1
18 28 1
18 29 1
18 31 -1
18 42 1
18 49 -1
18 56 -1
18 62 -1
18 64 1
19 5 1
19 6 1
19 11 1
19 13 1
19 17 1
19 24 -1
19 25 -1
19 27 -1
19 28 -1
19 29 1
19 30 1
19 31 -1
19 32 1
19 41 -1
19 46 1
19 59 1
20 9 1
20 10 -1
20 15 -1
20 17 1
20 18 1
20 21 -1
20 26 -1
20 27 1
20 28 1
20 30 1
20 31 1
20 32 1
20 34 1
20 47 -1
20 50 -1
20 56 -1
21 12 -1
21 14 1
21 18 1
21 20 -1
21 22 1
21 23 1
21 26 1
21 27 1
21 28 -1
21 29 -1
21 30 -1
21 33 -1
21 40 1
21 45 1
21 53 -1
21 54 -1
22 2 1
22 8 -1
22 12 1
22 16 -1
22 18 1
22 21 1
22 23 1
22 24 1
22 25 1
22 26 1
22 27 1
22 28 -1
22 29 1
22 35 1
22 37 -1
23 17 1
23 21 1
23 22 1
23 24 -1
23 25 1
23 26 1
23 29 1
23 30 -1
23 32 -1
23 44 -1
23 45 -1
23 55 1
23 61 1
24 3 -1
24 7 1
24 14 -1
24 18 1
24 19 -1
24 22 1
24 23 -1
24 25 1
24 29 -1
24 30 -1
24 31 1
24 32 -1
24 36 -1
24 46 -1
24 57 1
24 60 1
25 9 -1
25 12 1
25 13 1
25 17 -1
25 19 -1
25 22 1
25 23 1
25 24 1
25 26 -1
25 27 1
25 30 1
25 32 1
25 44 1
25 56 -1
25 61 1
26 16 -1
26 17 1
26 20 -1
26 21 1
26 22 1
26 23 1
26 25 -1
26 27 -1
26 31 1
26 32 -1
26 36 1
26 37 1
26 46 1
26 49 -1
26 52 -1
26 56 1
27 4 1
27 7 -1
27 11 1
27 18 -1
27 19 -1
27 20 1
27 21 1
27 22 1
27 25 1
27 26 -1
27 29 1
27 31 1
27 35 -1
27 47 1
27 59 -1
28 6 -1
28 17 1
28 18 1
28 19 -1
28 20 1
28 21 -1
28 22 -1
28 29 1
28 30 1
28 31 1
28 48 1
28 53 -1
28 54 -1
28 61 -1
28 62 1
28 64 1
29 3 1
29 15 -1
29 17 1
29 18 1
29 19 1
29 21 -1
29 22 1
29 23 1
29 24 -1
29 27 1
29 28 1
29 38 1
29 39 -1
29 45 1
29 54 1
29 57 -1
30 1 1
30 10 1
30 19 1
30 20 1
30 21 -1
30 23 -1
30 24 -1
30 25 1
30 28 1
30 31 1
30 32 -1
30 36 -1
30 39 1
30 53 -1
30 60 1
31 4 -1
31 5 1
31 6 -1
31 10 1
31 18 -1
31 19 -1
31 20 1
31 24 1
31 26 1
31 27 1
31 28 1
31 30 1
31 32 1
31 48 -1
31 57 -1
31 63 1
32 1 1
32 17 -1
32 19 1
32 20 1
32 23 -1
32 24 -1
32 25 1
32 26 -1
32 30 -1
32 31 1
32 34 -1
32 42 1
32 46 1
32 48 -1
32 50 1
32 64 1
33 8 -1
33 9 1
33 15 1
33 21 -1
33 34 1
33 35 1
33 36 1
33 37 1
33 38 -1
33 43 -1
33 45 1
33 46 1
33 48 -1
33 54 -1
33 62 -1
33 63 -1
34 20 1
34 32 -1
34 33 1
34 35 -1
34 36 1
34 37 -1
34 39 1
34 40 1
34 43 -1
34 44 1
34 45 1
34 52 1
34 54 1
34 60 -1
34 64 -1
35 3 -1
35 7 1
35 13 1
35 22 1
35 27 -1
35 33 1
35 34 -1
35 37 1
35 38 -1
35 40 1
35 41 1
35 44 1
35 45 -1
35 47 -1
35 63 1
36 4 1
36 24 -1
36 26 1
36 30 -1
36 33 1
36 34 1
36 37 -1
36 39 1
36 40 -1
36 42 1
36 45 -1
36 46 1
36 47 1
36 52 1
36 64 -1
37 3 1
37 14 1
37 22 -1
37 26 1
37 33 1
37 34 -1
37 35 1
37 36 -1
37 38 1
37 39 1
37 42 1
37 44 -1
37 48 -1
37 49 1
37 53 1
37 55 -1
38 2 -1
38 4 -1
38 8 1
38 17 1
38 29 1
38 33 -1
38 35 -1
38 37 1
38 39 -1
38 43 1
38 45 -1
38 46 1
38 47 1
38 48 1
38 51 1
38 60 1
39 8 -1
39 12 1
39 29 -1
39 30 1
39 34 1
39 36 1
39 37 1
39 38 -1
39 41 1
39 43 1
39 46 -1
39 47 -1
39 48 1
39 51 1
39 58 1
39 62 1
40 1 1
40 2 -1
40 15 1
40 17 -1
40 21 1
40 34 1
40 35 1
40 36 -1
40 41 1
40 42 1
40 43 1
40 45 1
40 47 1
40 48 1
40 49 1
40 53 1
41 11 1
41 19 -1
41 35 1
41 39 1
41 40 1
41 42 -1
41 43 1
41 44 -1
41 46 1
41 47 1
41 48 -1
41 49 -1
41 52 1
41 56 1
41 63 1
42 5 1
42 18 1
42 32 1
42 36 1
42 37 1
42 40 1
42 41 -1
42 43 -1
42 44 -1
42 45 1
42 46 1
42 47 -1
42 50 1
42 54 1
42 60 1
42 61 -1
43 1 1
43 3 -1
43 7 -1
43 33 -1
43 34 -1
43 38 1
43 39 1
43 40 1
43 41 1
43 42 -1
43 44 -1
43 45 -1
43 53 1
43 58 1
43 61 1
44 6 1
44 8 -1
44 14 1
44 23 -1
44 25 1
44 34 1
44 35 1
44 37 -1
44 41 -1
44 42 -1
44 43 -1
44 46 1
44 47 1
44 48 1
44 51 -1
44 57 1
45 12 1
45 16 1
45 21 1
45 23 -1
45 29 1
45 33 1
45 34 1
45 35 -1
45 36 -1
45 38 -1
45 40 1
45 42 1
45 43 -1
45 48 1
45 64 -1
46 7 1
46 14 1
46 17 1
46 19 1
46 24 -1
46 26 1
46 32 1
46 33 1
46 36 1
46 38 1
46 39 -1
46 41 1
46 42 1
46 44 1
46 47 -1
46 48 1
47 2 1
47 3 1
47 9 -1
47 20 -1
47 27 1
47 35 -1
47 36 1
47 38 1
47 39 -1
47 40 1
47 41 1
47 42 -1
47 44 1
47 46 -1
47 53 -1
47 58 1
48 1 1
48 2 1
48 28 1
48 31 -1
48 32 -1
48 33 -1
48 37 -1
48 38 1
48 39 1
48 40 1
48 41 -1
48 44 1
48 45 1
48 46 1
48 50 1
48 51 1
49 2 -1
49 5 1
49 18 -1
49 26 -1
49 37 1
49 40 1
49 41 -1
49 50 1
49 51 1
49 52 1
49 53 -1
49 54 -1
49 57 1
49 58 -1
49 59 -1
49 61 1
50 7 1
50 12 -1
50 15 1
50 20 -1
50 32 1
50 42 1
50 48 1
50 49 1
50 51 -1
50 52 1
50 53 1
50 55 1
50 56 -1
50 60 -1
50 62 1
50 64 1
51 10 1
51 13 1
51 16 1
51 38 1
51 39 1
51 44 -1
51 48 1
51 49 1
51 50 -1
51 54 1
51 55 1
51 56 -1
51 57 -1
51 58 1
51 59 -1
51 64 -1
52 11 -1
52 14 -1
52 16 1
52 26 -1
52 34 1
52 36 1
52 41 1
52 49 1
52 50 1
52 53 1
52 54 1
52 55 -1
52 57 1
52 60 1
52 61 -1
52 63 1
53 21 -1
53 28 -1
53 30 -1
53 37 1
53 40 1
53 43 1
53 47 -1
53 49 -1
53 50 1
53 52 1
53 54 1
53 56 1
53 59 1
53 61 1
53 62 1
53 63 1
54 8 -1
54 21 -1
54 28 -1
54 29 1
54 33 -1
54 34 1
54 42 1
54 49 -1
54 51 1
54 52 1
54 53 1
54 58 1
54 60 1
54 61 -1
54 63 1
54 64 -1
55 6 -1
55 8 1
55 9 -1
55 10 1
55 23 1
55 37 -1
55 50 1
55 51 1
55 52 -1
55 56 -1
55 58 1
55 60 -1
55 62 1
55 63 -1
55 64 -1
56 5 1
56 14 1
56 18 -1
56 20 -1
56 25 -1
56 26 1
56 41 1
56 50 -1
56 51 -1
56 53 1
56 55 -1
56 57 -1
56 59 1
56 62 1
56 63 1
56 64 1
57 13 -1
57 17 -1
57 24 1
57 29 -1
57 31 -1
57 44 1
57 49 1
57 51 -1
57 52 1
57 56 -1
57 59 -1
57 60 -1
57 61 1
57 62 -1
57 64 -1
58 11 1
58 13 -1
58 17 1
58 39 1
58 43 1
58 47 1
58 49 -1
58 51 1
58 54 1
58 55 1
58 59 -1
58 60 -1
58 61 1
58 62 1
58 63 1
59 4 1
59 7 -1
59 10 -1
59 11 1
59 15 1
59 19 1
59 27 -1
59 49 -1
59 51 -1
59 53 1
59 56 1
59 57 -1
59 58 -1
59 60 1
59 61 1
59 63 1
60 5 1
60 24 1
60 30 1
60 34 -1
60 38 1
60 42 1
60 50 -1
60 52 1
60 54 1
60 55 -1
60 57 -1
60 58 -1
60 59 1
60 62 1
60 64 1
61 15 1
61 23 1
61 25 1
61 28 -1
61 42 -1
61 43 1
61 49 1
61 52 -1
61 53 1
61 54 -1
61 57 1
61 58 1
61 59 1
61 63 -1
61 64 1
62 6 -1
62 16 1
62 18 -1
62 28 1
62 33 -1
62 39 1
62 50 1
62 53 1
62 55 1
62 56 1
62 57 -1
62 58 1
62 60 1
62 63 -1
62 64 1
63 5 1
63 9 1
63 31 1
63 33 -1
63 35 1
63 41 1
63 52 1
63 53 1
63 54 1
63 55 -1
63 56 1
63 58 1
63 59 1
63 61 -1
63 62 -1
64 2 1
64 18 1
64 28 1
64 32 1
64 34 -1
64 36 -1
64 45 -1
64 50 1
64 51 -1
64 54 -1
64 55 -1
64 56 1
64 57 -1
64 60 1
64 61 1
64 62 1
