1 2 1
1 3 1
1 4 1
1 7 -1
1 8 1
1 9 1
1 12 1
1 13 1
1 15 1
1 19 1
1 20 1
1 44 1
1 46 -1
1 50 1
1 56 1
2 1 1
2 3 1
2 4 1
2 5 1
2 6 1
2 7 1
2 8 1
2 9 1
2 11 1
2 29 -1
2 36 1
2 38 1
2 41 1
2 47 1
2 51 1
2 53 1
3 1 1
3 2 1
3 4 1
3 8 1
3 10 1
3 11 -1
3 13 1
3 14 1
3 16 1
3 31 1
3 35 1
3 41 1
3 49 -1
3 50 1
3 51 1
3 64 1
4 1 1
4 2 1
4 3 1
4 5 1
4 10 1
4 11 1
4 12 1
4 13 1
4 16 1
4 17 1
4 23 1
4 27 1
4 29 1
4 47 1
4 57 1
4 61 1
5 2 1
5 4 1
5 6 1
5 7 1
5 8 1
5 13 1
5 14 1
5 15 1
5 16 1
5 19 -1
5 21 1
5 27 1
5 30 1
5 35 1
5 40 1
6 2 1
6 5 1
6 9 1
6 10 1
6 11 1
6 12 1
6 13 1
6 14 -1
6 16 1
6 30 1
6 34 1
6 44 1
6 52 1
6 57 1
6 59 -1
6 60 1
7 1 -1
7 2 1
7 5 1
7 8 1
7 9 -1
7 10 1
7 11 1
7 14 1
7 15 1
7 23 1
7 39 1
7 44 1
7 45 1
7 47 1
7 49 1
7 64 1
8 1 1
8 2 1
8 3 1
8 5 1
8 7 1
8 10 1
8 11 1
8 12 1
8 15 1
8 20 1
8 42 1
8 49 1
8 52 1
8 54 1
8 60 1
9 1 1
9 2 1
9 6 1
9 7 -1
9 10 1
9 11 1
9 13 1
9 14 1
9 16 1
9 24 1
9 30 1
9 33 1
9 34 1
9 48 1
9 56 1
9 57 1
10 3 1
10 4 1
10 6 1
10 7 1
10 8 1
10 9 1
10 13 -1
10 15 1
10 16 1
10 18 1
10 22 1
10 33 1
10 34 1
10 40 1
10 46 1
10 47 1
11 2 1
11 3 -1
11 4 1
11 6 1
11 7 1
11 8 1
11 9 1
11 12 1
11 15 1
11 29 1
11 43 1
11 44 1
11 55 1
11 56 1
11 62 1
12 1 1
12 4 1
12 6 1
12 8 1
12 11 1
12 13 1
12 14 1
12 15 1
12 16 1
12 20 1
12 22 1
12 35 1
12 40 1
12 43 1
12 61 1
13 1 1
13 3 1
13 4 1
13 5 1
13 6 1
13 9 1
13 10 -1
13 12 1
13 14 1
13 23 1
13 30 1
13 42 1
13 44 1
13 49 1
13 54 1
14 3 1
14 5 1
14 6 -1
14 7 1
14 9 1
14 12 1
14 13 1
14 15 1
14 16 1
14 17 1
14 19 1
14 24 1
14 37 1
14 43 1
14 50 1
15 1 1
15 5 1
15 7 1
15 8 1
15 10 1
15 11 1
15 12 1
15 14 1
15 16 1
15 30 1
15 32 1
15 40 1
15 48 1
15 54 1
15 62 1
15 64 1
16 3 1
16 4 1
16 5 1
16 6 1
16 9 1
16 10 1
16 12 1
16 14 1
16 15 1
16 25 1
16 26 1
16 28 1
16 32 1
16 38 1
16 41 1
16 53 1
17 4 1
17 14 1
17 20 1
17 23 1
17 24 1
17 25 -1
17 26 1
17 27 1
17 28 1
17 30 1
17 31 1
17 40 1
17 44 1
17 50 1
17 56 1
17 58 1
18 10 1
18 20 1
18 21 1
18 22 1
18 23 1
18 24 1
18 25 1
18 26 1
18 28 1
18 31 1
18 34 1
18 35 1
18 40 1
18 49 1
18 54 1
19 1 1
19 5 -1
19 14 1
19 22 1
19 23 -1
19 24 1
19 25 1
19 26 1
19 29 1
19 30 1
19 31 1
19 32 1
19 38 1
19 56 1
19 58 1
20 1 1
20 8 1
20 12 1
20 17 1
20 18 1
20 21 1
20 22 1
20 25 1
20 26 1
20 28 1
20 29 1
20 32 1
20 40 1
20 57 1
20 60 1
21 5 1
21 18 1
21 20 1
21 22 1
21 23 1
21 25 1
21 26 1
21 27 1
21 29 1
21 30 1
21 33 1
21 34 1
21 48 -1
21 49 1
21 59 1
21 63 1
22 10 1
22 12 1
22 18 1
22 19 1
22 20 1
22 21 1
22 23 1
22 24 1
22 27 1
22 29 1
22 31 -1
22 36 1
22 37 -1
22 52 1
22 54 1
22 63 1
23 4 1
23 7 1
23 13 1
23 17 1
23 18 1
23 19 -1
23 21 1
23 22 1
23 25 1
23 28 1
23 30 1
23 32 -1
23 42 1
23 57 1
23 62 1
23 63 1
24 9 1
24 14 1
24 17 1
24 18 1
24 19 1
24 22 1
24 25 1
24 28 -1
24 30 1
24 31 1
24 32 -1
24 33 1
24 34 1
24 52 1
24 60 1
25 16 1
25 17 -1
25 18 1
25 19 1
25 20 1
25 21 1
25 23 1
25 24 1
25 26 1
25 27 1
25 47 1
25 48 1
25 52 1
25 55 1
25 60 1
25 62 1
26 16 1
26 17 1
26 18 1
26 19 1
26 20 1
26 21 1
26 25 1
26 27 1
26 30 1
26 32 1
26 36 -1
26 38 1
26 41 1
26 50 1
26 51 1
27 4 1
27 5 1
27 17 1
27 21 1
27 22 1
27 25 1
27 26 1
27 28 1
27 29 -1
27 31 1
27 32 1
27 35 -1
27 46 1
27 59 1
27 61 1
28 16 1
28 17 1
28 18 1
28 20 1
28 23 1
28 24 -1
28 27 1
28 29 1
28 31 1
28 32 1
28 36 1
28 41 1
28 53 1
28 59 -1
28 61 1
29 2 -1
29 4 1
29 11 1
29 19 1
29 20 1
29 21 1
29 22 1
29 27 -1
29 28 1
29 30 1
29 31 -1
29 32 1
29 41 1
29 54 1
29 57 1
29 60 1
30 5 1
30 6 1
30 9 1
30 13 1
30 15 1
30 17 1
30 19 1
30 21 1
30 23 1
30 24 1
30 26 1
30 29 1
30 31 1
30 32 1
30 63 -1
31 3 1
31 17 1
31 18 1
31 19 1
31 22 -1
31 24 1
31 27 1
31 28 1
31 29 -1
31 30 1
31 39 1
31 45 1
31 51 1
31 55 1
31 56 1
32 15 1
32 16 1
32 19 1
32 20 1
32 23 -1
32 24 -1
32 26 1
32 27 1
32 28 1
32 29 1
32 30 1
32 38 1
32 42 1
32 45 1
32 61 1
33 9 1
33 10 1
33 21 1
33 24 1
33 34 1
33 35 1
33 36 1
33 39 1
33 41 1
33 43 1
33 44 1
33 47 1
33 48 1
33 58 1
33 62 1
34 6 1
34 9 1
34 10 1
34 18 1
34 21 1
34 24 1
34 33 1
34 36 1
34 37 1
34 38 1
34 39 1
34 40 1
34 42 -1
34 43 1
34 47 -1
34 63 1
35 3 1
35 5 1
35 12 1
35 18 1
35 27 -1
35 33 1
35 36 1
35 37 1
35 40 1
35 41 1
35 42 1
35 46 1
35 47 1
35 48 1
35 53 -1
35 60 -1
36 2 1
36 22 1
36 26 -1
36 28 1
36 33 1
36 34 1
36 35 1
36 39 1
36 41 1
36 43 1
36 45 1
36 46 1
36 48 -1
36 51 1
36 59 1
37 14 1
37 22 -1
37 34 1
37 35 1
37 38 1
37 41 1
37 42 1
37 44 1
37 45 1
37 46 1
37 48 1
37 53 -1
37 55 1
37 56 1
38 2 1
38 16 1
38 19 1
38 26 1
38 32 1
38 34 1
38 37 1
38 40 1
38 41 1
38 43 1
38 44 1
38 45 1
38 46 1
38 48 1
38 53 1
39 7 1
39 31 1
39 33 1
39 34 1
39 36 1
39 40 1
39 41 1
39 42 1
39 44 1
39 45 1
39 46 1
39 49 1
39 50 1
39 58 1
39 64 1
40 5 1
40 10 1
40 12 1
40 15 1
40 17 1
40 18 1
40 20 1
40 34 1
40 35 1
40 38 1
40 39 1
40 41 1
40 42 -1
40 43 1
40 46 1
40 48 1
41 2 1
41 3 1
41 16 1
41 26 1
41 28 1
41 29 1
41 33 1
41 35 1
41 36 1
41 37 1
41 38 1
41 39 1
41 40 1
41 44 1
41 45 -1
41 64 1
42 8 1
42 13 1
42 23 1
42 32 1
42 34 -1
42 35 1
42 37 1
42 39 1
42 40 -1
42 43 -1
42 44 1
42 45 1
42 47 1
42 55 1
42 59 1
43 11 1
43 12 1
43 14 1
43 33 1
43 34 1
43 36 1
43 38 1
43 40 1
43 42 -1
43 45 -1
43 47 1
43 48 1
43 50 1
43 51 1
43 61 1
43 64 1
44 1 1
44 6 1
44 7 1
44 11 1
44 13 1
44 17 1
44 33 1
44 37 1
44 38 1
44 39 1
44 41 1
44 42 1
44 45 1
44 46 1
44 47 1
45 7 1
45 31 1
45 32 1
45 36 1
45 37 1
45 38 1
45 39 1
45 41 -1
45 42 1
45 43 -1
45 44 1
45 47 -1
45 52 -1
45 58 -1
45 62 1
46 1 -1
46 10 1
46 27 1
46 35 1
46 36 1
46 37 1
46 38 1
46 39 1
46 40 1
46 44 1
46 47 1
46 48 1
46 53 1
46 63 1
47 2 1
47 4 1
47 7 1
47 10 1
47 25 1
47 33 1
47 34 -1
47 35 1
47 42 1
47 43 1
47 44 1
47 45 -1
47 46 1
47 48 1
47 58 1
47 64 1
48 9 1
48 15 1
48 21 -1
48 25 1
48 33 1
48 35 1
48 36 -1
48 37 1
48 38 1
48 40 1
48 43 1
48 46 1
48 47 1
48 55 1
48 57 -1
48 59 1
49 3 -1
49 7 1
49 8 1
49 13 1
49 18 1
49 21 1
49 39 1
49 50 1
49 54 1
49 56 1
49 57 1
49 58 1
49 60 -1
49 61 1
49 62 1
49 64 1
50 1 1
50 3 1
50 14 1
50 17 1
50 26 1
50 39 1
50 43 1
50 49 1
50 51 -1
50 52 1
50 53 1
50 54 1
50 59 1
50 60 1
50 61 1
50 63 1
51 2 1
51 3 1
51 26 1
51 31 1
51 36 1
51 43 1
51 50 -1
51 54 1
51 56 1
51 58 1
51 59 1
51 60 1
51 61 1
51 62 1
51 63 1
52 6 1
52 8 1
52 22 1
52 24 1
52 25 1
52 45 -1
52 50 1
52 56 1
52 57 1
52 58 1
52 59 1
52 61 -1
52 62 -1
52 63 1
52 64 -1
53 2 1
53 16 1
53 28 1
53 35 -1
53 37 -1
53 38 1
53 46 1
53 50 1
53 54 -1
53 55 1
53 56 1
53 58 1
53 59 1
53 62 -1
53 63 1
53 64 1
54 8 1
54 13 1
54 15 1
54 18 1
54 22 1
54 29 1
54 49 1
54 50 1
54 51 1
54 53 -1
54 55 1
54 60 1
54 62 1
54 63 1
54 64 1
55 11 1
55 25 1
55 31 1
55 37 1
55 42 1
55 48 1
55 53 1
55 54 1
55 56 1
55 57 -1
55 58 1
55 60 -1
55 61 1
55 62 -1
55 64 1
56 1 1
56 9 1
56 11 1
56 17 1
56 19 1
56 31 1
56 37 1
56 49 1
56 51 1
56 52 1
56 53 1
56 55 1
56 57 1
56 59 1
56 60 1
56 64 1
57 4 1
57 6 1
57 9 1
57 20 1
57 23 1
57 29 1
57 48 -1
57 49 1
57 52 1
57 55 -1
57 56 1
57 58 1
57 60 1
57 61 1
57 62 -1
57 63 1
58 17 1
58 19 1
58 33 1
58 39 1
58 45 -1
58 47 1
58 49 1
58 51 1
58 52 1
58 53 1
58 55 1
58 57 1
58 59 1
58 60 1
58 63 1
59 6 -1
59 21 1
59 27 1
59 28 -1
59 36 1
59 42 1
59 48 1
59 50 1
59 51 1
59 52 1
59 53 1
59 56 1
59 58 1
59 61 1
59 62 1
59 63 1
60 6 1
60 8 1
60 20 1
60 24 1
60 25 1
60 29 1
60 35 -1
60 49 -1
60 50 1
60 51 1
60 54 1
60 55 -1
60 56 1
60 57 1
60 58 1
60 61 1
61 4 1
61 12 1
61 27 1
61 28 1
61 32 1
61 43 1
61 49 1
61 50 1
61 51 1
61 52 -1
61 55 1
61 57 1
61 59 1
61 60 1
61 64 1
62 11 1
62 15 1
62 23 1
62 25 1
62 33 1
62 45 1
62 49 1
62 51 1
62 52 -1
62 53 -1
62 54 1
62 55 -1
62 57 -1
62 59 1
62 64 1
63 21 1
63 22 1
63 23 1
63 30 -1
63 34 1
63 46 1
63 50 1
63 51 1
63 52 1
63 53 1
63 54 1
63 57 1
63 58 1
63 59 1
63 64 1
64 3 1
64 7 1
64 15 1
64 39 1
64 41 1
64 43 1
64 47 1
64 49 1
64 52 -1
64 53 1
64 54 1
64 55 1
64 56 1
64 61 1
64 62 1
64 63 1
