1 2 1
1 3 -1
1 7 -1
1 10 -1
1 12 -1
1 13 -1
1 14 -1
1 15 -1
1 16 -1
1 19 -1
1 33 1
1 34 -1
1 35 -1
1 37 -1
1 41 -1
1 61 1
2 1 1
2 3 -1
2 5 1
2 7 -1
2 9 1
2 11 1
2 14 -1
2 15 -1
2 16 -1
2 31 -1
2 34 -1
2 37 1
2 45 -1
2 58 1
2 61 -1
2 63 1
3 1 -1
3 2 -1
3 4 -1
3 5 1
3 8 -1
3 10 1
3 11 -1
3 12 1
3 15 1
3 19 -1
3 29 -1
3 31 1
3 39 -1
3 55 1
3 63 1
3 64 1
4 3 -1
4 5 -1
4 6 1
4 8 1
4 9 -1
4 10 -1
4 11 -1
4 14 -1
4 15 -1
4 17 1
4 23 -1
4 43 -1
4 46 -1
4 50 -1
4 51 -1
4 63 -1
5 2 1
5 3 1
5 4 -1
5 6 1
5 7 -1
5 8 1
5 10 -1
5 12 -1
5 15 -1
5 28 -1
5 34 -1
5 35 1
5 44 1
5 45 -1
5 64 1
6 4 1
6 5 1
6 7 1
6 9 1
6 11 1
6 12 1
6 13 -1
6 14 -1
6 16 -1
6 20 -1
6 21 1
6 22 -1
6 36 1
6 46 -1
6 47 -1
6 52 -1
7 1 -1
7 2 -1
7 5 -1
7 6 1
7 10 1
7 12 -1
7 13 1
7 15 -1
7 16 1
7 17 1
7 20 1
7 25 1
7 31 -1
7 41 1
7 53 -1
8 3 -1
8 4 1
8 5 1
8 9 -1
8 11 1
8 13 -1
8 14 1
8 15 -1
8 16 -1
8 20 1
8 30 -1
8 31 -1
8 36 1
8 52 -1
8 57 1
9 2 1
9 4 -1
9 6 1
9 8 -1
9 10 1
9 11 -1
9 12 1
9 13 -1
9 14 -1
9 19 -1
9 27 -1
9 28 -1
9 33 -1
9 40 -1
9 43 -1
9 63 -1
10 1 -1
10 3 1
10 4 -1
10 5 -1
10 7 1
10 9 1
10 12 -1
10 13 -1
10 15 -1
10 27 -1
10 47 1
10 53 -1
10 54 1
10 61 -1
11 2 1
11 3 -1
11 4 -1
11 6 1
11 8 1
11 9 -1
11 13 -1
11 14 -1
11 16 1
11 20 1
11 24 1
11 27 -1
11 46 1
11 50 -1
11 53 -1
11 58 1
12 1 -1
12 3 1
12 5 -1
12 6 1
12 7 -1
12 9 1
12 10 -1
12 14 1
12 16 1
12 17 -1
12 31 1
12 35 -1
12 44 1
12 52 -1
12 53 1
13 1 -1
13 6 -1
13 7 1
13 8 -1
13 9 -1
13 10 -1
13 11 -1
13 14 -1
13 16 -1
13 20 -1
13 30 -1
13 31 -1
13 44 1
13 51 -1
13 55 -1
13 60 -1
14 1 -1
14 2 -1
14 4 -1
14 6 -1
14 8 1
14 9 -1
14 11 -1
14 12 1
14 13 -1
14 26 1
14 32 1
14 40 -1
14 52 1
14 57 1
14 58 -1
14 61 -1
15 1 -1
15 2 -1
15 3 1
15 4 -1
15 5 -1
15 7 -1
15 8 -1
15 10 -1
15 16 -1
15 19 1
15 24 1
15 35 -1
15 44 1
15 48 1
15 60 -1
15 64 -1
16 1 -1
16 2 -1
16 6 -1
16 7 1
16 8 -1
16 11 1
16 12 1
16 13 -1
16 15 -1
16 31 -1
16 33 -1
16 41 1
16 48 -1
16 49 -1
16 54 -1
16 57 1
17 4 1
17 7 1
17 12 -1
17 19 1
17 20 -1
17 21 1
17 22 -1
17 23 1
17 26 1
17 30 1
17 31 -1
17 32 1
17 33 -1
17 43 1
17 49 1
17 51 -1
18 19 -1
18 21 -1
18 22 1
18 23 1
18 25 -1
18 27 -1
18 28 -1
18 30 -1
18 32 -1
18 36 -1
18 50 1
18 55 1
18 58 1
18 60 -1
18 62 -1
19 1 -1
19 3 -1
19 9 -1
19 15 1
19 17 1
19 18 -1
19 21 1
19 22 -1
19 25 1
19 26 -1
19 28 1
19 29 -1
19 32 1
19 33 -1
19 51 1
19 57 -1
20 6 -1
20 7 1
20 8 1
20 11 1
20 13 -1
20 17 -1
20 21 1
20 23 -1
20 26 1
20 27 -1
20 28 1
20 29 -1
20 30 -1
20 31 -1
20 34 1
20 40 -1
21 6 1
21 17 1
21 18 -1
21 19 1
21 20 1
21 24 1
21 27 -1
21 28 1
21 29 1
21 30 -1
21 39 -1
21 43 -1
21 45 -1
21 51 -1
21 56 -1
21 59 1
22 6 -1
22 17 -1
22 18 1
22 19 -1
22 24 1
22 25 1
22 26 1
22 27 -1
22 29 1
22 32 -1
22 36 -1
22 39 1
22 44 1
22 54 -1
22 61 1
22 64 1
23 4 -1
23 17 1
23 18 1
23 20 -1
23 24 -1
23 26 -1
23 29 1
23 30 -1
23 31 -1
23 32 -1
23 37 -1
23 38 -1
23 39 -1
23 47 1
23 48 -1
23 50 -1
24 11 1
24 15 1
24 21 1
24 22 1
24 23 -1
24 25 1
24 27 1
24 28 1
24 30 1
24 31 -1
24 32 1
24 44 1
24 46 -1
24 59 -1
24 63 -1
24 64 -1
25 7 1
25 18 -1
25 19 1
25 22 1
25 24 1
25 26 1
25 28 -1
25 29 1
25 31 -1
25 32 -1
25 35 -1
25 42 -1
25 45 -1
25 60 1
25 61 1
25 63 -1
26 14 1
26 17 1
26 19 -1
26 20 1
26 22 1
26 23 -1
26 25 1
26 27 -1
26 31 -1
26 32 1
26 40 -1
26 46 -1
26 50 -1
26 59 1
26 62 -1
27 9 -1
27 10 -1
27 11 -1
27 18 -1
27 20 -1
27 21 -1
27 22 -1
27 24 1
27 26 -1
27 28 -1
27 30 1
27 31 -1
27 41 -1
27 49 -1
27 52 -1
27 62 1
28 5 -1
28 9 -1
28 18 -1
28 19 1
28 20 1
28 21 1
28 24 1
28 25 -1
28 27 -1
28 29 -1
28 32 -1
28 33 -1
28 47 -1
28 49 1
28 59 -1
28 62 -1
29 3 -1
29 19 -1
29 20 -1
29 21 1
29 22 1
29 23 1
29 25 1
29 28 -1
29 30 -1
29 31 -1
29 36 -1
29 38 -1
29 39 1
29 52 -1
29 58 -1
29 62 -1
30 8 -1
30 13 -1
30 17 1
30 18 -1
30 20 -1
30 21 -1
30 23 -1
30 24 1
30 27 1
30 29 -1
30 31 1
30 38 -1
30 42 -1
30 43 -1
30 45 1
31 2 -1
31 3 1
31 7 -1
31 8 -1
31 12 1
31 13 -1
31 16 -1
31 17 -1
31 20 -1
31 23 -1
31 24 -1
31 25 -1
31 26 -1
31 27 -1
31 29 -1
31 30 1
32 14 1
32 17 1
32 18 -1
32 19 1
32 22 -1
32 23 -1
32 24 1
32 25 -1
32 26 1
32 28 -1
32 34 -1
32 40 1
32 53 -1
32 55 -1
32 56 1
32 60 1
33 1 1
33 9 -1
33 16 -1
33 17 -1
33 19 -1
33 28 -1
33 34 1
33 36 1
33 38 -1
33 39 1
33 40 -1
33 44 1
33 45 -1
33 47 1
33 48 -1
33 59 1
34 1 -1
34 2 -1
34 5 -1
34 20 1
34 32 -1
34 33 1
34 35 1
34 36 -1
34 37 -1
34 38 -1
34 42 1
34 43 -1
34 46 -1
34 47 1
34 49 -1
35 1 -1
35 5 1
35 12 -1
35 15 -1
35 25 -1
35 34 1
35 36 1
35 38 1
35 39 -1
35 40 -1
35 41 -1
35 42 -1
35 44 1
35 48 -1
35 49 -1
35 60 1
36 6 1
36 8 1
36 18 -1
36 22 -1
36 29 -1
36 33 1
36 34 -1
36 35 1
36 37 1
36 39 1
36 43 1
36 44 -1
36 45 1
36 48 -1
36 50 -1
36 55 -1
37 1 -1
37 2 1
37 23 -1
37 34 -1
37 36 1
37 38 1
37 40 -1
37 41 -1
37 42 1
37 45 -1
37 46 1
37 48 1
37 49 -1
37 54 -1
37 58 1
37 61 1
38 23 -1
38 29 -1
38 30 -1
38 33 -1
38 34 -1
38 35 1
38 37 1
38 39 -1
38 44 1
38 45 1
38 46 1
38 48 -1
38 51 -1
38 59 1
38 60 -1
38 64 1
39 3 -1
39 21 -1
39 22 1
39 23 -1
39 29 1
39 33 1
39 35 -1
39 36 1
39 38 -1
39 40 -1
39 41 1
39 43 -1
39 45 1
39 47 1
39 52 -1
39 62 1
40 9 -1
40 14 -1
40 20 -1
40 26 -1
40 32 1
40 33 -1
40 35 -1
40 37 -1
40 39 -1
40 41 1
40 43 1
40 44 1
40 46 -1
40 48 1
40 53 -1
40 56 1
41 1 -1
41 7 1
41 16 1
41 27 -1
41 35 -1
41 37 -1
41 39 1
41 40 1
41 42 -1
41 43 1
41 45 -1
41 46 1
41 47 -1
41 53 -1
41 59 -1
42 25 -1
42 30 -1
42 34 1
42 35 -1
42 37 1
42 41 -1
42 43 -1
42 45 -1
42 46 -1
42 47 -1
42 48 1
42 54 1
42 56 -1
42 64 -1
43 4 -1
43 9 -1
43 17 1
43 21 -1
43 30 -1
43 34 -1
43 36 1
43 39 -1
43 40 1
43 41 1
43 42 -1
43 44 -1
43 45 -1
43 46 -1
43 57 -1
43 63 1
44 5 1
44 12 1
44 13 1
44 15 1
44 22 1
44 24 1
44 33 1
44 35 1
44 36 -1
44 38 1
44 40 1
44 43 -1
44 46 1
44 47 1
44 48 -1
45 2 -1
45 5 -1
45 21 -1
45 25 -1
45 30 1
45 33 -1
45 36 1
45 37 -1
45 38 1
45 39 1
45 41 -1
45 42 -1
45 43 -1
45 47 -1
45 55 -1
45 58 1
46 4 -1
46 6 -1
46 11 1
46 24 -1
46 26 -1
46 34 -1
46 37 1
46 38 1
46 40 -1
46 41 1
46 42 -1
46 43 -1
46 44 1
46 47 -1
46 56 -1
47 6 -1
47 10 1
47 23 1
47 28 -1
47 33 1
47 34 1
47 39 1
47 41 -1
47 42 -1
47 44 1
47 45 -1
47 46 -1
47 48 -1
47 57 -1
48 15 1
48 16 -1
48 23 -1
48 33 -1
48 35 -1
48 36 -1
48 37 1
48 38 -1
48 40 1
48 42 1
48 44 -1
48 47 -1
48 51 1
48 55 1
48 56 1
48 57 1
49 16 -1
49 17 1
49 27 -1
49 28 1
49 34 -1
49 35 -1
49 37 -1
49 51 -1
49 52 -1
49 53 1
49 54 1
49 57 1
49 58 -1
49 60 -1
49 61 1
49 63 -1
50 4 -1
50 11 -1
50 18 1
50 23 -1
50 26 -1
50 36 -1
50 51 1
50 52 -1
50 55 -1
50 56 1
50 57 -1
50 59 -1
50 60 -1
50 62 -1
50 64 -1
51 4 -1
51 13 -1
51 17 -1
51 19 1
51 21 -1
51 38 -1
51 48 1
51 49 -1
51 50 1
51 53 1
51 54 -1
51 55 1
51 56 1
51 58 -1
51 60 1
51 64 -1
52 6 -1
52 8 -1
52 12 -1
52 14 1
52 27 -1
52 29 -1
52 39 -1
52 49 -1
52 50 -1
52 53 -1
52 54 1
52 55 1
52 59 -1
52 60 -1
52 62 1
52 63 -1
53 7 -1
53 10 -1
53 11 -1
53 12 1
53 32 -1
53 40 -1
53 41 -1
53 49 1
53 51 1
53 52 -1
53 56 -1
53 59 1
53 61 1
53 62 1
53 63 -1
53 64 1
54 10 1
54 16 -1
54 22 -1
54 37 -1
54 42 1
54 49 1
54 51 -1
54 52 1
54 56 -1
54 57 -1
54 58 1
54 60 -1
54 61 -1
54 63 -1
55 3 1
55 13 -1
55 18 1
55 32 -1
55 36 -1
55 45 -1
55 48 1
55 50 -1
55 51 1
55 52 1
55 56 1
55 57 1
55 58 1
55 61 -1
55 62 -1
55 64 -1
56 21 -1
56 32 1
56 40 1
56 42 -1
56 46 -1
56 48 1
56 50 1
56 51 1
56 53 -1
56 54 -1
56 55 1
56 58 -1
56 59 -1
56 61 -1
56 63 -1
57 8 1
57 14 1
57 16 1
57 19 -1
57 43 -1
57 47 -1
57 48 1
57 49 1
57 50 -1
57 54 -1
57 55 1
57 58 -1
57 59 -1
57 62 -1
57 63 1
57 64 -1
58 2 1
58 11 1
58 14 -1
58 18 1
58 29 -1
58 37 1
58 45 1
58 49 -1
58 51 -1
58 54 1
58 55 1
58 56 -1
58 57 -1
58 59 1
58 60 -1
58 64 1
59 21 1
59 24 -1
59 26 1
59 28 -1
59 33 1
59 38 1
59 41 -1
59 50 -1
59 52 -1
59 53 1
59 56 -1
59 57 -1
59 58 1
59 62 1
59 63 -1
59 64 -1
60 13 -1
60 15 -1
60 18 -1
60 25 1
60 32 1
60 35 1
60 38 -1
60 49 -1
60 50 -1
60 51 1
60 52 -1
60 54 -1
60 58 -1
60 61 -1
60 62 -1
60 64 -1
61 1 1
61 2 -1
61 10 -1
61 14 -1
61 22 1
61 25 1
61 37 1
61 49 1
61 53 1
61 54 -1
61 55 -1
61 56 -1
61 60 -1
61 62 1
61 63 -1
61 64 -1
62 18 -1
62 26 -1
62 27 1
62 28 -1
62 29 -1
62 39 1
62 50 -1
62 52 1
62 53 1
62 55 -1
62 57 -1
62 59 1
62 60 -1
62 61 1
62 63 1
63 2 1
63 3 1
63 4 -1
63 9 -1
63 24 -1
63 25 -1
63 43 1
63 49 -1
63 52 -1
63 53 -1
63 54 -1
63 56 -1
63 57 1
63 59 -1
63 61 -1
63 62 1
64 3 1
64 5 1
64 15 -1
64 22 1
64 24 -1
64 38 1
64 42 -1
64 50 -1
64 51 -1
64 53 1
64 55 -1
64 57 -1
64 58 1
64 59 -1
64 60 -1
64 61 -1
