1 4 -1
1 5 -1
1 6 1
1 7 -1
1 8 1
1 9 1
1 12 1
1 15 -1
1 16 -1
1 26 1
1 28 -1
1 33 1
1 42 1
1 43 -1
1 59 -1
1 60 -1
2 4 1
2 5 -1
2 8 -1
2 9 -1
2 10 -1
2 12 1
2 13 1
2 14 1
2 15 -1
2 21 1
2 46 -1
2 49 -1
2 51 -1
2 57 -1
2 61 -1
2 62 1
3 4 1
3 5 1
3 6 -1
3 7 -1
3 8 1
3 11 -1
3 13 -1
3 15 -1
3 16 -1
3 41 1
3 42 1
3 60 -1
3 64 -1
4 1 -1
4 2 1
4 3 1
4 6 -1
4 8 -1
4 9 1
4 10 1
4 11 -1
4 12 -1
4 17 1
4 21 -1
4 33 1
4 36 1
4 51 1
4 59 -1
5 1 -1
5 2 -1
5 3 1
5 8 -1
5 10 1
5 11 -1
5 13 -1
5 14 1
5 15 1
5 17 1
5 26 -1
5 35 -1
5 50 1
5 52 -1
5 57 1
5 62 -1
6 1 1
6 3 -1
6 4 -1
6 7 1
6 11 1
6 13 -1
6 14 1
6 15 -1
6 16 1
6 23 -1
6 33 -1
6 34 -1
6 36 -1
6 47 -1
6 61 1
7 1 -1
7 3 -1
7 6 1
7 8 1
7 9 1
7 10 -1
7 11 1
7 12 -1
7 15 -1
7 17 -1
7 27 -1
7 30 -1
7 37 -1
7 44 -1
7 49 -1
7 52 -1
8 1 1
8 2 -1
8 3 1
8 4 -1
8 5 -1
8 7 1
8 9 1
8 13 -1
8 14 -1
8 31 1
8 33 1
8 37 1
8 39 1
8 53 -1
8 55 -1
8 59 -1
9 1 1
9 2 -1
9 4 1
9 7 1
9 8 1
9 10 1
9 12 1
9 14 -1
9 16 1
9 21 1
9 25 1
9 43 -1
9 49 -1
9 51 -1
9 57 -1
10 2 -1
10 4 1
10 5 1
10 7 -1
10 9 1
10 12 -1
10 13 -1
10 14 -1
10 15 -1
10 18 1
10 22 -1
10 29 -1
10 36 1
10 46 1
10 50 -1
10 53 1
11 3 -1
11 4 -1
11 5 -1
11 6 1
11 7 1
11 12 1
11 13 -1
11 14 1
11 16 -1
11 21 -1
11 23 -1
11 25 1
11 41 1
11 47 -1
11 60 -1
12 1 1
12 2 1
12 4 -1
12 7 -1
12 9 1
12 10 -1
12 11 1
12 13 1
12 16 1
12 29 1
12 31 -1
12 36 -1
12 43 -1
12 48 -1
12 56 -1
12 60 1
13 2 1
13 3 -1
13 5 -1
13 6 -1
13 8 -1
13 10 -1
13 11 -1
13 12 1
13 16 1
13 27 1
13 30 -1
13 51 1
13 54 -1
13 57 -1
14 2 1
14 5 1
14 6 1
14 8 -1
14 9 -1
14 10 -1
14 11 1
14 15 -1
14 16 1
14 41 1
14 49 -1
14 52 -1
14 54 -1
14 55 -1
14 57 -1
14 63 -1
15 1 -1
15 2 -1
15 3 -1
15 5 1
15 6 -1
15 7 -1
15 10 -1
15 14 -1
15 16 -1
15 17 1
15 20 -1
15 38 -1
15 39 -1
15 42 1
15 43 -1
15 48 -1
16 1 -1
16 3 -1
16 6 1
16 9 1
16 11 -1
16 12 1
16 13 1
16 14 1
16 15 -1
16 25 -1
16 33 -1
16 35 -1
16 40 -1
16 45 -1
16 49 1
16 51 -1
17 4 1
17 5 1
17 7 -1
17 15 1
17 18 1
17 19 1
17 20 -1
17 22 1
17 23 -1
17 29 1
17 30 1
17 31 1
17 32 1
17 55 -1
17 56 -1
18 10 1
18 17 1
18 20 -1
18 21 -1
18 24 -1
18 26 1
18 27 1
18 29 1
18 31 -1
18 32 -1
18 37 -1
18 41 -1
18 44 -1
18 45 -1
18 52 1
18 58 -1
19 17 1
19 21 -1
19 22 1
19 25 1
19 26 -1
19 27 -1
19 28 -1
19 30 -1
19 32 -1
19 34 -1
19 36 -1
19 43 1
19 44 -1
19 45 -1
19 59 -1
20 15 -1
20 17 -1
20 18 -1
20 21 1
20 22 -1
20 23 -1
20 25 -1
20 27 -1
20 30 1
20 32 -1
20 34 -1
20 55 1
20 61 1
20 63 1
21 2 1
21 4 -1
21 9 1
21 11 -1
21 18 -1
21 19 -1
21 20 1
21 24 -1
21 26 -1
21 27 -1
21 29 -1
21 30 -1
21 31 -1
21 52 -1
21 64 -1
22 10 -1
22 17 1
22 19 1
22 20 -1
22 24 1
22 26 1
22 27 -1
22 28 -1
22 29 -1
22 31 -1
22 34 -1
22 39 1
22 40 -1
22 42 1
22 46 -1
22 47 -1
23 6 -1
23 11 -1
23 17 -1
23 20 -1
23 24 -1
23 25 -1
23 26 -1
23 27 1
23 28 1
23 31 -1
23 32 -1
23 34 1
23 46 -1
23 60 -1
23 62 -1
24 18 -1
24 21 -1
24 22 1
24 23 -1
24 25 1
24 29 1
24 30 -1
24 31 -1
24 32 1
24 37 -1
24 40 -1
24 44 1
24 49 -1
24 58 1
24 63 1
25 9 1
25 11 1
25 16 -1
25 19 1
25 20 -1
25 23 -1
25 24 1
25 26 1
25 28 1
25 29 -1
25 31 1
25 32 -1
25 42 -1
25 57 -1
25 62 1
26 1 1
26 5 -1
26 18 1
26 19 -1
26 21 -1
26 22 1
26 23 -1
26 25 1
26 28 -1
26 29 -1
26 31 -1
26 41 1
26 44 1
26 48 -1
26 58 -1
26 64 -1
27 7 -1
27 13 1
27 18 1
27 19 -1
27 20 -1
27 21 -1
27 22 -1
27 23 1
27 28 -1
27 29 1
27 30 1
27 46 -1
27 48 -1
27 52 -1
28 1 -1
28 19 -1
28 22 -1
28 23 1
28 25 1
28 26 -1
28 27 -1
28 30 -1
28 31 1
28 32 -1
28 37 -1
28 39 1
28 47 1
28 48 1
28 58 -1
29 10 -1
29 12 1
29 17 1
29 18 1
29 21 -1
29 22 -1
29 24 1
29 25 -1
29 26 -1
29 27 1
29 30 1
29 40 1
29 41 1
29 50 1
29 52 -1
29 55 -1
30 7 -1
30 13 -1
30 17 1
30 19 -1
30 20 1
30 21 -1
30 24 -1
30 27 1
30 28 -1
30 29 1
30 32 1
30 44 1
30 48 -1
30 49 1
30 56 -1
30 59 1
31 8 1
31 12 -1
31 17 1
31 18 -1
31 21 -1
31 22 -1
31 23 -1
31 24 -1
31 25 1
31 26 -1
31 28 1
31 46 1
31 50 1
31 51 -1
31 60 -1
31 63 1
32 17 1
32 18 -1
32 19 -1
32 20 -1
32 23 -1
32 24 1
32 25 -1
32 28 -1
32 30 1
32 33 -1
32 35 1
32 38 1
32 45 -1
32 54 -1
32 57 1
32 58 -1
33 1 1
33 4 1
33 6 -1
33 8 1
33 16 -1
33 32 -1
33 34 1
33 35 -1
33 36 -1
33 38 -1
33 39 -1
33 40 -1
33 42 -1
33 47 -1
33 48 1
33 56 1
34 6 -1
34 19 -1
34 20 -1
34 22 -1
34 23 1
34 33 1
34 37 1
34 38 -1
34 40 -1
34 41 1
34 43 -1
34 45 1
34 47 1
34 48 -1
34 54 -1
34 55 1
35 5 -1
35 16 -1
35 32 1
35 33 -1
35 36 -1
35 37 -1
35 39 1
35 42 -1
35 43 1
35 44 1
35 47 -1
35 48 1
35 51 1
35 62 -1
35 63 -1
35 64 1
36 4 1
36 6 -1
36 10 1
36 12 -1
36 19 -1
36 33 -1
36 35 -1
36 38 -1
36 40 1
36 43 -1
36 44 -1
36 45 -1
36 46 -1
36 48 -1
36 59 -1
37 7 -1
37 8 1
37 18 -1
37 24 -1
37 28 -1
37 34 1
37 35 -1
37 38 -1
37 39 -1
37 41 1
37 42 -1
37 44 1
37 45 -1
37 46 1
37 50 1
37 64 1
38 15 -1
38 32 1
38 33 -1
38 34 -1
38 36 -1
38 37 -1
38 40 -1
38 41 -1
38 42 -1
38 45 -1
38 48 -1
38 54 1
38 56 1
38 58 -1
38 63 -1
39 8 1
39 15 -1
39 22 1
39 28 1
39 33 -1
39 35 1
39 37 -1
39 41 -1
39 42 -1
39 43 1
39 44 1
39 46 1
39 47 1
39 50 -1
39 60 -1
40 16 -1
40 22 -1
40 24 -1
40 29 1
40 33 -1
40 34 -1
40 36 1
40 38 -1
40 42 -1
40 43 1
40 44 -1
40 46 -1
40 48 1
40 54 -1
40 59 -1
41 3 1
41 11 1
41 14 1
41 18 -1
41 26 1
41 29 1
41 34 1
41 37 1
41 38 -1
41 39 -1
41 43 1
41 44 1
41 45 -1
41 46 1
41 47 1
42 1 1
42 3 1
42 15 1
42 22 1
42 25 -1
42 33 -1
42 35 -1
42 37 -1
42 38 -1
42 39 -1
42 40 -1
42 44 -1
42 45 -1
42 47 1
42 53 1
42 56 -1
43 1 -1
43 9 -1
43 12 -1
43 15 -1
43 19 1
43 34 -1
43 35 1
43 36 -1
43 39 1
43 40 1
43 41 1
43 45 -1
43 46 -1
43 47 1
43 61 -1
44 7 -1
44 18 -1
44 19 -1
44 24 1
44 26 1
44 30 1
44 35 1
44 36 -1
44 37 1
44 39 1
44 40 -1
44 41 1
44 42 -1
44 46 -1
44 48 -1
45 16 -1
45 18 -1
45 19 -1
45 32 -1
45 34 1
45 36 -1
45 37 -1
45 38 -1
45 41 -1
45 42 -1
45 43 -1
45 47 -1
45 48 1
45 55 1
45 62 -1
45 63 1
46 2 -1
46 10 1
46 22 -1
46 23 -1
46 27 -1
46 31 1
46 36 -1
46 37 1
46 39 1
46 40 -1
46 41 1
46 43 -1
46 44 -1
46 47 -1
46 48 1
46 53 -1
47 6 -1
47 11 -1
47 22 -1
47 28 1
47 33 -1
47 34 1
47 35 -1
47 39 1
47 41 1
47 42 1
47 43 1
47 45 -1
47 46 -1
47 53 -1
47 54 -1
48 12 -1
48 15 -1
48 26 -1
48 27 -1
48 28 1
48 30 -1
48 33 1
48 34 -1
48 35 1
48 36 -1
48 38 -1
48 40 1
48 44 -1
48 45 1
48 46 1
48 53 1
49 2 -1
49 7 -1
49 9 -1
49 14 -1
49 16 1
49 24 -1
49 30 1
49 50 -1
49 51 1
49 52 -1
49 53 -1
49 56 -1
49 57 1
49 58 -1
49 59 1
49 61 -1
50 5 1
50 10 -1
50 29 1
50 31 1
50 37 1
50 39 -1
50 49 -1
50 51 1
50 53 1
50 55 -1
50 56 -1
50 57 -1
50 59 -1
50 61 1
50 63 -1
51 2 -1
51 4 1
51 9 -1
51 13 1
51 16 -1
51 31 -1
51 35 1
51 49 1
51 50 1
51 52 -1
51 53 1
51 57 -1
51 59 1
51 60 -1
51 61 -1
51 62 -1
52 5 -1
52 7 -1
52 14 -1
52 18 1
52 21 -1
52 27 -1
52 29 -1
52 49 -1
52 51 -1
52 54 1
52 55 -1
52 57 1
52 58 1
52 62 -1
52 63 1
52 64 -1
53 8 -1
53 10 1
53 42 1
53 46 -1
53 47 -1
53 48 1
53 49 -1
53 50 1
53 51 1
53 54 -1
53 55 -1
53 56 1
53 59 -1
53 63 1
53 64 1
54 13 -1
54 14 -1
54 32 -1
54 34 -1
54 38 1
54 40 -1
54 47 -1
54 52 1
54 53 -1
54 55 -1
54 58 -1
54 59 -1
54 60 -1
54 61 1
54 62 -1
54 63 -1
55 8 -1
55 14 -1
55 17 -1
55 20 1
55 29 -1
55 34 1
55 45 1
55 50 -1
55 52 -1
55 53 -1
55 54 -1
55 56 1
55 57 -1
55 58 -1
55 61 -1
55 64 -1
56 12 -1
56 17 -1
56 30 -1
56 33 1
56 38 1
56 42 -1
56 49 -1
56 50 -1
56 53 1
56 55 1
56 58 1
56 59 1
56 60 -1
56 61 -1
56 64 1
57 2 -1
57 5 1
57 9 -1
57 13 -1
57 14 -1
57 25 -1
57 32 1
57 49 1
57 50 -1
57 51 -1
57 52 1
57 55 -1
57 60 1
57 62 -1
57 63 1
57 64 1
58 18 -1
58 24 1
58 26 -1
58 28 -1
58 32 -1
58 38 -1
58 49 -1
58 52 1
58 54 -1
58 55 -1
58 56 1
58 60 -1
58 62 -1
58 63 1
58 64 1
59 1 -1
59 4 -1
59 8 -1
59 19 -1
59 30 1
59 36 -1
59 40 -1
59 49 1
59 50 -1
59 51 1
59 53 -1
59 54 -1
59 56 1
59 60 1
59 63 -1
59 64 -1
60 1 -1
60 3 -1
60 11 -1
60 12 1
60 23 -1
60 31 -1
60 39 -1
60 51 -1
60 54 -1
60 56 -1
60 57 1
60 58 -1
60 59 1
60 61 1
60 62 1
60 64 1
61 2 -1
61 6 1
61 20 1
61 43 -1
61 49 -1
61 50 1
61 51 -1
61 54 1
61 55 -1
61 56 -1
61 60 1
61 62 1
61 63 1
62 2 1
62 5 -1
62 23 -1
62 25 1
62 35 -1
62 45 -1
62 51 -1
62 52 -1
62 54 -1
62 57 -1
62 58 -1
62 60 1
62 61 1
62 63 -1
62 64 1
63 14 -1
63 20 1
63 24 1
63 31 1
63 35 -1
63 38 -1
63 45 1
63 50 -1
63 52 1
63 53 1
63 54 -1
63 57 1
63 58 1
63 59 -1
63 61 1
63 62 -1
64 3 -1
64 21 -1
64 26 -1
64 35 1
64 37 1
64 52 -1
64 53 1
64 55 -1
64 56 1
64 57 1
64 58 1
64 59 -1
64 60 1
64 62 1
