1 2 1
1 4 1
1 5 1
1 6 1
1 7 1
1 10 1
1 11 -1
1 12 1
1 16 1
1 20 1
1 31 -1
1 32 1
1 43 1
1 60 1
1 63 -1
2 1 1
2 3 1
2 5 1
2 8 1
2 9 1
2 10 1
2 12 1
2 13 1
2 16 1
2 26 1
2 40 1
2 41 1
2 48 1
2 58 1
3 2 1
3 4 1
3 6 1
3 8 1
3 10 1
3 11 1
3 12 -1
3 15 1
3 16 1
3 24 -1
3 32 1
3 40 1
3 49 1
3 50 1
3 57 1
3 60 1
4 1 1
4 3 1
4 7 1
4 9 -1
4 11 1
4 12 1
4 13 1
4 14 1
4 15 1
4 27 1
4 31 1
4 32 1
4 35 1
4 38 1
4 46 1
4 50 1
5 1 1
5 2 1
5 6 1
5 7 1
5 8 1
5 9 1
5 10 1
5 11 1
5 12 -1
5 22 1
5 32 1
5 36 1
5 44 1
5 52 -1
5 60 1
5 64 1
6 1 1
6 3 1
6 5 1
6 8 1
6 9 1
6 11 1
6 13 1
6 14 1
6 16 1
6 19 1
6 22 1
6 45 1
6 51 1
6 54 1
6 61 1
7 1 1
7 4 1
7 5 1
7 8 1
7 10 1
7 12 1
7 13 1
7 14 1
7 15 -1
7 18 1
7 34 1
7 37 1
7 58 1
7 63 1
7 64 1
8 2 1
8 3 1
8 5 1
8 6 1
8 7 1
8 11 1
8 12 1
8 13 1
8 16 1
8 21 1
8 25 1
8 27 1
8 28 1
8 32 1
8 49 1
8 55 1
9 2 1
9 4 -1
9 5 1
9 6 1
9 12 -1
9 13 1
9 14 1
9 15 1
9 16 -1
9 19 -1
9 21 -1
9 28 1
9 29 1
9 31 1
9 48 1
9 52 1
10 1 1
10 2 1
10 3 1
10 5 1
10 7 1
10 12 1
10 14 1
10 15 1
10 16 1
10 22 1
10 34 1
10 46 -1
10 48 1
10 50 1
10 53 1
11 1 -1
11 3 1
11 4 1
11 5 1
11 6 1
11 8 1
11 13 1
11 14 1
11 15 1
11 18 1
11 24 1
11 25 1
11 28 1
11 30 1
11 41 1
11 42 1
12 1 1
12 2 1
12 3 -1
12 4 1
12 5 -1
12 7 1
12 8 1
12 9 -1
12 10 1
12 17 1
12 30 1
12 34 1
12 41 1
12 44 1
12 46 1
12 61 1
13 2 1
13 4 1
13 6 1
13 7 1
13 8 1
13 9 1
13 11 1
13 14 1
13 15 1
13 21 1
13 29 1
13 35 1
13 46 1
13 51 1
13 53 1
13 60 1
14 4 1
14 6 1
14 7 1
14 9 1
14 10 1
14 11 1
14 13 1
14 15 1
14 16 1
14 19 1
14 24 -1
14 41 1
14 42 -1
14 45 1
14 51 1
14 57 1
15 3 1
15 4 1
15 7 -1
15 9 1
15 10 1
15 11 1
15 13 1
15 14 1
15 16 1
15 23 1
15 27 1
15 45 1
15 48 1
15 58 1
16 1 1
16 2 1
16 3 1
16 6 1
16 8 1
16 9 -1
16 10 1
16 14 1
16 15 1
16 17 1
16 19 1
16 22 1
16 25 1
16 28 1
16 41 1
17 12 1
17 16 1
17 20 1
17 22 1
17 23 1
17 25 1
17 27 1
17 29 1
17 30 -1
17 31 1
17 32 1
17 45 -1
17 48 1
17 56 1
17 58 1
17 63 1
18 7 1
18 11 1
18 19 1
18 21 1
18 24 1
18 25 1
18 26 -1
18 28 1
18 29 1
18 31 1
18 32 1
18 39 1
18 47 1
18 51 1
18 55 1
19 6 1
19 9 -1
19 14 1
19 16 1
19 18 1
19 20 1
19 21 1
19 22 1
19 23 1
19 24 -1
19 25 1
19 26 1
19 30 1
19 47 1
19 62 -1
20 1 1
20 17 1
20 19 1
20 21 1
20 23 1
20 24 -1
20 26 -1
20 30 1
20 31 1
20 32 1
20 42 1
20 52 1
20 56 1
21 8 1
21 9 -1
21 13 1
21 18 1
21 19 1
21 20 1
21 22 1
21 23 1
21 26 1
21 29 1
21 30 1
21 32 1
21 42 1
21 47 1
21 58 1
21 59 -1
22 5 1
22 6 1
22 10 1
22 16 1
22 17 1
22 19 1
22 21 1
22 25 1
22 26 -1
22 27 1
22 28 1
22 29 -1
22 31 1
22 33 1
22 39 1
22 59 1
23 15 1
23 17 1
23 19 1
23 20 1
23 21 1
23 24 1
23 26 1
23 27 1
23 28 1
23 30 1
23 33 1
23 46 1
23 50 1
23 55 1
23 61 1
24 3 -1
24 11 1
24 14 -1
24 18 1
24 19 -1
24 20 -1
24 23 1
24 26 -1
24 27 1
24 28 1
24 31 -1
24 32 1
24 37 1
24 39 1
24 43 -1
24 58 1
25 8 1
25 11 1
25 16 1
25 17 1
25 18 1
25 19 1
25 22 1
25 27 1
25 28 -1
25 29 1
25 31 1
25 32 1
25 34 1
25 42 1
25 55 1
25 59 1
26 2 1
26 18 -1
26 19 1
26 20 -1
26 21 1
26 22 -1
26 23 1
26 24 -1
26 28 1
26 30 1
26 34 1
26 47 1
26 62 1
26 63 1
26 64 -1
27 4 1
27 8 1
27 15 1
27 17 1
27 22 1
27 23 1
27 24 1
27 25 1
27 28 1
27 29 1
27 31 1
27 32 1
27 40 1
27 51 -1
27 60 1
28 8 1
28 9 1
28 11 1
28 16 1
28 18 1
28 22 1
28 23 1
28 24 1
28 25 -1
28 26 1
28 27 1
28 29 1
28 32 1
28 49 1
28 64 1
29 9 1
29 13 1
29 17 1
29 18 1
29 21 1
29 22 -1
29 25 1
29 27 1
29 28 1
29 30 1
29 31 1
29 43 1
29 47 1
29 61 1
29 63 1
30 11 1
30 12 1
30 17 -1
30 19 1
30 20 1
30 21 1
30 23 1
30 26 1
30 29 1
30 31 1
30 32 1
30 34 1
30 40 1
30 44 1
30 64 1
31 1 -1
31 4 1
31 9 1
31 17 1
31 18 1
31 20 1
31 22 1
31 24 -1
31 25 1
31 27 1
31 29 1
31 30 1
31 36 1
31 42 1
31 56 1
31 62 1
32 1 1
32 3 1
32 4 1
32 5 1
32 8 1
32 17 1
32 18 1
32 20 1
32 21 1
32 24 1
32 25 1
32 27 1
32 28 1
32 30 1
32 37 1
33 22 1
33 23 1
33 36 1
33 37 1
33 39 1
33 42 1
33 44 1
33 45 -1
33 46 1
33 47 1
33 48 1
33 57 1
33 59 1
33 60 1
33 62 1
34 7 1
34 10 1
34 12 1
34 25 1
34 26 1
34 30 1
34 36 1
34 37 1
34 38 1
34 39 1
34 43 -1
34 44 1
34 45 1
34 46 1
34 48 1
34 53 1
35 4 1
35 13 1
35 36 1
35 38 1
35 39 1
35 40 1
35 41 1
35 42 1
35 44 1
35 47 1
35 48 1
35 49 1
35 50 1
35 54 1
35 59 1
36 5 1
36 31 1
36 33 1
36 34 1
36 35 1
36 37 1
36 39 1
36 40 1
36 42 1
36 44 1
36 46 -1
36 51 1
36 59 1
36 61 1
37 7 1
37 24 1
37 32 1
37 33 1
37 34 1
37 36 1
37 39 1
37 40 1
37 41 1
37 42 -1
37 44 -1
37 47 1
37 53 1
37 54 1
37 57 1
38 4 1
38 34 1
38 35 1
38 39 1
38 41 1
38 42 1
38 43 1
38 44 1
38 46 1
38 47 -1
38 49 1
38 54 1
38 55 1
38 56 1
39 18 1
39 22 1
39 24 1
39 33 1
39 34 1
39 35 1
39 36 1
39 37 1
39 38 1
39 44 1
39 45 1
39 48 1
39 53 1
39 55 1
39 56 1
39 57 1
40 2 1
40 3 1
40 27 1
40 30 1
40 35 1
40 36 1
40 37 1
40 42 1
40 43 1
40 45 -1
40 46 1
40 47 1
40 48 1
40 52 1
40 64 1
41 2 1
41 11 1
41 12 1
41 14 1
41 16 1
41 35 1
41 37 1
41 38 1
41 42 1
41 43 1
41 44 1
41 45 1
41 46 1
41 47 1
41 55 1
41 63 1
42 11 1
42 14 -1
42 20 1
42 21 1
42 25 1
42 31 1
42 33 1
42 35 1
42 36 1
42 37 -1
42 38 1
42 40 1
42 41 1
42 43 -1
42 45 1
43 1 1
43 24 -1
43 29 1
43 34 -1
43 38 1
43 40 1
43 41 1
43 42 -1
43 45 1
43 46 1
43 47 1
43 48 1
43 50 1
43 62 1
43 63 1
44 5 1
44 12 1
44 30 1
44 33 1
44 34 1
44 35 1
44 36 1
44 37 -1
44 38 1
44 39 1
44 41 1
44 46 1
44 52 1
44 53 1
44 54 1
45 6 1
45 14 1
45 15 1
45 17 -1
45 33 -1
45 34 1
45 39 1
45 40 -1
45 41 1
45 42 1
45 43 1
45 47 1
45 48 1
45 49 1
45 58 1
46 4 1
46 10 -1
46 12 1
46 13 1
46 23 1
46 33 1
46 34 1
46 36 -1
46 38 1
46 40 1
46 41 1
46 43 1
46 44 1
46 48 1
46 57 1
47 18 1
47 19 1
47 21 1
47 26 1
47 29 1
47 33 1
47 35 1
47 37 1
47 38 -1
47 40 1
47 41 1
47 43 1
47 45 1
47 48 1
47 56 -1
48 2 1
48 9 1
48 10 1
48 15 1
48 17 1
48 33 1
48 34 1
48 35 1
48 39 1
48 40 1
48 43 1
48 45 1
48 46 1
48 47 1
48 51 1
49 3 1
49 8 1
49 28 1
49 35 1
49 38 1
49 45 1
49 52 1
49 53 1
49 56 1
49 57 1
49 58 1
49 59 1
49 60 1
49 61 1
49 62 1
50 3 1
50 4 1
50 10 1
50 23 1
50 35 1
50 43 1
50 53 1
50 54 1
50 55 1
50 57 1
50 58 1
50 60 1
50 62 1
50 63 1
50 64 -1
51 6 1
51 13 1
51 14 1
51 18 1
51 27 -1
51 36 1
51 48 1
51 52 1
51 54 1
51 56 1
51 57 1
51 59 1
51 60 1
51 61 1
51 63 1
51 64 1
52 5 -1
52 9 1
52 20 1
52 40 1
52 44 1
52 49 1
52 51 1
52 54 1
52 56 1
52 58 1
52 60 1
52 61 -1
52 63 1
52 64 1
53 10 1
53 13 1
53 34 1
53 37 1
53 39 1
53 44 1
53 49 1
53 50 1
53 55 1
53 56 1
53 57 1
53 58 -1
53 59 1
53 62 1
53 64 1
54 6 1
54 35 1
54 37 1
54 38 1
54 44 1
54 50 1
54 51 1
54 52 1
54 55 1
54 56 1
54 57 1
54 59 1
54 61 1
54 62 1
55 8 1
55 18 1
55 23 1
55 25 1
55 38 1
55 39 1
55 41 1
55 50 1
55 53 1
55 54 1
55 57 1
55 59 1
55 60 1
55 61 1
55 63 1
55 64 1
56 17 1
56 20 1
56 31 1
56 38 1
56 39 1
56 47 -1
56 49 1
56 51 1
56 52 1
56 53 1
56 54 1
56 58 -1
56 59 1
56 61 1
56 63 1
57 3 1
57 14 1
57 33 1
57 37 1
57 39 1
57 46 1
57 49 1
57 50 1
57 51 1
57 53 1
57 54 1
57 55 1
57 58 1
57 59 1
57 62 1
58 2 1
58 7 1
58 15 1
58 17 1
58 21 1
58 24 1
58 45 1
58 49 1
58 50 1
58 52 1
58 53 -1
58 56 -1
58 57 1
58 59 1
58 60 1
58 64 1
59 21 -1
59 22 1
59 25 1
59 33 1
59 35 1
59 36 1
59 49 1
59 51 1
59 53 1
59 54 1
59 55 1
59 56 1
59 57 1
59 58 1
59 60 -1
60 1 1
60 3 1
60 5 1
60 13 1
60 27 1
60 33 1
60 49 1
60 50 1
60 51 1
60 52 1
60 55 1
60 58 1
60 59 -1
60 62 1
60 63 1
61 6 1
61 12 1
61 23 1
61 29 1
61 36 1
61 49 1
61 51 1
61 52 -1
61 54 1
61 55 1
61 56 1
61 62 -1
61 63 1
61 64 1
62 19 -1
62 26 1
62 31 1
62 33 1
62 43 1
62 49 1
62 50 1
62 53 1
62 54 1
62 57 1
62 60 1
62 61 -1
62 63 1
62 64 -1
63 1 -1
63 7 1
63 17 1
63 26 1
63 29 1
63 41 1
63 43 1
63 50 1
63 51 1
63 52 1
63 55 1
63 56 1
63 60 1
63 61 1
63 62 1
63 64 1
64 5 1
64 7 1
64 26 -1
64 28 1
64 30 1
64 40 1
64 50 -1
64 51 1
64 52 1
64 53 1
64 55 1
64 58 1
64 61 1
64 62 -1
64 63 1
