1 3 1
1 4 -1
1 5 -1
1 7 1
1 8 -1
1 9 1
1 12 -1
1 14 1
1 15 1
1 17 -1
1 19 -1
1 31 -1
1 36 1
1 39 1
1 41 -1
1 55 1
2 4 -1
2 5 -1
2 8 -1
2 10 -1
2 11 -1
2 12 -1
2 13 -1
2 14 -1
2 15 -1
2 18 -1
2 21 -1
2 28 -1
2 34 -1
2 38 1
2 46 1
2 57 1
3 1 1
3 4 -1
3 6 -1
3 9 -1
3 10 -1
3 12 1
3 13 1
3 14 -1
3 16 -1
3 20 -1
3 22 1
3 29 1
3 31 1
3 44 1
3 52 1
4 1 -1
4 2 -1
4 3 -1
4 6 1
4 7 -1
4 9 -1
4 11 1
4 12 -1
4 13 1
4 17 -1
4 20 -1
4 21 1
4 27 -1
4 58 1
4 63 1
5 1 -1
5 2 -1
5 6 1
5 7 -1
5 8 -1
5 9 -1
5 10 1
5 15 1
5 16 1
5 36 1
5 44 -1
5 49 -1
5 51 -1
5 55 1
5 57 -1
6 3 -1
6 4 1
6 5 1
6 7 1
6 11 -1
6 13 1
6 14 -1
6 15 1
6 16 -1
6 20 -1
6 23 -1
6 25 -1
6 39 1
6 46 1
6 64 1
7 1 1
7 4 -1
7 5 -1
7 6 1
7 9 1
7 10 1
7 11 1
7 13 -1
7 16 1
7 25 -1
7 27 1
7 33 1
7 50 -1
7 51 1
7 62 -1
7 63 1
8 1 -1
8 2 -1
8 5 -1
8 10 -1
8 12 -1
8 13 -1
8 14 1
8 15 1
8 16 -1
8 20 -1
8 34 -1
8 43 1
8 46 -1
8 56 -1
8 61 -1
8 63 -1
9 1 1
9 3 -1
9 4 -1
9 5 -1
9 7 1
9 11 1
9 12 1
9 14 1
9 16 -1
9 25 -1
9 30 1
9 38 -1
9 41 1
9 48 -1
9 59 -1
10 2 -1
10 3 -1
10 5 1
10 7 1
10 8 -1
10 11 -1
10 12 1
10 13 -1
10 14 -1
10 18 1
10 19 -1
10 23 1
10 34 -1
10 40 -1
10 57 1
10 64 -1
11 2 -1
11 4 1
11 6 -1
11 7 1
11 9 1
11 10 -1
11 14 -1
11 15 1
11 16 -1
11 19 1
11 25 -1
11 48 1
11 53 -1
11 56 1
11 60 -1
11 63 -1
12 1 -1
12 2 -1
12 3 1
12 4 -1
12 8 -1
12 9 1
12 10 1
12 14 -1
12 15 1
12 21 1
12 24 1
12 30 -1
12 33 -1
12 49 -1
12 63 1
13 2 -1
13 3 1
13 4 1
13 6 1
13 7 -1
13 8 -1
13 10 -1
13 15 1
13 16 1
13 17 1
13 29 -1
13 32 1
13 33 1
13 39 1
13 41 -1
13 58 -1
14 1 1
14 2 -1
14 3 -1
14 6 -1
14 8 1
14 9 1
14 10 -1
14 11 -1
14 12 -1
14 26 -1
14 39 -1
14 46 -1
14 54 1
14 59 -1
14 60 1
14 62 1
15 1 1
15 2 -1
15 5 1
15 6 1
15 8 1
15 11 1
15 12 1
15 13 1
15 16 -1
15 22 1
15 23 -1
15 40 -1
15 54 1
15 56 1
15 57 -1
15 59 1
16 3 -1
16 5 1
16 6 -1
16 7 1
16 8 -1
16 9 -1
16 11 -1
16 13 1
16 15 -1
16 18 -1
16 19 1
16 21 -1
16 28 -1
16 37 -1
16 38 1
16 44 -1
17 1 -1
17 4 -1
17 13 1
17 18 -1
17 20 -1
17 21 -1
17 22 1
17 23 -1
17 26 -1
17 28 -1
17 29 -1
17 32 1
17 35 -1
17 40 -1
17 54 1
17 62 1
18 2 -1
18 10 1
18 16 -1
18 17 -1
18 19 -1
18 22 1
18 24 -1
18 25 1
18 27 -1
18 29 -1
18 30 -1
18 31 -1
18 36 1
18 47 1
18 58 -1
18 62 1
19 1 -1
19 10 -1
19 11 1
19 16 1
19 18 -1
19 20 1
19 21 1
19 22 -1
19 23 -1
19 24 1
19 27 -1
19 28 1
19 31 -1
19 45 -1
19 55 1
19 64 -1
20 3 -1
20 4 -1
20 6 -1
20 8 -1
20 17 -1
20 19 1
20 21 1
20 24 -1
20 26 -1
20 27 1
20 29 -1
20 30 -1
20 32 1
20 43 1
20 51 -1
21 2 -1
21 4 1
21 12 1
21 16 -1
21 17 -1
21 19 1
21 20 1
21 23 -1
21 25 1
21 26 1
21 27 -1
21 29 -1
21 32 -1
21 33 -1
21 38 -1
21 56 -1
22 3 1
22 15 1
22 17 1
22 18 1
22 19 -1
22 23 -1
22 25 1
22 26 -1
22 28 -1
22 31 1
22 32 1
22 41 -1
22 48 -1
22 50 -1
22 54 1
22 60 -1
23 6 -1
23 10 1
23 15 -1
23 17 -1
23 19 -1
23 21 -1
23 22 -1
23 25 1
23 27 -1
23 28 -1
23 30 1
23 32 -1
23 36 -1
23 42 1
23 58 -1
24 12 1
24 18 -1
24 19 1
24 20 -1
24 26 -1
24 27 -1
24 28 1
24 29 1
24 30 -1
24 32 -1
24 40 1
24 42 -1
24 46 -1
24 60 1
25 6 -1
25 7 -1
25 9 -1
25 11 -1
25 18 1
25 21 1
25 22 1
25 23 1
25 26 -1
25 27 1
25 30 -1
25 31 -1
25 32 1
25 33 1
25 50 1
25 52 -1
26 14 -1
26 17 -1
26 20 -1
26 21 1
26 22 -1
26 24 -1
26 25 -1
26 29 -1
26 30 1
26 31 1
26 36 -1
26 41 1
26 46 -1
26 53 -1
26 57 1
26 63 -1
27 4 -1
27 7 1
27 18 -1
27 19 -1
27 20 1
27 21 -1
27 23 -1
27 24 -1
27 25 1
27 30 -1
27 31 -1
27 42 -1
27 47 1
27 55 -1
27 59 -1
28 2 -1
28 16 -1
28 17 -1
28 19 1
28 22 -1
28 23 -1
28 24 1
28 29 -1
28 30 -1
28 31 1
28 32 -1
28 36 1
28 37 -1
28 43 1
28 44 1
28 50 1
29 3 1
29 13 -1
29 17 -1
29 18 -1
29 20 -1
29 21 -1
29 24 1
29 26 -1
29 28 -1
29 30 -1
29 31 -1
29 36 -1
29 45 -1
29 50 -1
29 56 -1
29 62 -1
30 9 1
30 12 -1
30 18 -1
30 20 -1
30 23 1
30 24 -1
30 25 -1
30 26 1
30 27 -1
30 28 -1
30 29 -1
30 33 -1
30 44 -1
30 48 -1
30 53 -1
30 60 -1
31 1 -1
31 3 1
31 18 -1
31 19 -1
31 22 1
31 25 -1
31 26 1
31 27 -1
31 28 1
31 29 -1
31 32 1
31 38 -1
31 44 -1
31 53 1
31 61 -1
32 13 1
32 17 1
32 20 1
32 21 -1
32 22 1
32 23 -1
32 24 -1
32 25 1
32 28 -1
32 31 1
32 35 -1
32 39 1
32 44 1
32 54 -1
32 55 -1
32 60 1
33 7 1
33 12 -1
33 13 1
33 21 -1
33 25 1
33 30 -1
33 34 -1
33 35 -1
33 36 -1
33 38 -1
33 40 -1
33 41 -1
33 42 -1
33 44 -1
33 45 1
33 58 -1
34 2 -1
34 8 -1
34 10 -1
34 33 -1
34 35 -1
34 36 -1
34 37 -1
34 38 -1
34 39 -1
34 42 -1
34 43 -1
34 47 -1
34 49 1
34 51 -1
34 53 -1
34 61 -1
35 17 -1
35 32 -1
35 33 -1
35 34 -1
35 36 -1
35 38 1
35 39 1
35 43 -1
35 45 1
35 47 -1
35 48 -1
35 49 -1
35 51 -1
35 59 -1
35 64 1
36 1 1
36 5 1
36 18 1
36 23 -1
36 26 -1
36 28 1
36 29 -1
36 33 -1
36 34 -1
36 35 -1
36 40 -1
36 41 -1
36 44 -1
36 46 1
36 47 -1
36 48 -1
37 16 -1
37 28 -1
37 34 -1
37 38 -1
37 40 -1
37 41 1
37 43 -1
37 44 -1
37 45 1
37 47 -1
37 48 1
37 53 -1
37 54 1
37 56 1
37 57 -1
37 61 -1
38 2 1
38 9 -1
38 16 1
38 21 -1
38 31 -1
38 33 -1
38 34 -1
38 35 1
38 37 -1
38 41 -1
38 42 -1
38 43 -1
38 44 -1
38 48 -1
38 59 1
39 1 1
39 6 1
39 13 1
39 14 -1
39 32 1
39 34 -1
39 35 1
39 40 -1
39 41 1
39 42 -1
39 45 -1
39 46 -1
39 47 -1
39 48 1
39 61 -1
39 62 1
40 10 -1
40 15 -1
40 17 -1
40 24 1
40 33 -1
40 36 -1
40 37 -1
40 39 -1
40 42 -1
40 43 -1
40 46 -1
40 47 1
40 48 1
40 61 1
40 63 1
41 1 -1
41 9 1
41 13 -1
41 22 -1
41 26 1
41 33 -1
41 36 -1
41 37 1
41 38 -1
41 39 1
41 44 -1
41 45 1
41 47 1
41 48 1
41 53 1
41 64 -1
42 23 1
42 24 -1
42 27 -1
42 33 -1
42 34 -1
42 38 -1
42 39 -1
42 40 -1
42 43 -1
42 44 1
42 45 1
42 46 -1
42 52 1
42 60 1
42 62 1
43 8 1
43 20 1
43 28 1
43 34 -1
43 35 -1
43 37 -1
43 38 -1
43 40 -1
43 42 -1
43 44 1
43 46 1
43 47 1
43 55 -1
43 57 -1
43 58 -1
43 59 -1
44 3 1
44 5 -1
44 16 -1
44 28 1
44 30 -1
44 31 -1
44 32 1
44 33 -1
44 36 -1
44 37 -1
44 38 -1
44 41 -1
44 42 1
44 43 1
44 45 -1
44 46 1
45 19 -1
45 29 -1
45 33 1
45 35 1
45 37 1
45 39 -1
45 41 1
45 42 1
45 44 -1
45 46 -1
45 48 1
45 50 -1
45 52 -1
45 54 -1
45 64 1
46 2 1
46 6 1
46 8 -1
46 14 -1
46 24 -1
46 26 -1
46 36 1
46 39 -1
46 40 -1
46 42 -1
46 43 1
46 44 1
46 45 -1
46 47 1
46 48 1
46 61 1
47 18 1
47 27 1
47 34 -1
47 35 -1
47 36 -1
47 37 -1
47 39 -1
47 40 1
47 41 1
47 43 1
47 46 1
47 49 -1
47 51 1
47 52 -1
47 56 1
47 58 -1
48 9 -1
48 11 1
48 22 -1
48 30 -1
48 35 -1
48 36 -1
48 37 1
48 38 -1
48 39 1
48 40 1
48 41 1
48 45 1
48 46 1
48 49 -1
48 50 1
48 52 -1
49 5 -1
49 12 -1
49 34 1
49 35 -1
49 47 -1
49 48 -1
49 51 -1
49 52 -1
49 53 -1
49 55 -1
49 56 -1
49 57 -1
49 58 1
49 60 1
49 61 1
50 7 -1
50 22 -1
50 25 1
50 28 1
50 29 -1
50 45 -1
50 48 1
50 52 -1
50 54 1
50 56 -1
50 57 1
50 59 1
50 60 1
50 61 -1
50 62 -1
50 64 -1
51 5 -1
51 7 1
51 20 -1
51 34 -1
51 35 -1
51 47 1
51 49 -1
51 52 -1
51 54 1
51 55 -1
51 57 -1
51 59 -1
51 61 -1
51 62 1
51 63 1
52 3 1
52 25 -1
52 42 1
52 45 -1
52 47 -1
52 48 -1
52 49 -1
52 50 -1
52 51 -1
52 53 1
52 56 1
52 57 -1
52 61 -1
52 62 1
52 63 1
53 11 -1
53 26 -1
53 30 -1
53 31 1
53 34 -1
53 37 -1
53 41 1
53 49 -1
53 52 1
53 54 1
53 56 -1
53 58 1
53 59 1
53 60 -1
53 63 1
53 64 1
54 14 1
54 15 1
54 17 1
54 22 1
54 32 -1
54 37 1
54 45 -1
54 50 1
54 51 1
54 53 1
54 55 -1
54 58 -1
54 60 -1
54 62 1
54 63 -1
54 64 -1
55 1 1
55 5 1
55 19 1
55 27 -1
55 32 -1
55 43 -1
55 49 -1
55 51 -1
55 54 -1
55 58 -1
55 59 -1
55 61 -1
55 62 -1
55 63 -1
55 64 -1
56 8 -1
56 11 1
56 15 1
56 21 -1
56 29 -1
56 37 1
56 47 1
56 49 -1
56 50 -1
56 52 1
56 53 -1
56 57 1
56 58 -1
56 60 -1
56 63 -1
56 64 1
57 2 1
57 5 -1
57 10 1
57 15 -1
57 26 1
57 37 -1
57 43 -1
57 49 -1
57 50 1
57 51 -1
57 52 -1
57 56 1
57 58 -1
57 61 -1
57 63 1
57 64 1
58 4 1
58 13 -1
58 18 -1
58 23 -1
58 33 -1
58 43 -1
58 47 -1
58 49 1
58 53 1
58 54 -1
58 55 -1
58 56 -1
58 57 -1
58 59 -1
58 60 1
58 64 -1
59 9 -1
59 14 -1
59 15 1
59 27 -1
59 35 -1
59 38 1
59 43 -1
59 50 1
59 51 -1
59 53 1
59 55 -1
59 58 -1
59 60 -1
59 62 -1
59 63 1
59 64 1
60 11 -1
60 14 1
60 22 -1
60 24 1
60 30 -1
60 32 1
60 42 1
60 49 1
60 50 1
60 53 -1
60 54 -1
60 56 -1
60 58 1
60 59 -1
60 61 1
60 62 1
61 8 -1
61 31 -1
61 34 -1
61 37 -1
61 39 -1
61 40 1
61 46 1
61 49 1
61 50 -1
61 51 -1
61 52 -1
61 55 -1
61 57 -1
61 60 1
61 62 1
61 63 -1
62 7 -1
62 14 1
62 17 1
62 18 1
62 29 -1
62 39 1
62 42 1
62 50 -1
62 51 1
62 52 1
62 54 1
62 55 -1
62 59 -1
62 60 1
62 61 1
62 64 1
63 4 1
63 7 1
63 8 -1
63 11 -1
63 12 1
63 26 -1
63 40 1
63 51 1
63 52 1
63 53 1
63 54 -1
63 55 -1
63 56 -1
63 57 1
63 59 1
63 61 -1
64 6 1
64 10 -1
64 19 -1
64 35 1
64 41 -1
64 45 1
64 50 -1
64 53 1
64 54 -1
64 55 -1
64 56 1
64 57 1
64 58 -1
64 59 1
64 62 1
