1 3 -1
1 4 1
1 8 -1
1 9 -1
1 10 1
1 11 -1
1 13 -1
1 15 1
1 16 -1
1 19 1
1 21 1
1 22 1
1 34 1
1 42 -1
1 61 -1
2 4 1
2 5 1
2 6 -1
2 7 1
2 9 -1
2 12 1
2 14 1
2 15 -1
2 16 1
2 29 1
2 39 -1
2 43 -1
2 54 1
2 59 -1
2 60 1
2 64 -1
3 1 -1
3 5 1
3 7 -1
3 10 1
3 11 1
3 13 1
3 14 1
3 15 -1
3 16 -1
3 23 -1
3 39 -1
3 41 1
3 51 1
3 53 -1
3 59 -1
4 1 1
4 2 1
4 5 1
4 6 1
4 8 1
4 10 1
4 12 -1
4 15 -1
4 16 -1
4 17 -1
4 18 1
4 19 -1
4 23 1
4 45 -1
4 47 1
4 58 1
5 2 1
5 3 1
5 4 1
5 6 1
5 7 1
5 8 -1
5 11 -1
5 13 1
5 14 1
5 20 -1
5 24 1
5 30 1
5 32 -1
5 40 1
5 52 1
5 60 1
6 2 -1
6 4 1
6 5 1
6 7 1
6 10 -1
6 11 1
6 12 1
6 14 -1
6 15 -1
6 18 1
6 20 -1
6 21 1
6 36 -1
6 50 1
6 56 1
7 2 1
7 3 -1
7 5 1
7 6 1
7 10 -1
7 12 1
7 13 -1
7 14 -1
7 15 -1
7 30 -1
7 36 1
7 38 -1
7 46 1
7 50 -1
7 52 1
7 57 -1
8 1 -1
8 4 1
8 5 -1
8 9 -1
8 11 1
8 12 -1
8 14 1
8 15 1
8 16 1
8 19 -1
8 21 -1
8 26 -1
8 35 -1
8 45 -1
8 48 -1
8 58 -1
9 1 -1
9 2 -1
9 8 -1
9 10 1
9 12 1
9 13 1
9 14 1
9 15 1
9 16 -1
9 17 -1
9 25 1
9 32 -1
9 40 -1
9 43 -1
9 48 1
9 54 -1
10 1 1
10 3 1
10 4 1
10 6 -1
10 7 -1
10 9 1
10 12 1
10 13 -1
10 14 1
10 18 1
10 20 -1
10 23 -1
10 38 -1
10 45 -1
10 48 1
10 54 -1
11 1 -1
11 3 1
11 5 -1
11 6 1
11 8 1
11 13 1
11 14 1
11 15 1
11 16 -1
11 24 -1
11 25 1
11 30 -1
11 31 1
11 34 1
11 39 -1
11 59 1
12 2 1
12 4 -1
12 6 1
12 7 1
12 8 -1
12 9 1
12 10 1
12 13 1
12 16 -1
12 29 -1
12 41 1
12 43 -1
12 46 1
12 51 -1
12 61 -1
12 63 1
13 1 -1
13 3 1
13 5 1
13 7 -1
13 9 1
13 10 -1
13 11 1
13 12 1
13 16 1
13 26 1
13 37 -1
13 39 -1
13 57 -1
13 58 -1
13 60 -1
13 64 1
14 2 1
14 3 1
14 5 1
14 6 -1
14 7 -1
14 8 1
14 9 1
14 10 1
14 11 1
14 18 -1
14 35 -1
14 36 1
14 39 -1
14 49 -1
14 61 1
15 1 1
15 2 -1
15 3 -1
15 4 -1
15 6 -1
15 7 -1
15 8 1
15 9 1
15 11 1
15 34 -1
15 42 -1
15 44 1
15 47 1
16 1 -1
16 2 1
16 3 -1
16 4 -1
16 8 1
16 9 -1
16 11 -1
16 12 -1
16 13 1
16 17 1
16 35 -1
16 41 1
16 43 -1
16 44 -1
16 49 -1
16 63 1
17 4 -1
17 9 -1
17 16 1
17 18 -1
17 19 -1
17 20 1
17 23 -1
17 24 -1
17 25 -1
17 27 -1
17 28 -1
17 30 1
17 33 -1
17 35 -1
17 46 1
17 60 -1
18 4 1
18 6 1
18 10 1
18 14 -1
18 17 -1
18 20 1
18 21 -1
18 22 1
18 25 1
18 26 1
18 29 1
18 30 1
18 31 1
18 45 1
18 53 1
19 1 1
19 4 -1
19 8 -1
19 17 -1
19 22 -1
19 23 1
19 25 -1
19 28 -1
19 29 1
19 30 -1
19 31 1
19 32 1
19 33 1
19 39 1
19 57 1
19 62 1
20 5 -1
20 6 -1
20 10 -1
20 17 1
20 18 1
20 24 1
20 25 1
20 26 1
20 27 -1
20 29 1
20 30 1
20 32 -1
20 36 -1
20 46 1
20 51 1
20 56 -1
21 1 1
21 6 1
21 8 -1
21 18 -1
21 22 1
21 23 1
21 25 1
21 26 -1
21 27 1
21 28 1
21 29 1
21 31 1
21 34 1
21 38 1
21 49 -1
21 56 -1
22 1 1
22 18 1
22 19 -1
22 21 1
22 23 1
22 24 -1
22 25 1
22 27 -1
22 30 1
22 31 1
22 35 -1
22 48 -1
22 50 -1
22 56 1
22 64 1
23 3 -1
23 4 1
23 10 -1
23 17 -1
23 19 1
23 21 1
23 22 1
23 24 1
23 26 1
23 28 -1
23 30 -1
23 32 -1
23 33 -1
23 40 -1
23 49 -1
23 52 1
24 5 1
24 11 -1
24 17 -1
24 20 1
24 22 -1
24 23 1
24 26 1
24 27 1
24 30 1
24 31 -1
24 32 -1
24 38 -1
24 46 1
24 50 1
24 55 -1
24 59 1
25 9 1
25 11 1
25 17 -1
25 18 1
25 19 -1
25 20 1
25 21 1
25 22 1
25 28 1
25 29 -1
25 32 -1
25 34 1
25 36 1
25 53 -1
25 56 1
25 64 -1
26 8 -1
26 13 1
26 18 1
26 20 1
26 21 -1
26 23 1
26 24 1
26 28 -1
26 29 -1
26 31 1
26 32 1
26 42 -1
26 46 -1
26 48 -1
26 54 -1
26 64 1
27 17 -1
27 20 -1
27 21 1
27 22 -1
27 24 1
27 28 -1
27 29 -1
27 31 -1
27 32 1
27 37 1
27 38 1
27 40 -1
27 50 1
27 51 1
27 52 -1
27 62 -1
28 17 -1
28 19 -1
28 21 1
28 23 -1
28 25 1
28 26 -1
28 27 -1
28 30 -1
28 32 1
28 40 1
28 44 -1
28 49 -1
28 50 -1
28 52 -1
28 58 -1
28 59 1
29 2 1
29 12 -1
29 18 1
29 19 1
29 20 1
29 21 1
29 25 -1
29 26 -1
29 27 -1
29 30 -1
29 31 1
29 35 -1
29 36 1
29 45 1
29 50 -1
29 57 -1
30 5 1
30 7 -1
30 11 -1
30 17 1
30 18 1
30 19 -1
30 20 1
30 22 1
30 23 -1
30 24 1
30 28 -1
30 29 -1
30 37 -1
30 55 1
30 61 1
30 63 -1
31 11 1
31 18 1
31 19 1
31 21 1
31 22 1
31 24 -1
31 26 1
31 27 -1
31 29 1
31 32 -1
31 37 -1
31 53 -1
31 56 1
31 60 1
31 62 1
31 64 1
32 5 -1
32 9 -1
32 19 1
32 20 -1
32 23 -1
32 24 -1
32 25 -1
32 26 1
32 27 1
32 28 1
32 31 -1
32 51 1
32 52 1
32 55 -1
32 58 1
32 62 -1
33 17 -1
33 19 1
33 23 -1
33 34 1
33 35 -1
33 41 -1
33 42 1
33 44 -1
33 45 -1
33 46 1
33 47 -1
33 48 1
33 53 -1
33 55 1
33 59 -1
34 1 1
34 11 1
34 15 -1
34 21 1
34 25 1
34 33 1
34 35 1
34 36 -1
34 38 -1
34 39 -1
34 40 -1
34 41 1
34 43 1
34 45 1
35 8 -1
35 14 -1
35 16 -1
35 17 -1
35 22 -1
35 29 -1
35 33 -1
35 34 1
35 36 -1
35 37 1
35 38 1
35 39 -1
35 40 1
35 43 -1
35 45 1
35 56 -1
36 6 -1
36 7 1
36 14 1
36 20 -1
36 25 1
36 29 1
36 34 -1
36 35 -1
36 39 1
36 40 1
36 42 -1
36 43 1
36 44 -1
36 46 1
36 48 -1
37 13 -1
37 27 1
37 30 -1
37 31 -1
37 35 1
37 38 -1
37 40 1
37 41 -1
37 42 1
37 43 1
37 44 1
37 46 -1
37 47 1
37 51 1
37 52 1
37 55 1
38 7 -1
38 10 -1
38 21 1
38 24 -1
38 27 1
38 34 -1
38 35 1
38 37 -1
38 39 -1
38 43 1
38 44 1
38 46 1
38 47 -1
38 48 1
38 63 1
39 2 -1
39 3 -1
39 11 -1
39 13 -1
39 14 -1
39 19 1
39 34 -1
39 35 -1
39 36 1
39 38 -1
39 42 -1
39 43 1
39 45 -1
39 47 1
39 48 -1
39 60 1
40 5 1
40 9 -1
40 23 -1
40 27 -1
40 28 1
40 34 -1
40 35 1
40 36 1
40 37 1
40 41 1
40 44 1
40 45 -1
40 46 -1
40 48 1
40 57 -1
40 58 -1
41 3 1
41 12 1
41 16 1
41 33 -1
41 34 1
41 37 -1
41 40 1
41 42 -1
41 44 -1
41 45 -1
41 47 1
41 48 -1
41 55 -1
41 60 -1
41 62 -1
42 1 -1
42 15 -1
42 26 -1
42 33 1
42 36 -1
42 37 1
42 39 -1
42 41 -1
42 43 -1
42 46 -1
42 47 -1
42 48 1
42 54 -1
42 61 -1
42 63 -1
42 64 1
43 2 -1
43 9 -1
43 12 -1
43 16 -1
43 34 1
43 35 -1
43 36 1
43 37 1
43 38 1
43 39 1
43 42 -1
43 45 1
43 47 1
43 54 1
43 57 -1
44 15 1
44 16 -1
44 28 -1
44 33 -1
44 36 -1
44 37 1
44 38 1
44 40 1
44 41 -1
44 45 1
44 46 1
44 47 -1
44 49 1
44 55 -1
44 62 -1
45 4 -1
45 8 -1
45 10 -1
45 18 1
45 29 1
45 33 -1
45 34 1
45 35 1
45 39 -1
45 40 -1
45 41 -1
45 43 1
45 44 1
45 46 1
45 51 1
45 59 1
46 7 1
46 12 1
46 17 1
46 20 1
46 24 1
46 26 -1
46 33 1
46 36 1
46 37 -1
46 38 1
46 40 -1
46 42 -1
46 44 1
46 45 1
46 48 -1
46 63 1
47 4 1
47 15 1
47 33 -1
47 37 1
47 38 -1
47 39 1
47 41 1
47 42 -1
47 43 1
47 44 -1
47 48 1
47 49 1
47 57 1
47 58 -1
47 61 -1
48 8 -1
48 9 1
48 10 1
48 22 -1
48 26 -1
48 33 1
48 36 -1
48 38 1
48 39 -1
48 40 1
48 41 -1
48 42 1
48 46 -1
48 47 1
48 53 1
49 14 -1
49 16 -1
49 21 -1
49 23 -1
49 28 -1
49 44 1
49 47 1
49 52 -1
49 53 -1
49 55 -1
49 56 1
49 58 -1
49 59 1
49 60 -1
49 62 -1
49 63 -1
50 6 1
50 7 -1
50 22 -1
50 24 1
50 27 1
50 28 -1
50 29 -1
50 52 -1
50 53 1
50 54 -1
50 56 -1
50 57 1
50 59 -1
50 60 -1
50 62 1
50 64 1
51 3 1
51 12 -1
51 20 1
51 27 1
51 32 1
51 37 1
51 45 1
51 55 -1
51 56 -1
51 57 -1
51 58 1
51 60 1
51 61 -1
51 62 1
51 63 1
51 64 1
52 5 1
52 7 1
52 23 1
52 27 -1
52 28 -1
52 32 1
52 37 1
52 49 -1
52 50 -1
52 56 -1
52 57 1
52 58 1
52 59 1
52 61 -1
52 62 -1
52 64 1
53 3 -1
53 18 1
53 25 -1
53 31 -1
53 33 -1
53 48 1
53 49 -1
53 50 1
53 54 1
53 55 1
53 56 -1
53 57 -1
53 62 -1
53 63 1
53 64 -1
54 2 1
54 9 -1
54 10 -1
54 26 -1
54 42 -1
54 43 1
54 50 -1
54 53 1
54 55 -1
54 56 1
54 58 -1
54 59 1
54 61 -1
54 63 -1
54 64 1
55 24 -1
55 30 1
55 32 -1
55 33 1
55 37 1
55 41 -1
55 44 -1
55 49 -1
55 51 -1
55 53 1
55 54 -1
55 58 1
55 59 1
55 60 1
55 61 -1
55 63 1
56 6 1
56 20 -1
56 21 -1
56 22 1
56 25 1
56 31 1
56 35 -1
56 49 1
56 50 -1
56 51 -1
56 52 -1
56 53 -1
56 54 1
56 62 -1
56 63 1
56 64 -1
57 7 -1
57 13 -1
57 19 1
57 29 -1
57 40 -1
57 43 -1
57 47 1
57 50 1
57 51 -1
57 52 1
57 53 -1
57 58 1
57 60 -1
57 61 -1
57 62 1
57 63 1
58 4 1
58 8 -1
58 13 -1
58 28 -1
58 32 1
58 40 -1
58 47 -1
58 49 -1
58 51 1
58 52 1
58 54 -1
58 55 1
58 57 1
58 59 -1
58 60 -1
58 64 -1
59 2 -1
59 3 -1
59 11 1
59 24 1
59 28 1
59 33 -1
59 45 1
59 49 1
59 50 -1
59 52 1
59 54 1
59 55 1
59 58 -1
59 60 -1
59 61 -1
59 62 -1
60 2 1
60 5 1
60 13 -1
60 17 -1
60 31 1
60 39 1
60 41 -1
60 49 -1
60 50 -1
60 51 1
60 55 1
60 57 -1
60 58 -1
60 59 -1
60 61 -1
60 63 1
61 1 -1
61 12 -1
61 14 1
61 30 1
61 42 -1
61 47 -1
61 51 -1
61 52 -1
61 54 -1
61 55 -1
61 57 -1
61 59 -1
61 60 -1
61 63 1
61 64 1
62 19 1
62 27 -1
62 31 1
62 32 -1
62 41 -1
62 44 -1
62 49 -1
62 50 1
62 51 1
62 52 -1
62 53 -1
62 56 -1
62 57 1
62 59 -1
62 64 -1
63 12 1
63 16 1
63 30 -1
63 38 1
63 42 -1
63 46 1
63 49 -1
63 51 1
63 53 1
63 54 -1
63 55 1
63 56 1
63 57 1
63 60 1
63 61 1
64 2 -1
64 13 1
64 22 1
64 25 -1
64 26 1
64 31 1
64 42 1
64 50 1
64 51 1
64 52 1
64 53 -1
64 54 1
64 56 -1
64 58 -1
64 61 1
64 62 -1
