1 3 1
1 4 1
1 5 -1
1 6 1
1 7 1
1 9 -1
1 12 1
1 14 1
1 15 1
1 30 -1
1 34 1
1 47 -1
1 48 1
1 52 1
1 54 1
1 56 1
2 3 -1
2 4 1
2 6 1
2 8 -1
2 9 -1
2 10 -1
2 11 1
2 12 1
2 14 1
2 17 1
2 29 1
2 38 1
2 43 1
2 44 -1
2 48 -1
2 51 1
3 1 1
3 2 -1
3 6 1
3 9 1
3 10 -1
3 11 1
3 14 -1
3 15 -1
3 16 -1
3 19 1
3 25 1
3 28 1
3 31 1
3 55 1
3 57 -1
3 63 -1
4 1 1
4 2 1
4 5 -1
4 7 1
4 9 1
4 10 1
4 13 1
4 14 1
4 16 1
4 28 -1
4 54 1
4 60 1
4 62 -1
4 64 1
5 1 -1
5 4 -1
5 6 1
5 7 -1
5 8 1
5 9 1
5 11 1
5 12 1
5 16 1
5 25 1
5 31 -1
5 41 1
5 43 -1
5 51 -1
5 59 -1
6 1 1
6 2 1
6 3 1
6 5 1
6 7 -1
6 8 1
6 9 1
6 12 -1
6 13 -1
6 18 -1
6 21 1
6 46 -1
6 51 1
6 57 1
6 58 -1
6 59 1
7 1 1
7 4 1
7 5 -1
7 6 -1
7 8 1
7 9 1
7 10 -1
7 14 -1
7 16 1
7 22 1
7 24 1
7 26 1
7 28 1
7 39 -1
7 42 1
7 56 1
8 2 -1
8 5 1
8 6 1
8 7 1
8 9 -1
8 10 -1
8 11 -1
8 13 1
8 15 -1
8 20 -1
8 46 1
8 59 1
8 61 -1
8 63 -1
9 1 -1
9 2 -1
9 3 1
9 4 1
9 5 1
9 6 1
9 7 1
9 8 -1
9 13 1
9 21 1
9 22 -1
9 26 1
9 43 1
9 44 1
9 48 -1
9 62 -1
10 2 -1
10 3 -1
10 4 1
10 7 -1
10 8 -1
10 12 -1
10 13 -1
10 14 1
10 15 1
10 29 1
10 33 1
10 36 -1
10 40 1
10 41 1
10 45 -1
10 63 -1
11 2 1
11 3 1
11 5 1
11 8 -1
11 12 1
11 13 -1
11 14 1
11 15 -1
11 16 1
11 34 -1
11 36 1
11 39 -1
11 40 1
11 43 -1
11 47 1
11 48 1
12 1 1
12 2 1
12 5 1
12 6 -1
12 10 -1
12 11 1
12 13 1
12 15 -1
12 16 1
12 18 -1
12 22 -1
12 25 1
12 32 -1
12 35 1
12 36 1
12 37 -1
13 4 1
13 6 -1
13 8 1
13 9 1
13 10 -1
13 11 -1
13 12 1
13 15 1
13 16 -1
13 27 1
13 34 1
13 39 1
13 45 1
13 46 1
13 52 -1
13 62 1
14 1 1
14 2 1
14 3 -1
14 4 1
14 7 -1
14 10 1
14 11 1
14 15 -1
14 16 -1
14 18 -1
14 26 -1
14 47 -1
14 50 1
14 52 1
14 57 1
14 58 1
15 1 1
15 3 -1
15 8 -1
15 10 1
15 11 -1
15 12 -1
15 13 1
15 14 -1
15 16 1
15 20 1
15 40 -1
15 55 -1
15 60 -1
15 63 -1
15 64 1
16 3 -1
16 4 1
16 5 1
16 7 1
16 11 1
16 12 1
16 13 -1
16 14 -1
16 15 1
16 17 1
16 33 1
16 44 1
16 46 1
16 49 1
16 63 1
17 2 1
17 16 1
17 18 1
17 20 -1
17 21 1
17 22 -1
17 24 1
17 29 1
17 30 1
17 31 -1
17 32 -1
17 33 1
17 34 -1
17 42 -1
17 50 1
17 61 -1
18 6 -1
18 12 -1
18 14 -1
18 17 1
18 19 1
18 20 -1
18 23 1
18 25 1
18 26 1
18 27 1
18 29 -1
18 30 -1
18 35 1
18 42 1
18 50 1
18 61 -1
19 3 1
19 18 1
19 20 1
19 21 -1
19 25 1
19 28 1
19 29 1
19 30 -1
19 31 1
19 32 -1
19 39 1
19 40 1
19 51 1
19 54 1
19 60 1
20 8 -1
20 15 1
20 17 -1
20 18 -1
20 19 1
20 22 -1
20 23 -1
20 24 1
20 25 1
20 27 1
20 31 1
20 35 -1
20 37 -1
20 46 -1
20 52 1
20 57 1
21 6 1
21 9 1
21 17 1
21 19 -1
21 22 1
21 23 1
21 25 -1
21 26 -1
21 27 1
21 28 -1
21 30 1
21 33 -1
21 37 -1
21 45 -1
21 51 1
21 53 1
22 7 1
22 9 -1
22 12 -1
22 17 -1
22 20 -1
22 21 1
22 23 -1
22 24 1
22 25 -1
22 26 -1
22 28 1
22 29 1
22 39 1
22 49 -1
22 52 -1
22 64 1
23 18 1
23 20 -1
23 21 1
23 22 -1
23 24 -1
23 25 -1
23 27 1
23 31 -1
23 32 1
23 35 1
23 41 1
23 44 1
23 53 1
23 56 1
23 58 1
23 62 -1
24 7 1
24 17 1
24 20 1
24 22 1
24 23 -1
24 25 -1
24 26 1
24 27 -1
24 28 -1
24 32 1
24 37 1
24 38 1
24 39 1
24 49 -1
24 53 -1
24 61 -1
25 3 1
25 5 1
25 12 1
25 18 1
25 19 1
25 20 1
25 21 -1
25 22 -1
25 23 -1
25 24 -1
25 28 1
25 29 1
25 36 -1
25 59 -1
25 60 1
25 64 1
26 7 1
26 9 1
26 14 -1
26 18 1
26 21 -1
26 22 -1
26 24 1
26 27 1
26 28 -1
26 30 1
26 31 1
26 32 1
26 42 -1
26 44 1
26 58 1
26 61 1
27 13 1
27 18 1
27 20 1
27 21 1
27 23 1
27 24 -1
27 26 1
27 29 1
27 31 -1
27 32 1
27 34 -1
27 38 -1
27 47 -1
27 50 1
27 56 1
28 3 1
28 4 -1
28 7 1
28 19 1
28 21 -1
28 22 1
28 24 -1
28 25 1
28 26 -1
28 30 1
28 31 -1
28 32 1
28 33 1
28 41 -1
28 48 -1
28 50 -1
29 2 1
29 10 1
29 17 1
29 18 -1
29 19 1
29 22 1
29 25 1
29 27 1
29 30 -1
29 31 1
29 32 1
29 37 1
29 40 -1
29 56 -1
29 60 1
30 1 -1
30 17 1
30 18 -1
30 19 -1
30 21 1
30 26 1
30 28 1
30 29 -1
30 31 1
30 32 1
30 36 1
30 44 -1
30 47 1
30 59 1
30 62 1
30 64 1
31 3 1
31 5 -1
31 17 -1
31 19 1
31 20 1
31 23 -1
31 26 1
31 27 -1
31 28 -1
31 29 1
31 30 1
31 33 1
31 43 -1
31 48 1
31 57 1
32 12 -1
32 17 -1
32 19 -1
32 23 1
32 24 1
32 26 1
32 27 1
32 28 1
32 29 1
32 30 1
32 35 1
32 38 1
32 58 -1
33 10 1
33 16 1
33 17 1
33 21 -1
33 28 1
33 31 1
33 34 1
33 35 1
33 37 1
33 39 1
33 40 1
33 41 1
33 44 -1
33 47 1
33 48 -1
33 63 1
34 1 1
34 11 -1
34 13 1
34 17 -1
34 27 -1
34 33 1
34 36 -1
34 37 1
34 38 -1
34 39 1
34 41 -1
34 42 -1
34 43 -1
34 47 1
34 49 1
34 55 1
35 12 1
35 18 1
35 20 -1
35 23 1
35 32 1
35 33 1
35 36 1
35 37 1
35 40 1
35 41 -1
35 44 1
35 46 1
35 47 1
35 48 -1
35 49 -1
35 54 -1
36 10 -1
36 11 1
36 12 1
36 25 -1
36 30 1
36 34 -1
36 35 1
36 37 -1
36 38 -1
36 41 -1
36 42 -1
36 45 1
36 46 1
36 47 1
36 50 1
36 57 1
37 12 -1
37 20 -1
37 21 -1
37 24 1
37 29 1
37 33 1
37 34 1
37 35 1
37 36 -1
37 39 1
37 40 1
37 41 -1
37 44 -1
37 46 1
37 61 -1
37 62 -1
38 2 1
38 24 1
38 27 -1
38 32 1
38 34 -1
38 36 -1
38 39 -1
38 40 1
38 41 1
38 42 -1
38 43 1
38 45 -1
38 46 -1
38 50 1
38 64 1
39 7 -1
39 11 -1
39 13 1
39 19 1
39 22 1
39 24 1
39 33 1
39 34 1
39 37 1
39 38 -1
39 42 1
39 43 1
39 44 -1
39 45 -1
39 48 1
39 52 1
40 10 1
40 11 1
40 15 -1
40 19 1
40 29 -1
40 33 1
40 35 1
40 37 1
40 38 1
40 41 1
40 42 -1
40 43 -1
40 44 1
40 48 -1
40 51 1
40 53 1
41 5 1
41 10 1
41 23 1
41 28 -1
41 33 1
41 34 -1
41 35 -1
41 36 -1
41 37 -1
41 38 1
41 40 1
41 45 1
41 47 -1
41 55 1
41 64 1
42 7 1
42 17 -1
42 18 1
42 26 -1
42 34 -1
42 36 -1
42 38 -1
42 39 1
42 40 -1
42 43 -1
42 45 -1
42 47 1
42 48 -1
42 49 1
42 53 1
42 55 -1
43 2 1
43 5 -1
43 9 1
43 11 -1
43 31 -1
43 34 -1
43 38 1
43 39 1
43 40 -1
43 42 -1
43 44 1
43 45 -1
43 46 -1
43 48 1
43 53 1
43 60 1
44 2 -1
44 9 1
44 16 1
44 23 1
44 26 1
44 30 -1
44 33 -1
44 35 1
44 37 -1
44 39 -1
44 40 1
44 43 1
44 46 1
44 47 1
44 48 -1
44 59 1
45 10 -1
45 13 1
45 21 -1
45 36 1
45 38 -1
45 39 -1
45 41 1
45 42 -1
45 43 -1
45 46 1
45 47 1
45 48 1
45 49 1
45 52 -1
45 57 -1
45 59 -1
46 6 -1
46 8 1
46 13 1
46 16 1
46 20 -1
46 35 1
46 36 1
46 37 1
46 38 -1
46 43 -1
46 44 1
46 45 1
46 47 1
46 48 -1
46 53 -1
47 1 -1
47 11 1
47 14 -1
47 27 -1
47 30 1
47 33 1
47 34 1
47 35 1
47 36 1
47 41 -1
47 42 1
47 44 1
47 45 1
47 46 1
47 56 1
47 62 -1
48 1 1
48 2 -1
48 9 -1
48 11 1
48 28 -1
48 31 1
48 33 -1
48 35 -1
48 39 1
48 40 -1
48 42 -1
48 43 1
48 44 -1
48 45 1
48 46 -1
48 51 1
49 16 1
49 22 -1
49 24 -1
49 34 1
49 35 -1
49 42 1
49 45 1
49 50 1
49 51 -1
49 53 1
49 54 -1
49 55 -1
49 56 1
49 58 1
49 60 1
49 64 -1
50 14 1
50 17 1
50 18 1
50 27 1
50 28 -1
50 36 1
50 38 1
50 49 1
50 51 1
50 54 -1
50 57 1
50 59 1
50 60 -1
50 61 1
50 63 1
50 64 1
51 2 1
51 5 -1
51 6 1
51 19 1
51 21 1
51 40 1
51 48 1
51 49 -1
51 50 1
51 52 -1
51 55 -1
51 56 1
51 58 1
51 60 1
51 61 1
51 63 1
52 1 1
52 13 -1
52 14 1
52 20 1
52 22 -1
52 39 1
52 45 -1
52 51 -1
52 55 -1
52 58 1
52 59 1
52 60 1
52 61 1
52 62 -1
52 63 1
52 64 -1
53 21 1
53 23 1
53 24 -1
53 40 1
53 42 1
53 43 1
53 46 -1
53 49 1
53 54 1
53 55 1
53 57 1
53 59 -1
53 60 -1
53 61 -1
53 62 -1
53 63 -1
54 1 1
54 4 1
54 19 1
54 35 -1
54 49 -1
54 50 -1
54 53 1
54 55 -1
54 56 -1
54 57 1
54 59 -1
54 60 1
54 61 1
55 3 1
55 15 -1
55 34 1
55 41 1
55 42 -1
55 49 -1
55 51 -1
55 52 -1
55 53 1
55 54 -1
55 56 -1
55 57 1
55 61 1
55 62 -1
56 1 1
56 7 1
56 23 1
56 27 1
56 29 -1
56 47 1
56 49 1
56 51 1
56 54 -1
56 55 -1
56 57 1
56 58 -1
56 59 1
56 62 -1
56 63 -1
57 3 -1
57 6 1
57 14 1
57 20 1
57 31 1
57 36 1
57 45 -1
57 50 1
57 53 1
57 54 1
57 55 1
57 56 1
57 58 -1
57 59 1
57 63 1
57 64 -1
58 6 -1
58 14 1
58 23 1
58 26 1
58 32 -1
58 49 1
58 51 1
58 52 1
58 56 -1
58 57 -1
58 59 1
58 62 -1
58 63 -1
58 64 1
59 5 -1
59 6 1
59 8 1
59 25 -1
59 30 1
59 44 1
59 45 -1
59 50 1
59 52 1
59 53 -1
59 54 -1
59 56 1
59 57 1
59 58 1
59 60 -1
59 64 1
60 4 1
60 15 -1
60 19 1
60 25 1
60 29 1
60 43 1
60 49 1
60 50 -1
60 51 1
60 52 1
60 53 -1
60 54 1
60 59 -1
60 62 1
60 64 -1
61 8 -1
61 17 -1
61 18 -1
61 24 -1
61 26 1
61 37 -1
61 50 1
61 51 1
61 52 1
61 53 -1
61 54 1
61 55 1
61 62 1
61 63 1
61 64 1
62 4 -1
62 9 -1
62 13 1
62 23 -1
62 30 1
62 37 -1
62 47 -1
62 52 -1
62 53 -1
62 55 -1
62 56 -1
62 58 -1
62 60 1
62 61 1
62 63 1
62 64 1
63 3 -1
63 8 -1
63 10 -1
63 15 -1
63 16 1
63 33 1
63 50 1
63 51 1
63 52 1
63 53 -1
63 56 -1
63 57 1
63 58 -1
63 61 1
63 62 1
64 4 1
64 15 1
64 22 1
64 25 1
64 30 1
64 38 1
64 41 1
64 49 -1
64 50 1
64 52 -1
64 57 -1
64 58 1
64 59 1
64 60 -1
64 61 1
64 62 1
