1 4 -1
1 5 -1
1 6 -1
1 8 -1
1 9 -1
1 10 -1
1 12 -1
1 14 -1
1 15 -1
1 17 -1
1 18 -1
1 26 -1
1 39 -1
1 42 -1
1 60 -1
2 3 -1
2 4 -1
2 5 -1
2 6 -1
2 8 -1
2 9 -1
2 10 -1
2 14 -1
2 16 -1
2 28 -1
2 31 -1
2 32 -1
2 40 -1
2 44 -1
2 62 -1
2 63 -1
3 2 -1
3 4 -1
3 5 -1
3 6 -1
3 7 -1
3 9 -1
3 13 -1
3 15 -1
3 16 -1
3 20 -1
3 30 -1
3 34 1
3 36 1
3 47 -1
3 49 -1
3 64 -1
4 1 -1
4 2 -1
4 3 -1
4 7 -1
4 8 -1
4 9 -1
4 10 -1
4 11 -1
4 12 -1
4 28 -1
4 32 -1
4 35 -1
4 52 -1
4 54 1
4 62 -1
4 63 -1
5 1 -1
5 2 -1
5 3 -1
5 6 -1
5 7 -1
5 8 -1
5 12 -1
5 14 -1
5 15 -1
5 37 -1
5 41 -1
5 43 -1
5 47 -1
5 49 -1
5 51 1
5 53 1
6 1 -1
6 2 -1
6 3 -1
6 5 -1
6 7 1
6 8 -1
6 9 -1
6 15 -1
6 16 -1
6 29 -1
6 31 -1
6 37 -1
6 39 -1
6 55 -1
6 59 -1
6 63 -1
7 3 -1
7 4 -1
7 5 -1
7 6 1
7 10 -1
7 11 -1
7 13 1
7 14 -1
7 16 -1
7 17 -1
7 19 -1
7 24 -1
7 27 -1
7 37 -1
7 62 -1
8 1 -1
8 2 -1
8 4 -1
8 5 -1
8 6 -1
8 10 -1
8 12 -1
8 13 -1
8 14 1
8 19 -1
8 34 -1
8 40 -1
8 43 -1
8 54 -1
8 56 -1
8 62 -1
9 1 -1
9 2 -1
9 3 -1
9 4 -1
9 6 -1
9 10 -1
9 11 -1
9 13 -1
9 16 -1
9 21 -1
9 25 -1
9 26 -1
9 28 -1
9 38 -1
9 50 -1
9 52 -1
10 1 -1
10 2 -1
10 4 -1
10 7 -1
10 8 -1
10 9 -1
10 11 -1
10 13 -1
10 15 -1
10 21 -1
10 22 -1
10 28 -1
10 40 -1
10 43 -1
10 46 -1
10 47 -1
11 4 -1
11 7 -1
11 9 -1
11 10 -1
11 12 -1
11 13 -1
11 14 -1
11 15 -1
11 16 1
11 19 -1
11 22 -1
11 36 -1
11 42 -1
11 44 -1
11 53 -1
11 60 -1
12 1 -1
12 4 -1
12 5 -1
12 8 -1
12 11 -1
12 13 -1
12 14 -1
12 15 1
12 16 -1
12 20 -1
12 25 -1
12 32 -1
12 38 -1
12 52 -1
12 54 -1
12 58 -1
13 3 -1
13 7 1
13 8 -1
13 9 -1
13 10 -1
13 11 -1
13 12 -1
13 14 -1
13 15 -1
13 22 -1
13 26 -1
13 42 -1
13 45 -1
13 47 -1
13 63 -1
13 64 1
14 1 -1
14 2 -1
14 5 -1
14 7 -1
14 8 1
14 11 -1
14 12 -1
14 13 -1
14 16 -1
14 25 -1
14 30 1
14 45 -1
14 49 -1
14 54 -1
14 59 -1
15 1 -1
15 3 -1
15 5 -1
15 6 -1
15 10 -1
15 11 -1
15 12 1
15 13 -1
15 16 -1
15 20 -1
15 21 -1
15 27 -1
15 28 -1
15 35 -1
15 36 -1
16 2 -1
16 3 -1
16 6 -1
16 7 -1
16 9 -1
16 11 1
16 12 -1
16 14 -1
16 15 -1
16 20 -1
16 22 -1
16 25 -1
16 26 -1
16 40 -1
16 46 -1
16 64 1
17 1 -1
17 7 -1
17 19 -1
17 20 -1
17 21 -1
17 22 -1
17 25 -1
17 26 -1
17 28 -1
17 30 -1
17 31 -1
17 38 -1
17 46 -1
17 57 -1
17 59 -1
18 1 -1
18 19 -1
18 21 -1
18 24 -1
18 26 -1
18 27 -1
18 28 -1
18 30 1
18 31 -1
18 32 -1
18 35 -1
18 37 -1
18 50 1
18 53 -1
18 59 -1
18 61 -1
19 7 -1
19 8 -1
19 11 -1
19 17 -1
19 18 -1
19 24 -1
19 25 -1
19 26 -1
19 27 -1
19 28 -1
19 29 -1
19 32 -1
19 37 -1
19 41 -1
19 56 -1
20 3 -1
20 12 -1
20 15 -1
20 16 -1
20 17 -1
20 22 -1
20 23 -1
20 25 -1
20 26 -1
20 28 -1
20 30 -1
20 31 -1
20 32 -1
20 33 -1
20 55 -1
20 57 -1
21 9 -1
21 10 -1
21 15 -1
21 17 -1
21 18 -1
21 22 -1
21 23 -1
21 25 1
21 27 -1
21 28 -1
21 29 -1
21 31 -1
21 35 -1
21 45 -1
21 53 -1
22 10 -1
22 11 -1
22 13 -1
22 16 -1
22 17 -1
22 20 -1
22 21 -1
22 23 -1
22 24 -1
22 26 -1
22 29 -1
22 30 -1
22 32 -1
22 44 -1
22 51 -1
22 52 -1
23 20 -1
23 21 -1
23 22 -1
23 25 -1
23 26 -1
23 27 -1
23 29 -1
23 30 1
23 32 -1
23 41 -1
23 42 1
23 48 -1
23 50 -1
23 55 -1
23 61 -1
24 7 -1
24 18 -1
24 19 -1
24 22 -1
24 26 -1
24 28 1
24 29 -1
24 30 -1
24 31 -1
24 32 1
24 47 -1
24 49 -1
24 51 -1
24 58 -1
24 61 -1
24 64 -1
25 9 -1
25 12 -1
25 14 -1
25 16 -1
25 17 -1
25 19 -1
25 20 -1
25 21 1
25 23 -1
25 26 -1
25 27 -1
25 30 -1
25 32 -1
25 43 1
25 53 -1
25 63 1
26 1 -1
26 9 -1
26 13 -1
26 16 -1
26 17 -1
26 18 -1
26 19 -1
26 20 -1
26 22 -1
26 23 -1
26 24 -1
26 25 -1
26 28 -1
26 47 -1
26 54 -1
26 55 -1
27 7 -1
27 15 -1
27 18 -1
27 19 -1
27 21 -1
27 23 -1
27 25 -1
27 28 -1
27 29 -1
27 31 -1
27 32 1
27 45 -1
27 52 1
27 55 -1
27 60 -1
27 63 -1
28 2 -1
28 4 -1
28 9 -1
28 10 -1
28 15 -1
28 17 -1
28 18 -1
28 19 -1
28 20 -1
28 21 -1
28 24 1
28 26 -1
28 27 -1
28 31 -1
28 38 -1
28 46 -1
29 6 -1
29 19 -1
29 21 -1
29 22 -1
29 23 -1
29 24 -1
29 27 -1
29 30 -1
29 31 -1
29 32 -1
29 40 1
29 41 -1
29 45 -1
29 46 -1
29 62 -1
29 64 -1
30 3 -1
30 14 1
30 17 -1
30 18 1
30 20 -1
30 22 -1
30 23 1
30 24 -1
30 25 -1
30 29 -1
30 31 -1
30 38 -1
30 39 -1
30 46 -1
30 52 -1
30 54 -1
31 2 -1
31 6 -1
31 17 -1
31 18 -1
31 20 -1
31 21 -1
31 24 -1
31 27 -1
31 28 -1
31 29 -1
31 30 -1
31 37 -1
31 44 -1
31 56 -1
31 57 -1
31 59 -1
32 2 -1
32 4 -1
32 12 -1
32 18 -1
32 19 -1
32 20 -1
32 22 -1
32 23 -1
32 24 1
32 25 -1
32 27 1
32 29 -1
32 34 -1
32 43 -1
32 48 1
32 60 -1
33 20 -1
33 34 -1
33 35 -1
33 36 -1
33 37 -1
33 38 -1
33 42 1
33 43 -1
33 45 -1
33 47 -1
33 49 -1
33 54 -1
33 55 -1
33 61 -1
34 3 1
34 8 -1
34 32 -1
34 33 -1
34 36 -1
34 37 -1
34 39 -1
34 41 -1
34 43 -1
34 44 -1
34 46 -1
34 48 1
34 50 1
34 56 -1
35 4 -1
35 15 -1
35 18 -1
35 21 -1
35 33 -1
35 38 -1
35 41 1
35 42 -1
35 44 1
35 45 -1
35 46 -1
35 47 -1
35 48 1
35 51 -1
35 56 -1
35 58 -1
36 3 1
36 11 -1
36 15 -1
36 33 -1
36 34 -1
36 38 -1
36 39 -1
36 40 -1
36 44 -1
36 46 -1
36 47 1
36 48 -1
36 49 -1
36 50 -1
36 57 -1
36 64 -1
37 5 -1
37 6 -1
37 7 -1
37 18 -1
37 19 -1
37 31 -1
37 33 -1
37 34 -1
37 39 -1
37 40 -1
37 41 -1
37 42 -1
37 43 -1
37 45 -1
37 48 -1
37 55 -1
38 9 -1
38 12 -1
38 17 -1
38 28 -1
38 30 -1
38 33 -1
38 35 -1
38 36 -1
38 40 -1
38 41 -1
38 42 -1
38 44 -1
38 45 -1
38 46 -1
38 49 -1
38 59 -1
39 1 -1
39 6 -1
39 30 -1
39 34 -1
39 36 -1
39 37 -1
39 40 -1
39 41 1
39 42 -1
39 44 -1
39 46 -1
39 48 -1
39 50 -1
39 53 -1
39 57 -1
40 2 -1
40 8 -1
40 10 -1
40 16 -1
40 29 1
40 36 -1
40 37 -1
40 38 -1
40 39 -1
40 42 -1
40 43 -1
40 45 -1
40 46 1
40 47 -1
40 53 -1
40 57 -1
41 5 -1
41 19 -1
41 23 -1
41 29 -1
41 34 -1
41 35 1
41 37 -1
41 38 -1
41 39 1
41 42 -1
41 43 -1
41 44 -1
41 47 -1
41 61 -1
41 64 -1
42 1 -1
42 11 -1
42 13 -1
42 23 1
42 33 1
42 35 -1
42 37 -1
42 38 -1
42 39 -1
42 40 -1
42 41 -1
42 43 1
42 44 -1
42 51 1
42 58 -1
43 5 -1
43 8 -1
43 10 -1
43 25 1
43 32 -1
43 33 -1
43 34 -1
43 37 -1
43 40 -1
43 41 -1
43 42 1
43 44 -1
43 45 -1
43 48 -1
43 51 -1
43 62 -1
44 2 -1
44 11 -1
44 22 -1
44 31 -1
44 34 -1
44 35 1
44 36 -1
44 38 -1
44 39 -1
44 41 -1
44 42 -1
44 43 -1
44 47 -1
44 52 -1
44 56 -1
44 60 -1
45 13 -1
45 14 -1
45 21 -1
45 27 -1
45 29 -1
45 33 -1
45 35 -1
45 37 -1
45 38 -1
45 40 -1
45 43 -1
45 46 1
45 47 -1
45 48 -1
45 59 -1
46 10 -1
46 16 -1
46 17 -1
46 28 -1
46 29 -1
46 30 -1
46 34 -1
46 35 -1
46 36 -1
46 38 -1
46 39 -1
46 40 1
46 45 1
46 47 -1
46 48 -1
46 60 -1
47 3 -1
47 5 -1
47 10 -1
47 13 -1
47 24 -1
47 26 -1
47 33 -1
47 35 -1
47 36 1
47 40 -1
47 41 -1
47 44 -1
47 45 -1
47 46 -1
47 48 -1
47 62 -1
48 23 -1
48 32 1
48 34 1
48 35 1
48 36 -1
48 37 -1
48 39 -1
48 43 -1
48 45 -1
48 46 -1
48 47 -1
48 58 1
48 60 1
48 63 1
49 3 -1
49 5 -1
49 14 -1
49 24 -1
49 33 -1
49 36 -1
49 38 -1
49 51 -1
49 53 1
49 54 -1
49 55 -1
49 57 -1
49 58 1
49 60 -1
49 61 -1
49 63 -1
50 9 -1
50 18 1
50 23 -1
50 34 1
50 36 -1
50 39 -1
50 51 -1
50 52 -1
50 54 1
50 55 -1
50 57 1
50 59 -1
50 61 -1
50 63 -1
50 64 -1
51 5 1
51 22 -1
51 24 -1
51 35 -1
51 42 1
51 43 -1
51 49 -1
51 50 -1
51 52 -1
51 53 -1
51 54 -1
51 55 -1
51 56 -1
51 58 -1
51 61 -1
52 4 -1
52 9 -1
52 12 -1
52 22 -1
52 27 1
52 30 -1
52 44 -1
52 50 -1
52 51 -1
52 53 -1
52 54 -1
52 56 -1
52 57 -1
52 59 1
52 62 -1
52 63 -1
53 5 1
53 11 -1
53 18 -1
53 21 -1
53 25 -1
53 39 -1
53 40 -1
53 49 1
53 51 -1
53 52 -1
53 56 -1
53 57 -1
53 58 -1
53 59 -1
53 60 -1
53 64 -1
54 4 1
54 8 -1
54 12 -1
54 14 -1
54 26 -1
54 30 -1
54 33 -1
54 49 -1
54 50 1
54 51 -1
54 52 -1
54 55 1
54 58 -1
54 59 -1
54 62 -1
54 64 -1
55 6 -1
55 20 -1
55 23 -1
55 26 -1
55 27 -1
55 33 -1
55 37 -1
55 49 -1
55 50 -1
55 51 -1
55 54 1
55 56 -1
55 60 -1
55 61 -1
55 63 -1
55 64 -1
56 8 -1
56 19 -1
56 31 -1
56 34 -1
56 35 -1
56 44 -1
56 51 -1
56 52 -1
56 53 -1
56 55 -1
56 58 1
56 60 -1
56 61 -1
56 62 -1
56 64 1
57 17 -1
57 20 -1
57 31 -1
57 36 -1
57 39 -1
57 40 -1
57 49 -1
57 50 1
57 52 -1
57 53 -1
57 58 -1
57 61 -1
57 62 -1
57 63 -1
57 64 -1
58 12 -1
58 24 -1
58 35 -1
58 42 -1
58 48 1
58 49 1
58 51 -1
58 53 -1
58 54 -1
58 56 1
58 57 -1
58 60 -1
58 61 -1
58 62 -1
59 6 -1
59 14 -1
59 17 -1
59 18 -1
59 31 -1
59 38 -1
59 45 -1
59 50 -1
59 52 1
59 53 -1
59 54 -1
59 60 -1
59 61 -1
59 62 1
59 63 -1
59 64 -1
60 1 -1
60 11 -1
60 27 -1
60 32 -1
60 44 -1
60 46 -1
60 48 1
60 49 -1
60 53 -1
60 55 -1
60 56 -1
60 58 -1
60 59 -1
60 61 -1
60 62 -1
60 63 -1
61 18 -1
61 23 -1
61 24 -1
61 33 -1
61 41 -1
61 49 -1
61 50 -1
61 51 -1
61 55 -1
61 56 -1
61 57 -1
61 58 -1
61 59 -1
61 60 -1
62 2 -1
62 4 -1
62 7 -1
62 8 -1
62 29 -1
62 43 -1
62 47 -1
62 52 -1
62 54 -1
62 56 -1
62 57 -1
62 58 -1
62 59 1
62 60 -1
62 63 -1
62 64 -1
63 2 -1
63 4 -1
63 6 -1
63 13 -1
63 25 1
63 27 -1
63 48 1
63 49 -1
63 50 -1
63 52 -1
63 55 -1
63 57 -1
63 59 -1
63 60 -1
63 62 -1
63 64 -1
64 3 -1
64 13 1
64 16 1
64 24 -1
64 29 -1
64 36 -1
64 41 -1
64 50 -1
64 53 -1
64 54 -1
64 55 -1
64 56 1
64 57 -1
64 59 -1
64 62 -1
64 63 -1
