1 2 -1
1 3 -1
1 4 -1
1 5 -1
1 8 -1
1 9 1
1 14 -1
1 15 -1
1 16 -1
1 18 1
1 19 -1
1 30 -1
1 36 -1
1 44 -1
1 54 -1
1 57 -1
2 1 -1
2 4 1
2 6 -1
2 7 -1
2 8 -1
2 9 -1
2 12 -1
2 13 1
2 16 -1
2 27 1
2 29 -1
2 35 -1
2 49 -1
2 53 -1
2 63 1
3 1 -1
3 5 -1
3 8 1
3 9 -1
3 10 -1
3 11 1
3 12 -1
3 13 -1
3 16 -1
3 17 -1
3 19 -1
3 28 -1
3 38 -1
3 52 -1
3 54 -1
3 60 -1
4 1 -1
4 2 1
4 6 1
4 8 -1
4 9 1
4 10 -1
4 11 -1
4 15 -1
4 16 -1
4 18 -1
4 21 1
4 32 1
4 38 1
4 40 -1
4 43 -1
5 1 -1
5 3 -1
5 6 1
5 7 -1
5 10 1
5 11 -1
5 13 -1
5 14 -1
5 16 1
5 39 -1
5 42 -1
5 49 -1
5 55 -1
5 64 -1
6 2 -1
6 4 1
6 5 1
6 8 1
6 9 -1
6 11 1
6 12 -1
6 14 -1
6 15 -1
6 18 -1
6 25 -1
6 32 -1
6 34 -1
6 52 1
6 59 -1
7 2 -1
7 5 -1
7 8 1
7 9 -1
7 10 -1
7 11 -1
7 12 1
7 13 -1
7 15 1
7 20 -1
7 42 1
7 50 -1
7 55 -1
7 57 -1
7 63 -1
8 1 -1
8 2 -1
8 3 1
8 4 -1
8 6 1
8 7 1
8 12 -1
8 14 -1
8 15 -1
8 22 -1
8 29 -1
8 30 -1
8 34 1
8 55 -1
8 57 1
8 61 -1
9 1 1
9 2 -1
9 3 -1
9 4 1
9 6 -1
9 7 -1
9 10 -1
9 12 1
9 14 -1
9 24 -1
9 31 -1
9 38 -1
9 40 1
9 51 -1
9 62 -1
9 63 -1
10 3 -1
10 4 -1
10 5 1
10 7 -1
10 9 -1
10 11 1
10 12 -1
10 14 -1
10 16 1
10 18 -1
10 30 -1
10 32 1
10 37 1
10 43 -1
10 51 1
10 62 1
11 3 1
11 4 -1
11 5 -1
11 6 1
11 7 -1
11 10 1
11 13 1
11 14 -1
11 15 -1
11 20 1
11 23 -1
11 24 -1
11 28 -1
11 36 -1
11 46 -1
12 2 -1
12 3 -1
12 6 -1
12 7 1
12 8 -1
12 9 1
12 10 -1
12 13 -1
12 15 -1
12 35 -1
12 38 -1
12 41 -1
12 45 -1
12 49 -1
12 61 -1
12 62 -1
13 2 1
13 3 -1
13 5 -1
13 7 -1
13 11 1
13 12 -1
13 14 -1
13 15 1
13 16 -1
13 17 -1
13 37 -1
13 41 1
13 49 1
13 59 -1
14 1 -1
14 5 -1
14 6 -1
14 8 -1
14 9 -1
14 10 -1
14 11 -1
14 13 -1
14 16 -1
14 21 1
14 28 -1
14 30 1
14 33 -1
14 34 -1
14 50 -1
14 62 -1
15 1 -1
15 4 -1
15 6 -1
15 7 1
15 8 -1
15 11 -1
15 12 -1
15 13 1
15 16 1
15 21 -1
15 25 1
15 26 1
15 35 1
15 47 -1
15 52 -1
15 58 -1
16 1 -1
16 2 -1
16 3 -1
16 4 -1
16 5 1
16 10 1
16 13 -1
16 14 -1
16 15 1
16 21 1
16 26 1
16 33 -1
16 43 1
16 46 -1
16 51 -1
16 64 -1
17 3 -1
17 13 -1
17 18 -1
17 21 -1
17 23 -1
17 24 -1
17 25 1
17 28 -1
17 29 -1
17 30 -1
17 32 -1
17 40 -1
17 49 -1
17 51 -1
17 52 -1
17 54 1
18 1 1
18 4 -1
18 6 -1
18 10 -1
18 17 -1
18 19 -1
18 20 1
18 21 1
18 22 -1
18 26 -1
18 27 -1
18 28 -1
18 29 1
18 46 -1
18 48 -1
18 60 1
19 1 -1
19 3 -1
19 18 -1
19 20 -1
19 21 -1
19 23 -1
19 24 1
19 25 -1
19 26 -1
19 31 -1
19 32 -1
19 37 -1
19 38 1
19 52 1
19 57 -1
19 64 1
20 7 -1
20 11 1
20 18 1
20 19 -1
20 21 -1
20 22 -1
20 24 -1
20 25 -1
20 26 -1
20 27 -1
20 30 -1
20 33 -1
20 37 -1
20 41 -1
20 43 -1
20 61 1
21 4 1
21 14 1
21 15 -1
21 16 1
21 17 -1
21 18 1
21 19 -1
21 20 -1
21 22 1
21 27 -1
21 28 1
21 31 1
21 32 -1
21 44 -1
21 53 1
21 61 -1
22 8 -1
22 18 -1
22 20 -1
22 21 1
22 26 -1
22 27 1
22 28 -1
22 29 1
22 31 -1
22 32 -1
22 34 1
22 35 -1
22 45 -1
22 48 -1
22 54 1
23 11 -1
23 17 -1
23 19 -1
23 25 -1
23 26 -1
23 27 -1
23 28 1
23 29 -1
23 30 1
23 32 -1
23 33 -1
23 46 -1
23 52 -1
23 58 1
23 63 1
23 64 -1
24 9 -1
24 11 -1
24 17 -1
24 19 1
24 20 -1
24 26 1
24 27 1
24 28 -1
24 29 -1
24 30 1
24 31 1
24 46 -1
24 48 1
24 53 1
24 54 -1
24 62 -1
25 6 -1
25 15 1
25 17 1
25 19 -1
25 20 -1
25 23 -1
25 27 -1
25 29 1
25 30 -1
25 31 1
25 32 -1
25 34 -1
25 36 -1
25 39 -1
25 48 -1
25 50 1
26 15 1
26 16 1
26 18 -1
26 19 -1
26 20 -1
26 22 -1
26 23 -1
26 24 1
26 28 -1
26 29 1
26 31 -1
26 44 -1
26 46 -1
26 48 -1
26 51 1
26 55 -1
27 2 1
27 18 -1
27 20 -1
27 21 -1
27 22 1
27 23 -1
27 24 1
27 25 -1
27 30 -1
27 32 -1
27 33 1
27 35 -1
27 36 -1
27 53 -1
27 54 -1
27 58 -1
28 3 -1
28 11 -1
28 14 -1
28 17 -1
28 18 -1
28 21 1
28 22 -1
28 23 1
28 24 -1
28 26 -1
28 29 -1
28 31 1
28 39 -1
28 40 -1
28 41 -1
28 46 1
29 2 -1
29 8 -1
29 17 -1
29 18 1
29 22 1
29 23 -1
29 24 -1
29 25 1
29 26 1
29 28 -1
29 30 -1
29 38 1
29 39 -1
29 56 -1
29 64 -1
30 1 -1
30 8 -1
30 10 -1
30 14 1
30 17 -1
30 20 -1
30 23 1
30 24 1
30 25 -1
30 27 -1
30 29 -1
30 31 -1
30 32 -1
30 53 -1
30 57 1
30 61 1
31 9 -1
31 19 -1
31 21 1
31 22 -1
31 24 1
31 25 1
31 26 -1
31 28 1
31 30 -1
31 32 -1
31 33 1
31 42 1
31 52 -1
31 55 1
31 56 -1
32 4 1
32 6 -1
32 10 1
32 17 -1
32 19 -1
32 21 -1
32 22 -1
32 23 -1
32 25 -1
32 27 -1
32 30 -1
32 31 -1
32 41 -1
32 47 -1
33 14 -1
33 16 -1
33 20 -1
33 23 -1
33 27 1
33 31 1
33 35 -1
33 36 1
33 37 -1
33 40 -1
33 41 1
33 42 1
33 43 1
33 44 -1
33 46 -1
33 58 1
34 6 -1
34 8 1
34 14 -1
34 22 1
34 25 -1
34 35 -1
34 36 -1
34 38 -1
34 40 -1
34 41 1
34 42 -1
34 43 -1
34 45 -1
34 47 1
34 59 1
35 2 -1
35 12 -1
35 15 1
35 22 -1
35 27 -1
35 33 -1
35 34 -1
35 36 -1
35 39 -1
35 40 -1
35 42 -1
35 43 -1
35 46 1
35 48 -1
35 57 -1
35 63 1
36 1 -1
36 11 -1
36 25 -1
36 27 -1
36 33 1
36 34 -1
36 35 -1
36 37 -1
36 38 -1
36 39 -1
36 40 -1
36 41 -1
36 42 -1
36 57 1
36 59 -1
37 10 1
37 13 -1
37 19 -1
37 20 -1
37 33 -1
37 36 -1
37 38 -1
37 43 -1
37 44 -1
37 45 -1
37 46 -1
37 47 -1
37 48 -1
37 53 -1
37 56 1
38 3 -1
38 4 1
38 9 -1
38 12 -1
38 19 1
38 29 1
38 34 -1
38 36 -1
38 37 -1
38 39 -1
38 40 -1
38 41 -1
38 44 -1
38 45 -1
38 46 1
38 49 -1
39 5 -1
39 25 -1
39 28 -1
39 29 -1
39 35 -1
39 36 -1
39 38 -1
39 40 1
39 43 -1
39 44 1
39 46 -1
39 47 -1
39 48 -1
39 50 -1
39 53 1
39 62 1
40 4 -1
40 9 1
40 17 -1
40 28 -1
40 33 -1
40 34 -1
40 35 -1
40 36 -1
40 38 -1
40 39 1
40 41 -1
40 47 1
40 48 1
40 50 1
40 60 -1
40 62 -1
41 12 -1
41 13 1
41 20 -1
41 28 -1
41 32 -1
41 33 1
41 34 1
41 36 -1
41 38 -1
41 40 -1
41 42 -1
41 44 1
41 45 1
41 47 1
41 51 -1
41 58 -1
42 5 -1
42 7 1
42 31 1
42 33 1
42 34 -1
42 35 -1
42 36 -1
42 41 -1
42 44 -1
42 45 1
42 46 1
42 47 1
42 49 1
42 51 -1
42 55 -1
43 4 -1
43 10 -1
43 16 1
43 20 -1
43 33 1
43 34 -1
43 35 -1
43 37 -1
43 39 -1
43 44 -1
43 45 1
43 47 -1
43 48 -1
43 56 1
43 61 -1
44 1 -1
44 21 -1
44 26 -1
44 33 -1
44 37 -1
44 38 -1
44 39 1
44 41 1
44 42 -1
44 43 -1
44 46 -1
44 48 -1
44 50 1
44 60 1
45 12 -1
45 22 -1
45 34 -1
45 37 -1
45 38 -1
45 41 1
45 42 1
45 43 1
45 46 -1
45 47 1
45 48 -1
45 58 -1
45 59 1
45 60 -1
45 61 1
46 11 -1
46 16 -1
46 18 -1
46 23 -1
46 24 -1
46 26 -1
46 28 1
46 33 -1
46 35 1
46 37 -1
46 38 1
46 39 -1
46 42 1
46 44 -1
46 45 -1
46 48 1
47 15 -1
47 32 -1
47 34 1
47 37 -1
47 39 -1
47 40 1
47 41 1
47 42 1
47 43 -1
47 45 1
47 48 -1
47 50 -1
47 55 -1
47 56 -1
47 64 1
48 18 -1
48 22 -1
48 24 1
48 25 -1
48 26 -1
48 35 -1
48 37 -1
48 39 -1
48 40 1
48 43 -1
48 44 -1
48 45 -1
48 46 1
48 47 -1
48 59 1
48 63 1
49 2 -1
49 5 -1
49 12 -1
49 13 1
49 17 -1
49 38 -1
49 42 1
49 50 -1
49 51 -1
49 52 -1
49 53 -1
49 55 1
49 56 -1
49 57 -1
49 62 -1
49 64 -1
50 7 -1
50 14 -1
50 25 1
50 39 -1
50 40 1
50 44 1
50 47 -1
50 49 -1
50 52 1
50 53 -1
50 54 1
50 57 1
50 58 1
50 60 -1
50 61 -1
50 62 1
51 9 -1
51 10 1
51 16 -1
51 17 -1
51 26 1
51 41 -1
51 42 -1
51 49 -1
51 52 1
51 54 -1
51 55 1
51 56 -1
51 57 -1
51 58 1
51 59 -1
51 64 -1
52 3 -1
52 6 1
52 15 -1
52 17 -1
52 19 1
52 23 -1
52 31 -1
52 49 -1
52 50 1
52 51 1
52 54 -1
52 56 -1
52 60 -1
52 61 -1
52 63 -1
52 64 -1
53 2 -1
53 21 1
53 24 1
53 27 -1
53 30 -1
53 37 -1
53 39 1
53 49 -1
53 50 -1
53 54 -1
53 55 -1
53 56 -1
53 59 -1
53 61 1
53 63 -1
53 64 1
54 1 -1
54 3 -1
54 17 1
54 22 1
54 24 -1
54 27 -1
54 50 1
54 51 -1
54 52 -1
54 53 -1
54 55 1
54 56 -1
54 57 -1
54 59 -1
54 60 1
55 5 -1
55 7 -1
55 8 -1
55 26 -1
55 31 1
55 42 -1
55 47 -1
55 49 1
55 51 1
55 53 -1
55 54 1
55 58 -1
55 60 -1
55 62 -1
55 63 -1
55 64 -1
56 29 -1
56 31 -1
56 37 1
56 43 1
56 47 -1
56 49 -1
56 51 -1
56 52 -1
56 53 -1
56 54 -1
56 57 -1
56 59 -1
56 60 -1
56 63 -1
57 1 -1
57 7 -1
57 8 1
57 19 -1
57 30 1
57 35 -1
57 36 1
57 49 -1
57 50 1
57 51 -1
57 54 -1
57 56 -1
57 58 -1
57 59 1
57 60 -1
57 62 1
58 15 -1
58 23 1
58 27 -1
58 33 1
58 41 -1
58 45 -1
58 50 1
58 51 1
58 55 -1
58 57 -1
58 59 -1
58 60 -1
58 61 -1
58 62 1
58 63 -1
59 6 -1
59 13 -1
59 34 1
59 36 -1
59 45 1
59 48 1
59 51 -1
59 53 -1
59 54 -1
59 56 -1
59 57 1
59 58 -1
59 61 1
59 63 1
59 64 -1
60 3 -1
60 18 1
60 40 -1
60 44 1
60 45 -1
60 50 -1
60 52 -1
60 54 1
60 55 -1
60 56 -1
60 57 -1
60 58 -1
60 61 1
60 62 -1
61 8 -1
61 12 -1
61 20 1
61 21 -1
61 30 1
61 43 -1
61 45 1
61 50 -1
61 52 -1
61 53 1
61 58 -1
61 59 1
61 60 1
61 62 1
61 63 -1
61 64 -1
62 9 -1
62 10 1
62 12 -1
62 14 -1
62 24 -1
62 39 1
62 40 -1
62 49 -1
62 50 1
62 55 -1
62 57 1
62 58 1
62 60 -1
62 61 1
62 63 1
62 64 -1
63 2 1
63 7 -1
63 9 -1
63 23 1
63 35 1
63 48 1
63 52 -1
63 53 -1
63 55 -1
63 56 -1
63 58 -1
63 59 1
63 61 -1
63 62 1
63 64 -1
64 5 -1
64 16 -1
64 19 1
64 23 -1
64 29 -1
64 47 1
64 49 -1
64 51 -1
64 52 -1
64 53 1
64 55 -1
64 59 -1
64 61 -1
64 62 -1
64 63 -1
