1 4 -1
1 5 1
1 6 -1
1 8 -1
1 10 -1
1 11 1
1 13 -1
1 15 1
1 16 -1
1 26 -1
1 28 -1
1 29 -1
1 32 1
1 33 -1
1 42 1
1 57 1
2 3 1
2 4 -1
2 5 1
2 6 -1
2 7 -1
2 9 1
2 11 -1
2 13 -1
2 15 -1
2 25 -1
2 26 -1
2 36 -1
2 39 -1
2 40 -1
2 46 -1
2 53 -1
3 2 1
3 5 1
3 7 1
3 10 1
3 11 -1
3 13 -1
3 14 -1
3 15 -1
3 16 -1
3 32 -1
3 34 1
3 36 -1
3 40 -1
3 42 1
3 56 -1
3 63 1
4 1 -1
4 2 -1
4 5 1
4 6 1
4 7 1
4 9 -1
4 10 -1
4 12 -1
4 15 -1
4 24 -1
4 29 1
4 36 -1
4 40 -1
4 45 1
4 53 -1
4 57 -1
5 1 1
5 2 1
5 3 1
5 4 1
5 6 -1
5 10 1
5 12 1
5 14 1
5 16 -1
5 41 -1
5 43 -1
5 45 -1
5 51 -1
5 53 -1
5 55 -1
6 1 -1
6 2 -1
6 4 1
6 5 -1
6 8 -1
6 9 -1
6 10 -1
6 12 -1
6 16 1
6 17 1
6 19 1
6 21 -1
6 25 -1
6 27 -1
7 2 -1
7 3 1
7 4 1
7 8 -1
7 9 1
7 11 -1
7 14 1
7 15 1
7 16 1
7 20 -1
7 37 -1
7 40 -1
7 52 -1
7 54 -1
7 57 -1
7 61 -1
8 1 -1
8 6 -1
8 7 -1
8 10 1
8 11 -1
8 12 1
8 14 -1
8 15 -1
8 16 -1
8 23 -1
8 31 1
8 35 1
8 47 -1
8 50 1
8 56 1
9 2 1
9 4 -1
9 6 -1
9 7 1
9 10 -1
9 11 -1
9 12 -1
9 14 -1
9 15 1
9 24 -1
9 30 -1
9 38 -1
9 44 -1
9 54 -1
9 55 -1
9 58 -1
10 1 -1
10 3 1
10 4 -1
10 5 1
10 6 -1
10 8 1
10 9 -1
10 12 -1
10 13 1
10 26 -1
10 36 -1
10 39 -1
10 49 -1
10 51 -1
10 57 1
10 58 -1
11 1 1
11 2 -1
11 3 -1
11 7 -1
11 8 -1
11 9 -1
11 12 -1
11 13 -1
11 14 -1
11 17 1
11 19 -1
11 23 1
11 41 1
11 55 -1
11 63 -1
12 4 -1
12 5 1
12 6 -1
12 8 1
12 9 -1
12 10 -1
12 11 -1
12 13 -1
12 14 1
12 26 1
12 28 -1
12 44 1
12 48 1
12 56 1
12 59 -1
12 62 -1
13 1 -1
13 2 -1
13 3 -1
13 10 1
13 11 -1
13 12 -1
13 14 1
13 15 -1
13 16 -1
13 18 -1
13 27 1
13 35 -1
13 48 -1
13 54 -1
13 60 -1
13 61 1
14 3 -1
14 5 1
14 7 1
14 8 -1
14 9 -1
14 11 -1
14 12 1
14 13 1
14 16 -1
14 23 -1
14 28 -1
14 41 -1
14 50 -1
14 60 1
14 64 -1
15 1 1
15 2 -1
15 3 -1
15 4 -1
15 7 1
15 8 -1
15 9 1
15 13 -1
15 16 -1
15 17 -1
15 20 1
15 21 -1
15 26 -1
15 30 1
15 59 1
15 64 -1
16 1 -1
16 3 -1
16 5 -1
16 6 1
16 7 1
16 8 -1
16 13 -1
16 14 -1
16 15 -1
16 19 1
16 32 -1
16 42 1
16 45 1
16 53 -1
16 56 1
17 6 1
17 11 1
17 15 -1
17 18 -1
17 19 -1
17 20 -1
17 22 -1
17 23 -1
17 27 -1
17 28 1
17 29 1
17 32 -1
17 39 -1
17 54 -1
17 59 -1
18 13 -1
18 17 -1
18 20 -1
18 21 -1
18 22 1
18 25 -1
18 28 -1
18 29 -1
18 31 -1
18 32 -1
18 33 -1
18 41 1
18 42 -1
18 44 -1
18 50 -1
18 58 1
19 6 1
19 11 -1
19 16 1
19 17 -1
19 22 -1
19 24 -1
19 26 1
19 27 1
19 28 -1
19 29 -1
19 30 -1
19 31 -1
19 59 1
19 61 -1
20 7 -1
20 15 1
20 17 -1
20 18 -1
20 21 1
20 25 1
20 26 -1
20 27 -1
20 28 -1
20 30 -1
20 31 -1
20 38 -1
20 39 1
20 51 -1
20 56 -1
20 64 -1
21 6 -1
21 15 -1
21 18 -1
21 20 1
21 22 -1
21 23 -1
21 25 1
21 27 -1
21 30 1
21 31 -1
21 32 1
21 39 -1
21 42 1
21 43 -1
21 44 -1
21 62 1
22 17 -1
22 18 1
22 19 -1
22 21 -1
22 24 -1
22 29 -1
22 30 -1
22 31 1
22 32 -1
22 36 -1
22 37 -1
22 44 1
22 46 1
22 47 -1
22 50 1
22 64 1
23 8 -1
23 11 1
23 14 -1
23 17 -1
23 21 -1
23 26 -1
23 27 -1
23 28 -1
23 29 -1
23 30 -1
23 31 -1
23 32 1
23 36 -1
23 46 -1
23 53 -1
24 4 -1
24 9 -1
24 19 -1
24 22 -1
24 25 -1
24 26 -1
24 27 -1
24 28 -1
24 29 -1
24 30 1
24 31 -1
24 33 -1
24 49 1
24 55 -1
24 57 1
25 2 -1
25 6 -1
25 18 -1
25 20 1
25 21 1
25 24 -1
25 26 1
25 27 -1
25 30 -1
25 31 1
25 32 -1
25 34 -1
25 44 -1
25 47 -1
25 50 1
26 1 -1
26 2 -1
26 10 -1
26 12 1
26 15 -1
26 19 1
26 20 -1
26 23 -1
26 24 -1
26 25 1
26 28 1
26 29 -1
26 30 -1
26 32 1
26 42 -1
26 61 1
27 6 -1
27 13 1
27 17 -1
27 19 1
27 20 -1
27 21 -1
27 23 -1
27 24 -1
27 25 -1
27 29 -1
27 32 -1
27 38 -1
27 40 -1
27 43 -1
27 52 1
28 1 -1
28 12 -1
28 14 -1
28 17 1
28 18 -1
28 19 -1
28 20 -1
28 23 -1
28 24 -1
28 26 1
28 29 1
28 31 -1
28 37 -1
28 42 -1
28 62 -1
29 1 -1
29 4 1
29 17 1
29 18 -1
29 19 -1
29 22 -1
29 23 -1
29 24 -1
29 26 -1
29 27 -1
29 28 1
29 33 -1
29 38 -1
29 45 -1
29 54 -1
29 63 -1
30 9 -1
30 15 1
30 19 -1
30 20 -1
30 21 1
30 22 -1
30 23 -1
30 24 1
30 25 -1
30 26 -1
30 32 -1
30 45 1
30 47 1
30 49 -1
30 51 -1
30 63 -1
31 8 1
31 18 -1
31 19 -1
31 20 -1
31 21 -1
31 22 1
31 23 -1
31 24 -1
31 25 1
31 28 -1
31 34 -1
31 37 -1
31 40 1
31 48 -1
31 57 -1
31 60 -1
32 1 1
32 3 -1
32 16 -1
32 17 -1
32 18 -1
32 21 1
32 22 -1
32 23 1
32 25 -1
32 26 1
32 27 -1
32 30 -1
32 37 -1
32 49 1
32 62 -1
32 63 -1
33 1 -1
33 18 -1
33 24 -1
33 29 -1
33 34 1
33 36 -1
33 37 -1
33 38 -1
33 41 1
33 43 1
33 45 -1
33 47 -1
33 48 -1
33 54 1
33 56 -1
33 62 1
34 3 1
34 25 -1
34 31 -1
34 33 1
34 36 1
34 37 1
34 41 -1
34 42 -1
34 43 -1
34 44 -1
34 45 -1
34 48 -1
34 53 1
34 61 -1
34 63 1
35 8 1
35 13 -1
35 37 -1
35 38 -1
35 40 -1
35 41 -1
35 42 1
35 43 -1
35 44 1
35 46 1
35 47 -1
35 49 -1
35 51 -1
35 52 1
35 64 -1
36 2 -1
36 3 -1
36 4 -1
36 10 -1
36 22 -1
36 23 -1
36 33 -1
36 34 1
36 39 1
36 40 -1
36 41 -1
36 43 -1
36 44 -1
36 46 -1
36 47 -1
36 62 -1
37 7 -1
37 22 -1
37 28 -1
37 31 -1
37 32 -1
37 33 -1
37 34 1
37 35 -1
37 40 -1
37 42 -1
37 44 -1
37 46 -1
37 47 -1
37 48 1
37 56 -1
37 60 -1
38 9 -1
38 20 -1
38 27 -1
38 29 -1
38 33 -1
38 35 -1
38 39 1
38 40 -1
38 41 -1
38 42 1
38 44 -1
38 45 -1
38 48 -1
38 51 1
38 59 -1
39 2 -1
39 10 -1
39 17 -1
39 20 1
39 21 -1
39 36 1
39 38 1
39 40 1
39 41 -1
39 42 -1
39 45 -1
39 46 -1
39 47 -1
39 48 1
39 50 -1
39 55 -1
40 2 -1
40 3 -1
40 4 -1
40 7 -1
40 27 -1
40 31 1
40 35 -1
40 36 -1
40 37 -1
40 38 -1
40 39 1
40 41 1
40 43 1
40 44 -1
40 46 -1
40 49 -1
41 5 -1
41 11 1
41 14 -1
41 18 1
41 33 1
41 34 -1
41 35 -1
41 36 -1
41 38 -1
41 39 -1
41 40 1
41 46 -1
41 48 -1
41 52 -1
41 54 -1
41 59 -1
42 1 1
42 3 1
42 16 1
42 18 -1
42 21 1
42 26 -1
42 28 -1
42 34 -1
42 35 1
42 37 -1
42 38 1
42 39 -1
42 43 -1
42 45 1
42 46 1
42 47 1
43 5 -1
43 21 -1
43 27 -1
43 33 1
43 34 -1
43 35 -1
43 36 -1
43 40 1
43 42 -1
43 45 1
43 46 -1
43 47 -1
43 50 -1
43 52 -1
43 57 -1
43 59 -1
44 9 -1
44 12 1
44 18 -1
44 21 -1
44 22 1
44 25 -1
44 34 -1
44 35 1
44 36 -1
44 37 -1
44 38 -1
44 40 -1
44 45 -1
44 46 -1
44 48 1
44 63 -1
45 4 1
45 5 -1
45 16 1
45 29 -1
45 30 1
45 33 -1
45 34 -1
45 38 -1
45 39 -1
45 42 1
45 43 1
45 44 -1
45 47 1
45 48 -1
45 52 1
45 60 1
46 2 -1
46 22 1
46 23 -1
46 35 1
46 36 -1
46 37 -1
46 39 -1
46 40 -1
46 41 -1
46 42 1
46 43 -1
46 44 -1
46 58 1
46 62 -1
46 64 1
47 8 -1
47 22 -1
47 25 -1
47 30 1
47 33 -1
47 35 -1
47 36 -1
47 37 -1
47 39 -1
47 42 1
47 43 -1
47 45 1
47 48 -1
47 49 1
47 61 -1
47 64 -1
48 12 1
48 13 -1
48 31 -1
48 33 -1
48 34 -1
48 37 1
48 38 -1
48 39 1
48 41 -1
48 44 1
48 45 -1
48 47 -1
48 58 -1
48 60 -1
49 10 -1
49 24 1
49 30 -1
49 32 1
49 35 -1
49 40 -1
49 47 1
49 51 -1
49 52 1
49 54 -1
49 55 -1
49 57 1
49 60 -1
49 61 -1
49 63 -1
49 64 -1
50 8 1
50 14 -1
50 18 -1
50 22 1
50 25 1
50 39 -1
50 43 -1
50 51 1
50 53 -1
50 54 -1
50 55 -1
50 56 -1
50 57 -1
50 61 -1
50 62 -1
50 64 1
51 5 -1
51 10 -1
51 20 -1
51 30 -1
51 35 -1
51 38 1
51 49 -1
51 50 1
51 53 1
51 54 1
51 56 -1
51 59 -1
51 60 1
51 61 -1
51 63 -1
52 7 -1
52 27 1
52 35 1
52 41 -1
52 43 -1
52 45 1
52 49 1
52 53 -1
52 56 -1
52 58 -1
52 59 -1
52 61 -1
52 62 1
52 63 -1
52 64 -1
53 2 -1
53 4 -1
53 5 -1
53 16 -1
53 23 -1
53 34 1
53 50 -1
53 51 1
53 52 -1
53 55 1
53 57 -1
53 58 -1
53 60 1
53 61 1
53 64 1
54 7 -1
54 9 -1
54 13 -1
54 17 -1
54 29 -1
54 33 1
54 41 -1
54 49 -1
54 50 -1
54 51 1
54 55 -1
54 56 -1
54 57 -1
54 58 1
54 59 1
54 60 -1
55 5 -1
55 9 -1
55 11 -1
55 24 -1
55 39 -1
55 49 -1
55 50 -1
55 53 1
55 54 -1
55 56 1
55 58 1
55 59 -1
55 60 -1
55 61 -1
56 3 -1
56 8 1
56 12 1
56 16 1
56 20 -1
56 33 -1
56 37 -1
56 50 -1
56 51 -1
56 52 -1
56 54 -1
56 55 1
56 58 -1
56 61 -1
56 62 1
56 63 -1
57 1 1
57 4 -1
57 7 -1
57 10 1
57 24 1
57 31 -1
57 43 -1
57 49 1
57 50 -1
57 53 -1
57 54 -1
57 59 -1
57 60 1
57 62 -1
57 63 -1
57 64 1
58 9 -1
58 10 -1
58 18 1
58 46 1
58 48 -1
58 52 -1
58 53 -1
58 54 1
58 55 1
58 56 -1
58 59 -1
58 60 1
58 62 -1
58 63 -1
59 12 -1
59 15 1
59 17 -1
59 19 1
59 38 -1
59 41 -1
59 43 -1
59 51 -1
59 52 -1
59 54 1
59 55 -1
59 57 -1
59 58 -1
59 61 -1
59 62 -1
59 64 1
60 13 -1
60 14 1
60 31 -1
60 37 -1
60 45 1
60 48 -1
60 49 -1
60 51 1
60 53 1
60 54 -1
60 55 -1
60 57 1
60 58 1
60 62 -1
60 63 1
61 7 -1
61 13 1
61 19 -1
61 26 1
61 34 -1
61 47 -1
61 49 -1
61 50 -1
61 51 -1
61 52 -1
61 53 1
61 55 -1
61 56 -1
61 59 -1
61 64 -1
62 12 -1
62 21 1
62 28 -1
62 32 -1
62 33 1
62 36 -1
62 46 -1
62 50 -1
62 52 1
62 56 1
62 57 -1
62 58 -1
62 59 -1
62 60 -1
62 63 -1
62 64 -1
63 3 1
63 11 -1
63 29 -1
63 30 -1
63 32 -1
63 34 1
63 44 -1
63 49 -1
63 51 -1
63 52 -1
63 56 -1
63 57 -1
63 58 -1
63 60 1
63 62 -1
63 64 -1
64 14 -1
64 15 -1
64 20 -1
64 22 1
64 35 -1
64 46 1
64 47 -1
64 49 -1
64 50 1
64 52 -1
64 53 1
64 57 1
64 59 1
64 61 -1
64 62 -1
64 63 -1
