1 4 -1
1 6 -1
1 7 1
1 8 -1
1 9 1
1 10 1
1 12 1
1 15 1
1 16 1
1 18 1
1 20 1
1 23 -1
1 24 1
1 27 -1
1 39 1
1 42 1
2 4 1
2 6 -1
2 7 1
2 8 1
2 11 1
2 13 -1
2 14 -1
2 15 1
2 16 1
2 19 1
2 22 -1
2 30 1
2 45 1
2 48 1
2 50 1
2 51 1
3 4 1
3 5 1
3 7 1
3 9 1
3 11 1
3 12 -1
3 14 1
3 15 1
3 16 1
3 17 1
3 19 -1
3 33 1
3 38 1
3 43 1
3 58 -1
3 61 -1
4 1 -1
4 2 1
4 3 1
4 5 1
4 9 -1
4 13 1
4 14 1
4 15 -1
4 16 -1
4 17 1
4 18 -1
4 28 1
4 47 1
4 51 -1
4 60 1
4 62 1
5 3 1
5 4 1
5 7 1
5 9 1
5 10 1
5 11 1
5 12 1
5 13 -1
5 15 1
5 36 1
5 42 1
5 43 1
5 45 1
5 55 1
5 60 -1
5 64 -1
6 1 -1
6 2 -1
6 8 1
6 9 -1
6 10 1
6 11 1
6 12 1
6 15 1
6 16 1
6 20 1
6 26 1
6 28 -1
6 42 1
6 49 1
6 50 -1
7 1 1
7 2 1
7 3 1
7 5 1
7 8 1
7 9 1
7 11 1
7 13 1
7 14 1
7 29 -1
7 32 1
7 35 -1
7 46 1
7 51 1
8 1 -1
8 2 1
8 6 1
8 7 1
8 11 1
8 12 1
8 13 1
8 14 1
8 15 1
8 17 -1
8 26 1
8 42 1
8 52 1
8 60 1
8 61 -1
9 1 1
9 3 1
9 4 -1
9 5 1
9 6 -1
9 7 1
9 10 1
9 13 -1
9 14 1
9 27 1
9 32 1
9 34 1
9 37 1
9 39 1
9 48 1
9 53 1
10 1 1
10 5 1
10 6 1
10 9 1
10 11 1
10 12 1
10 13 1
10 14 1
10 16 1
10 25 -1
10 27 1
10 31 1
10 43 -1
10 49 1
10 53 1
10 61 1
11 2 1
11 3 1
11 5 1
11 6 1
11 7 1
11 8 1
11 10 1
11 12 -1
11 16 1
11 27 1
11 37 1
11 45 1
11 50 1
11 57 1
11 64 1
12 1 1
12 3 -1
12 5 1
12 6 1
12 8 1
12 10 1
12 11 -1
12 13 1
12 15 1
12 25 -1
12 29 1
12 46 1
12 54 1
12 56 1
13 2 -1
13 4 1
13 5 -1
13 7 1
13 8 1
13 9 -1
13 10 1
13 12 1
13 14 1
13 24 1
13 28 -1
13 33 1
13 37 1
13 45 1
13 57 -1
13 58 1
14 2 -1
14 3 1
14 4 1
14 7 1
14 8 1
14 9 1
14 10 1
14 13 1
14 16 -1
14 25 1
14 29 1
14 31 1
14 33 1
14 39 1
14 47 1
14 61 1
15 1 1
15 2 1
15 3 1
15 4 -1
15 5 1
15 6 1
15 8 1
15 12 1
15 16 -1
15 21 1
15 23 1
15 28 1
15 42 -1
15 43 -1
15 45 1
15 59 -1
16 1 1
16 2 1
16 3 1
16 4 -1
16 6 1
16 10 1
16 11 1
16 14 -1
16 15 -1
16 31 -1
16 34 -1
16 37 -1
16 44 1
16 46 1
16 53 1
16 55 -1
17 3 1
17 4 1
17 8 -1
17 18 1
17 19 1
17 21 -1
17 22 1
17 24 1
17 25 1
17 26 -1
17 28 1
17 29 1
17 36 -1
17 56 -1
17 61 1
18 1 1
18 4 -1
18 17 1
18 19 1
18 21 1
18 23 1
18 25 1
18 26 1
18 27 1
18 30 1
18 32 1
18 34 1
18 55 1
18 56 1
18 57 1
18 64 1
19 2 1
19 3 -1
19 17 1
19 18 1
19 22 1
19 23 1
19 24 1
19 26 1
19 29 -1
19 30 1
19 31 1
19 38 1
19 52 1
19 63 1
19 64 1
20 1 1
20 6 1
20 21 1
20 22 1
20 23 1
20 24 -1
20 25 1
20 27 -1
20 28 1
20 31 1
20 32 1
20 39 1
20 51 1
20 59 1
20 61 1
20 63 1
21 15 1
21 17 -1
21 18 1
21 20 1
21 22 1
21 23 1
21 24 1
21 27 1
21 29 -1
21 32 -1
21 35 1
21 41 1
21 49 1
21 55 -1
21 56 -1
21 62 1
22 2 -1
22 17 1
22 19 1
22 20 1
22 21 1
22 25 1
22 27 1
22 28 1
22 29 -1
22 31 1
22 37 1
22 46 1
22 53 1
22 54 1
22 56 1
22 58 1
23 1 -1
23 15 1
23 18 1
23 19 1
23 20 1
23 21 1
23 25 1
23 26 1
23 29 1
23 30 1
23 31 1
23 47 -1
23 49 1
23 51 1
24 1 1
24 13 1
24 17 1
24 19 1
24 20 -1
24 21 1
24 25 1
24 27 1
24 28 1
24 29 1
24 30 1
24 34 1
24 42 1
24 44 -1
24 50 1
24 52 -1
25 10 -1
25 12 -1
25 14 1
25 17 1
25 18 1
25 20 1
25 22 1
25 23 1
25 24 1
25 28 1
25 30 1
25 32 -1
25 37 1
25 40 1
25 44 1
26 6 1
26 8 1
26 17 -1
26 18 1
26 19 1
26 23 1
26 27 1
26 28 1
26 30 -1
26 31 1
26 32 1
26 33 -1
26 36 1
26 40 1
26 46 -1
26 50 1
27 1 -1
27 9 1
27 10 1
27 11 1
27 18 1
27 20 -1
27 21 1
27 22 1
27 24 1
27 26 1
27 30 1
27 31 1
27 32 -1
27 40 1
27 48 1
28 4 1
28 6 -1
28 13 -1
28 15 1
28 17 1
28 20 1
28 22 1
28 24 1
28 25 1
28 26 1
28 29 1
28 30 1
28 31 1
28 35 -1
28 41 1
29 7 -1
29 12 1
29 14 1
29 17 1
29 19 -1
29 21 -1
29 22 -1
29 23 1
29 24 1
29 28 1
29 31 1
29 32 1
29 38 1
29 53 1
29 58 1
30 2 1
30 18 1
30 19 1
30 23 1
30 24 1
30 25 1
30 26 -1
30 27 1
30 28 1
30 32 -1
30 34 1
30 36 1
30 38 1
30 62 1
30 64 1
31 10 1
31 14 1
31 16 -1
31 19 1
31 20 1
31 22 1
31 23 1
31 26 1
31 27 1
31 28 1
31 29 1
31 32 1
31 57 1
31 58 1
31 59 1
31 63 1
32 7 1
32 9 1
32 18 1
32 20 1
32 21 -1
32 25 -1
32 26 1
32 27 -1
32 29 1
32 30 -1
32 31 1
32 33 1
32 37 -1
32 39 1
32 49 -1
32 59 1
33 3 1
33 13 1
33 14 1
33 26 -1
33 32 1
33 35 -1
33 36 1
33 38 1
33 40 1
33 41 1
33 42 1
33 43 1
33 46 1
33 48 -1
33 52 1
33 59 1
34 9 1
34 16 -1
34 18 1
34 24 1
34 30 1
34 36 1
34 40 1
34 41 1
34 42 1
34 43 1
34 44 1
34 45 1
34 46 1
34 48 1
34 55 -1
34 61 1
35 7 -1
35 21 1
35 28 -1
35 33 -1
35 37 1
35 39 1
35 40 -1
35 41 -1
35 42 1
35 43 1
35 44 1
35 45 1
35 52 -1
35 56 1
35 57 1
35 62 1
36 5 1
36 17 -1
36 26 1
36 30 1
36 33 1
36 34 1
36 37 1
36 38 1
36 39 -1
36 40 1
36 42 1
36 45 1
36 47 1
36 49 1
36 62 1
36 64 -1
37 9 1
37 11 1
37 13 1
37 16 -1
37 22 1
37 25 1
37 32 -1
37 35 1
37 36 1
37 38 1
37 39 1
37 41 1
37 42 1
37 43 1
37 44 1
37 46 1
38 3 1
38 19 1
38 29 1
38 30 1
38 33 1
38 36 1
38 37 1
38 41 1
38 42 1
38 43 1
38 44 1
38 46 1
38 47 1
38 59 1
38 64 -1
39 1 1
39 9 1
39 14 1
39 20 1
39 32 1
39 35 1
39 36 -1
39 37 1
39 40 1
39 41 1
39 42 -1
39 45 1
39 46 -1
39 47 1
39 63 -1
40 25 1
40 26 1
40 27 1
40 33 1
40 34 1
40 35 -1
40 36 1
40 39 1
40 43 -1
40 45 -1
40 46 1
40 48 1
40 50 1
40 54 1
40 55 1
40 62 1
41 21 1
41 28 1
41 33 1
41 34 1
41 35 -1
41 37 1
41 38 1
41 39 1
41 43 1
41 44 1
41 45 1
41 51 1
41 52 1
41 57 1
41 60 1
42 1 1
42 5 1
42 6 1
42 8 1
42 15 -1
42 24 1
42 33 1
42 34 1
42 35 1
42 36 1
42 37 1
42 38 1
42 39 -1
42 47 1
42 48 1
42 55 -1
43 3 1
43 5 1
43 10 -1
43 15 -1
43 33 1
43 34 1
43 35 1
43 37 1
43 38 1
43 40 -1
43 41 1
43 47 1
43 48 1
43 49 1
43 58 1
43 63 -1
44 16 1
44 24 -1
44 25 1
44 34 1
44 35 1
44 37 1
44 38 1
44 41 1
44 45 1
44 46 1
44 47 1
44 48 1
44 54 -1
44 60 1
45 2 1
45 5 1
45 11 1
45 13 1
45 15 1
45 34 1
45 35 1
45 36 1
45 39 1
45 40 -1
45 41 1
45 44 1
45 47 1
45 48 1
45 51 1
45 53 1
46 7 1
46 12 1
46 16 1
46 22 1
46 26 -1
46 33 1
46 34 1
46 37 1
46 38 1
46 39 -1
46 40 1
46 44 1
46 47 1
46 48 1
47 4 1
47 14 1
47 23 -1
47 36 1
47 38 1
47 39 1
47 42 1
47 43 1
47 44 1
47 45 1
47 46 1
47 48 1
47 54 1
47 58 1
48 2 1
48 9 1
48 27 1
48 33 -1
48 34 1
48 40 1
48 42 1
48 43 1
48 44 1
48 45 1
48 46 1
48 47 1
48 53 -1
48 60 1
49 6 1
49 10 1
49 21 1
49 23 1
49 32 -1
49 36 1
49 43 1
49 51 1
49 54 -1
49 55 1
49 56 1
49 58 1
49 60 -1
49 61 -1
49 62 1
49 63 1
50 2 1
50 6 -1
50 11 1
50 24 1
50 26 1
50 40 1
50 51 1
50 54 1
50 56 1
50 57 1
50 58 1
50 61 1
50 62 1
50 63 1
50 64 1
51 2 1
51 4 -1
51 7 1
51 20 1
51 23 1
51 41 1
51 45 1
51 49 1
51 50 1
51 52 -1
51 53 1
51 54 1
51 56 1
51 60 1
51 61 1
51 63 1
52 8 1
52 19 1
52 24 -1
52 33 1
52 35 -1
52 41 1
52 51 -1
52 56 1
52 57 1
52 58 1
52 59 1
52 60 1
52 61 1
52 62 1
52 63 1
53 9 1
53 10 1
53 16 1
53 22 1
53 29 1
53 45 1
53 48 -1
53 51 1
53 55 1
53 56 1
53 57 1
53 59 -1
53 60 1
53 61 1
53 62 1
53 63 1
54 12 1
54 22 1
54 40 1
54 44 -1
54 47 1
54 49 -1
54 50 1
54 51 1
54 55 1
54 57 1
54 58 1
54 59 -1
54 60 1
54 64 -1
55 5 1
55 16 -1
55 18 1
55 21 -1
55 34 -1
55 40 1
55 42 -1
55 49 1
55 53 1
55 54 1
55 56 1
55 57 -1
55 59 1
55 60 1
55 63 1
55 64 1
56 12 1
56 17 -1
56 18 1
56 21 -1
56 22 1
56 35 1
56 49 1
56 50 1
56 51 1
56 52 1
56 53 1
56 55 1
56 57 1
56 60 -1
56 64 1
57 11 1
57 13 -1
57 18 1
57 31 1
57 35 1
57 41 1
57 50 1
57 52 1
57 53 1
57 54 1
57 55 -1
57 56 1
57 58 1
57 61 1
57 62 1
58 3 -1
58 13 1
58 22 1
58 29 1
58 31 1
58 43 1
58 47 1
58 49 1
58 50 1
58 52 1
58 54 1
58 57 1
58 59 1
58 62 1
58 63 1
58 64 1
59 15 -1
59 20 1
59 31 1
59 32 1
59 33 1
59 38 1
59 52 1
59 53 -1
59 54 -1
59 55 1
59 58 1
59 60 1
59 61 1
59 62 1
59 63 1
60 4 1
60 5 -1
60 8 1
60 41 1
60 44 1
60 48 1
60 49 -1
60 51 1
60 52 1
60 53 1
60 54 1
60 55 1
60 56 -1
60 59 1
60 64 1
61 3 -1
61 8 -1
61 10 1
61 14 1
61 17 1
61 20 1
61 34 1
61 49 -1
61 50 1
61 51 1
61 52 1
61 53 1
61 57 1
61 59 1
61 62 -1
61 64 -1
62 4 1
62 21 1
62 30 1
62 35 1
62 36 1
62 40 1
62 49 1
62 50 1
62 52 1
62 53 1
62 57 1
62 58 1
62 59 1
62 61 -1
62 64 -1
63 19 1
63 20 1
63 31 1
63 39 -1
63 43 -1
63 49 1
63 50 1
63 51 1
63 52 1
63 53 1
63 55 1
63 58 1
63 59 1
63 64 1
64 5 -1
64 11 1
64 18 1
64 19 1
64 30 1
64 36 -1
64 38 -1
64 50 1
64 54 -1
64 55 1
64 56 1
64 58 1
64 60 1
64 61 -1
64 62 -1
64 63 1
