1 3 1
1 6 -1
1 7 -1
1 8 1
1 9 -1
1 10 1
1 11 -1
1 12 -1
1 15 -1
1 18 1
1 26 1
1 58 -1
1 62 1
1 64 1
2 3 1
2 4 -1
2 5 1
2 6 -1
2 8 -1
2 10 -1
2 12 1
2 14 -1
2 16 1
2 30 -1
2 34 1
2 38 -1
2 40 -1
2 42 1
2 54 -1
2 57 -1
3 1 1
3 2 1
3 4 1
3 5 -1
3 6 1
3 10 -1
3 11 -1
3 13 -1
3 16 -1
3 20 -1
3 21 1
3 26 1
3 29 -1
3 46 1
4 2 -1
4 3 1
4 6 -1
4 8 1
4 11 -1
4 12 -1
4 13 -1
4 14 1
4 15 -1
4 17 1
4 27 -1
4 41 -1
4 49 1
4 50 1
4 54 1
5 2 1
5 3 -1
5 6 -1
5 7 1
5 9 1
5 11 -1
5 13 -1
5 15 -1
5 16 1
5 38 1
5 39 -1
5 48 -1
5 49 -1
5 51 1
5 57 1
5 62 -1
6 1 -1
6 2 -1
6 3 1
6 4 -1
6 5 -1
6 7 -1
6 13 -1
6 14 1
6 15 1
6 28 -1
6 38 1
6 46 -1
6 56 -1
6 62 -1
6 64 -1
7 1 -1
7 5 1
7 6 -1
7 8 -1
7 9 -1
7 10 1
7 12 -1
7 14 -1
7 16 -1
7 28 -1
7 39 1
7 40 -1
7 44 -1
7 56 -1
7 59 -1
7 64 -1
8 1 1
8 2 -1
8 4 1
8 7 -1
8 9 -1
8 10 1
8 12 -1
8 13 -1
8 15 -1
8 21 1
8 43 -1
8 45 -1
8 50 -1
8 54 -1
8 61 1
9 1 -1
9 5 1
9 7 -1
9 8 -1
9 10 -1
9 11 1
9 12 -1
9 13 -1
9 16 1
9 17 1
9 43 -1
9 44 1
9 46 -1
9 48 1
9 52 -1
9 60 -1
10 1 1
10 2 -1
10 3 -1
10 7 1
10 8 1
10 9 -1
10 13 1
10 14 1
10 15 -1
10 20 -1
10 36 -1
10 40 -1
10 44 1
10 47 1
10 50 -1
10 55 1
11 1 -1
11 3 -1
11 4 -1
11 5 -1
11 9 1
11 12 -1
11 14 -1
11 15 1
11 16 -1
11 22 -1
11 26 -1
11 31 -1
11 35 -1
11 38 -1
11 54 -1
11 56 1
12 1 -1
12 2 1
12 4 -1
12 7 -1
12 8 -1
12 9 -1
12 11 -1
12 14 -1
12 15 -1
12 17 1
12 33 -1
12 39 1
12 44 -1
12 56 -1
12 58 -1
13 3 -1
13 4 -1
13 5 -1
13 6 -1
13 8 -1
13 9 -1
13 10 1
13 14 -1
13 16 -1
13 19 -1
13 22 1
13 35 1
13 45 -1
13 47 -1
13 53 -1
13 57 1
14 2 -1
14 4 1
14 6 1
14 7 -1
14 10 1
14 11 -1
14 12 -1
14 13 -1
14 16 -1
14 20 -1
14 25 -1
14 26 -1
14 44 1
14 45 1
14 58 -1
14 63 1
15 1 -1
15 4 -1
15 5 -1
15 6 1
15 8 -1
15 10 -1
15 11 1
15 12 -1
15 16 -1
15 17 1
15 19 -1
15 21 -1
15 37 -1
15 45 -1
15 59 1
16 2 1
16 3 -1
16 5 1
16 7 -1
16 9 1
16 11 -1
16 13 -1
16 14 -1
16 15 -1
16 24 -1
16 30 1
16 32 -1
16 36 1
16 42 -1
16 61 -1
17 4 1
17 9 1
17 12 1
17 15 1
17 18 -1
17 19 1
17 20 1
17 21 1
17 23 1
17 25 -1
17 27 1
17 30 -1
17 31 -1
17 52 1
17 61 -1
18 1 1
18 17 -1
18 19 -1
18 20 -1
18 21 -1
18 25 -1
18 27 -1
18 28 -1
18 29 -1
18 32 -1
18 37 -1
18 38 -1
18 40 1
18 45 -1
18 56 -1
19 13 -1
19 15 -1
19 17 1
19 18 -1
19 22 1
19 25 -1
19 28 -1
19 29 -1
19 30 -1
19 31 -1
19 32 -1
19 36 -1
19 41 1
19 50 -1
19 58 1
19 60 1
20 3 -1
20 10 -1
20 14 -1
20 17 1
20 18 -1
20 22 1
20 23 -1
20 24 1
20 25 -1
20 26 -1
20 30 1
20 31 1
20 35 -1
20 49 1
20 51 1
20 63 1
21 3 1
21 8 1
21 15 -1
21 17 1
21 18 -1
21 22 -1
21 25 -1
21 26 1
21 27 1
21 28 -1
21 29 1
21 31 -1
21 47 1
21 57 1
22 11 -1
22 13 1
22 19 1
22 20 1
22 21 -1
22 23 1
22 24 1
22 25 1
22 26 1
22 28 1
22 32 -1
22 41 1
22 43 1
22 48 -1
22 55 1
22 58 -1
23 17 1
23 20 -1
23 22 1
23 24 -1
23 26 -1
23 27 1
23 28 1
23 30 1
23 31 1
23 35 -1
23 49 1
23 55 1
23 59 -1
23 63 -1
24 16 -1
24 20 1
24 22 1
24 23 -1
24 25 1
24 28 -1
24 29 -1
24 30 -1
24 31 -1
24 32 -1
24 34 1
24 37 -1
24 40 -1
24 43 1
24 44 -1
24 51 1
25 14 -1
25 17 -1
25 18 -1
25 19 -1
25 20 -1
25 21 -1
25 22 1
25 24 1
25 26 1
25 29 1
25 36 1
25 37 1
25 47 -1
25 58 -1
25 60 -1
26 1 1
26 3 1
26 11 -1
26 14 -1
26 20 -1
26 21 1
26 22 1
26 23 -1
26 25 1
26 27 -1
26 28 1
26 29 -1
26 32 -1
26 34 1
26 35 -1
26 42 -1
27 4 -1
27 17 1
27 18 -1
27 21 1
27 23 1
27 26 -1
27 28 -1
27 29 -1
27 30 1
27 31 -1
27 33 -1
27 34 1
27 36 -1
27 62 -1
27 63 -1
28 6 -1
28 7 -1
28 18 -1
28 19 -1
28 21 -1
28 22 1
28 23 1
28 24 -1
28 26 1
28 27 -1
28 32 -1
28 40 1
28 41 1
28 61 -1
29 3 -1
29 18 -1
29 19 -1
29 21 1
29 24 -1
29 25 1
29 26 -1
29 27 -1
29 30 1
29 32 1
29 42 -1
29 50 -1
29 52 -1
29 53 1
29 57 -1
30 2 -1
30 16 1
30 17 -1
30 19 -1
30 20 1
30 23 1
30 24 -1
30 27 1
30 29 1
30 31 -1
30 32 1
30 34 -1
30 44 -1
30 48 -1
30 60 1
30 64 -1
31 11 -1
31 17 -1
31 19 -1
31 20 1
31 21 -1
31 23 1
31 24 -1
31 27 -1
31 30 -1
31 32 1
31 33 1
31 40 -1
31 47 -1
31 52 -1
31 53 1
31 59 1
32 16 -1
32 18 -1
32 19 -1
32 22 -1
32 24 -1
32 26 -1
32 28 -1
32 29 1
32 30 1
32 31 1
32 33 -1
32 51 1
32 55 -1
32 57 1
32 61 1
33 12 -1
33 27 -1
33 31 1
33 32 -1
33 35 1
33 36 -1
33 37 1
33 39 1
33 40 1
33 44 1
33 46 -1
33 47 -1
33 48 1
33 49 -1
33 53 1
33 59 1
34 2 1
34 24 1
34 26 1
34 27 1
34 30 -1
34 35 -1
34 36 -1
34 39 -1
34 40 1
34 41 -1
34 43 -1
34 44 1
34 45 -1
34 48 -1
34 55 -1
34 61 1
35 11 -1
35 13 1
35 20 -1
35 23 -1
35 26 -1
35 33 1
35 34 -1
35 36 -1
35 37 1
35 38 -1
35 42 -1
35 43 1
35 45 -1
35 47 -1
35 49 -1
35 56 1
36 10 -1
36 16 1
36 19 -1
36 25 1
36 27 -1
36 33 -1
36 34 -1
36 35 -1
36 38 1
36 40 -1
36 41 1
36 43 1
36 45 1
36 48 1
36 52 -1
37 15 -1
37 18 -1
37 24 -1
37 25 1
37 33 1
37 35 1
37 38 -1
37 42 -1
37 43 1
37 44 -1
37 45 -1
37 46 -1
37 48 -1
37 54 -1
37 62 -1
38 2 -1
38 5 1
38 6 1
38 11 -1
38 18 -1
38 35 -1
38 36 1
38 37 -1
38 39 -1
38 40 1
38 41 -1
38 42 1
38 46 -1
38 47 -1
38 56 -1
38 63 -1
39 5 -1
39 7 1
39 12 1
39 33 1
39 34 -1
39 38 -1
39 40 1
39 41 -1
39 42 1
39 45 -1
39 46 -1
39 47 1
39 50 -1
39 60 -1
40 2 -1
40 7 -1
40 10 -1
40 18 1
40 24 -1
40 28 1
40 31 -1
40 33 1
40 34 1
40 36 -1
40 38 1
40 39 1
40 41 -1
40 43 1
40 47 -1
40 48 -1
41 4 -1
41 19 1
41 22 1
41 28 1
41 34 -1
41 36 1
41 38 -1
41 39 -1
41 40 -1
41 42 1
41 43 -1
41 44 -1
41 48 1
41 51 1
41 54 1
41 64 1
42 2 1
42 16 -1
42 26 -1
42 29 -1
42 35 -1
42 37 -1
42 38 1
42 39 1
42 41 1
42 43 -1
42 44 1
42 46 1
42 48 1
42 53 -1
42 55 -1
42 57 1
43 8 -1
43 9 -1
43 22 1
43 24 1
43 34 -1
43 35 1
43 36 1
43 37 1
43 40 1
43 41 -1
43 42 -1
43 44 -1
43 46 1
43 53 1
43 60 1
43 63 1
44 7 -1
44 9 1
44 10 1
44 12 -1
44 14 1
44 24 -1
44 30 -1
44 33 1
44 34 1
44 37 -1
44 41 -1
44 42 1
44 43 -1
44 45 -1
44 46 -1
44 47 1
45 8 -1
45 13 -1
45 14 1
45 15 -1
45 18 -1
45 34 -1
45 35 -1
45 36 1
45 37 -1
45 39 -1
45 44 -1
45 46 -1
45 47 -1
45 48 -1
45 51 -1
45 58 -1
46 3 1
46 6 -1
46 9 -1
46 33 -1
46 37 -1
46 38 -1
46 39 -1
46 42 1
46 43 1
46 44 -1
46 45 -1
46 47 1
46 49 -1
46 63 1
46 64 1
47 10 1
47 13 -1
47 21 1
47 25 -1
47 31 -1
47 33 -1
47 35 -1
47 38 -1
47 39 1
47 40 -1
47 44 1
47 45 -1
47 46 1
47 48 -1
47 54 -1
47 64 -1
48 5 -1
48 9 1
48 22 -1
48 30 -1
48 33 1
48 34 -1
48 36 1
48 37 -1
48 40 -1
48 41 1
48 42 1
48 45 -1
48 47 -1
48 51 -1
48 52 -1
49 4 1
49 5 -1
49 20 1
49 23 1
49 33 -1
49 35 -1
49 46 -1
49 51 -1
49 52 1
49 53 -1
49 54 -1
49 57 1
49 59 1
49 60 -1
49 62 1
49 63 -1
50 4 1
50 8 -1
50 10 -1
50 19 -1
50 29 -1
50 39 -1
50 51 1
50 52 1
50 53 -1
50 56 1
50 58 -1
50 59 1
50 60 -1
50 62 -1
50 64 -1
51 5 1
51 20 1
51 24 1
51 32 1
51 41 1
51 45 -1
51 48 -1
51 49 -1
51 50 1
51 52 1
51 55 -1
51 56 -1
51 57 1
51 58 1
51 61 1
51 64 -1
52 9 -1
52 17 1
52 29 -1
52 31 -1
52 36 -1
52 48 -1
52 49 1
52 50 1
52 51 1
52 55 1
52 57 -1
52 59 -1
52 60 1
52 62 -1
52 63 1
53 13 -1
53 29 1
53 31 1
53 33 1
53 42 -1
53 43 1
53 49 -1
53 50 -1
53 54 1
53 55 -1
53 59 1
53 61 1
53 62 -1
53 63 -1
53 64 -1
54 2 -1
54 4 1
54 8 -1
54 11 -1
54 37 -1
54 41 1
54 47 -1
54 49 -1
54 53 1
54 56 -1
54 58 -1
54 60 -1
54 61 -1
54 62 1
54 63 -1
54 64 1
55 10 1
55 22 1
55 23 1
55 32 -1
55 34 -1
55 42 -1
55 51 -1
55 52 1
55 53 -1
55 56 -1
55 58 -1
55 59 -1
55 60 -1
55 61 -1
55 62 -1
56 6 -1
56 7 -1
56 11 1
56 12 -1
56 18 -1
56 35 1
56 38 -1
56 50 1
56 51 -1
56 54 -1
56 55 -1
56 57 -1
56 58 1
56 60 -1
56 63 1
56 64 -1
57 2 -1
57 5 1
57 13 1
57 21 1
57 29 -1
57 32 1
57 42 1
57 49 1
57 51 1
57 52 -1
57 56 -1
57 58 1
57 59 1
57 60 -1
57 63 -1
57 64 1
58 1 -1
58 12 -1
58 14 -1
58 19 1
58 22 -1
58 25 -1
58 45 -1
58 50 -1
58 51 1
58 54 -1
58 55 -1
58 56 1
58 57 1
58 61 1
58 62 -1
58 64 -1
59 7 -1
59 15 1
59 23 -1
59 31 1
59 33 1
59 49 1
59 50 1
59 52 -1
59 53 1
59 55 -1
59 57 1
59 60 -1
59 61 1
59 62 -1
60 9 -1
60 19 1
60 25 -1
60 30 1
60 39 -1
60 43 1
60 49 -1
60 50 -1
60 52 1
60 54 -1
60 55 -1
60 56 -1
60 57 -1
60 59 -1
60 63 1
61 8 1
61 16 -1
61 17 -1
61 28 -1
61 32 1
61 34 1
61 51 1
61 53 1
61 54 -1
61 55 -1
61 58 1
61 59 1
61 62 -1
61 63 1
61 64 -1
62 1 1
62 5 -1
62 6 -1
62 27 -1
62 37 -1
62 49 1
62 50 -1
62 52 -1
62 53 -1
62 54 1
62 55 -1
62 58 -1
62 59 -1
62 61 -1
63 14 1
63 20 1
63 23 -1
63 27 -1
63 38 -1
63 43 1
63 46 1
63 49 -1
63 52 1
63 53 -1
63 54 -1
63 56 1
63 57 -1
63 60 1
63 61 1
63 64 1
64 1 1
64 6 -1
64 7 -1
64 30 -1
64 41 1
64 46 1
64 47 -1
64 50 -1
64 51 -1
64 53 -1
64 54 1
64 56 -1
64 57 1
64 58 -1
64 61 -1
64 63 1
