1 2 1
1 3 1
1 4 -1
1 7 1
1 8 -1
1 11 -1
1 14 1
1 15 -1
1 16 -1
1 21 1
1 25 1
1 37 1
1 44 1
1 52 -1
1 53 1
1 63 -1
2 1 1
2 3 1
2 4 -1
2 6 1
2 7 1
2 8 -1
2 13 1
2 14 -1
2 15 -1
2 20 1
2 23 -1
2 33 -1
2 46 1
2 48 1
3 1 1
3 2 1
3 6 -1
3 8 -1
3 9 1
3 10 1
3 12 1
3 13 1
3 15 1
3 25 1
3 26 1
3 30 1
3 34 1
3 35 -1
3 44 1
3 46 1
4 1 -1
4 2 -1
4 5 1
4 7 1
4 9 1
4 12 -1
4 13 -1
4 14 1
4 15 1
4 18 1
4 24 -1
4 26 1
4 40 -1
4 46 -1
4 54 -1
4 55 -1
5 4 1
5 6 1
5 8 -1
5 9 -1
5 11 -1
5 12 -1
5 13 1
5 14 1
5 16 -1
5 22 1
5 39 -1
5 48 1
5 53 -1
5 54 1
5 58 1
5 59 -1
6 2 1
6 3 -1
6 5 1
6 7 1
6 9 -1
6 10 -1
6 11 1
6 12 1
6 16 1
6 25 1
6 31 1
6 37 -1
6 51 1
6 58 -1
6 59 -1
6 64 1
7 1 1
7 2 1
7 4 1
7 6 1
7 9 1
7 12 1
7 13 1
7 14 1
7 16 1
7 25 1
7 31 -1
7 36 1
7 49 -1
7 50 -1
7 54 1
7 63 1
8 1 -1
8 2 -1
8 3 -1
8 5 -1
8 9 1
8 10 1
8 11 -1
8 12 -1
8 15 -1
8 36 1
8 40 -1
8 43 -1
8 53 1
8 54 -1
8 61 1
8 63 1
9 3 1
9 4 1
9 5 -1
9 6 -1
9 7 1
9 8 1
9 10 -1
9 14 1
9 15 1
9 19 -1
9 21 1
9 29 1
9 35 -1
9 47 1
9 55 -1
9 64 -1
10 3 1
10 6 -1
10 8 1
10 9 -1
10 11 1
10 12 1
10 13 1
10 15 1
10 16 1
10 18 1
10 24 1
10 34 1
10 52 -1
10 56 -1
10 58 1
11 1 -1
11 5 -1
11 6 1
11 8 -1
11 10 1
11 12 1
11 13 1
11 15 1
11 16 -1
11 20 1
11 22 1
11 26 1
11 40 -1
11 42 -1
11 44 1
11 58 1
12 3 1
12 4 -1
12 5 -1
12 6 1
12 7 1
12 8 -1
12 10 1
12 11 1
12 16 1
12 33 -1
12 39 1
12 40 -1
12 45 -1
12 47 1
13 2 1
13 3 1
13 4 -1
13 5 1
13 7 1
13 10 1
13 11 1
13 14 -1
13 16 1
13 19 1
13 21 1
13 45 -1
13 55 1
13 57 1
13 59 -1
14 1 1
14 2 -1
14 4 1
14 5 1
14 7 1
14 9 1
14 13 -1
14 15 1
14 16 -1
14 21 1
14 23 1
14 27 -1
14 29 -1
14 41 -1
14 48 1
14 49 1
15 1 -1
15 2 -1
15 3 1
15 4 1
15 8 -1
15 9 1
15 10 1
15 11 1
15 14 1
15 21 1
15 24 1
15 28 1
15 30 1
15 52 1
15 53 -1
15 58 1
16 1 -1
16 5 -1
16 6 1
16 7 1
16 10 1
16 11 -1
16 12 1
16 13 1
16 14 -1
16 20 1
16 22 1
16 34 1
16 49 1
16 64 -1
17 19 1
17 20 1
17 22 -1
17 23 1
17 27 1
17 28 -1
17 29 1
17 30 -1
17 31 1
17 34 -1
17 38 -1
17 41 1
17 43 1
17 50 -1
17 58 -1
17 64 -1
18 4 1
18 10 1
18 19 -1
18 21 -1
18 22 1
18 23 1
18 24 1
18 25 1
18 27 1
18 28 -1
18 30 -1
18 43 -1
18 48 -1
18 59 -1
19 9 -1
19 13 1
19 17 1
19 18 -1
19 22 1
19 25 1
19 26 -1
19 27 -1
19 29 -1
19 31 1
19 32 1
19 46 1
19 48 -1
19 50 -1
19 60 -1
20 2 1
20 11 1
20 16 1
20 17 1
20 21 1
20 24 1
20 25 -1
20 26 1
20 27 1
20 28 1
20 29 1
20 32 -1
20 37 1
20 51 1
20 61 1
21 1 1
21 9 1
21 13 1
21 14 1
21 15 1
21 18 -1
21 20 1
21 22 -1
21 23 1
21 24 1
21 26 -1
21 27 -1
21 29 -1
21 32 1
21 50 -1
21 58 -1
22 5 1
22 11 1
22 16 1
22 17 -1
22 18 1
22 19 1
22 21 -1
22 25 1
22 28 1
22 30 -1
22 31 1
22 32 1
22 45 1
22 51 1
22 54 1
22 61 -1
23 2 -1
23 14 1
23 17 1
23 18 1
23 21 1
23 24 1
23 26 -1
23 27 -1
23 29 1
23 30 1
23 31 -1
23 44 1
23 45 -1
23 47 -1
23 52 -1
23 62 1
24 4 -1
24 10 1
24 15 1
24 18 1
24 20 1
24 21 1
24 23 1
24 26 1
24 27 -1
24 28 -1
24 31 -1
24 32 1
24 49 1
24 55 1
24 60 1
24 62 -1
25 1 1
25 3 1
25 6 1
25 7 1
25 18 1
25 19 1
25 20 -1
25 22 1
25 26 -1
25 29 1
25 30 1
25 31 1
25 32 1
25 37 1
25 51 -1
25 53 -1
26 3 1
26 4 1
26 11 1
26 19 -1
26 20 1
26 21 -1
26 23 -1
26 24 1
26 25 -1
26 28 1
26 29 1
26 32 1
26 39 1
26 43 1
26 55 1
26 61 1
27 14 -1
27 17 1
27 18 1
27 19 -1
27 20 1
27 21 -1
27 23 -1
27 24 -1
27 28 1
27 31 -1
27 38 1
27 39 1
27 46 -1
27 52 -1
27 56 1
27 60 -1
28 15 1
28 17 -1
28 18 -1
28 20 1
28 22 1
28 24 -1
28 26 1
28 27 1
28 29 1
28 30 1
28 33 -1
28 37 1
28 45 1
28 49 1
28 53 1
28 61 1
29 9 1
29 14 -1
29 17 1
29 19 -1
29 20 1
29 21 -1
29 23 1
29 25 1
29 26 1
29 28 1
29 30 -1
29 35 1
29 37 1
29 55 -1
29 57 1
29 62 1
30 3 1
30 15 1
30 17 -1
30 18 -1
30 22 -1
30 23 1
30 25 1
30 28 1
30 29 -1
30 31 -1
30 32 1
30 37 1
30 39 -1
30 43 -1
30 59 -1
31 6 1
31 7 -1
31 17 1
31 19 1
31 22 1
31 23 -1
31 24 -1
31 25 1
31 27 -1
31 30 -1
31 32 1
31 44 -1
31 52 -1
31 54 -1
31 56 1
31 63 1
32 19 1
32 20 -1
32 21 1
32 22 1
32 24 1
32 25 1
32 26 1
32 30 1
32 31 1
32 34 1
32 38 -1
32 42 1
32 43 -1
32 44 -1
33 2 -1
33 12 -1
33 28 -1
33 34 1
33 36 1
33 37 1
33 39 1
33 41 -1
33 45 -1
33 46 1
33 47 1
33 48 1
33 50 -1
34 3 1
34 10 1
34 16 1
34 17 -1
34 32 1
34 33 1
34 35 -1
34 37 -1
34 38 1
34 39 1
34 41 1
34 43 1
34 46 1
34 47 1
34 51 1
34 64 -1
35 3 -1
35 9 -1
35 29 1
35 34 -1
35 36 1
35 39 1
35 40 -1
35 42 1
35 43 -1
35 44 1
35 45 -1
35 48 -1
35 51 -1
35 57 1
35 61 1
36 7 1
36 8 1
36 33 1
36 35 1
36 38 1
36 39 1
36 43 -1
36 44 -1
36 46 1
36 47 1
36 48 -1
36 54 1
36 60 1
36 62 1
36 64 -1
37 1 1
37 6 -1
37 20 1
37 25 1
37 28 1
37 29 1
37 30 1
37 33 1
37 34 -1
37 39 -1
37 41 1
37 42 1
37 43 1
37 44 -1
37 45 1
37 48 -1
38 17 -1
38 27 1
38 32 -1
38 34 1
38 36 1
38 40 1
38 41 1
38 43 -1
38 44 1
38 46 1
38 47 1
38 48 1
38 53 -1
38 59 -1
38 62 1
39 5 -1
39 12 1
39 26 1
39 27 1
39 30 -1
39 33 1
39 34 1
39 35 1
39 36 1
39 37 -1
39 40 -1
39 42 -1
39 44 1
39 45 1
39 51 -1
40 4 -1
40 8 -1
40 11 -1
40 12 -1
40 35 -1
40 38 1
40 39 -1
40 42 -1
40 43 1
40 44 1
40 45 1
40 47 1
40 48 1
40 55 1
40 56 1
40 63 -1
41 14 -1
41 17 1
41 33 -1
41 34 1
41 37 1
41 38 1
41 42 -1
41 43 1
41 44 1
41 47 1
41 48 1
41 50 1
41 52 1
41 57 1
41 62 -1
42 11 -1
42 32 1
42 35 1
42 37 1
42 39 -1
42 40 -1
42 41 -1
42 43 -1
42 44 -1
42 45 1
42 46 -1
42 56 1
42 59 1
42 60 1
42 64 -1
43 8 -1
43 17 1
43 18 -1
43 26 1
43 30 -1
43 32 -1
43 34 1
43 35 -1
43 36 -1
43 37 1
43 38 -1
43 40 1
43 41 1
43 42 -1
43 46 1
43 60 1
44 1 1
44 3 1
44 11 1
44 23 1
44 31 -1
44 32 -1
44 35 1
44 36 -1
44 37 -1
44 38 1
44 39 1
44 40 1
44 41 1
44 42 -1
44 46 -1
45 12 -1
45 13 -1
45 22 1
45 23 -1
45 28 1
45 33 -1
45 35 -1
45 37 1
45 39 1
45 40 1
45 42 1
45 46 -1
45 47 -1
45 48 1
45 63 -1
46 2 1
46 3 1
46 4 -1
46 19 1
46 27 -1
46 33 1
46 34 1
46 36 1
46 38 1
46 42 -1
46 43 1
46 44 -1
46 45 -1
46 47 1
46 56 -1
46 61 -1
47 9 1
47 12 1
47 23 -1
47 33 1
47 34 1
47 36 1
47 38 1
47 40 1
47 41 1
47 45 -1
47 46 1
47 48 1
47 50 1
47 57 -1
47 60 -1
47 63 -1
48 2 1
48 5 1
48 14 1
48 18 -1
48 19 -1
48 33 1
48 35 -1
48 36 -1
48 37 -1
48 38 1
48 40 1
48 41 1
48 45 1
48 47 1
48 49 1
49 7 -1
49 14 1
49 16 1
49 24 1
49 28 1
49 48 1
49 51 1
49 52 1
49 55 -1
49 57 1
49 58 1
49 60 -1
49 62 1
49 63 1
49 64 1
50 7 -1
50 17 -1
50 19 -1
50 21 -1
50 33 -1
50 41 1
50 47 1
50 51 -1
50 54 1
50 55 1
50 56 -1
50 57 -1
50 58 -1
50 60 1
50 62 -1
50 64 1
51 6 1
51 20 1
51 22 1
51 25 -1
51 34 1
51 35 -1
51 39 -1
51 49 1
51 50 -1
51 52 1
51 53 1
51 55 -1
51 59 -1
51 60 -1
51 61 1
51 64 -1
52 1 -1
52 10 -1
52 15 1
52 23 -1
52 27 -1
52 31 -1
52 41 1
52 49 1
52 51 1
52 53 -1
52 55 -1
52 56 -1
52 59 1
52 61 1
52 62 -1
52 64 -1
53 1 1
53 5 -1
53 8 1
53 15 -1
53 25 -1
53 28 1
53 38 -1
53 51 1
53 52 -1
53 56 1
53 57 -1
53 59 1
53 61 1
53 62 1
53 63 1
53 64 1
54 4 -1
54 5 1
54 7 1
54 8 -1
54 22 1
54 31 -1
54 36 1
54 50 1
54 55 1
54 56 -1
54 57 1
54 58 -1
54 59 -1
54 61 1
54 63 1
54 64 -1
55 4 -1
55 9 -1
55 13 1
55 24 1
55 26 1
55 29 -1
55 40 1
55 49 -1
55 50 1
55 51 -1
55 52 -1
55 54 1
55 56 1
55 58 1
55 59 1
55 61 1
56 10 -1
56 27 1
56 31 1
56 40 1
56 42 1
56 46 -1
56 50 -1
56 52 -1
56 53 1
56 54 -1
56 55 1
56 57 1
56 58 1
56 60 1
56 62 -1
57 13 1
57 29 1
57 35 1
57 41 1
57 47 -1
57 49 1
57 50 -1
57 53 -1
57 54 1
57 56 1
57 58 1
57 60 -1
57 63 1
57 64 1
58 5 1
58 6 -1
58 10 1
58 11 1
58 15 1
58 17 -1
58 21 -1
58 49 1
58 50 -1
58 54 -1
58 55 1
58 56 1
58 57 1
58 60 1
58 61 1
58 63 1
59 5 -1
59 6 -1
59 13 -1
59 18 -1
59 30 -1
59 38 -1
59 42 1
59 51 -1
59 52 1
59 53 1
59 54 -1
59 55 1
59 60 -1
59 62 -1
59 63 -1
59 64 -1
60 19 -1
60 24 1
60 27 -1
60 36 1
60 42 1
60 43 1
60 47 -1
60 49 -1
60 50 1
60 51 -1
60 56 1
60 57 -1
60 58 1
60 59 -1
60 61 -1
60 62 1
61 8 1
61 20 1
61 22 -1
61 26 1
61 28 1
61 35 1
61 46 -1
61 51 1
61 52 1
61 53 1
61 54 1
61 55 1
61 58 1
61 60 -1
61 62 1
61 63 -1
62 23 1
62 24 -1
62 29 1
62 36 1
62 38 1
62 41 -1
62 49 1
62 50 -1
62 52 -1
62 53 1
62 56 -1
62 59 -1
62 60 1
62 61 1
62 63 1
63 1 -1
63 7 1
63 8 1
63 31 1
63 40 -1
63 45 -1
63 47 -1
63 49 1
63 53 1
63 54 1
63 57 1
63 58 1
63 59 -1
63 61 -1
63 62 1
63 64 1
64 6 1
64 9 -1
64 16 -1
64 17 -1
64 34 -1
64 36 -1
64 42 -1
64 49 1
64 50 1
64 51 -1
64 52 -1
64 53 1
64 54 -1
64 57 1
64 59 -1
64 63 1
