1 2 1
1 3 1
1 4 1
1 9 -1
1 10 -1
1 11 1
1 12 1
1 13 1
1 15 1
1 17 -1
1 22 1
1 23 1
1 30 1
1 44 1
1 51 1
2 1 1
2 3 1
2 4 1
2 6 -1
2 7 1
2 11 1
2 13 1
2 14 1
2 16 1
2 17 1
2 21 1
2 29 -1
2 31 1
2 41 1
2 52 1
2 54 1
3 1 1
3 2 1
3 6 1
3 7 -1
3 8 1
3 9 1
3 12 1
3 13 1
3 16 1
3 20 1
3 22 1
3 24 1
3 32 1
3 44 1
3 58 1
3 60 1
4 1 1
4 2 1
4 7 1
4 8 1
4 9 1
4 11 1
4 12 -1
4 14 1
4 15 1
4 32 1
4 35 -1
4 37 1
4 52 1
4 56 1
5 7 -1
5 8 1
5 9 1
5 10 1
5 11 1
5 12 1
5 14 1
5 15 1
5 16 1
5 24 -1
5 31 1
5 38 1
5 45 1
5 48 1
5 55 1
5 60 -1
6 2 -1
6 3 1
6 8 1
6 9 1
6 10 1
6 12 1
6 13 1
6 14 1
6 16 1
6 18 1
6 23 -1
6 26 -1
6 28 1
6 37 1
6 49 -1
6 51 1
7 2 1
7 3 -1
7 4 1
7 5 -1
7 8 1
7 9 1
7 10 1
7 14 -1
7 16 1
7 21 1
7 27 1
7 33 1
7 47 1
7 53 1
7 57 1
7 63 -1
8 3 1
8 4 1
8 5 1
8 6 1
8 7 1
8 10 1
8 11 -1
8 14 1
8 16 1
8 21 1
8 34 1
8 43 1
8 47 1
8 51 1
8 61 1
8 63 1
9 1 -1
9 3 1
9 4 1
9 5 1
9 6 1
9 7 1
9 13 1
9 14 1
9 15 1
9 27 1
9 40 1
9 54 -1
9 55 1
9 57 1
9 64 -1
10 1 -1
10 5 1
10 6 1
10 7 1
10 8 1
10 11 1
10 14 1
10 15 1
10 16 1
10 19 1
10 20 -1
10 23 1
10 26 -1
10 35 1
10 58 1
10 61 1
11 1 1
11 2 1
11 4 1
11 5 1
11 8 -1
11 10 1
11 12 -1
11 13 1
11 15 1
11 21 1
11 24 -1
11 26 1
11 36 1
11 38 -1
11 53 1
11 62 1
12 1 1
12 3 1
12 4 -1
12 5 1
12 6 1
12 11 -1
12 13 1
12 14 1
12 15 1
12 25 1
12 49 1
12 56 1
12 57 1
12 62 1
12 63 1
13 1 1
13 2 1
13 3 1
13 6 1
13 9 1
13 11 1
13 12 1
13 15 1
13 16 -1
13 23 1
13 26 1
13 30 1
13 46 1
13 57 -1
13 62 1
13 63 1
14 2 1
14 4 1
14 5 1
14 6 1
14 7 -1
14 8 1
14 9 1
14 10 1
14 12 1
14 31 1
14 34 1
14 39 1
14 42 -1
14 43 -1
14 45 1
14 49 1
15 1 1
15 4 1
15 5 1
15 9 1
15 10 1
15 11 1
15 12 1
15 13 1
15 16 1
15 27 1
15 28 1
15 42 1
15 45 1
15 52 1
15 53 1
15 61 1
16 2 1
16 3 1
16 5 1
16 6 1
16 7 1
16 8 1
16 10 1
16 13 -1
16 15 1
16 20 1
16 21 1
16 30 1
16 44 1
16 48 1
16 53 1
16 62 1
17 1 -1
17 2 1
17 19 1
17 21 -1
17 22 1
17 23 1
17 27 1
17 28 1
17 30 -1
17 31 1
17 32 -1
17 35 -1
17 36 -1
17 39 1
17 41 1
17 53 1
18 6 1
18 19 1
18 20 -1
18 21 -1
18 23 1
18 28 1
18 29 -1
18 30 1
18 31 1
18 32 -1
18 36 1
18 38 -1
18 41 1
18 57 1
18 59 1
18 61 1
19 10 1
19 17 1
19 18 1
19 20 1
19 21 1
19 25 -1
19 26 1
19 29 1
19 30 1
19 31 1
19 38 1
19 45 1
19 47 -1
19 51 1
19 57 1
19 63 1
20 3 1
20 10 -1
20 16 1
20 18 -1
20 19 1
20 21 1
20 23 1
20 24 1
20 26 1
20 27 1
20 30 1
20 31 1
20 36 1
20 52 1
20 58 1
20 61 1
21 2 1
21 7 1
21 8 1
21 11 1
21 16 1
21 17 -1
21 18 -1
21 19 1
21 20 1
21 23 1
21 24 1
21 25 1
21 28 -1
21 30 1
21 38 -1
21 54 1
22 1 1
22 3 1
22 17 1
22 23 -1
22 24 1
22 25 -1
22 27 -1
22 29 1
22 30 1
22 31 1
22 32 1
22 34 1
22 35 -1
22 36 -1
22 42 1
22 46 -1
23 1 1
23 6 -1
23 10 1
23 13 1
23 17 1
23 18 1
23 20 1
23 21 1
23 22 -1
23 24 -1
23 26 1
23 28 -1
23 32 1
23 37 1
23 58 1
24 3 1
24 5 -1
24 11 -1
24 20 1
24 21 1
24 22 1
24 23 -1
24 25 1
24 26 1
24 27 1
24 28 -1
24 29 1
24 39 1
24 41 1
24 49 1
24 50 1
25 12 1
25 19 -1
25 21 1
25 22 -1
25 24 1
25 26 1
25 27 1
25 28 1
25 29 1
25 31 1
25 34 -1
25 39 1
25 43 -1
25 48 -1
25 51 -1
26 6 -1
26 10 -1
26 11 1
26 13 1
26 19 1
26 20 1
26 23 1
26 24 1
26 25 1
26 27 1
26 28 1
26 29 1
26 32 1
26 47 1
26 55 1
27 7 1
27 9 1
27 15 1
27 17 1
27 20 1
27 22 -1
27 24 1
27 25 1
27 26 1
27 28 1
27 31 -1
27 32 1
27 38 1
27 46 1
27 59 -1
28 6 1
28 15 1
28 17 1
28 18 1
28 21 -1
28 23 -1
28 24 -1
28 25 1
28 26 1
28 27 1
28 30 1
28 41 1
28 45 -1
28 47 1
28 59 1
28 60 1
29 2 -1
29 18 -1
29 19 1
29 22 1
29 24 1
29 25 1
29 26 1
29 30 1
29 31 1
29 32 -1
29 42 1
29 50 1
29 54 1
29 55 1
29 63 1
30 1 1
30 13 1
30 16 1
30 17 -1
30 18 1
30 19 1
30 20 1
30 21 1
30 22 1
30 28 1
30 29 1
30 32 1
30 33 1
30 39 1
30 43 1
30 49 1
31 2 1
31 5 1
31 14 1
31 17 1
31 18 1
31 19 1
31 20 1
31 22 1
31 25 1
31 27 -1
31 29 1
31 32 -1
31 41 1
31 42 -1
31 52 1
32 3 1
32 4 1
32 17 -1
32 18 -1
32 22 1
32 23 1
32 26 1
32 27 1
32 29 -1
32 30 1
32 31 -1
32 44 1
32 50 -1
32 59 1
32 62 -1
32 64 1
33 7 1
33 30 1
33 36 1
33 37 -1
33 38 1
33 39 -1
33 43 1
33 44 -1
33 46 -1
33 47 1
33 48 1
33 50 1
33 51 1
33 59 1
33 61 1
34 8 1
34 14 1
34 22 1
34 25 -1
34 35 1
34 36 -1
34 38 1
34 39 1
34 40 1
34 41 1
34 46 1
34 47 1
34 48 1
34 54 1
34 55 1
34 58 1
35 4 -1
35 10 1
35 17 -1
35 22 -1
35 34 1
35 38 1
35 40 1
35 41 1
35 42 1
35 43 -1
35 45 1
35 46 -1
35 47 1
35 52 1
35 57 1
36 11 1
36 17 -1
36 18 1
36 20 1
36 22 -1
36 33 1
36 34 -1
36 38 1
36 40 -1
36 41 1
36 42 1
36 43 1
36 45 1
36 46 -1
36 56 1
36 63 1
37 4 1
37 6 1
37 23 1
37 33 -1
37 40 1
37 41 1
37 42 1
37 43 1
37 44 -1
37 45 1
37 46 1
37 48 1
37 52 1
37 64 -1
38 5 1
38 11 -1
38 18 -1
38 19 1
38 21 -1
38 27 1
38 33 1
38 34 1
38 35 1
38 36 1
38 39 1
38 40 -1
38 43 1
38 45 1
38 48 1
38 53 1
39 14 1
39 17 1
39 24 1
39 25 1
39 30 1
39 33 -1
39 34 1
39 38 1
39 40 1
39 41 1
39 43 -1
39 44 1
39 46 1
39 47 1
39 50 1
39 64 1
40 9 1
40 34 1
40 35 1
40 36 -1
40 37 1
40 38 -1
40 39 1
40 42 1
40 45 1
40 47 1
40 50 -1
40 53 -1
40 54 1
40 56 1
40 60 -1
41 2 1
41 17 1
41 18 1
41 24 1
41 28 1
41 31 1
41 34 1
41 35 1
41 36 1
41 37 1
41 39 1
41 44 1
41 46 1
41 47 1
41 48 1
41 56 1
42 14 -1
42 15 1
42 22 1
42 29 1
42 31 -1
42 35 1
42 36 1
42 37 1
42 40 1
42 43 1
42 44 1
42 45 1
42 47 1
42 48 1
43 8 1
43 14 -1
43 25 -1
43 30 1
43 33 1
43 35 -1
43 36 1
43 37 1
43 38 1
43 39 -1
43 42 1
43 44 1
43 48 1
43 49 -1
43 64 1
44 1 1
44 3 1
44 16 1
44 32 1
44 33 -1
44 37 -1
44 39 1
44 41 1
44 42 1
44 43 1
44 45 1
44 46 -1
44 48 -1
44 56 1
44 59 -1
44 60 1
45 5 1
45 14 1
45 15 1
45 19 1
45 28 -1
45 35 1
45 36 1
45 37 1
45 38 1
45 40 1
45 42 1
45 44 1
45 47 -1
45 48 1
45 49 1
45 64 1
46 13 1
46 22 -1
46 27 1
46 33 -1
46 34 1
46 35 -1
46 36 -1
46 37 1
46 39 1
46 41 1
46 44 -1
46 47 -1
46 51 1
46 54 1
46 56 1
47 7 1
47 8 1
47 19 -1
47 26 1
47 28 1
47 33 1
47 34 1
47 35 1
47 39 1
47 40 1
47 41 1
47 42 1
47 45 -1
47 46 -1
47 59 -1
47 62 1
48 5 1
48 16 1
48 25 -1
48 33 1
48 34 1
48 37 1
48 38 1
48 41 1
48 42 1
48 43 1
48 44 -1
48 45 1
48 58 1
48 60 1
49 6 -1
49 12 1
49 14 1
49 24 1
49 30 1
49 43 -1
49 45 1
49 50 1
49 51 1
49 52 1
49 56 1
49 60 -1
49 61 -1
49 62 1
49 63 1
49 64 1
50 24 1
50 29 1
50 32 -1
50 33 1
50 39 1
50 40 -1
50 49 1
50 52 1
50 54 1
50 57 1
50 58 1
50 59 1
50 61 1
50 63 1
50 64 1
51 1 1
51 6 1
51 8 1
51 19 1
51 25 -1
51 33 1
51 46 1
51 49 1
51 53 1
51 55 1
51 56 -1
51 57 1
51 59 1
51 60 1
51 62 1
51 64 1
52 2 1
52 4 1
52 15 1
52 20 1
52 31 1
52 35 1
52 37 1
52 49 1
52 50 1
52 53 1
52 55 1
52 57 -1
52 59 1
52 62 1
52 63 -1
52 64 1
53 7 1
53 11 1
53 15 1
53 16 1
53 17 1
53 38 1
53 40 -1
53 51 1
53 52 1
53 54 1
53 55 1
53 58 1
53 60 -1
53 61 -1
53 62 1
53 64 1
54 2 1
54 9 -1
54 21 1
54 29 1
54 34 1
54 40 1
54 46 1
54 50 1
54 53 1
54 55 -1
54 56 1
54 59 1
54 60 1
54 62 1
54 63 1
54 64 1
55 5 1
55 9 1
55 26 1
55 29 1
55 34 1
55 51 1
55 52 1
55 53 1
55 54 -1
55 58 1
55 59 1
55 60 1
55 61 1
55 62 1
56 4 1
56 12 1
56 36 1
56 40 1
56 41 1
56 44 1
56 46 1
56 49 1
56 51 -1
56 54 1
56 58 -1
56 59 1
56 61 -1
56 62 1
56 63 1
56 64 1
57 7 1
57 9 1
57 12 1
57 13 -1
57 18 1
57 19 1
57 35 1
57 50 1
57 51 1
57 52 -1
57 58 1
57 59 1
57 60 1
57 61 1
57 62 1
57 63 1
58 3 1
58 10 1
58 20 1
58 23 1
58 34 1
58 48 1
58 50 1
58 53 1
58 55 1
58 56 -1
58 57 1
58 59 -1
58 60 -1
58 61 1
58 62 1
59 18 1
59 27 -1
59 28 1
59 32 1
59 33 1
59 44 -1
59 47 -1
59 50 1
59 51 1
59 52 1
59 54 1
59 55 1
59 56 1
59 57 1
59 58 -1
59 61 -1
60 3 1
60 5 -1
60 28 1
60 40 -1
60 44 1
60 48 1
60 49 -1
60 51 1
60 53 -1
60 54 1
60 55 1
60 57 1
60 58 -1
60 63 1
60 64 1
61 8 1
61 10 1
61 15 1
61 18 1
61 20 1
61 33 1
61 49 -1
61 50 1
61 53 -1
61 55 1
61 56 -1
61 57 1
61 58 1
61 59 -1
61 63 1
62 11 1
62 12 1
62 13 1
62 16 1
62 32 -1
62 47 1
62 49 1
62 51 1
62 52 1
62 53 1
62 54 1
62 55 1
62 56 1
62 57 1
62 58 1
63 7 -1
63 8 1
63 12 1
63 13 1
63 19 1
63 29 1
63 36 1
63 49 1
63 50 1
63 52 -1
63 54 1
63 56 1
63 57 1
63 60 1
63 61 1
63 64 1
64 9 -1
64 32 1
64 37 -1
64 39 1
64 43 1
64 45 1
64 49 1
64 50 1
64 51 1
64 52 1
64 53 1
64 54 1
64 56 1
64 60 1
64 63 1
