1 3 1
1 5 1
1 7 1
1 8 1
1 9 1
1 11 1
1 12 1
1 13 1
1 14 -1
1 17 1
1 18 1
1 33 1
1 37 1
1 41 1
1 49 1
1 64 -1
2 5 1
2 6 1
2 7 1
2 8 -1
2 9 1
2 11 1
2 12 1
2 13 -1
2 16 1
2 31 -1
2 33 1
2 39 1
2 45 1
2 63 1
3 1 1
3 4 1
3 7 1
3 9 -1
3 10 1
3 12 1
3 13 1
3 14 1
3 16 1
3 30 -1
3 34 1
3 35 -1
3 36 1
3 37 1
3 41 1
3 48 1
4 3 1
4 6 1
4 7 1
4 9 -1
4 10 1
4 11 1
4 13 1
4 14 1
4 15 -1
4 22 1
4 23 1
4 25 1
4 26 1
4 29 1
4 46 1
4 64 1
5 1 1
5 2 1
5 6 -1
5 7 1
5 8 -1
5 9 1
5 10 1
5 11 1
5 15 1
5 29 1
5 30 1
5 37 1
5 44 1
5 56 1
5 57 -1
5 64 1
6 2 1
6 4 1
6 5 -1
6 8 1
6 11 1
6 12 1
6 13 1
6 14 -1
6 16 1
6 31 1
6 39 -1
6 41 1
6 53 1
6 57 1
6 63 1
7 1 1
7 2 1
7 3 1
7 4 1
7 5 1
7 10 1
7 13 1
7 14 1
7 15 1
7 32 -1
7 45 1
7 49 1
7 56 1
7 58 1
7 60 1
8 1 1
8 2 -1
8 5 -1
8 6 1
8 10 1
8 12 1
8 13 1
8 15 1
8 16 -1
8 23 1
8 24 1
8 29 -1
8 31 1
8 43 1
8 47 1
8 51 1
9 1 1
9 2 1
9 3 -1
9 4 -1
9 5 1
9 11 -1
9 12 1
9 13 1
9 14 1
9 22 -1
9 42 1
9 43 1
9 45 -1
9 47 -1
9 48 -1
9 58 1
10 3 1
10 4 1
10 5 1
10 7 1
10 8 1
10 11 1
10 14 -1
10 15 -1
10 16 1
10 17 1
10 22 1
10 28 1
10 39 1
10 41 1
10 50 1
10 55 1
11 1 1
11 2 1
11 4 1
11 5 1
11 6 1
11 9 -1
11 10 1
11 15 1
11 16 -1
11 23 1
11 25 1
11 29 1
11 35 -1
11 39 1
11 61 1
11 63 1
12 1 1
12 2 1
12 3 1
12 6 1
12 8 1
12 9 1
12 14 1
12 15 1
12 16 1
12 25 1
12 26 1
12 28 1
12 46 1
12 47 1
12 55 1
13 1 1
13 2 -1
13 3 1
13 4 1
13 6 1
13 7 1
13 8 1
13 9 1
13 15 1
13 22 1
13 25 -1
13 30 1
13 35 1
13 48 1
13 51 1
13 54 1
14 1 -1
14 3 1
14 4 1
14 6 -1
14 7 1
14 9 1
14 10 -1
14 12 1
14 16 1
14 27 1
14 33 1
14 36 -1
14 48 -1
14 62 1
14 63 -1
15 4 -1
15 5 1
15 7 1
15 8 1
15 10 -1
15 11 1
15 12 1
15 13 1
15 16 1
15 20 1
15 21 1
15 28 1
15 36 1
15 44 1
15 57 -1
15 59 -1
16 2 1
16 3 1
16 6 1
16 8 -1
16 10 1
16 11 -1
16 12 1
16 14 1
16 15 1
16 18 1
16 24 1
16 32 -1
16 35 1
16 38 1
16 40 1
16 62 1
17 1 1
17 10 1
17 19 1
17 23 1
17 24 -1
17 27 -1
17 28 1
17 29 1
17 30 1
17 31 1
17 32 1
17 41 1
17 49 -1
17 53 1
17 54 1
17 58 1
18 1 1
18 16 1
18 19 -1
18 20 1
18 21 -1
18 25 1
18 26 1
18 27 1
18 30 1
18 31 1
18 32 1
18 38 1
18 41 1
18 47 1
18 52 1
18 57 1
19 17 1
19 18 -1
19 20 1
19 22 1
19 24 1
19 26 -1
19 27 1
19 29 1
19 31 1
19 33 1
19 34 1
19 39 1
19 51 1
19 54 1
19 59 1
19 61 1
20 15 1
20 18 1
20 19 1
20 24 -1
20 25 -1
20 27 1
20 29 1
20 30 1
20 31 1
20 32 1
20 40 1
20 42 1
20 48 -1
20 59 1
20 61 -1
20 64 -1
21 15 1
21 18 -1
21 22 -1
21 23 1
21 24 -1
21 25 1
21 27 1
21 28 1
21 30 1
21 32 -1
21 35 -1
21 39 1
21 40 1
21 45 -1
21 53 1
21 54 -1
22 4 1
22 9 -1
22 10 1
22 13 1
22 19 1
22 21 -1
22 23 1
22 25 1
22 26 1
22 27 1
22 28 1
22 29 1
22 32 -1
22 40 1
22 48 1
22 52 1
23 4 1
23 8 1
23 11 1
23 17 1
23 21 1
23 22 1
23 25 1
23 26 1
23 27 1
23 28 1
23 30 1
23 31 -1
23 43 -1
23 51 1
23 62 1
24 8 1
24 16 1
24 17 -1
24 19 1
24 20 -1
24 21 -1
24 25 1
24 29 1
24 30 1
24 31 1
24 32 1
24 38 1
24 45 1
24 53 1
24 60 1
24 64 -1
25 4 1
25 11 1
25 12 1
25 13 -1
25 18 1
25 20 -1
25 21 1
25 22 1
25 23 1
25 24 1
25 28 1
25 29 -1
25 30 1
25 42 1
25 43 1
25 55 1
26 4 1
26 12 1
26 18 1
26 19 -1
26 22 1
26 23 1
26 28 1
26 29 1
26 30 1
26 31 1
26 32 1
26 36 1
26 44 1
26 53 1
26 61 1
26 62 -1
27 14 1
27 17 -1
27 18 1
27 19 1
27 20 1
27 21 1
27 22 1
27 23 1
27 28 1
27 31 1
27 41 -1
27 42 1
27 60 -1
27 61 1
27 62 1
28 10 1
28 12 1
28 15 1
28 17 1
28 21 1
28 22 1
28 23 1
28 25 1
28 26 1
28 27 1
28 31 -1
28 32 1
28 40 -1
28 50 1
28 51 1
28 52 -1
29 4 1
29 5 1
29 8 -1
29 11 1
29 17 1
29 19 1
29 20 1
29 22 1
29 24 1
29 25 -1
29 26 1
29 30 1
29 32 1
29 57 1
29 58 1
29 64 1
30 3 -1
30 5 1
30 13 1
30 17 1
30 18 1
30 20 1
30 21 1
30 23 1
30 24 1
30 25 1
30 26 1
30 29 1
30 45 1
30 46 1
30 55 1
30 56 1
31 2 -1
31 6 1
31 8 1
31 17 1
31 18 1
31 19 1
31 20 1
31 23 -1
31 24 1
31 26 1
31 27 1
31 28 -1
31 49 1
31 56 -1
31 58 1
32 7 -1
32 16 -1
32 17 1
32 18 1
32 20 1
32 21 -1
32 22 -1
32 24 1
32 26 1
32 28 1
32 29 1
32 37 1
32 45 1
32 51 -1
32 52 1
32 64 1
33 1 1
33 2 1
33 14 1
33 19 1
33 34 1
33 35 1
33 36 1
33 38 1
33 41 1
33 42 1
33 44 1
33 45 1
33 48 1
33 50 1
33 53 -1
34 3 1
34 19 1
34 33 1
34 37 1
34 38 1
34 41 1
34 43 1
34 44 1
34 45 1
34 46 1
34 47 1
34 50 1
34 53 1
34 56 1
34 60 1
34 62 1
35 3 -1
35 11 -1
35 13 1
35 16 1
35 21 -1
35 33 1
35 36 1
35 37 1
35 40 -1
35 41 1
35 42 1
35 43 1
35 44 1
35 48 1
35 56 1
35 63 1
36 3 1
36 14 -1
36 15 1
36 26 1
36 33 1
36 35 1
36 40 -1
36 41 1
36 42 1
36 44 1
36 45 -1
36 46 1
36 47 -1
36 57 1
36 59 1
36 61 -1
37 1 1
37 3 1
37 5 1
37 32 1
37 34 1
37 35 1
37 39 1
37 40 1
37 42 1
37 43 1
37 45 1
37 46 1
37 48 1
37 49 -1
37 52 1
37 63 1
38 16 1
38 18 1
38 24 1
38 33 1
38 34 1
38 39 -1
38 41 1
38 43 1
38 44 1
38 46 1
38 47 1
38 48 1
38 51 -1
38 56 1
38 59 1
38 60 -1
39 2 1
39 6 -1
39 10 1
39 11 1
39 19 1
39 21 1
39 37 1
39 38 -1
39 40 1
39 42 -1
39 43 1
39 44 1
39 45 1
39 46 -1
39 47 1
39 55 1
40 16 1
40 20 1
40 21 1
40 22 1
40 28 -1
40 35 -1
40 36 -1
40 37 1
40 39 1
40 41 1
40 42 -1
40 43 1
40 47 1
40 48 1
40 50 -1
40 60 -1
41 1 1
41 3 1
41 6 1
41 10 1
41 17 1
41 18 1
41 27 -1
41 33 1
41 34 1
41 35 1
41 36 1
41 38 1
41 40 1
41 43 1
41 46 -1
41 48 -1
42 9 1
42 20 1
42 25 1
42 27 1
42 33 1
42 35 1
42 36 1
42 37 1
42 39 -1
42 40 -1
42 45 1
42 47 1
42 48 -1
42 54 -1
42 59 -1
43 8 1
43 9 1
43 23 -1
43 25 1
43 34 1
43 35 1
43 37 1
43 38 1
43 39 1
43 40 1
43 41 1
43 46 1
43 47 1
43 54 1
43 61 1
44 5 1
44 15 1
44 26 1
44 33 1
44 34 1
44 35 1
44 36 1
44 38 1
44 39 1
44 46 1
44 47 -1
44 48 1
44 49 1
44 60 1
44 62 1
45 2 1
45 7 1
45 9 -1
45 21 -1
45 24 1
45 30 1
45 32 1
45 33 1
45 34 1
45 36 -1
45 37 1
45 39 1
45 42 1
45 46 1
45 47 1
45 48 1
46 4 1
46 12 1
46 30 1
46 34 1
46 36 1
46 37 1
46 38 1
46 39 -1
46 41 -1
46 43 1
46 44 1
46 45 1
46 50 -1
46 52 1
47 8 1
47 9 -1
47 12 1
47 18 1
47 34 1
47 36 -1
47 38 1
47 39 1
47 40 1
47 42 1
47 43 1
47 44 -1
47 45 1
47 55 1
47 58 1
47 59 1
48 3 1
48 9 -1
48 13 1
48 14 -1
48 20 -1
48 22 1
48 33 1
48 35 1
48 37 1
48 38 1
48 40 1
48 41 -1
48 42 -1
48 44 1
48 45 1
48 57 1
49 1 1
49 7 1
49 17 -1
49 31 1
49 37 -1
49 44 1
49 50 1
49 51 1
49 52 1
49 54 1
49 55 -1
49 56 1
49 57 1
49 59 1
49 60 1
50 10 1
50 28 1
50 33 1
50 34 1
50 40 -1
50 46 -1
50 49 1
50 51 1
50 53 1
50 54 1
50 57 1
50 59 1
50 61 -1
50 62 1
50 63 -1
51 8 1
51 13 1
51 19 1
51 23 1
51 28 1
51 32 -1
51 38 -1
51 49 1
51 50 1
51 52 -1
51 53 1
51 56 1
51 58 1
51 59 1
51 63 -1
51 64 1
52 18 1
52 22 1
52 28 -1
52 32 1
52 37 1
52 46 1
52 49 1
52 51 -1
52 53 -1
52 55 1
52 56 1
52 57 1
52 62 -1
52 63 -1
52 64 1
53 6 1
53 17 1
53 21 1
53 24 1
53 26 1
53 33 -1
53 34 1
53 50 1
53 51 1
53 52 -1
53 54 1
53 55 1
53 56 -1
53 58 1
53 60 1
53 61 -1
54 13 1
54 17 1
54 19 1
54 21 -1
54 42 -1
54 43 1
54 49 1
54 50 1
54 53 1
54 55 1
54 58 -1
54 59 1
54 60 1
54 61 1
54 64 1
55 10 1
55 12 1
55 25 1
55 30 1
55 39 1
55 47 1
55 49 -1
55 52 1
55 53 1
55 54 1
55 56 1
55 57 1
55 60 1
55 61 1
55 64 1
56 5 1
56 7 1
56 30 1
56 31 -1
56 34 1
56 35 1
56 38 1
56 49 1
56 51 1
56 52 1
56 53 -1
56 55 1
56 57 1
56 58 1
56 59 1
56 63 1
57 5 -1
57 6 1
57 15 -1
57 18 1
57 29 1
57 36 1
57 48 1
57 49 1
57 50 1
57 52 1
57 55 1
57 56 1
57 58 1
57 61 1
57 62 1
57 64 1
58 7 1
58 9 1
58 17 1
58 29 1
58 31 1
58 47 1
58 51 1
58 53 1
58 54 -1
58 56 1
58 57 1
58 59 -1
58 60 1
58 62 1
58 63 -1
59 15 -1
59 19 1
59 20 1
59 36 1
59 38 1
59 42 -1
59 47 1
59 49 1
59 50 1
59 51 1
59 54 1
59 56 1
59 58 -1
59 60 1
59 61 1
59 62 1
60 7 1
60 24 1
60 27 -1
60 34 1
60 38 -1
60 40 -1
60 44 1
60 49 1
60 53 1
60 54 1
60 55 1
60 58 1
60 59 1
60 62 1
60 63 -1
60 64 1
61 11 1
61 19 1
61 20 -1
61 26 1
61 27 1
61 36 -1
61 43 1
61 50 -1
61 53 -1
61 54 1
61 55 1
61 57 1
61 59 1
61 62 1
61 63 1
61 64 1
62 14 1
62 16 1
62 23 1
62 26 -1
62 27 1
62 34 1
62 44 1
62 50 1
62 52 -1
62 57 1
62 58 1
62 59 1
62 60 1
62 61 1
62 63 1
62 64 1
63 2 1
63 6 1
63 11 1
63 14 -1
63 35 1
63 37 1
63 50 -1
63 51 -1
63 52 -1
63 56 1
63 58 -1
63 60 -1
63 61 1
63 62 1
63 64 1
64 1 -1
64 4 1
64 5 1
64 20 -1
64 24 -1
64 29 1
64 32 1
64 51 1
64 52 1
64 54 1
64 55 1
64 57 1
64 60 1
64 61 1
64 62 1
64 63 1
