1 2 -1
1 4 -1
1 5 1
1 9 -1
1 10 1
1 11 1
1 13 -1
1 14 1
1 15 -1
1 21 -1
1 30 -1
1 38 1
1 49 1
1 57 -1
1 60 1
1 62 1
2 1 -1
2 3 1
2 4 -1
2 5 -1
2 6 -1
2 7 1
2 8 1
2 12 1
2 14 1
2 29 1
2 34 1
2 40 -1
2 44 1
2 51 1
2 53 -1
2 58 -1
3 2 1
3 5 -1
3 6 -1
3 8 -1
3 10 -1
3 11 -1
3 12 -1
3 15 1
3 16 1
3 21 -1
3 28 -1
3 32 -1
3 38 -1
3 39 -1
3 48 1
3 50 -1
4 1 -1
4 2 -1
4 5 -1
4 6 1
4 9 1
4 10 1
4 12 -1
4 14 -1
4 15 1
4 23 1
4 35 -1
4 37 1
4 39 -1
4 41 -1
4 51 1
5 1 1
5 2 -1
5 3 -1
5 4 -1
5 7 -1
5 10 -1
5 11 1
5 14 -1
5 16 1
5 19 -1
5 31 -1
5 44 1
5 46 -1
5 48 -1
5 59 -1
5 61 -1
6 2 -1
6 3 -1
6 4 1
6 7 -1
6 8 1
6 9 -1
6 11 1
6 13 1
6 14 -1
6 18 1
6 28 -1
6 36 1
6 50 -1
6 55 -1
6 60 1
6 61 -1
7 2 1
7 5 -1
7 6 -1
7 11 1
7 12 1
7 13 -1
7 14 1
7 15 1
7 16 1
7 30 -1
7 31 -1
7 45 1
7 52 -1
7 57 1
7 62 1
7 64 -1
8 2 1
8 3 -1
8 6 1
8 9 1
8 11 -1
8 12 -1
8 13 -1
8 15 -1
8 16 1
8 24 1
8 25 -1
8 31 1
8 46 1
8 53 -1
8 61 1
9 1 -1
9 4 1
9 6 -1
9 8 1
9 10 1
9 12 -1
9 13 -1
9 14 -1
9 16 -1
9 18 -1
9 24 -1
9 28 -1
9 29 -1
9 34 1
9 48 -1
9 63 -1
10 1 1
10 3 -1
10 4 1
10 5 -1
10 9 1
10 11 -1
10 12 -1
10 14 1
10 15 1
10 22 1
10 24 -1
10 46 -1
10 48 1
10 50 -1
10 55 1
10 61 1
11 1 1
11 3 -1
11 5 1
11 6 1
11 7 1
11 8 -1
11 10 -1
11 15 -1
11 16 -1
11 25 1
11 26 -1
11 28 -1
11 36 -1
11 43 -1
11 49 1
12 2 1
12 3 -1
12 4 -1
12 7 1
12 8 -1
12 9 -1
12 10 -1
12 13 -1
12 16 1
12 21 -1
12 24 1
12 25 1
12 44 -1
12 46 -1
12 52 1
12 63 -1
13 1 -1
13 6 1
13 7 -1
13 8 -1
13 9 -1
13 12 -1
13 14 -1
13 15 -1
13 16 1
13 20 1
13 22 1
13 28 -1
13 29 -1
13 36 -1
13 51 -1
13 61 -1
14 1 1
14 2 1
14 4 -1
14 5 -1
14 6 -1
14 7 1
14 9 -1
14 10 1
14 13 -1
14 35 1
14 36 1
14 39 -1
14 41 -1
14 45 -1
14 47 -1
15 1 -1
15 3 1
15 4 1
15 7 1
15 8 -1
15 10 1
15 11 -1
15 13 -1
15 16 -1
15 37 -1
15 40 -1
15 41 1
15 50 1
15 53 -1
15 54 1
15 62 -1
16 3 1
16 5 1
16 7 1
16 8 1
16 9 -1
16 11 -1
16 12 1
16 13 1
16 15 -1
16 18 -1
16 22 1
16 42 -1
16 52 1
16 60 -1
16 62 1
16 64 -1
17 19 1
17 20 -1
17 22 1
17 25 1
17 26 -1
17 27 -1
17 28 -1
17 29 -1
17 32 -1
17 37 -1
17 47 1
17 49 1
17 52 -1
17 53 -1
17 59 -1
17 63 -1
18 6 1
18 9 -1
18 16 -1
18 19 1
18 20 1
18 21 1
18 22 -1
18 23 -1
18 25 -1
18 28 1
18 30 -1
18 31 1
18 33 -1
18 45 -1
18 47 -1
19 5 -1
19 17 1
19 18 1
19 20 1
19 21 1
19 24 -1
19 25 1
19 27 1
19 28 1
19 30 -1
19 33 1
19 35 -1
19 36 -1
19 42 -1
19 53 -1
19 55 1
20 13 1
20 17 -1
20 18 1
20 19 1
20 21 1
20 24 -1
20 26 -1
20 27 -1
20 29 1
20 31 -1
20 33 -1
20 40 1
20 42 1
20 55 -1
20 56 -1
20 63 1
21 1 -1
21 3 -1
21 12 -1
21 18 1
21 19 1
21 20 1
21 22 -1
21 23 1
21 29 1
21 30 1
21 31 1
21 32 1
21 33 -1
21 58 1
21 61 1
21 64 1
22 10 1
22 13 1
22 16 1
22 17 1
22 18 -1
22 21 -1
22 23 -1
22 25 -1
22 26 -1
22 27 -1
22 30 1
22 32 1
22 33 -1
22 45 -1
22 51 -1
22 63 1
23 4 1
23 18 -1
23 21 1
23 22 -1
23 24 -1
23 27 -1
23 28 -1
23 29 1
23 31 -1
23 32 -1
23 38 -1
23 49 -1
23 54 -1
23 58 1
23 59 1
24 8 1
24 9 -1
24 10 -1
24 12 1
24 19 -1
24 20 -1
24 23 -1
24 25 1
24 26 1
24 27 -1
24 28 -1
24 30 -1
24 32 -1
24 43 -1
24 51 1
24 53 1
25 8 -1
25 11 1
25 12 1
25 17 1
25 18 -1
25 19 1
25 22 -1
25 24 1
25 26 1
25 28 -1
25 29 -1
25 32 -1
25 35 -1
25 48 -1
25 49 1
26 11 -1
26 17 -1
26 20 -1
26 22 -1
26 24 1
26 25 1
26 27 -1
26 28 1
26 29 -1
26 30 -1
26 52 -1
26 58 1
26 59 -1
26 64 -1
27 17 -1
27 19 1
27 20 -1
27 22 -1
27 23 -1
27 24 -1
27 26 -1
27 30 1
27 31 1
27 35 -1
27 38 -1
27 45 -1
27 48 -1
27 51 1
27 54 1
28 3 -1
28 6 -1
28 9 -1
28 11 -1
28 13 -1
28 17 -1
28 18 1
28 19 1
28 23 -1
28 24 -1
28 25 -1
28 26 1
28 29 -1
28 31 -1
28 41 1
28 47 -1
29 2 1
29 9 -1
29 13 -1
29 17 -1
29 20 1
29 21 1
29 23 1
29 25 -1
29 26 -1
29 28 -1
29 31 -1
29 32 1
29 34 -1
29 46 -1
29 62 -1
30 1 -1
30 7 -1
30 18 -1
30 19 -1
30 21 1
30 22 1
30 24 -1
30 26 -1
30 27 1
30 31 -1
30 32 1
30 37 1
30 40 1
30 47 1
30 50 -1
30 57 -1
31 5 -1
31 7 -1
31 8 1
31 18 1
31 20 -1
31 21 1
31 23 -1
31 27 1
31 28 -1
31 29 -1
31 30 -1
31 32 -1
31 54 -1
31 59 1
31 61 -1
31 62 1
32 3 -1
32 17 -1
32 21 1
32 22 1
32 23 -1
32 24 -1
32 25 -1
32 29 1
32 30 1
32 31 -1
32 35 -1
32 37 -1
32 39 1
32 43 -1
32 63 1
33 18 -1
33 19 1
33 20 -1
33 21 -1
33 22 -1
33 34 -1
33 36 -1
33 37 -1
33 39 -1
33 41 -1
33 44 -1
33 45 -1
33 46 -1
33 47 1
33 52 -1
33 54 1
34 2 1
34 9 1
34 29 -1
34 33 -1
34 35 -1
34 39 -1
34 41 -1
34 42 1
34 43 -1
34 45 -1
34 46 -1
34 48 1
34 56 1
34 57 -1
34 62 -1
34 64 1
35 4 -1
35 14 1
35 19 -1
35 25 -1
35 27 -1
35 32 -1
35 34 -1
35 38 -1
35 39 1
35 40 1
35 41 -1
35 42 -1
35 45 -1
35 46 -1
35 48 1
35 59 -1
36 6 1
36 11 -1
36 13 -1
36 14 1
36 19 -1
36 33 -1
36 37 1
36 38 1
36 39 -1
36 40 -1
36 43 -1
36 44 -1
36 45 1
36 46 1
36 60 -1
37 4 1
37 15 -1
37 17 -1
37 30 1
37 32 -1
37 33 -1
37 36 1
37 38 1
37 40 -1
37 42 -1
37 43 -1
37 44 1
37 46 1
37 47 -1
37 50 -1
37 57 -1
38 1 1
38 3 -1
38 23 -1
38 27 -1
38 35 -1
38 36 1
38 37 1
38 40 1
38 42 -1
38 43 -1
38 44 -1
38 45 1
38 47 1
38 55 -1
38 58 -1
38 60 -1
39 3 -1
39 4 -1
39 14 -1
39 32 1
39 33 -1
39 34 -1
39 35 1
39 36 -1
39 41 1
39 43 1
39 44 -1
39 47 1
39 48 1
39 55 1
39 57 -1
39 64 -1
40 2 -1
40 15 -1
40 20 1
40 30 1
40 35 1
40 36 -1
40 37 -1
40 38 1
40 41 1
40 42 1
40 43 1
40 44 -1
40 48 -1
40 53 -1
40 57 -1
40 60 -1
41 4 -1
41 14 -1
41 15 1
41 28 1
41 33 -1
41 34 -1
41 35 -1
41 39 1
41 40 1
41 42 -1
41 44 1
41 45 1
41 48 -1
41 49 -1
41 54 1
41 55 1
42 16 -1
42 19 -1
42 20 1
42 34 1
42 35 -1
42 37 -1
42 38 -1
42 40 1
42 41 -1
42 43 1
42 47 -1
42 48 -1
42 52 1
42 56 1
42 59 -1
42 63 1
43 11 -1
43 24 -1
43 32 -1
43 34 -1
43 36 -1
43 37 -1
43 38 -1
43 39 1
43 40 1
43 42 1
43 45 1
43 46 -1
43 50 -1
43 54 -1
43 58 -1
44 2 1
44 5 1
44 12 -1
44 33 -1
44 36 -1
44 37 1
44 38 -1
44 39 -1
44 40 -1
44 41 1
44 47 1
44 48 -1
44 56 -1
45 7 1
45 14 -1
45 18 -1
45 22 -1
45 27 -1
45 33 -1
45 34 -1
45 35 -1
45 36 1
45 38 1
45 41 1
45 43 1
45 46 1
45 47 1
45 49 -1
46 5 -1
46 8 1
46 10 -1
46 12 -1
46 29 -1
46 33 -1
46 34 -1
46 35 -1
46 36 1
46 37 1
46 43 -1
46 45 1
46 47 1
46 48 -1
46 51 -1
47 14 -1
47 17 1
47 18 -1
47 28 -1
47 30 1
47 33 1
47 37 -1
47 38 1
47 39 1
47 42 -1
47 44 1
47 45 1
47 46 1
47 48 -1
47 58 -1
48 3 1
48 5 -1
48 9 -1
48 10 1
48 25 -1
48 27 -1
48 34 1
48 35 1
48 39 1
48 40 -1
48 41 -1
48 42 -1
48 44 -1
48 46 -1
48 47 -1
49 1 1
49 11 1
49 17 1
49 23 -1
49 25 1
49 41 -1
49 45 -1
49 50 1
49 51 1
49 52 -1
49 53 1
49 55 -1
49 57 -1
49 58 -1
49 63 -1
49 64 -1
50 3 -1
50 6 -1
50 10 -1
50 15 1
50 30 -1
50 37 -1
50 43 -1
50 49 1
50 51 -1
50 53 -1
50 59 1
50 60 -1
50 61 -1
50 62 -1
50 63 1
50 64 -1
51 2 1
51 4 1
51 13 -1
51 22 -1
51 24 1
51 27 1
51 46 -1
51 49 1
51 50 -1
51 54 1
51 55 -1
51 56 1
51 57 -1
51 59 1
51 61 -1
51 63 -1
52 7 -1
52 12 1
52 16 1
52 17 -1
52 26 -1
52 33 -1
52 42 1
52 49 -1
52 53 -1
52 54 -1
52 55 1
52 58 -1
52 59 -1
52 60 1
52 62 1
52 64 1
53 2 -1
53 8 -1
53 15 -1
53 17 -1
53 19 -1
53 24 1
53 40 -1
53 49 1
53 50 -1
53 52 -1
53 54 -1
53 55 -1
53 56 1
53 61 -1
53 62 1
53 64 -1
54 15 1
54 23 -1
54 27 1
54 31 -1
54 33 1
54 41 1
54 43 -1
54 51 1
54 52 -1
54 53 -1
54 56 -1
54 57 1
54 58 -1
54 59 1
54 60 1
54 61 1
55 6 -1
55 10 1
55 19 1
55 20 -1
55 38 -1
55 39 1
55 41 1
55 49 -1
55 51 -1
55 52 1
55 53 -1
55 57 -1
55 58 1
55 59 -1
55 60 1
55 63 1
56 20 -1
56 34 1
56 42 1
56 44 -1
56 51 1
56 53 1
56 54 -1
56 57 1
56 58 -1
56 59 -1
56 60 1
56 61 -1
56 64 -1
57 1 -1
57 7 1
57 30 -1
57 34 -1
57 37 -1
57 39 -1
57 40 -1
57 49 -1
57 51 -1
57 54 1
57 55 -1
57 56 1
57 59 1
57 60 -1
57 61 -1
57 63 -1
58 2 -1
58 21 1
58 23 1
58 26 1
58 38 -1
58 43 -1
58 47 -1
58 49 -1
58 52 -1
58 54 -1
58 55 1
58 56 -1
58 61 -1
58 62 -1
58 63 -1
58 64 -1
59 5 -1
59 17 -1
59 23 1
59 26 -1
59 31 1
59 35 -1
59 42 -1
59 50 1
59 51 1
59 52 -1
59 54 1
59 55 -1
59 56 -1
59 57 1
59 61 -1
59 62 -1
60 1 1
60 6 1
60 16 -1
60 36 -1
60 38 -1
60 40 -1
60 50 -1
60 52 1
60 54 1
60 55 1
60 56 1
60 57 -1
60 62 1
60 63 -1
60 64 -1
61 5 -1
61 6 -1
61 8 1
61 10 1
61 13 -1
61 21 1
61 31 -1
61 50 -1
61 51 -1
61 53 -1
61 54 1
61 56 -1
61 57 -1
61 58 -1
61 59 -1
61 62 1
62 1 1
62 7 1
62 15 -1
62 16 1
62 29 -1
62 31 1
62 34 -1
62 50 -1
62 52 1
62 53 1
62 58 -1
62 59 -1
62 60 1
62 61 1
62 63 -1
62 64 -1
63 9 -1
63 12 -1
63 17 -1
63 20 1
63 22 1
63 32 1
63 42 1
63 49 -1
63 50 1
63 51 -1
63 55 1
63 57 -1
63 58 -1
63 60 -1
63 62 -1
63 64 1
64 7 -1
64 16 -1
64 21 1
64 26 -1
64 34 1
64 39 -1
64 49 -1
64 50 -1
64 52 1
64 53 -1
64 56 -1
64 58 -1
64 60 -1
64 62 -1
64 63 1
