1 4 1
1 5 -1
1 7 1
1 8 1
1 9 1
1 10 1
1 11 -1
1 14 1
1 16 -1
1 18 -1
1 24 1
1 25 -1
1 43 -1
1 48 1
1 56 -1
1 62 1
2 4 1
2 6 1
2 7 -1
2 8 1
2 9 -1
2 10 1
2 11 1
2 12 1
2 13 1
2 17 1
2 24 1
2 28 1
2 53 1
2 59 1
2 62 -1
3 5 1
3 6 1
3 8 1
3 9 1
3 10 1
3 13 1
3 14 1
3 15 1
3 16 1
3 17 -1
3 26 -1
3 27 1
3 35 1
3 47 -1
3 49 1
4 1 1
4 2 1
4 5 -1
4 9 1
4 10 1
4 12 1
4 13 -1
4 14 -1
4 15 -1
4 24 -1
4 26 1
4 28 1
4 33 1
4 36 -1
4 48 -1
4 52 -1
5 1 -1
5 3 1
5 4 -1
5 8 -1
5 9 1
5 10 1
5 11 1
5 12 1
5 13 1
5 19 1
5 27 1
5 29 1
5 30 1
5 39 1
5 41 1
5 55 1
6 2 1
6 3 1
6 7 -1
6 8 1
6 10 1
6 11 1
6 13 1
6 14 -1
6 16 1
6 29 1
6 37 1
6 38 1
6 46 -1
6 60 1
6 62 -1
6 64 1
7 1 1
7 2 -1
7 6 -1
7 8 1
7 9 1
7 11 -1
7 12 1
7 15 -1
7 16 1
7 22 1
7 27 1
7 28 -1
7 42 1
7 43 -1
7 47 1
7 59 1
8 1 1
8 2 1
8 3 1
8 5 -1
8 6 1
8 7 1
8 10 1
8 11 -1
8 15 1
8 23 1
8 31 1
8 38 1
8 42 1
8 57 -1
8 64 1
9 1 1
9 2 -1
9 3 1
9 4 1
9 5 1
9 7 1
9 13 -1
9 14 1
9 15 1
9 22 -1
9 33 1
9 34 1
9 41 1
9 42 1
9 46 1
9 54 -1
10 1 1
10 2 1
10 3 1
10 4 1
10 5 1
10 6 1
10 8 1
10 12 1
10 15 1
10 19 -1
10 43 -1
10 59 1
10 60 1
10 61 1
10 62 1
10 64 1
11 1 -1
11 2 1
11 5 1
11 6 1
11 7 -1
11 8 -1
11 12 1
11 14 1
11 16 -1
11 20 -1
11 21 1
11 32 1
11 34 1
11 46 1
11 49 1
12 2 1
12 4 1
12 5 1
12 7 1
12 10 1
12 11 1
12 13 1
12 15 1
12 16 1
12 21 -1
12 26 1
12 31 1
12 41 -1
12 46 1
12 50 1
12 51 1
13 2 1
13 3 1
13 4 -1
13 5 1
13 6 1
13 9 -1
13 12 1
13 14 1
13 16 1
13 18 1
13 31 1
13 32 -1
13 48 1
13 61 -1
13 63 1
14 1 1
14 3 1
14 4 -1
14 6 -1
14 9 1
14 11 1
14 13 1
14 15 1
14 16 1
14 24 -1
14 29 1
14 35 1
14 50 -1
14 53 -1
14 58 1
14 59 1
15 3 1
15 4 -1
15 7 -1
15 8 1
15 9 1
15 10 1
15 12 1
15 14 1
15 16 1
15 34 1
15 39 1
15 49 1
15 53 -1
15 55 -1
15 57 -1
15 64 1
16 1 -1
16 3 1
16 6 1
16 7 1
16 11 -1
16 12 1
16 13 1
16 14 1
16 15 1
16 20 1
16 24 1
16 26 1
16 27 1
16 36 1
16 47 1
16 49 -1
17 2 1
17 3 -1
17 21 1
17 23 1
17 24 1
17 26 -1
17 27 1
17 28 1
17 30 1
17 31 -1
17 32 1
17 36 1
17 48 1
17 56 1
17 58 1
18 1 -1
18 13 1
18 19 -1
18 20 -1
18 21 -1
18 22 -1
18 26 -1
18 27 -1
18 29 -1
18 30 -1
18 32 -1
18 37 1
18 38 1
18 47 1
18 58 1
18 61 1
19 5 1
19 10 -1
19 18 -1
19 20 1
19 22 1
19 24 1
19 25 1
19 26 -1
19 27 1
19 28 1
19 30 -1
19 36 -1
19 37 1
19 38 1
19 45 -1
19 56 1
20 11 -1
20 16 1
20 18 -1
20 19 1
20 21 -1
20 22 1
20 25 1
20 26 1
20 28 1
20 31 1
20 32 1
20 33 1
20 52 1
20 53 -1
20 57 1
20 60 1
21 11 1
21 12 -1
21 17 1
21 18 -1
21 20 -1
21 22 -1
21 26 1
21 28 1
21 29 1
21 31 1
21 32 1
21 33 1
21 48 -1
21 54 1
21 56 -1
22 7 1
22 9 -1
22 18 -1
22 19 1
22 20 1
22 21 -1
22 23 1
22 25 1
22 28 1
22 30 -1
22 31 1
22 39 1
22 44 1
22 51 -1
22 52 1
22 54 1
23 8 1
23 17 1
23 22 1
23 24 1
23 26 1
23 27 1
23 29 -1
23 30 1
23 31 1
23 32 1
23 45 1
23 46 1
23 48 1
23 59 1
23 61 1
23 63 1
24 1 1
24 2 1
24 4 -1
24 14 -1
24 16 1
24 17 1
24 19 1
24 23 1
24 25 1
24 26 1
24 29 1
24 30 -1
24 31 -1
24 32 1
24 59 1
25 1 -1
25 19 1
25 20 1
25 22 1
25 24 1
25 27 1
25 28 1
25 29 1
25 31 1
25 32 1
25 33 1
25 42 1
25 50 -1
25 61 -1
25 63 1
25 64 1
26 3 -1
26 4 1
26 12 1
26 16 1
26 17 -1
26 18 -1
26 19 -1
26 20 1
26 21 1
26 23 1
26 24 1
26 29 -1
26 30 1
26 37 1
26 43 1
27 3 1
27 5 1
27 7 1
27 16 1
27 17 1
27 18 -1
27 19 1
27 23 1
27 25 1
27 29 1
27 30 1
27 31 1
27 32 1
27 37 -1
27 51 -1
27 58 1
28 2 1
28 4 1
28 7 -1
28 17 1
28 19 1
28 20 1
28 21 1
28 22 1
28 25 1
28 29 1
28 31 -1
28 32 1
28 40 1
28 44 -1
28 45 -1
28 60 1
29 5 1
29 6 1
29 14 1
29 18 -1
29 21 1
29 23 -1
29 24 1
29 25 1
29 26 -1
29 27 1
29 28 1
29 30 1
29 42 -1
29 54 1
29 56 1
29 63 1
30 5 1
30 17 1
30 18 -1
30 19 -1
30 22 -1
30 23 1
30 24 -1
30 26 1
30 27 1
30 29 1
30 35 1
30 37 1
30 40 -1
30 47 -1
30 61 1
31 8 1
31 12 1
31 13 1
31 17 -1
31 20 1
31 21 1
31 22 1
31 23 1
31 24 -1
31 25 1
31 27 1
31 28 -1
31 46 1
31 50 -1
31 54 -1
31 62 1
32 11 1
32 13 -1
32 17 1
32 18 -1
32 20 1
32 21 1
32 23 1
32 24 1
32 25 1
32 27 1
32 28 1
32 39 1
32 47 1
32 53 1
32 55 -1
33 4 1
33 9 1
33 20 1
33 21 1
33 25 1
33 36 1
33 37 1
33 39 1
33 40 -1
33 41 -1
33 42 -1
33 44 1
33 46 1
33 48 1
33 50 1
33 52 -1
34 9 1
34 11 1
34 15 1
34 37 -1
34 40 -1
34 41 -1
34 42 -1
34 43 1
34 44 -1
34 45 -1
34 47 1
34 48 1
34 55 -1
34 57 1
34 63 -1
35 3 1
35 14 1
35 30 1
35 36 1
35 37 1
35 39 1
35 40 1
35 41 1
35 43 1
35 45 1
35 47 1
35 48 1
35 49 1
35 51 1
35 60 1
35 62 -1
36 4 -1
36 16 1
36 17 1
36 19 -1
36 33 1
36 35 1
36 38 1
36 39 1
36 40 -1
36 43 1
36 45 -1
36 47 1
36 48 1
36 52 1
36 54 1
36 57 1
37 6 1
37 18 1
37 19 1
37 26 1
37 27 -1
37 30 1
37 33 1
37 34 -1
37 35 1
37 41 -1
37 42 1
37 43 -1
37 44 1
37 46 -1
37 47 1
37 60 -1
38 6 1
38 8 1
38 18 1
38 19 1
38 36 1
38 39 -1
38 40 1
38 43 -1
38 44 -1
38 45 -1
38 46 1
38 47 -1
38 48 -1
38 53 1
38 58 -1
39 5 1
39 15 1
39 22 1
39 32 1
39 33 1
39 35 1
39 36 1
39 38 -1
39 42 1
39 44 1
39 45 1
39 47 -1
39 48 1
39 50 -1
39 56 1
39 64 1
40 28 1
40 30 -1
40 33 -1
40 34 -1
40 35 1
40 36 -1
40 38 1
40 42 -1
40 43 -1
40 44 -1
40 46 1
40 51 1
40 53 1
40 58 -1
40 62 1
41 5 1
41 9 1
41 12 -1
41 33 -1
41 34 -1
41 35 1
41 37 -1
41 42 1
41 43 1
41 45 1
41 46 -1
41 47 -1
41 50 1
41 59 -1
41 61 1
41 64 1
42 7 1
42 8 1
42 9 1
42 25 1
42 29 -1
42 33 -1
42 34 -1
42 37 1
42 39 1
42 40 -1
42 41 1
42 44 1
42 45 1
42 48 1
42 49 1
42 63 1
43 1 -1
43 7 -1
43 10 -1
43 26 1
43 34 1
43 35 1
43 36 1
43 37 -1
43 38 -1
43 40 -1
43 41 1
43 44 -1
43 46 1
43 51 -1
43 58 1
44 22 1
44 28 -1
44 33 1
44 34 -1
44 37 1
44 38 -1
44 39 1
44 40 -1
44 42 1
44 43 -1
44 46 1
44 52 1
44 54 -1
44 56 -1
44 57 1
45 19 -1
45 23 1
45 28 -1
45 34 -1
45 35 1
45 36 -1
45 38 -1
45 39 1
45 41 1
45 42 1
45 46 1
45 48 1
45 51 -1
45 55 1
45 57 1
45 60 1
46 6 -1
46 9 1
46 11 1
46 12 1
46 23 1
46 31 1
46 33 1
46 37 -1
46 38 1
46 40 1
46 41 -1
46 43 1
46 44 1
46 45 1
46 47 -1
46 55 1
47 3 -1
47 7 1
47 16 1
47 18 1
47 30 -1
47 32 1
47 34 1
47 35 1
47 36 1
47 37 1
47 38 -1
47 39 -1
47 41 -1
47 46 -1
47 48 1
47 49 1
48 1 1
48 4 -1
48 13 1
48 17 1
48 21 -1
48 23 1
48 33 1
48 34 1
48 35 1
48 36 1
48 38 -1
48 39 1
48 42 1
48 45 1
48 47 1
49 3 1
49 11 1
49 15 1
49 16 -1
49 35 1
49 42 1
49 47 1
49 50 1
49 51 1
49 53 1
49 58 1
49 59 1
49 60 1
49 61 -1
49 63 -1
49 64 -1
50 12 1
50 14 -1
50 25 -1
50 31 -1
50 33 1
50 39 -1
50 41 1
50 49 1
50 52 -1
50 53 -1
50 54 1
50 56 -1
50 59 1
50 61 1
50 62 1
50 64 1
51 12 1
51 22 -1
51 27 -1
51 35 1
51 40 1
51 43 -1
51 45 -1
51 49 1
51 54 1
51 55 1
51 56 1
51 58 1
51 61 1
51 62 1
51 63 1
51 64 -1
52 4 -1
52 20 1
52 22 1
52 33 -1
52 36 1
52 44 1
52 50 -1
52 53 1
52 54 1
52 55 1
52 57 1
52 59 1
52 60 1
52 61 -1
52 62 -1
53 2 1
53 14 -1
53 15 -1
53 20 -1
53 32 1
53 38 1
53 40 1
53 49 1
53 50 -1
53 52 1
53 56 1
53 57 -1
53 59 1
53 60 1
53 62 1
53 64 1
54 9 -1
54 21 1
54 22 1
54 29 1
54 31 -1
54 36 1
54 44 -1
54 50 1
54 51 1
54 52 1
54 55 1
54 56 1
54 57 1
54 62 1
54 63 1
54 64 1
55 5 1
55 15 -1
55 32 -1
55 34 -1
55 45 1
55 46 1
55 51 1
55 52 1
55 54 1
55 56 1
55 57 1
55 58 1
55 59 1
55 60 -1
55 62 1
56 1 -1
56 17 1
56 19 1
56 21 -1
56 29 1
56 39 1
56 44 -1
56 50 -1
56 51 1
56 53 1
56 54 1
56 55 1
56 57 -1
56 58 -1
56 59 1
56 64 1
57 8 -1
57 15 -1
57 20 1
57 34 1
57 36 1
57 44 1
57 45 1
57 52 1
57 53 -1
57 54 1
57 55 1
57 56 -1
57 58 1
57 59 1
57 61 1
57 64 1
58 14 1
58 17 1
58 18 1
58 27 1
58 38 -1
58 40 -1
58 43 1
58 49 1
58 51 1
58 55 1
58 56 -1
58 57 1
58 60 -1
58 61 -1
58 62 -1
58 63 1
59 2 1
59 7 1
59 10 1
59 14 1
59 23 1
59 24 1
59 41 -1
59 49 1
59 50 1
59 52 1
59 53 1
59 55 1
59 56 1
59 57 1
59 60 1
59 63 -1
60 6 1
60 10 1
60 20 1
60 28 1
60 35 1
60 37 -1
60 45 1
60 49 1
60 52 1
60 53 1
60 55 -1
60 58 -1
60 59 1
60 61 1
60 63 1
60 64 -1
61 10 1
61 13 -1
61 18 1
61 23 1
61 25 -1
61 30 1
61 41 1
61 49 -1
61 50 1
61 51 1
61 52 -1
61 57 1
61 58 -1
61 60 1
61 62 -1
61 63 1
62 1 1
62 2 -1
62 6 -1
62 10 1
62 31 1
62 35 -1
62 40 1
62 50 1
62 51 1
62 52 -1
62 53 1
62 54 1
62 55 1
62 58 -1
62 61 -1
62 63 1
63 13 1
63 23 1
63 25 1
63 29 1
63 34 -1
63 42 1
63 49 -1
63 51 1
63 54 1
63 58 1
63 59 -1
63 60 1
63 61 1
63 62 1
63 64 -1
64 6 1
64 8 1
64 10 1
64 15 1
64 25 1
64 39 1
64 41 1
64 49 -1
64 50 1
64 51 -1
64 53 1
64 54 1
64 56 1
64 57 1
64 60 -1
64 63 -1
