1 2 -1
1 5 -1
1 7 -1
1 8 -1
1 10 -1
1 11 1
1 12 -1
1 15 -1
1 16 1
1 17 1
1 18 -1
1 19 -1
1 29 1
1 33 -1
1 34 1
1 54 -1
2 1 -1
2 4 -1
2 5 1
2 6 -1
2 9 1
2 12 -1
2 13 1
2 14 1
2 16 -1
2 23 1
2 27 1
2 36 1
2 42 1
2 44 -1
2 56 1
3 4 -1
3 6 -1
3 7 1
3 9 1
3 10 -1
3 12 1
3 13 -1
3 14 1
3 16 -1
3 21 -1
3 25 -1
3 37 -1
3 42 1
3 50 -1
3 54 -1
3 60 -1
4 2 -1
4 3 -1
4 5 1
4 7 -1
4 8 1
4 9 -1
4 11 -1
4 12 -1
4 14 -1
4 23 -1
4 30 -1
4 36 1
4 44 -1
4 52 1
4 56 1
5 1 -1
5 2 1
5 4 1
5 7 1
5 8 -1
5 9 1
5 13 1
5 14 1
5 15 -1
5 26 1
5 32 1
5 36 -1
5 44 1
5 52 -1
5 58 -1
5 62 -1
6 2 -1
6 3 -1
6 8 -1
6 9 -1
6 10 -1
6 11 -1
6 13 -1
6 14 1
6 15 1
6 20 1
6 34 -1
6 40 1
6 52 1
6 54 1
6 59 -1
6 60 1
7 1 -1
7 3 1
7 4 -1
7 5 1
7 8 1
7 10 -1
7 11 -1
7 15 1
7 16 1
7 18 1
7 21 -1
7 27 1
7 32 -1
7 42 1
7 59 -1
7 60 -1
8 1 -1
8 4 1
8 5 -1
8 6 -1
8 7 1
8 9 -1
8 11 -1
8 13 1
8 15 1
8 39 -1
8 44 -1
8 48 -1
8 50 1
8 58 1
8 62 1
9 2 1
9 3 1
9 4 -1
9 5 1
9 6 -1
9 8 -1
9 10 -1
9 11 1
9 14 -1
9 22 -1
9 31 1
9 43 1
9 46 -1
9 56 1
9 57 1
9 61 1
10 1 -1
10 3 -1
10 6 -1
10 7 -1
10 9 -1
10 12 1
10 13 -1
10 15 1
10 16 -1
10 21 1
10 24 -1
10 48 -1
10 50 1
10 54 -1
10 62 -1
11 1 1
11 4 -1
11 6 -1
11 7 -1
11 8 -1
11 9 1
11 12 1
11 14 -1
11 16 -1
11 17 -1
11 23 -1
11 35 -1
11 41 -1
11 57 -1
11 61 1
11 63 1
12 1 -1
12 2 -1
12 3 1
12 4 -1
12 10 1
12 11 1
12 13 1
12 15 1
12 16 -1
12 19 1
12 20 1
12 22 1
12 26 1
12 36 1
12 46 1
13 2 1
13 3 -1
13 5 1
13 6 -1
13 8 1
13 10 -1
13 12 1
13 14 -1
13 16 -1
13 27 -1
13 28 -1
13 38 -1
13 41 1
13 51 -1
13 54 -1
13 61 -1
14 2 1
14 3 1
14 4 -1
14 5 1
14 6 1
14 9 -1
14 11 -1
14 13 -1
14 15 1
14 19 1
14 20 -1
14 35 1
14 44 -1
14 54 -1
14 62 -1
14 64 1
15 1 -1
15 5 -1
15 6 1
15 7 1
15 8 1
15 10 1
15 12 1
15 14 1
15 16 -1
15 17 -1
15 20 -1
15 21 -1
15 25 1
15 33 1
15 61 -1
16 1 1
16 2 -1
16 3 -1
16 7 1
16 10 -1
16 11 -1
16 12 -1
16 13 -1
16 15 -1
16 18 -1
16 30 -1
16 37 -1
16 39 -1
16 55 -1
16 57 -1
17 1 1
17 11 -1
17 15 -1
17 18 -1
17 21 -1
17 22 -1
17 24 -1
17 25 -1
17 28 1
17 29 -1
17 30 -1
17 32 1
17 44 -1
17 46 -1
17 48 1
17 59 1
18 1 -1
18 7 1
18 16 -1
18 17 -1
18 19 -1
18 23 1
18 24 1
18 25 -1
18 27 -1
18 28 1
18 29 -1
18 30 1
18 39 1
18 47 -1
18 57 -1
18 62 -1
19 1 -1
19 12 1
19 14 1
19 18 -1
19 20 -1
19 21 -1
19 22 1
19 25 -1
19 26 -1
19 27 -1
19 29 -1
19 31 -1
19 33 1
19 35 -1
19 38 -1
19 59 1
20 6 1
20 12 1
20 14 -1
20 15 -1
20 19 -1
20 21 1
20 22 -1
20 24 -1
20 26 1
20 27 1
20 29 1
20 30 -1
20 32 1
20 55 -1
20 64 -1
21 3 -1
21 7 -1
21 10 1
21 15 -1
21 17 -1
21 19 -1
21 20 1
21 23 1
21 24 -1
21 25 -1
21 26 1
21 29 1
21 32 -1
21 38 -1
21 43 -1
21 52 -1
22 9 -1
22 12 1
22 17 -1
22 19 1
22 20 -1
22 23 -1
22 24 1
22 25 -1
22 26 -1
22 27 1
22 32 -1
22 37 1
22 44 -1
22 45 1
22 53 1
22 55 1
23 2 1
23 4 -1
23 11 -1
23 18 1
23 21 1
23 22 -1
23 26 -1
23 27 1
23 28 1
23 30 1
23 31 -1
23 32 1
23 42 -1
23 50 -1
23 60 -1
23 63 1
24 10 -1
24 17 -1
24 18 1
24 20 -1
24 21 -1
24 22 1
24 26 -1
24 30 1
24 31 1
24 32 -1
24 34 -1
24 45 -1
24 46 -1
24 55 1
24 58 -1
24 62 -1
25 3 -1
25 15 1
25 17 -1
25 18 -1
25 19 -1
25 21 -1
25 22 -1
25 27 1
25 28 -1
25 30 -1
25 31 1
25 42 -1
25 52 1
25 58 -1
25 59 -1
25 64 -1
26 5 1
26 12 1
26 19 -1
26 20 1
26 21 1
26 22 -1
26 23 -1
26 24 -1
26 27 -1
26 29 1
26 31 -1
26 34 1
26 41 -1
26 46 -1
26 64 -1
27 2 1
27 7 1
27 13 -1
27 18 -1
27 19 -1
27 20 1
27 22 1
27 23 1
27 25 1
27 26 -1
27 28 1
27 29 -1
27 40 -1
27 47 -1
27 51 1
27 58 1
28 13 -1
28 17 1
28 18 1
28 23 1
28 25 -1
28 27 1
28 29 -1
28 30 1
28 31 -1
28 32 -1
28 41 1
28 43 -1
28 49 -1
28 51 -1
28 53 1
28 61 -1
29 1 1
29 17 -1
29 18 -1
29 19 -1
29 20 1
29 21 1
29 26 1
29 27 -1
29 28 -1
29 31 -1
29 34 1
29 38 -1
29 40 1
29 43 -1
29 53 -1
29 64 -1
30 4 -1
30 16 -1
30 17 -1
30 18 1
30 20 -1
30 23 1
30 24 1
30 25 -1
30 28 1
30 31 -1
30 32 -1
30 33 -1
30 47 1
30 48 -1
30 61 -1
31 9 1
31 19 -1
31 23 -1
31 24 1
31 25 1
31 26 -1
31 28 -1
31 29 -1
31 30 -1
31 32 -1
31 41 -1
31 42 -1
31 56 1
31 58 -1
31 60 1
32 5 1
32 7 -1
32 17 1
32 20 1
32 21 -1
32 22 -1
32 23 1
32 24 -1
32 28 -1
32 30 -1
32 31 -1
32 34 -1
32 43 -1
32 48 -1
32 58 1
33 1 -1
33 15 1
33 19 1
33 30 -1
33 34 1
33 36 -1
33 39 -1
33 40 1
33 43 -1
33 45 1
33 46 -1
33 47 -1
33 48 -1
33 53 -1
33 55 -1
33 62 -1
34 1 1
34 6 -1
34 24 -1
34 26 1
34 29 1
34 32 -1
34 33 1
34 35 1
34 37 -1
34 38 1
34 39 1
34 42 -1
34 43 -1
34 44 -1
34 46 1
34 49 -1
35 11 -1
35 14 1
35 19 -1
35 34 1
35 36 -1
35 39 -1
35 40 -1
35 43 -1
35 44 -1
35 46 1
35 47 1
35 48 1
35 49 1
35 52 1
35 55 1
36 2 1
36 4 1
36 5 -1
36 12 1
36 33 -1
36 35 -1
36 37 -1
36 39 1
36 41 -1
36 45 -1
36 46 -1
36 47 -1
36 48 -1
36 53 -1
36 63 1
37 3 -1
37 16 -1
37 22 1
37 34 -1
37 36 -1
37 41 1
37 42 1
37 44 -1
37 45 1
37 46 -1
37 47 1
37 48 -1
37 54 -1
37 56 -1
37 60 -1
37 63 1
38 13 -1
38 19 -1
38 21 -1
38 29 -1
38 34 1
38 39 -1
38 40 -1
38 41 -1
38 42 -1
38 43 -1
38 44 -1
38 47 -1
38 48 -1
38 51 1
38 57 1
38 61 -1
39 8 -1
39 16 -1
39 18 1
39 33 -1
39 34 1
39 35 -1
39 36 1
39 38 -1
39 40 1
39 41 1
39 42 -1
39 44 -1
39 49 -1
39 51 -1
39 60 1
40 6 1
40 27 -1
40 29 1
40 33 1
40 35 -1
40 38 -1
40 39 1
40 41 1
40 42 -1
40 44 -1
40 45 -1
40 46 -1
40 53 -1
40 57 1
40 63 -1
41 11 -1
41 13 1
41 26 -1
41 28 1
41 31 -1
41 36 -1
41 37 1
41 38 -1
41 39 1
41 40 1
41 42 1
41 44 -1
41 45 -1
41 48 -1
41 55 1
42 2 1
42 3 1
42 7 1
42 23 -1
42 25 -1
42 31 -1
42 34 -1
42 37 1
42 38 -1
42 39 -1
42 40 -1
42 41 1
42 45 -1
42 46 -1
42 47 1
42 49 1
43 9 1
43 21 -1
43 28 -1
43 29 -1
43 32 -1
43 33 -1
43 34 -1
43 35 -1
43 38 -1
43 44 1
43 45 1
43 46 1
43 47 -1
43 48 1
43 49 -1
43 57 -1
44 2 -1
44 4 -1
44 5 1
44 8 -1
44 14 -1
44 17 -1
44 22 -1
44 34 -1
44 35 -1
44 37 -1
44 38 -1
44 39 -1
44 40 -1
44 41 -1
44 43 1
44 45 1
45 22 1
45 24 -1
45 33 1
45 36 -1
45 37 1
45 40 -1
45 41 -1
45 42 -1
45 43 1
45 44 1
45 47 1
45 51 1
45 56 -1
45 59 1
45 63 -1
46 9 -1
46 12 1
46 17 -1
46 24 -1
46 26 -1
46 33 -1
46 34 1
46 35 1
46 36 -1
46 37 -1
46 40 -1
46 42 -1
46 43 1
46 48 1
46 53 1
47 18 -1
47 27 -1
47 30 1
47 33 -1
47 35 1
47 36 -1
47 37 1
47 38 -1
47 42 1
47 43 -1
47 45 1
47 48 1
47 50 1
47 51 -1
47 64 1
48 8 -1
48 10 -1
48 17 1
48 30 -1
48 32 -1
48 33 -1
48 35 1
48 36 -1
48 37 -1
48 38 -1
48 41 -1
48 43 1
48 46 1
48 47 1
49 28 -1
49 34 -1
49 35 1
49 39 -1
49 42 1
49 43 -1
49 50 1
49 51 -1
49 53 -1
49 55 -1
49 56 -1
49 57 -1
49 59 1
49 62 -1
49 64 -1
50 3 -1
50 8 1
50 10 1
50 23 -1
50 47 1
50 49 1
50 52 1
50 53 1
50 55 1
50 57 -1
50 59 1
50 62 -1
50 63 -1
50 64 1
51 13 -1
51 27 1
51 28 -1
51 38 1
51 39 -1
51 45 1
51 47 -1
51 49 -1
51 52 -1
51 55 -1
51 56 -1
51 57 -1
51 58 -1
51 59 1
51 60 -1
51 63 -1
52 4 1
52 5 -1
52 6 1
52 21 -1
52 25 1
52 35 1
52 50 1
52 51 -1
52 54 -1
52 55 1
52 56 -1
52 58 1
52 60 1
52 63 1
52 64 1
53 22 1
53 28 1
53 29 -1
53 33 -1
53 36 -1
53 40 -1
53 46 1
53 49 -1
53 50 1
53 54 1
53 55 -1
53 57 1
53 60 -1
53 61 -1
53 62 -1
53 63 -1
54 1 -1
54 3 -1
54 6 1
54 10 -1
54 13 -1
54 14 -1
54 37 -1
54 52 -1
54 53 1
54 55 1
54 56 -1
54 57 1
54 60 -1
54 61 1
54 63 -1
54 64 1
55 16 -1
55 20 -1
55 22 1
55 24 1
55 33 -1
55 35 1
55 41 1
55 49 -1
55 50 1
55 51 -1
55 52 1
55 53 -1
55 54 1
55 58 -1
55 61 -1
55 62 1
56 2 1
56 4 1
56 9 1
56 31 1
56 37 -1
56 45 -1
56 49 -1
56 51 -1
56 52 -1
56 54 -1
56 57 1
56 59 1
56 60 -1
56 61 -1
56 64 1
57 9 1
57 11 -1
57 16 -1
57 18 -1
57 38 1
57 40 1
57 43 -1
57 49 -1
57 50 -1
57 51 -1
57 53 1
57 54 1
57 56 1
57 60 1
57 61 -1
57 63 -1
58 5 -1
58 8 1
58 24 -1
58 25 -1
58 27 1
58 31 -1
58 32 1
58 51 -1
58 52 1
58 55 -1
58 59 1
58 60 -1
58 61 -1
58 62 -1
58 63 -1
58 64 -1
59 6 -1
59 7 -1
59 17 1
59 19 1
59 25 -1
59 45 1
59 49 1
59 50 1
59 51 1
59 56 1
59 58 1
59 60 -1
59 61 -1
59 62 -1
59 63 1
60 3 -1
60 6 1
60 7 -1
60 23 -1
60 31 1
60 37 -1
60 39 1
60 51 -1
60 52 1
60 53 -1
60 54 -1
60 56 -1
60 57 1
60 58 -1
60 59 -1
60 64 -1
61 9 1
61 11 1
61 13 -1
61 15 -1
61 28 -1
61 30 -1
61 38 -1
61 53 -1
61 54 1
61 55 -1
61 56 -1
61 57 -1
61 58 -1
61 59 -1
61 62 -1
61 64 -1
62 5 -1
62 8 1
62 10 -1
62 14 -1
62 18 -1
62 24 -1
62 33 -1
62 49 -1
62 50 -1
62 53 -1
62 55 1
62 58 -1
62 59 -1
62 61 -1
62 63 1
62 64 -1
63 11 1
63 23 1
63 36 1
63 37 1
63 40 -1
63 45 -1
63 50 -1
63 51 -1
63 52 1
63 53 -1
63 54 -1
63 57 -1
63 58 -1
63 59 1
63 62 1
64 14 1
64 20 -1
64 25 -1
64 26 -1
64 29 -1
64 47 1
64 49 -1
64 50 1
64 52 1
64 54 1
64 56 1
64 58 -1
64 60 -1
64 61 -1
64 62 -1
