1 3 1
1 5 -1
1 7 -1
1 9 -1
1 11 -1
1 12 -1
1 13 -1
1 14 -1
1 15 1
1 20 -1
1 22 -1
1 29 -1
1 50 -1
1 60 -1
2 3 -1
2 4 -1
2 6 -1
2 8 -1
2 10 -1
2 11 -1
2 13 -1
2 14 -1
2 16 -1
2 25 -1
2 27 -1
2 28 -1
2 32 -1
2 43 -1
2 45 -1
2 53 -1
3 1 1
3 2 -1
3 5 -1
3 7 -1
3 10 -1
3 11 -1
3 12 1
3 14 -1
3 15 -1
3 29 -1
3 35 -1
3 41 -1
3 43 -1
3 45 -1
3 53 -1
3 57 1
4 2 -1
4 5 1
4 6 -1
4 7 -1
4 8 -1
4 9 -1
4 13 -1
4 15 -1
4 16 -1
4 22 -1
4 30 -1
4 32 -1
4 37 -1
4 57 1
4 59 -1
4 62 1
5 1 -1
5 3 -1
5 4 1
5 6 -1
5 7 -1
5 8 1
5 9 -1
5 10 1
5 12 -1
5 23 -1
5 39 1
5 45 -1
5 51 -1
5 59 -1
6 2 -1
6 4 -1
6 5 -1
6 8 -1
6 9 -1
6 12 -1
6 14 1
6 15 -1
6 16 -1
6 21 -1
6 24 -1
6 27 -1
6 29 -1
6 40 -1
6 41 -1
6 64 1
7 1 -1
7 3 -1
7 4 -1
7 5 -1
7 8 -1
7 9 -1
7 10 -1
7 11 -1
7 15 -1
7 19 -1
7 22 -1
7 29 -1
7 39 -1
7 52 -1
7 59 -1
7 62 -1
8 2 -1
8 4 -1
8 5 1
8 6 -1
8 7 -1
8 10 -1
8 11 -1
8 13 -1
8 14 -1
8 25 -1
8 26 -1
8 35 -1
8 52 -1
8 62 1
8 64 -1
9 1 -1
9 4 -1
9 5 -1
9 6 -1
9 7 -1
9 10 -1
9 12 -1
9 13 -1
9 16 -1
9 19 -1
9 22 -1
9 30 1
9 31 -1
9 34 -1
9 60 -1
10 2 -1
10 3 -1
10 5 1
10 7 -1
10 8 -1
10 9 -1
10 12 -1
10 14 -1
10 16 -1
10 24 -1
10 32 -1
10 37 -1
10 48 -1
10 52 -1
10 54 -1
10 58 -1
11 1 -1
11 2 -1
11 3 -1
11 7 -1
11 8 -1
11 12 -1
11 13 -1
11 14 -1
11 16 -1
11 22 -1
11 44 -1
11 47 -1
11 51 -1
11 52 -1
11 55 -1
12 1 -1
12 3 1
12 5 -1
12 6 -1
12 9 -1
12 10 -1
12 11 -1
12 13 -1
12 15 -1
12 23 -1
12 24 -1
12 27 -1
12 30 -1
12 56 -1
12 57 -1
12 61 -1
13 1 -1
13 2 -1
13 4 -1
13 8 -1
13 9 -1
13 11 -1
13 12 -1
13 15 -1
13 16 1
13 25 -1
13 32 -1
13 39 -1
13 44 1
13 49 -1
13 60 -1
13 63 -1
14 1 -1
14 2 -1
14 3 -1
14 6 1
14 8 -1
14 10 -1
14 11 -1
14 15 -1
14 16 -1
14 21 -1
14 22 -1
14 36 -1
14 40 1
14 51 -1
14 64 -1
15 1 1
15 3 -1
15 4 -1
15 6 -1
15 7 -1
15 12 -1
15 13 -1
15 14 -1
15 16 -1
15 20 -1
15 29 -1
15 35 -1
15 41 -1
15 47 -1
15 51 -1
15 56 -1
16 2 -1
16 4 -1
16 6 -1
16 9 -1
16 10 -1
16 11 -1
16 13 1
16 14 -1
16 15 -1
16 19 -1
16 21 -1
16 26 -1
16 33 -1
16 37 -1
16 54 -1
17 18 -1
17 19 -1
17 21 -1
17 22 -1
17 23 -1
17 24 -1
17 25 -1
17 29 -1
17 30 -1
17 38 -1
17 44 -1
17 46 -1
17 55 -1
17 58 -1
18 17 -1
18 19 -1
18 20 -1
18 22 1
18 23 1
18 25 1
18 26 -1
18 27 -1
18 28 -1
18 33 -1
18 36 -1
18 42 -1
18 47 -1
18 50 -1
18 55 -1
18 58 1
19 7 -1
19 9 -1
19 16 -1
19 17 -1
19 18 -1
19 20 -1
19 21 -1
19 25 -1
19 28 -1
19 29 1
19 30 -1
19 32 -1
19 33 -1
19 35 -1
19 38 -1
19 55 -1
20 1 -1
20 15 -1
20 18 -1
20 19 -1
20 22 -1
20 23 -1
20 26 -1
20 28 -1
20 30 -1
20 31 -1
20 32 -1
20 43 -1
20 47 -1
20 51 -1
20 55 -1
21 6 -1
21 14 -1
21 16 -1
21 17 -1
21 19 -1
21 24 -1
21 25 -1
21 27 -1
21 28 -1
21 29 -1
21 31 -1
21 32 -1
21 39 -1
21 45 -1
21 49 -1
21 64 -1
22 1 -1
22 4 -1
22 7 -1
22 9 -1
22 11 -1
22 14 -1
22 17 -1
22 18 1
22 20 -1
22 23 -1
22 24 -1
22 25 -1
22 28 -1
22 29 -1
22 31 -1
22 49 -1
23 5 -1
23 12 -1
23 17 -1
23 18 1
23 20 -1
23 22 -1
23 25 -1
23 26 -1
23 27 -1
23 30 -1
23 32 -1
23 35 1
23 41 -1
23 53 1
23 63 -1
24 6 -1
24 10 -1
24 12 -1
24 17 -1
24 21 -1
24 22 -1
24 25 -1
24 27 -1
24 28 1
24 29 -1
24 31 -1
24 32 1
24 37 -1
24 40 -1
24 42 -1
24 45 -1
25 2 -1
25 8 -1
25 13 -1
25 17 -1
25 18 1
25 19 -1
25 21 -1
25 22 -1
25 23 -1
25 24 -1
25 29 -1
25 31 -1
25 38 -1
25 40 -1
25 46 1
25 61 -1
26 8 -1
26 16 -1
26 18 -1
26 20 -1
26 23 -1
26 27 -1
26 28 -1
26 29 -1
26 30 -1
26 31 -1
26 32 -1
26 39 -1
26 41 1
26 50 -1
26 61 1
27 2 -1
27 6 -1
27 12 -1
27 18 -1
27 21 -1
27 23 -1
27 24 -1
27 26 -1
27 29 -1
27 30 -1
27 31 -1
27 32 -1
27 43 -1
27 44 -1
27 45 -1
27 60 -1
28 2 -1
28 18 -1
28 19 -1
28 20 -1
28 21 -1
28 22 -1
28 24 1
28 26 -1
28 30 -1
28 32 -1
28 34 -1
28 36 -1
28 42 -1
28 47 -1
28 61 -1
28 62 1
29 1 -1
29 3 -1
29 6 -1
29 7 -1
29 15 -1
29 17 -1
29 19 1
29 21 -1
29 22 -1
29 24 -1
29 25 -1
29 26 -1
29 27 -1
29 30 -1
29 48 -1
30 4 -1
30 9 1
30 12 -1
30 17 -1
30 19 -1
30 20 -1
30 23 -1
30 26 -1
30 27 -1
30 28 -1
30 29 -1
30 31 -1
30 41 -1
30 43 -1
30 57 -1
30 63 -1
31 9 -1
31 20 -1
31 21 -1
31 22 -1
31 24 -1
31 25 -1
31 26 -1
31 27 -1
31 30 -1
31 32 -1
31 39 -1
31 43 -1
31 46 -1
31 53 -1
31 63 -1
32 2 -1
32 4 -1
32 10 -1
32 13 -1
32 19 -1
32 20 -1
32 21 -1
32 23 -1
32 24 1
32 26 -1
32 27 -1
32 28 -1
32 31 -1
32 40 -1
32 50 -1
32 52 -1
33 16 -1
33 18 -1
33 19 -1
33 35 -1
33 36 -1
33 39 -1
33 42 -1
33 43 -1
33 44 -1
33 45 -1
33 46 -1
33 47 -1
33 54 -1
33 55 -1
33 61 1
33 64 1
34 9 -1
34 28 -1
34 36 -1
34 38 -1
34 40 -1
34 41 -1
34 42 -1
34 43 -1
34 44 -1
34 45 -1
34 48 -1
34 50 -1
34 54 -1
34 56 1
34 62 -1
35 3 -1
35 8 -1
35 15 -1
35 19 -1
35 23 1
35 33 -1
35 37 1
35 38 -1
35 39 -1
35 41 1
35 45 -1
35 46 -1
35 47 -1
35 48 -1
35 50 -1
35 59 1
36 14 -1
36 18 -1
36 28 -1
36 33 -1
36 34 -1
36 37 -1
36 39 -1
36 40 -1
36 41 -1
36 42 -1
36 43 -1
36 48 -1
36 54 -1
36 56 -1
36 57 -1
36 58 -1
37 4 -1
37 10 -1
37 16 -1
37 24 -1
37 35 1
37 36 -1
37 38 -1
37 40 -1
37 42 -1
37 43 -1
37 44 -1
37 45 -1
37 48 -1
37 50 -1
37 53 -1
37 64 -1
38 17 -1
38 19 -1
38 25 -1
38 34 -1
38 35 -1
38 37 -1
38 39 -1
38 42 -1
38 43 1
38 44 -1
38 47 -1
38 48 -1
38 49 -1
38 53 -1
38 61 -1
39 5 1
39 7 -1
39 13 -1
39 21 -1
39 26 -1
39 31 -1
39 33 -1
39 35 -1
39 36 -1
39 38 -1
39 43 1
39 44 -1
39 45 -1
39 46 -1
39 47 -1
39 62 -1
40 6 -1
40 14 1
40 24 -1
40 25 -1
40 32 -1
40 34 -1
40 36 -1
40 37 -1
40 41 -1
40 42 -1
40 44 -1
40 46 1
40 47 -1
40 48 -1
40 51 -1
40 63 -1
41 3 -1
41 6 -1
41 15 -1
41 23 -1
41 26 1
41 30 -1
41 34 -1
41 35 1
41 36 -1
41 40 -1
41 43 1
41 44 -1
41 45 1
41 46 -1
41 48 -1
41 56 -1
42 18 -1
42 24 -1
42 28 -1
42 33 -1
42 34 -1
42 36 -1
42 37 -1
42 38 -1
42 40 -1
42 46 -1
42 47 -1
42 48 -1
42 49 -1
42 55 -1
42 59 -1
43 2 -1
43 3 -1
43 20 -1
43 27 -1
43 30 -1
43 31 -1
43 33 -1
43 34 -1
43 36 -1
43 37 -1
43 38 1
43 39 1
43 41 1
43 45 -1
43 47 -1
43 62 -1
44 11 -1
44 13 1
44 17 -1
44 27 -1
44 33 -1
44 34 -1
44 37 -1
44 38 -1
44 39 -1
44 40 -1
44 41 -1
44 45 -1
44 47 -1
44 63 -1
45 2 -1
45 3 -1
45 5 -1
45 21 -1
45 24 -1
45 27 -1
45 33 -1
45 34 -1
45 35 -1
45 37 -1
45 39 -1
45 41 1
45 43 -1
45 44 -1
45 46 -1
45 49 -1
46 17 -1
46 25 1
46 31 -1
46 33 -1
46 35 -1
46 39 -1
46 40 1
46 41 -1
46 42 -1
46 45 -1
46 47 -1
46 48 -1
46 57 -1
46 58 -1
47 11 -1
47 15 -1
47 18 -1
47 20 -1
47 28 -1
47 33 -1
47 35 -1
47 38 -1
47 39 -1
47 40 -1
47 42 -1
47 43 -1
47 44 -1
47 46 -1
47 59 -1
47 60 1
48 10 -1
48 29 -1
48 34 -1
48 35 -1
48 36 -1
48 37 -1
48 38 -1
48 40 -1
48 41 -1
48 42 -1
48 46 -1
48 54 -1
48 56 -1
48 58 -1
48 61 -1
49 13 -1
49 21 -1
49 22 -1
49 38 -1
49 42 -1
49 45 -1
49 50 -1
49 52 -1
49 53 -1
49 55 -1
49 57 -1
49 58 -1
49 60 -1
49 61 -1
49 63 -1
50 1 -1
50 18 -1
50 26 -1
50 32 -1
50 34 -1
50 35 -1
50 37 -1
50 49 -1
50 51 -1
50 52 -1
50 55 -1
50 57 -1
50 59 -1
50 61 -1
50 63 -1
50 64 -1
51 5 -1
51 11 -1
51 14 -1
51 15 -1
51 20 -1
51 40 -1
51 50 -1
51 53 1
51 56 -1
51 57 -1
51 58 -1
51 60 -1
51 62 -1
51 63 -1
51 64 -1
52 7 -1
52 8 -1
52 10 -1
52 11 -1
52 32 -1
52 49 -1
52 50 -1
52 54 -1
52 55 -1
52 59 -1
52 60 -1
52 62 -1
52 63 1
52 64 -1
53 2 -1
53 3 -1
53 23 1
53 31 -1
53 37 -1
53 38 -1
53 49 -1
53 51 1
53 54 -1
53 56 -1
53 57 1
53 58 -1
53 59 -1
53 61 -1
53 62 -1
54 10 -1
54 16 -1
54 33 -1
54 34 -1
54 36 -1
54 48 -1
54 52 -1
54 53 -1
54 55 -1
54 56 -1
54 57 -1
54 59 -1
54 60 -1
54 62 -1
54 64 -1
55 11 -1
55 17 -1
55 18 -1
55 19 -1
55 20 -1
55 33 -1
55 42 -1
55 49 -1
55 50 -1
55 52 -1
55 54 -1
55 56 -1
55 58 1
55 61 -1
55 62 -1
55 64 1
56 12 -1
56 15 -1
56 34 1
56 36 -1
56 41 -1
56 48 -1
56 51 -1
56 53 -1
56 54 -1
56 55 -1
56 58 -1
56 59 -1
56 62 1
56 63 -1
56 64 -1
57 3 1
57 4 1
57 12 -1
57 30 -1
57 36 -1
57 46 -1
57 49 -1
57 50 -1
57 51 -1
57 53 1
57 54 -1
57 60 -1
57 61 -1
57 62 -1
57 64 -1
58 10 -1
58 17 -1
58 18 1
58 36 -1
58 46 -1
58 48 -1
58 49 -1
58 51 -1
58 53 -1
58 55 1
58 56 -1
58 59 -1
58 60 -1
58 62 -1
58 63 -1
59 4 -1
59 5 -1
59 7 -1
59 35 1
59 42 -1
59 47 -1
59 50 -1
59 52 -1
59 53 -1
59 54 -1
59 56 -1
59 58 -1
59 60 -1
59 61 -1
59 63 -1
60 1 -1
60 9 -1
60 13 -1
60 27 -1
60 47 1
60 49 -1
60 51 -1
60 52 -1
60 54 -1
60 57 -1
60 58 -1
60 59 -1
60 61 1
60 62 -1
61 12 -1
61 25 -1
61 26 1
61 28 -1
61 33 1
61 38 -1
61 48 -1
61 49 -1
61 50 -1
61 53 -1
61 55 -1
61 57 -1
61 59 -1
61 60 1
61 63 -1
61 64 -1
62 4 1
62 7 -1
62 8 1
62 28 1
62 34 -1
62 39 -1
62 43 -1
62 51 -1
62 52 -1
62 53 -1
62 54 -1
62 55 -1
62 56 1
62 57 -1
62 58 -1
62 60 -1
63 13 -1
63 23 -1
63 30 -1
63 31 -1
63 40 -1
63 44 -1
63 49 -1
63 50 -1
63 51 -1
63 52 1
63 56 -1
63 58 -1
63 59 -1
63 61 -1
63 64 1
64 6 1
64 8 -1
64 14 -1
64 21 -1
64 33 1
64 37 -1
64 50 -1
64 51 -1
64 52 -1
64 54 -1
64 55 1
64 56 -1
64 57 -1
64 61 -1
64 63 1
