1 3 -1
1 6 1
1 7 1
1 8 1
1 10 1
1 11 1
1 12 -1
1 13 1
1 16 1
1 22 1
1 40 1
1 46 1
1 49 1
1 50 -1
1 52 1
2 3 1
2 5 1
2 6 1
2 8 1
2 9 -1
2 11 1
2 12 -1
2 15 -1
2 16 -1
2 25 -1
2 28 1
2 35 -1
2 53 1
2 57 -1
2 62 1
2 64 1
3 1 -1
3 2 1
3 4 -1
3 6 -1
3 9 1
3 11 -1
3 13 1
3 14 -1
3 15 1
3 18 1
3 19 1
3 21 -1
3 32 1
3 34 1
3 38 1
3 49 1
4 3 -1
4 5 1
4 6 -1
4 7 1
4 9 1
4 10 1
4 13 1
4 14 1
4 16 1
4 20 1
4 22 -1
4 38 -1
4 41 1
4 43 -1
4 48 1
4 60 -1
5 2 1
5 4 1
5 6 -1
5 7 -1
5 8 1
5 9 1
5 10 -1
5 12 -1
5 15 -1
5 17 -1
5 22 -1
5 30 1
5 47 1
5 50 1
5 59 -1
6 1 1
6 2 1
6 3 -1
6 4 -1
6 5 -1
6 8 1
6 13 -1
6 14 1
6 16 1
6 17 1
6 27 -1
6 35 1
6 45 -1
6 51 -1
6 55 1
6 59 -1
7 1 1
7 4 1
7 5 -1
7 8 1
7 9 1
7 11 1
7 12 -1
7 14 1
7 16 -1
7 20 -1
7 28 1
7 30 1
7 40 1
7 44 -1
7 45 1
7 60 -1
8 1 1
8 2 1
8 5 1
8 6 1
8 7 1
8 10 -1
8 12 -1
8 14 -1
8 15 1
8 22 1
8 26 -1
8 34 -1
8 36 1
8 41 -1
8 42 -1
8 62 1
9 2 -1
9 3 1
9 4 1
9 5 1
9 7 1
9 10 -1
9 11 -1
9 14 1
9 15 1
9 17 -1
9 21 1
9 41 1
9 53 -1
9 57 1
9 61 1
10 1 1
10 4 1
10 5 -1
10 8 -1
10 9 -1
10 11 -1
10 12 -1
10 13 1
10 15 -1
10 39 1
10 40 1
10 42 -1
10 43 1
10 46 1
10 50 1
10 60 -1
11 1 1
11 2 1
11 3 -1
11 7 1
11 9 -1
11 10 -1
11 13 1
11 15 1
11 16 1
11 25 -1
11 27 1
11 34 -1
11 37 1
11 41 -1
11 47 1
11 57 1
12 1 -1
12 2 -1
12 5 -1
12 7 -1
12 8 -1
12 10 -1
12 13 1
12 14 1
12 16 1
12 31 -1
12 33 -1
12 35 1
12 39 1
12 48 1
12 61 1
13 1 1
13 3 1
13 4 1
13 6 -1
13 10 1
13 11 1
13 12 1
13 14 -1
13 15 -1
13 18 1
13 28 1
13 37 1
13 44 -1
13 56 -1
13 59 -1
14 3 -1
14 4 1
14 6 1
14 7 1
14 8 -1
14 9 1
14 12 1
14 13 -1
14 16 1
14 17 1
14 24 1
14 27 -1
14 51 1
14 54 1
14 55 -1
14 64 -1
15 2 -1
15 3 1
15 5 -1
15 8 1
15 9 1
15 10 -1
15 11 1
15 13 -1
15 16 1
15 21 1
15 26 -1
15 31 1
15 40 1
15 59 1
16 1 1
16 2 -1
16 4 1
16 6 1
16 7 -1
16 11 1
16 12 1
16 14 1
16 15 1
16 32 -1
16 34 1
16 39 1
16 48 -1
16 54 1
16 56 1
16 61 1
17 5 -1
17 6 1
17 9 -1
17 14 1
17 18 -1
17 19 1
17 20 1
17 21 1
17 22 1
17 23 1
17 24 1
17 26 -1
17 31 1
17 56 1
17 58 1
17 60 1
18 3 1
18 13 1
18 17 -1
18 20 1
18 21 1
18 25 1
18 27 -1
18 28 1
18 29 1
18 31 1
18 32 -1
18 39 1
18 47 1
18 52 1
18 63 -1
19 3 1
19 17 1
19 20 -1
19 23 1
19 24 -1
19 25 1
19 26 -1
19 27 1
19 29 -1
19 31 1
19 45 1
19 49 1
19 56 1
19 64 -1
20 4 1
20 7 -1
20 17 1
20 18 1
20 19 -1
20 21 -1
20 23 1
20 24 1
20 26 -1
20 31 -1
20 32 -1
20 33 1
20 44 -1
20 51 -1
20 64 1
21 3 -1
21 9 1
21 15 1
21 17 1
21 18 1
21 20 -1
21 22 1
21 25 1
21 26 -1
21 29 1
21 30 -1
21 32 -1
21 43 -1
21 50 1
22 1 1
22 4 -1
22 5 -1
22 8 1
22 17 1
22 21 1
22 24 1
22 25 -1
22 26 -1
22 27 1
22 28 1
22 29 1
22 30 1
22 43 1
22 59 -1
22 63 -1
23 17 1
23 19 1
23 20 1
23 24 1
23 25 1
23 27 1
23 28 1
23 31 1
23 32 1
23 34 -1
23 35 1
23 38 1
23 42 -1
23 52 1
24 14 1
24 17 1
24 19 -1
24 20 1
24 22 1
24 23 1
24 27 -1
24 28 1
24 30 1
24 31 1
24 37 -1
24 38 -1
24 46 -1
24 48 -1
24 56 1
24 58 1
25 2 -1
25 11 -1
25 18 1
25 19 1
25 21 1
25 22 -1
25 23 1
25 26 1
25 29 1
25 30 -1
25 32 1
25 33 1
25 36 1
25 42 1
25 50 1
25 64 1
26 8 -1
26 15 -1
26 17 -1
26 19 -1
26 20 -1
26 21 -1
26 22 -1
26 25 1
26 28 -1
26 30 1
26 31 -1
26 38 1
26 46 1
26 58 -1
26 62 -1
26 63 -1
27 6 -1
27 11 1
27 14 -1
27 18 -1
27 19 1
27 22 1
27 23 1
27 24 -1
27 28 1
27 29 -1
27 30 -1
27 32 1
27 37 -1
27 47 1
27 54 1
28 2 1
28 7 1
28 13 1
28 18 1
28 22 1
28 23 1
28 24 1
28 26 -1
28 27 1
28 29 1
28 30 1
28 32 -1
28 35 1
28 49 -1
28 53 1
28 61 -1
29 18 1
29 19 -1
29 21 1
29 22 1
29 25 1
29 27 -1
29 28 1
29 31 -1
29 32 -1
29 36 -1
29 42 1
29 51 1
29 52 -1
29 53 -1
29 62 1
30 5 1
30 7 1
30 21 -1
30 22 1
30 24 1
30 25 -1
30 26 1
30 27 -1
30 28 1
30 31 -1
30 32 -1
30 37 -1
30 49 -1
30 55 -1
30 57 1
31 12 -1
31 15 1
31 17 1
31 18 1
31 19 1
31 20 -1
31 23 1
31 24 1
31 26 -1
31 29 -1
31 30 -1
31 36 1
31 39 1
31 50 -1
31 59 1
32 3 1
32 16 -1
32 18 -1
32 20 -1
32 21 -1
32 23 1
32 25 1
32 27 1
32 28 -1
32 29 -1
32 30 -1
32 45 1
32 58 1
32 62 -1
32 64 -1
33 12 -1
33 20 1
33 25 1
33 34 1
33 36 1
33 37 1
33 39 1
33 40 1
33 42 1
33 43 1
33 44 -1
33 48 1
33 52 1
33 57 1
33 60 1
34 3 1
34 8 -1
34 11 -1
34 16 1
34 23 -1
34 33 1
34 36 1
34 38 -1
34 39 -1
34 41 1
34 43 -1
34 44 -1
34 46 1
34 47 -1
34 51 1
35 2 -1
35 6 1
35 12 1
35 23 1
35 28 1
35 37 -1
35 39 -1
35 40 1
35 41 1
35 42 -1
35 44 1
35 46 1
35 47 1
35 48 1
35 53 1
35 58 1
36 8 1
36 25 1
36 29 -1
36 31 1
36 33 1
36 34 1
36 37 1
36 38 -1
36 39 -1
36 40 1
36 45 1
36 46 1
36 48 1
36 55 -1
36 63 1
37 11 1
37 13 1
37 24 -1
37 27 -1
37 30 -1
37 33 1
37 35 -1
37 36 1
37 39 -1
37 40 -1
37 41 1
37 43 1
37 44 -1
37 46 1
37 61 -1
37 62 -1
38 3 1
38 4 -1
38 23 1
38 24 -1
38 26 1
38 34 -1
38 36 -1
38 41 1
38 43 -1
38 44 1
38 45 1
38 46 -1
38 47 1
38 48 1
38 58 1
39 10 1
39 12 1
39 16 1
39 18 1
39 31 1
39 33 1
39 34 -1
39 35 -1
39 36 -1
39 37 -1
39 41 1
39 42 1
39 43 -1
39 45 -1
39 63 1
40 1 1
40 7 1
40 10 1
40 15 1
40 33 1
40 35 1
40 36 1
40 37 -1
40 42 1
40 43 -1
40 44 1
40 46 -1
40 48 1
40 53 -1
40 63 1
41 4 1
41 8 -1
41 9 1
41 11 -1
41 34 1
41 35 1
41 37 1
41 38 1
41 39 1
41 42 1
41 45 1
41 47 1
41 48 -1
41 52 -1
41 54 -1
41 60 1
42 8 -1
42 10 -1
42 23 -1
42 25 1
42 29 1
42 33 1
42 35 -1
42 39 1
42 40 1
42 41 1
42 43 1
42 44 1
42 45 1
42 47 1
42 55 -1
42 57 -1
43 4 -1
43 10 1
43 21 -1
43 22 1
43 33 1
43 34 -1
43 37 1
43 38 -1
43 39 -1
43 40 -1
43 42 1
43 45 1
43 47 1
43 49 1
43 54 -1
43 56 -1
44 7 -1
44 13 -1
44 20 -1
44 33 -1
44 34 -1
44 35 1
44 37 -1
44 38 1
44 40 1
44 42 1
44 46 -1
44 48 1
44 51 1
44 55 -1
44 57 1
45 6 -1
45 7 1
45 19 1
45 32 1
45 36 1
45 38 1
45 39 -1
45 41 1
45 42 1
45 43 1
45 46 1
45 47 -1
45 48 1
45 50 -1
45 60 1
46 1 1
46 10 1
46 24 -1
46 26 1
46 34 1
46 35 1
46 36 1
46 37 1
46 38 -1
46 40 -1
46 44 -1
46 45 1
46 47 1
46 51 -1
46 58 1
46 59 1
47 5 1
47 11 1
47 18 1
47 27 1
47 34 -1
47 35 1
47 38 1
47 41 1
47 42 1
47 43 1
47 45 -1
47 46 1
47 48 1
47 54 -1
47 61 -1
48 4 1
48 12 1
48 16 -1
48 24 -1
48 33 1
48 35 1
48 36 1
48 38 1
48 40 1
48 41 -1
48 44 1
48 45 1
48 47 1
48 53 -1
48 55 -1
48 63 1
49 1 1
49 3 1
49 19 1
49 28 -1
49 30 -1
49 43 1
49 50 1
49 54 -1
49 55 1
49 56 1
49 57 1
49 58 -1
49 61 -1
49 62 -1
49 63 1
50 1 -1
50 5 1
50 10 1
50 21 1
50 25 1
50 31 -1
50 45 -1
50 49 1
50 53 -1
50 54 -1
50 57 -1
50 59 1
50 60 1
50 61 1
50 62 1
50 63 -1
51 6 -1
51 14 1
51 20 -1
51 29 1
51 34 1
51 44 1
51 46 -1
51 52 1
51 53 1
51 54 1
51 55 -1
51 56 1
51 57 1
51 60 1
51 63 -1
51 64 1
52 1 1
52 18 1
52 23 1
52 29 -1
52 33 1
52 41 -1
52 51 1
52 55 -1
52 57 -1
52 59 1
52 60 -1
52 61 1
52 62 1
52 63 1
52 64 1
53 2 1
53 9 -1
53 28 1
53 29 -1
53 35 1
53 40 -1
53 48 -1
53 50 -1
53 51 1
53 55 1
53 56 -1
53 57 -1
53 58 1
53 61 1
53 62 1
53 63 -1
54 14 1
54 16 1
54 27 1
54 41 -1
54 43 -1
54 47 -1
54 49 -1
54 50 -1
54 51 1
54 55 -1
54 58 -1
54 59 1
54 61 -1
54 63 1
54 64 -1
55 6 1
55 14 -1
55 30 -1
55 36 -1
55 42 -1
55 44 -1
55 48 -1
55 49 1
55 51 -1
55 52 -1
55 53 1
55 54 -1
55 56 1
55 57 1
55 58 1
55 59 1
56 13 -1
56 16 1
56 17 1
56 19 1
56 24 1
56 43 -1
56 49 1
56 51 1
56 53 -1
56 55 1
56 58 1
56 60 -1
56 61 1
56 62 -1
56 64 -1
57 2 -1
57 9 1
57 11 1
57 30 1
57 33 1
57 42 -1
57 44 1
57 49 1
57 50 -1
57 51 1
57 52 -1
57 53 -1
57 55 1
57 58 -1
57 60 1
57 61 -1
58 17 1
58 24 1
58 26 -1
58 32 1
58 35 1
58 38 1
58 46 1
58 49 -1
58 53 1
58 54 -1
58 55 1
58 56 1
58 57 -1
58 59 -1
58 62 -1
58 64 1
59 5 -1
59 6 -1
59 13 -1
59 15 1
59 22 -1
59 31 1
59 46 1
59 50 1
59 52 1
59 54 1
59 55 1
59 58 -1
59 60 -1
59 61 -1
59 62 -1
59 64 1
60 4 -1
60 7 -1
60 10 -1
60 17 1
60 33 1
60 41 1
60 45 1
60 50 1
60 51 1
60 52 -1
60 56 -1
60 57 1
60 59 -1
60 62 1
60 63 1
60 64 1
61 9 1
61 12 1
61 16 1
61 28 -1
61 37 -1
61 47 -1
61 49 -1
61 50 1
61 52 1
61 53 1
61 54 -1
61 56 1
61 57 -1
61 59 -1
61 63 1
62 2 1
62 8 1
62 26 -1
62 29 1
62 32 -1
62 37 -1
62 49 -1
62 50 1
62 52 1
62 53 1
62 56 -1
62 58 -1
62 59 -1
62 60 1
62 64 -1
63 18 -1
63 22 -1
63 26 -1
63 36 1
63 39 1
63 40 1
63 48 1
63 49 1
63 50 -1
63 51 -1
63 52 1
63 53 -1
63 54 1
63 60 1
63 61 1
63 64 1
64 2 1
64 14 -1
64 19 -1
64 20 1
64 25 1
64 32 -1
64 51 1
64 52 1
64 54 -1
64 56 -1
64 58 1
64 59 1
64 60 1
64 62 -1
64 63 1
