1 2 -1
1 3 1
1 4 1
1 5 1
1 6 -1
1 9 1
1 10 1
1 15 1
1 16 1
1 19 -1
1 33 1
1 35 1
1 37 1
1 43 1
1 57 1
1 63 1
2 1 -1
2 4 1
2 5 1
2 7 1
2 10 1
2 12 1
2 13 1
2 15 1
2 16 1
2 17 1
2 22 1
2 24 -1
2 27 1
2 39 1
2 41 1
2 61 1
3 1 1
3 5 1
3 6 1
3 7 1
3 8 1
3 9 1
3 11 1
3 13 -1
3 14 1
3 20 1
3 21 1
3 23 1
3 29 1
3 36 1
3 37 -1
3 49 1
4 1 1
4 2 1
4 6 1
4 7 1
4 8 1
4 9 1
4 10 1
4 12 1
4 15 1
4 38 1
4 39 1
4 42 1
4 45 1
4 59 1
4 60 1
4 61 1
5 1 1
5 2 1
5 3 1
5 6 1
5 7 1
5 8 1
5 11 1
5 14 1
5 16 1
5 18 -1
5 20 1
5 24 1
5 25 -1
5 28 1
5 62 1
6 1 -1
6 3 1
6 4 1
6 5 1
6 9 1
6 11 -1
6 12 1
6 13 -1
6 14 1
6 18 1
6 22 1
6 32 1
6 34 -1
6 48 1
6 52 1
7 2 1
7 3 1
7 4 1
7 5 1
7 8 1
7 9 1
7 11 1
7 13 1
7 16 -1
7 39 -1
7 44 1
7 45 1
7 46 1
7 54 1
7 55 1
7 59 1
8 3 1
8 4 1
8 5 1
8 7 1
8 10 1
8 11 1
8 12 1
8 13 1
8 15 1
8 20 1
8 21 1
8 26 1
8 32 1
8 50 1
8 51 1
8 52 1
9 1 1
9 3 1
9 4 1
9 6 1
9 7 1
9 11 1
9 12 1
9 15 1
9 16 1
9 35 1
9 44 1
9 50 1
9 54 -1
9 58 1
9 59 1
9 62 1
10 1 1
10 2 1
10 4 1
10 8 1
10 11 1
10 12 1
10 13 1
10 14 1
10 15 -1
10 18 1
10 49 1
10 51 1
10 53 -1
10 56 1
10 62 1
11 3 1
11 5 1
11 6 -1
11 7 1
11 8 1
11 9 1
11 10 1
11 14 1
11 16 1
11 19 1
11 29 1
11 36 1
11 49 1
11 53 -1
11 54 1
11 61 1
12 2 1
12 4 1
12 6 1
12 8 1
12 9 1
12 10 1
12 13 1
12 14 1
12 16 1
12 25 -1
12 26 1
12 28 1
12 47 1
12 56 1
12 64 1
13 2 1
13 3 -1
13 6 -1
13 7 1
13 8 1
13 10 1
13 12 1
13 14 1
13 15 1
13 17 1
13 28 1
13 41 1
13 47 1
13 58 1
13 60 1
13 64 1
14 3 1
14 5 1
14 6 1
14 10 1
14 11 1
14 12 1
14 13 1
14 15 1
14 16 1
14 32 -1
14 42 1
14 44 1
14 46 1
14 50 1
14 60 1
15 1 1
15 2 1
15 4 1
15 8 1
15 9 1
15 10 -1
15 13 1
15 14 1
15 16 1
15 26 1
15 29 1
15 34 1
15 38 1
15 42 1
15 50 1
15 54 1
16 1 1
16 2 1
16 5 1
16 7 -1
16 9 1
16 11 1
16 12 1
16 14 1
16 15 1
16 22 -1
16 28 1
16 29 1
16 34 1
16 35 1
16 36 -1
16 54 1
17 2 1
17 13 1
17 18 1
17 19 1
17 20 1
17 21 1
17 24 1
17 26 -1
17 28 1
17 31 1
17 32 1
17 34 -1
17 53 1
17 55 1
17 56 1
17 58 1
18 5 -1
18 6 1
18 10 1
18 17 1
18 20 1
18 22 -1
18 23 1
18 25 1
18 26 1
18 27 1
18 29 1
18 31 1
18 39 1
18 44 1
18 47 -1
18 61 1
19 1 -1
19 11 1
19 17 1
19 22 1
19 23 1
19 24 1
19 25 1
19 27 1
19 29 1
19 30 1
19 31 1
19 35 1
19 36 1
19 48 -1
19 52 1
19 55 1
20 3 1
20 5 1
20 8 1
20 17 1
20 18 1
20 21 1
20 22 1
20 23 1
20 24 1
20 25 1
20 26 1
20 30 1
20 46 1
20 51 -1
20 55 1
21 3 1
21 8 1
21 17 1
21 20 1
21 22 1
21 24 1
21 25 1
21 26 1
21 28 -1
21 30 1
21 32 1
21 33 1
21 40 1
21 48 1
21 49 1
21 58 1
22 2 1
22 6 1
22 16 -1
22 18 -1
22 19 1
22 20 1
22 21 1
22 24 1
22 26 1
22 28 1
22 29 1
22 31 -1
22 33 1
22 45 1
22 51 1
22 55 1
23 3 1
23 18 1
23 19 1
23 20 1
23 25 1
23 27 1
23 29 1
23 30 -1
23 31 1
23 32 1
23 34 1
23 38 1
23 45 -1
23 47 -1
23 60 1
24 2 -1
24 5 1
24 17 1
24 19 1
24 20 1
24 21 1
24 22 1
24 25 1
24 28 1
24 30 1
24 32 1
24 36 1
24 40 1
24 43 1
24 44 1
24 46 1
25 5 -1
25 12 -1
25 18 1
25 19 1
25 20 1
25 21 1
25 23 1
25 24 1
25 26 1
25 30 1
25 32 1
25 35 1
25 39 -1
25 41 1
25 54 1
26 8 1
26 12 1
26 15 1
26 17 -1
26 18 1
26 20 1
26 21 1
26 22 1
26 25 1
26 27 1
26 29 1
26 32 1
26 41 1
26 45 1
26 63 1
27 2 1
27 18 1
27 19 1
27 23 1
27 26 1
27 28 1
27 29 1
27 30 1
27 31 1
27 32 1
27 37 -1
27 41 1
27 51 1
27 53 1
27 57 1
27 60 1
28 5 1
28 12 1
28 13 1
28 16 1
28 17 1
28 21 -1
28 22 1
28 24 1
28 27 1
28 29 1
28 30 1
28 31 1
28 32 -1
28 47 1
28 54 1
28 63 1
29 3 1
29 11 1
29 15 1
29 16 1
29 18 1
29 19 1
29 22 1
29 23 1
29 26 1
29 27 1
29 28 1
29 30 1
29 31 1
29 42 1
29 62 1
29 64 1
30 19 1
30 20 1
30 21 1
30 23 -1
30 24 1
30 25 1
30 27 1
30 28 1
30 29 1
30 40 1
30 50 1
30 52 -1
30 53 1
30 55 1
30 61 1
31 17 1
31 18 1
31 19 1
31 22 -1
31 23 1
31 27 1
31 28 1
31 29 1
31 32 1
31 34 1
31 40 1
31 43 1
31 49 1
31 62 1
31 63 1
32 6 1
32 8 1
32 14 -1
32 17 1
32 21 1
32 23 1
32 24 1
32 25 1
32 26 1
32 27 1
32 28 -1
32 31 1
32 37 1
32 39 1
32 48 1
32 63 1
33 1 1
33 21 1
33 22 1
33 35 1
33 37 1
33 39 1
33 40 1
33 42 1
33 43 1
33 45 1
33 47 1
33 48 -1
33 50 1
33 51 1
33 63 -1
34 6 -1
34 15 1
34 16 1
34 17 -1
34 23 1
34 31 1
34 35 -1
34 36 1
34 37 1
34 39 1
34 40 1
34 41 1
34 43 -1
34 44 1
34 48 1
34 63 1
35 1 1
35 9 1
35 16 1
35 19 1
35 25 1
35 33 1
35 34 -1
35 36 1
35 37 1
35 38 1
35 39 1
35 41 1
35 42 1
35 46 1
35 52 1
35 58 1
36 3 1
36 11 1
36 16 -1
36 19 1
36 24 1
36 34 1
36 35 1
36 37 1
36 38 1
36 40 1
36 43 1
36 45 1
36 46 1
36 47 1
36 57 1
37 1 1
37 3 -1
37 27 -1
37 32 1
37 33 1
37 34 1
37 35 1
37 36 1
37 39 1
37 40 1
37 42 1
37 45 1
37 47 1
37 49 1
37 57 1
37 58 1
38 4 1
38 15 1
38 23 1
38 35 1
38 36 1
38 40 1
38 41 1
38 42 1
38 43 1
38 44 -1
38 46 1
38 47 1
38 57 1
38 59 -1
39 2 1
39 4 1
39 7 -1
39 18 1
39 25 -1
39 32 1
39 33 1
39 34 1
39 35 1
39 37 1
39 42 1
39 43 1
39 44 1
39 46 1
39 47 1
39 52 1
40 21 1
40 24 1
40 30 1
40 31 1
40 33 1
40 34 1
40 36 1
40 37 1
40 38 1
40 41 1
40 45 1
40 46 1
40 48 1
40 56 1
40 64 1
41 2 1
41 13 1
41 25 1
41 26 1
41 27 1
41 34 1
41 35 1
41 38 1
41 40 1
41 43 1
41 44 1
41 45 1
41 47 1
41 48 1
41 51 1
41 56 1
42 4 1
42 14 1
42 15 1
42 29 1
42 33 1
42 35 1
42 37 1
42 38 1
42 39 1
42 44 1
42 46 1
42 47 1
42 48 1
42 59 1
43 1 1
43 24 1
43 31 1
43 33 1
43 34 -1
43 36 1
43 38 1
43 39 1
43 41 1
43 44 1
43 45 1
43 48 1
43 57 1
43 60 1
43 61 1
44 7 1
44 9 1
44 14 1
44 18 1
44 24 1
44 34 1
44 38 -1
44 39 1
44 41 1
44 42 1
44 43 1
44 45 1
44 46 1
44 48 1
44 53 1
44 61 -1
45 4 1
45 7 1
45 22 1
45 23 -1
45 26 1
45 33 1
45 36 1
45 37 1
45 40 1
45 41 1
45 43 1
45 44 1
45 46 1
45 48 1
45 49 1
45 60 1
46 7 1
46 14 1
46 20 1
46 24 1
46 35 1
46 36 1
46 38 1
46 39 1
46 40 1
46 42 1
46 44 1
46 45 1
46 47 1
46 56 1
46 64 1
47 12 1
47 13 1
47 18 -1
47 23 -1
47 28 1
47 33 1
47 36 1
47 37 1
47 38 1
47 39 1
47 41 1
47 42 1
47 46 1
47 48 1
47 58 1
47 62 1
48 6 1
48 19 -1
48 21 1
48 32 1
48 33 -1
48 34 1
48 40 1
48 41 1
48 42 1
48 43 1
48 44 1
48 45 1
48 47 1
48 53 1
48 64 -1
49 3 1
49 10 1
49 11 1
49 21 1
49 31 1
49 37 1
49 45 1
49 51 1
49 53 1
49 54 1
49 56 1
49 57 1
49 59 1
49 60 1
49 62 1
49 64 1
50 8 1
50 9 1
50 14 1
50 15 1
50 30 1
50 33 1
50 51 1
50 52 1
50 53 -1
50 55 -1
50 58 1
50 59 1
50 61 1
50 62 1
50 64 1
51 8 1
51 10 1
51 20 -1
51 22 1
51 27 1
51 33 1
51 41 1
51 49 1
51 50 1
51 54 1
51 55 1
51 58 1
51 59 1
51 60 1
51 62 1
51 63 1
52 6 1
52 8 1
52 19 1
52 30 -1
52 35 1
52 39 1
52 50 1
52 53 -1
52 55 1
52 57 1
52 58 1
52 60 1
52 61 1
52 63 1
52 64 1
53 10 -1
53 11 -1
53 17 1
53 27 1
53 30 1
53 44 1
53 48 1
53 49 1
53 50 -1
53 52 -1
53 54 1
53 55 1
53 58 1
53 59 1
53 61 1
53 64 1
54 7 1
54 9 -1
54 11 1
54 15 1
54 16 1
54 25 1
54 28 1
54 49 1
54 51 1
54 53 1
54 55 1
54 56 1
54 57 1
54 58 -1
54 61 1
54 63 1
55 7 1
55 17 1
55 19 1
55 20 1
55 22 1
55 30 1
55 50 -1
55 51 1
55 52 1
55 53 1
55 54 1
55 56 1
55 60 1
55 62 1
55 63 1
56 10 1
56 12 1
56 17 1
56 40 1
56 41 1
56 46 1
56 49 1
56 54 1
56 55 1
56 57 1
56 58 1
56 59 1
56 60 1
56 62 1
56 63 1
57 1 1
57 27 1
57 36 1
57 37 1
57 38 1
57 43 1
57 49 1
57 52 1
57 54 1
57 56 1
57 58 1
57 59 1
57 60 1
57 61 1
57 64 1
58 9 1
58 13 1
58 17 1
58 21 1
58 35 1
58 37 1
58 47 1
58 50 1
58 51 1
58 52 1
58 53 1
58 54 -1
58 56 1
58 57 1
58 61 1
58 63 1
59 4 1
59 7 1
59 9 1
59 38 -1
59 42 1
59 49 1
59 50 1
59 51 1
59 53 1
59 56 1
59 57 1
59 61 1
59 63 1
59 64 1
60 4 1
60 13 1
60 14 1
60 23 1
60 27 1
60 43 1
60 45 1
60 49 1
60 51 1
60 52 1
60 55 1
60 56 1
60 57 1
60 61 1
60 62 1
60 64 1
61 2 1
61 4 1
61 11 1
61 18 1
61 30 1
61 43 1
61 44 -1
61 50 1
61 52 1
61 53 1
61 54 1
61 57 1
61 58 1
61 59 1
61 60 1
61 62 1
62 5 1
62 9 1
62 10 1
62 29 1
62 31 1
62 47 1
62 49 1
62 50 1
62 51 1
62 55 1
62 56 1
62 60 1
62 61 1
62 63 -1
62 64 1
63 1 1
63 26 1
63 28 1
63 31 1
63 32 1
63 33 -1
63 34 1
63 51 1
63 52 1
63 54 1
63 55 1
63 56 1
63 58 1
63 59 1
63 62 -1
63 64 1
64 12 1
64 13 1
64 29 1
64 40 1
64 46 1
64 48 -1
64 49 1
64 50 1
64 52 1
64 53 1
64 57 1
64 59 1
64 60 1
64 62 1
64 63 1
