1 3 1
1 4 1
1 7 -1
1 8 -1
1 9 1
1 10 1
1 11 1
1 13 1
1 16 1
1 17 1
1 18 1
1 28 1
1 32 -1
1 39 1
1 55 1
2 3 1
2 5 1
2 6 -1
2 7 1
2 9 1
2 10 1
2 11 1
2 13 1
2 14 -1
2 21 1
2 34 1
2 39 1
2 47 -1
2 48 -1
2 61 1
2 64 1
3 1 1
3 2 1
3 4 1
3 6 1
3 9 -1
3 13 1
3 14 -1
3 15 1
3 16 -1
3 20 -1
3 33 1
3 38 -1
3 46 -1
3 47 1
3 48 -1
3 58 1
4 1 1
4 3 1
4 7 1
4 8 1
4 11 -1
4 12 -1
4 14 1
4 15 -1
4 16 1
4 18 1
4 21 1
4 50 1
4 52 1
4 56 -1
4 61 1
4 63 1
5 2 1
5 6 -1
5 8 1
5 9 1
5 10 1
5 12 -1
5 13 1
5 15 1
5 16 1
5 20 1
5 32 1
5 34 -1
5 42 1
5 44 1
5 50 1
5 56 1
6 2 -1
6 3 1
6 5 -1
6 7 1
6 8 1
6 11 -1
6 12 1
6 13 -1
6 15 1
6 23 1
6 43 -1
6 51 1
6 53 1
6 56 -1
7 1 -1
7 2 1
7 4 1
7 6 1
7 8 -1
7 12 1
7 13 1
7 14 -1
7 15 1
7 21 1
7 22 1
7 28 1
7 36 -1
7 42 1
7 44 1
7 60 -1
8 1 -1
8 4 1
8 5 1
8 6 1
8 7 -1
8 10 1
8 12 1
8 14 1
8 16 1
8 27 1
8 29 1
8 34 -1
8 36 1
8 46 1
8 60 1
9 1 1
9 2 1
9 3 -1
9 5 1
9 10 1
9 11 1
9 13 1
9 14 1
9 16 1
9 30 1
9 34 1
9 36 1
9 49 1
9 51 1
9 57 -1
9 58 1
10 1 1
10 2 1
10 5 1
10 8 1
10 9 1
10 11 1
10 12 1
10 13 1
10 15 1
10 20 -1
10 22 -1
10 27 -1
10 39 -1
10 45 1
10 52 1
10 55 1
11 1 1
11 2 1
11 4 -1
11 6 -1
11 9 1
11 10 1
11 12 1
11 14 1
11 16 1
11 23 1
11 33 1
11 34 1
11 37 1
11 39 -1
11 63 -1
12 4 -1
12 5 -1
12 6 1
12 7 1
12 8 1
12 10 1
12 11 1
12 15 1
12 16 1
12 19 -1
12 20 1
12 26 1
12 33 1
12 54 1
12 55 -1
13 1 1
13 2 1
13 3 1
13 5 1
13 6 -1
13 7 1
13 9 1
13 10 1
13 14 -1
13 19 1
13 20 1
13 28 1
13 31 1
13 36 1
13 38 1
13 63 1
14 2 -1
14 3 -1
14 4 1
14 7 -1
14 8 1
14 9 1
14 11 1
14 13 -1
14 15 1
14 22 1
14 29 1
14 36 1
14 44 1
14 48 1
14 54 -1
15 3 1
15 4 -1
15 5 1
15 6 1
15 7 1
15 10 1
15 12 1
15 14 1
15 16 1
15 24 1
15 25 -1
15 37 1
15 41 1
15 49 1
15 56 1
15 58 1
16 1 1
16 3 -1
16 4 1
16 5 1
16 8 1
16 9 1
16 11 1
16 12 1
16 15 1
16 19 1
16 31 1
16 34 1
16 38 1
16 46 1
16 49 1
16 53 1
17 1 1
17 19 1
17 20 1
17 21 1
17 22 1
17 23 -1
17 26 1
17 27 1
17 30 1
17 32 1
17 37 1
17 41 -1
17 47 1
17 49 1
17 51 1
17 56 1
18 1 1
18 4 1
18 19 1
18 22 1
18 23 1
18 24 1
18 27 1
18 28 1
18 29 1
18 30 1
18 31 1
18 47 1
18 53 1
18 55 1
18 59 -1
18 63 1
19 12 -1
19 13 1
19 16 1
19 17 1
19 18 1
19 20 1
19 21 1
19 23 1
19 25 -1
19 27 1
19 28 -1
19 30 -1
19 41 -1
19 44 1
19 58 1
19 62 1
20 3 -1
20 5 1
20 10 -1
20 12 1
20 13 1
20 17 1
20 19 1
20 22 1
20 24 1
20 25 1
20 26 1
20 29 1
20 30 1
20 32 1
20 64 1
21 2 1
21 4 1
21 7 1
21 17 1
21 19 1
21 23 1
21 24 -1
21 27 1
21 28 1
21 30 1
21 31 1
21 32 1
21 43 1
21 45 1
21 63 1
21 64 1
22 7 1
22 10 -1
22 14 1
22 17 1
22 18 1
22 20 1
22 23 1
22 24 1
22 26 -1
22 29 1
22 30 1
22 31 -1
22 33 -1
22 35 1
22 47 -1
22 55 -1
23 6 1
23 11 1
23 17 -1
23 18 1
23 19 1
23 21 1
23 22 1
23 24 1
23 26 1
23 31 1
23 32 1
23 42 -1
23 45 1
23 49 1
23 53 1
23 63 1
24 15 1
24 18 1
24 20 1
24 21 -1
24 22 1
24 23 1
24 25 1
24 29 1
24 30 1
24 31 1
24 33 1
24 35 1
24 37 1
24 41 -1
24 43 1
24 53 -1
25 15 -1
25 19 -1
25 20 1
25 24 1
25 26 1
25 27 1
25 28 -1
25 29 1
25 30 1
25 32 -1
25 42 1
25 44 1
25 52 1
25 60 1
25 64 1
26 12 1
26 17 1
26 20 1
26 22 -1
26 23 1
26 25 1
26 27 1
26 28 1
26 29 1
26 31 -1
26 40 1
26 42 1
26 48 1
26 51 1
26 59 -1
27 8 1
27 10 -1
27 17 1
27 18 1
27 19 1
27 21 1
27 25 1
27 26 1
27 28 1
27 29 1
27 32 1
27 43 1
27 56 1
27 57 1
27 58 1
27 62 1
28 1 1
28 7 1
28 13 1
28 18 1
28 19 -1
28 21 1
28 25 -1
28 26 1
28 27 1
28 29 1
28 31 -1
28 32 1
28 46 -1
28 50 1
28 52 1
28 62 -1
29 8 1
29 14 1
29 18 1
29 20 1
29 22 1
29 24 1
29 25 1
29 26 1
29 27 1
29 28 1
29 31 1
29 34 1
29 44 1
29 61 1
29 62 1
29 64 1
30 9 1
30 17 1
30 18 1
30 19 -1
30 20 1
30 21 1
30 22 1
30 24 1
30 25 1
30 32 1
30 40 -1
30 54 1
30 55 1
30 59 1
30 61 -1
31 13 1
31 16 1
31 18 1
31 21 1
31 22 -1
31 23 1
31 24 1
31 26 -1
31 28 -1
31 29 1
31 32 1
31 47 1
31 48 1
31 50 1
31 51 1
31 62 1
32 1 -1
32 5 1
32 17 1
32 20 1
32 21 1
32 23 1
32 25 -1
32 27 1
32 28 1
32 30 1
32 31 1
32 46 -1
32 48 1
32 52 1
32 55 1
33 3 1
33 11 1
33 12 1
33 22 -1
33 24 1
33 35 1
33 36 1
33 38 1
33 39 1
33 40 1
33 41 1
33 45 1
33 46 1
33 48 -1
33 58 1
34 2 1
34 5 -1
34 8 -1
34 9 1
34 11 1
34 16 1
34 29 1
34 35 1
34 37 1
34 38 1
34 39 1
34 40 1
34 42 1
34 45 1
34 46 1
34 48 1
35 22 1
35 24 1
35 33 1
35 34 1
35 39 1
35 41 1
35 44 1
35 45 1
35 46 -1
35 47 1
35 48 -1
35 50 1
35 51 1
35 57 1
35 60 1
35 62 1
36 7 -1
36 8 1
36 9 1
36 13 1
36 14 1
36 33 1
36 38 1
36 41 -1
36 42 1
36 43 1
36 44 1
36 45 1
36 46 1
36 48 1
36 51 -1
37 11 1
37 15 1
37 17 1
37 24 1
37 34 1
37 38 1
37 39 1
37 40 -1
37 41 1
37 42 1
37 44 1
37 47 1
37 48 1
37 54 1
37 56 1
37 59 -1
38 3 -1
38 13 1
38 16 1
38 33 1
38 34 1
38 36 1
38 37 1
38 40 1
38 41 1
38 44 1
38 47 1
38 48 1
38 50 1
38 52 1
38 54 -1
39 1 1
39 2 1
39 10 -1
39 11 -1
39 33 1
39 34 1
39 35 1
39 37 1
39 41 1
39 42 1
39 43 1
39 45 1
39 47 1
39 59 1
39 62 1
39 64 1
40 26 1
40 30 -1
40 33 1
40 34 1
40 37 -1
40 38 1
40 42 1
40 43 1
40 44 1
40 45 1
40 48 1
40 49 1
40 52 1
40 60 1
41 15 1
41 17 -1
41 19 -1
41 24 -1
41 33 1
41 35 1
41 36 -1
41 37 1
41 38 1
41 39 1
41 43 1
41 44 1
41 47 -1
41 57 1
41 61 1
42 5 1
42 7 1
42 23 -1
42 25 1
42 26 1
42 34 1
42 36 1
42 37 1
42 39 1
42 40 1
42 43 1
42 46 1
42 47 1
42 48 -1
42 63 1
43 6 -1
43 21 1
43 24 1
43 27 1
43 36 1
43 39 1
43 40 1
43 41 1
43 42 1
43 44 1
43 45 1
43 46 1
43 47 1
43 57 1
43 59 -1
43 64 1
44 5 1
44 7 1
44 14 1
44 19 1
44 25 1
44 29 1
44 35 1
44 36 1
44 37 1
44 38 1
44 40 1
44 41 1
44 43 1
44 46 1
44 48 1
45 10 1
45 21 1
45 23 1
45 33 1
45 34 1
45 35 1
45 36 1
45 39 1
45 40 1
45 43 1
45 46 1
45 47 1
45 49 1
45 50 1
45 57 1
45 58 -1
46 3 -1
46 8 1
46 16 1
46 28 -1
46 32 -1
46 33 1
46 34 1
46 35 -1
46 36 1
46 42 1
46 43 1
46 44 1
46 45 1
46 47 1
46 59 1
47 2 -1
47 3 1
47 17 1
47 18 1
47 22 -1
47 31 1
47 35 1
47 37 1
47 38 1
47 39 1
47 41 -1
47 42 1
47 43 1
47 45 1
47 46 1
47 57 1
48 2 -1
48 3 -1
48 14 1
48 26 1
48 31 1
48 32 1
48 33 -1
48 34 1
48 35 -1
48 36 1
48 37 1
48 38 1
48 40 1
48 42 -1
48 44 1
48 61 -1
49 9 1
49 15 1
49 16 1
49 17 1
49 23 1
49 40 1
49 45 1
49 51 1
49 52 1
49 54 1
49 55 1
49 56 1
49 57 -1
49 60 1
49 62 1
49 64 -1
50 4 1
50 5 1
50 28 1
50 31 1
50 35 1
50 38 1
50 45 1
50 51 1
50 52 1
50 54 -1
50 55 1
50 57 -1
50 58 1
50 59 1
50 62 1
50 63 1
51 6 1
51 9 1
51 17 1
51 26 1
51 31 1
51 35 1
51 36 -1
51 49 1
51 50 1
51 52 1
51 54 1
51 58 1
51 59 1
51 60 1
51 61 1
51 64 -1
52 4 1
52 10 1
52 25 1
52 28 1
52 32 1
52 38 1
52 40 1
52 49 1
52 50 1
52 51 1
52 53 1
52 54 -1
52 59 1
52 61 1
52 63 -1
52 64 1
53 6 1
53 16 1
53 18 1
53 23 1
53 24 -1
53 52 1
53 54 -1
53 56 1
53 57 1
53 59 1
53 60 1
53 61 -1
53 62 1
53 63 1
54 12 1
54 14 -1
54 30 1
54 37 1
54 38 -1
54 49 1
54 50 -1
54 51 1
54 52 -1
54 53 -1
54 57 -1
54 59 1
54 60 1
54 63 1
55 1 1
55 10 1
55 12 -1
55 18 1
55 22 -1
55 30 1
55 32 1
55 49 1
55 50 1
55 56 1
55 57 1
55 58 -1
55 60 1
55 62 -1
55 63 1
55 64 1
56 4 -1
56 5 1
56 6 -1
56 15 1
56 17 1
56 27 1
56 37 1
56 49 1
56 53 1
56 55 1
56 57 1
56 58 -1
56 61 1
56 62 1
56 63 -1
56 64 -1
57 9 -1
57 27 1
57 35 1
57 41 1
57 43 1
57 45 1
57 47 1
57 49 -1
57 50 -1
57 53 1
57 54 -1
57 55 1
57 56 1
57 58 1
57 60 1
57 61 1
58 3 1
58 9 1
58 15 1
58 19 1
58 27 1
58 33 1
58 45 -1
58 50 1
58 51 1
58 55 -1
58 56 -1
58 57 1
58 59 1
58 61 1
58 62 1
58 63 1
59 18 -1
59 26 -1
59 30 1
59 37 -1
59 39 1
59 43 -1
59 46 1
59 50 1
59 51 1
59 52 1
59 53 1
59 54 1
59 58 1
59 62 -1
59 63 -1
59 64 1
60 7 -1
60 8 1
60 25 1
60 35 1
60 40 1
60 49 1
60 51 1
60 53 1
60 54 1
60 55 1
60 57 1
60 61 1
60 62 1
60 64 -1
61 2 1
61 4 1
61 29 1
61 30 -1
61 41 1
61 48 -1
61 51 1
61 52 1
61 53 -1
61 56 1
61 57 1
61 58 1
61 60 1
61 63 1
61 64 1
62 19 1
62 27 1
62 28 -1
62 29 1
62 31 1
62 35 1
62 39 1
62 49 1
62 50 1
62 53 1
62 55 -1
62 56 1
62 58 1
62 59 -1
62 60 1
62 64 1
63 4 1
63 11 -1
63 13 1
63 18 1
63 21 1
63 23 1
63 42 1
63 50 1
63 52 -1
63 53 1
63 54 1
63 55 1
63 56 -1
63 58 1
63 59 -1
63 61 1
64 2 1
64 20 1
64 21 1
64 25 1
64 29 1
64 39 1
64 43 1
64 49 -1
64 51 -1
64 52 1
64 55 1
64 56 -1
64 59 1
64 60 -1
64 61 1
64 62 1
