1 3 -1
1 4 -1
1 6 1
1 7 -1
1 10 -1
1 12 -1
1 13 1
1 14 1
1 15 -1
1 23 -1
1 26 -1
1 30 1
1 39 -1
1 48 -1
1 50 -1
1 53 -1
2 4 -1
2 6 1
2 7 -1
2 8 -1
2 9 1
2 10 1
2 11 -1
2 13 -1
2 14 -1
2 17 1
2 20 -1
2 26 -1
2 42 -1
2 43 -1
2 46 -1
2 57 -1
3 1 -1
3 5 -1
3 6 -1
3 9 -1
3 11 1
3 12 -1
3 14 -1
3 15 1
3 16 -1
3 17 -1
3 18 -1
3 19 -1
3 43 -1
3 55 -1
3 60 -1
3 63 -1
4 1 -1
4 2 -1
4 5 -1
4 7 1
4 8 -1
4 9 1
4 10 1
4 11 -1
4 14 -1
4 18 -1
4 19 -1
4 22 -1
4 31 -1
4 32 -1
4 37 -1
4 40 -1
5 3 -1
5 4 -1
5 6 -1
5 10 -1
5 11 -1
5 13 -1
5 14 -1
5 15 -1
5 16 -1
5 29 1
5 31 -1
5 35 -1
5 41 -1
5 47 1
5 52 -1
6 1 1
6 2 1
6 3 -1
6 5 -1
6 7 1
6 9 -1
6 10 -1
6 12 1
6 16 1
6 18 -1
6 23 -1
6 41 -1
6 49 -1
6 53 -1
6 58 -1
7 1 -1
7 2 -1
7 4 1
7 6 1
7 8 -1
7 9 -1
7 11 -1
7 14 -1
7 16 -1
7 18 -1
7 26 -1
7 30 1
7 36 1
7 45 -1
7 47 -1
7 62 -1
8 2 -1
8 4 -1
8 7 -1
8 9 -1
8 11 1
8 12 1
8 14 -1
8 15 1
8 16 1
8 19 -1
8 27 -1
8 51 1
8 57 1
8 61 -1
8 63 -1
9 2 1
9 3 -1
9 4 1
9 6 -1
9 7 -1
9 8 -1
9 11 -1
9 13 1
9 15 -1
9 22 -1
9 29 -1
9 35 1
9 44 -1
9 56 1
9 58 -1
10 1 -1
10 2 1
10 4 1
10 5 -1
10 6 -1
10 12 -1
10 13 -1
10 15 -1
10 16 -1
10 25 -1
10 28 -1
10 43 -1
10 50 -1
10 52 -1
10 60 -1
10 62 -1
11 2 -1
11 3 1
11 4 -1
11 5 -1
11 7 -1
11 8 1
11 9 -1
11 12 -1
11 16 -1
11 24 -1
11 32 -1
11 37 -1
11 46 1
11 57 -1
11 59 -1
11 64 -1
12 1 -1
12 3 -1
12 6 1
12 8 1
12 10 -1
12 11 -1
12 13 -1
12 14 -1
12 15 -1
12 19 -1
12 21 -1
12 25 -1
12 27 -1
12 42 -1
12 59 -1
13 1 1
13 2 -1
13 5 -1
13 9 1
13 10 -1
13 12 -1
13 14 -1
13 15 -1
13 16 -1
13 17 -1
13 20 -1
13 23 1
13 32 -1
13 37 -1
13 58 -1
14 1 1
14 2 -1
14 3 -1
14 4 -1
14 5 -1
14 7 -1
14 8 -1
14 12 -1
14 13 -1
14 27 -1
14 29 -1
14 33 -1
14 44 -1
14 50 1
14 51 -1
14 52 -1
15 1 -1
15 3 1
15 5 -1
15 8 1
15 9 -1
15 10 -1
15 12 -1
15 13 -1
15 16 -1
15 24 -1
15 25 -1
15 37 1
15 41 -1
15 56 -1
15 62 -1
15 64 -1
16 3 -1
16 5 -1
16 6 1
16 7 -1
16 8 1
16 10 -1
16 11 -1
16 13 -1
16 15 -1
16 17 -1
16 28 -1
16 30 -1
16 44 -1
16 51 -1
16 57 -1
16 63 -1
17 2 1
17 3 -1
17 13 -1
17 16 -1
17 18 -1
17 20 -1
17 23 -1
17 24 -1
17 25 -1
17 26 1
17 28 -1
17 30 -1
17 32 1
17 45 -1
17 54 -1
17 56 1
18 3 -1
18 4 -1
18 6 -1
18 7 -1
18 17 -1
18 19 -1
18 21 -1
18 24 -1
18 25 -1
18 28 1
18 29 -1
18 31 -1
18 32 1
18 39 -1
18 41 -1
18 49 -1
19 3 -1
19 4 -1
19 8 -1
19 12 -1
19 18 -1
19 20 -1
19 21 -1
19 22 -1
19 25 -1
19 26 -1
19 27 -1
19 29 1
19 30 1
19 33 -1
19 53 1
20 2 -1
20 13 -1
20 17 -1
20 19 -1
20 21 -1
20 22 1
20 23 1
20 29 -1
20 30 1
20 31 1
20 32 1
20 37 -1
20 43 -1
20 45 -1
20 55 1
21 12 -1
21 18 -1
21 19 -1
21 20 -1
21 24 1
21 27 1
21 28 1
21 30 1
21 31 -1
21 32 -1
21 35 -1
21 36 1
21 47 1
21 59 1
21 60 -1
21 63 -1
22 4 -1
22 9 -1
22 19 -1
22 20 1
22 23 -1
22 26 1
22 27 -1
22 28 1
22 29 -1
22 31 -1
22 32 -1
22 34 1
22 50 -1
22 51 1
22 61 -1
23 1 -1
23 6 -1
23 13 1
23 17 -1
23 20 1
23 22 -1
23 24 -1
23 25 -1
23 26 -1
23 28 -1
23 29 1
23 31 -1
23 36 1
23 48 -1
23 64 -1
24 11 -1
24 15 -1
24 17 -1
24 18 -1
24 21 1
24 23 -1
24 25 -1
24 27 -1
24 28 -1
24 29 -1
24 32 -1
24 33 -1
24 43 -1
24 45 1
24 49 1
24 53 -1
25 10 -1
25 12 -1
25 15 -1
25 17 -1
25 18 -1
25 19 -1
25 23 -1
25 24 -1
25 26 1
25 29 -1
25 30 -1
25 31 -1
25 40 1
25 43 -1
25 44 1
25 54 -1
26 1 -1
26 2 -1
26 7 -1
26 17 1
26 19 -1
26 22 1
26 23 -1
26 25 1
26 28 -1
26 30 -1
26 31 1
26 32 -1
26 34 -1
26 38 -1
26 48 -1
26 63 -1
27 8 -1
27 12 -1
27 14 -1
27 19 -1
27 21 1
27 22 -1
27 24 -1
27 28 1
27 29 1
27 30 -1
27 31 1
27 32 -1
27 34 -1
27 36 -1
27 50 -1
27 60 -1
28 10 -1
28 16 -1
28 17 -1
28 18 1
28 21 1
28 22 1
28 23 -1
28 24 -1
28 26 -1
28 27 1
28 29 -1
28 38 -1
28 40 1
28 60 1
28 62 -1
29 5 1
29 9 -1
29 14 -1
29 18 -1
29 19 1
29 20 -1
29 22 -1
29 23 1
29 24 -1
29 25 -1
29 27 1
29 28 -1
29 45 -1
29 47 -1
29 56 -1
29 58 -1
30 1 1
30 7 1
30 16 -1
30 17 -1
30 19 1
30 20 1
30 21 1
30 25 -1
30 26 -1
30 27 -1
30 31 -1
30 32 -1
30 34 1
30 48 -1
30 51 -1
30 52 -1
31 4 -1
31 5 -1
31 18 -1
31 20 1
31 21 -1
31 22 -1
31 23 -1
31 25 -1
31 26 1
31 27 1
31 30 -1
31 41 -1
31 42 1
31 46 -1
31 47 -1
31 49 -1
32 4 -1
32 11 -1
32 13 -1
32 17 1
32 18 1
32 20 1
32 21 -1
32 22 -1
32 24 -1
32 26 -1
32 27 -1
32 30 -1
32 42 -1
32 48 1
32 50 -1
33 14 -1
33 19 -1
33 24 -1
33 34 -1
33 35 -1
33 39 1
33 40 -1
33 43 -1
33 44 -1
33 45 -1
33 46 -1
33 47 -1
33 52 -1
33 54 -1
33 58 1
33 62 -1
34 22 1
34 26 -1
34 27 -1
34 30 1
34 33 -1
34 36 -1
34 37 -1
34 38 -1
34 39 -1
34 41 1
34 45 1
34 47 -1
34 48 -1
34 55 -1
34 61 -1
34 64 -1
35 5 -1
35 9 1
35 21 -1
35 33 -1
35 36 1
35 37 1
35 38 -1
35 41 1
35 42 -1
35 43 -1
35 46 -1
35 47 -1
35 49 -1
35 53 -1
35 56 1
36 7 1
36 21 1
36 23 1
36 27 -1
36 34 -1
36 35 1
36 37 1
36 40 -1
36 41 -1
36 42 1
36 43 -1
36 46 -1
36 47 -1
36 49 1
36 53 -1
36 62 1
37 4 -1
37 11 -1
37 13 -1
37 15 1
37 20 -1
37 34 -1
37 35 1
37 36 1
37 38 -1
37 43 -1
37 45 -1
37 46 -1
37 47 -1
37 48 -1
37 56 1
37 61 1
38 26 -1
38 28 -1
38 34 -1
38 35 -1
38 37 -1
38 39 1
38 40 -1
38 41 1
38 43 -1
38 44 1
38 47 1
38 54 1
38 59 1
38 62 1
38 64 -1
39 1 -1
39 18 -1
39 33 1
39 34 -1
39 38 1
39 41 -1
39 42 1
39 43 1
39 45 -1
39 47 1
39 48 -1
39 53 1
39 55 -1
39 57 -1
39 58 1
39 60 -1
40 4 -1
40 25 1
40 28 1
40 33 -1
40 36 -1
40 38 -1
40 41 -1
40 43 1
40 44 -1
40 45 -1
40 46 -1
40 48 1
40 51 1
40 55 1
40 61 -1
41 5 -1
41 6 -1
41 15 -1
41 18 -1
41 31 -1
41 34 1
41 35 1
41 36 -1
41 38 1
41 39 -1
41 40 -1
41 42 1
41 44 1
41 48 1
41 49 -1
42 2 -1
42 12 -1
42 31 1
42 32 -1
42 35 -1
42 36 1
42 39 1
42 41 1
42 43 1
42 44 -1
42 45 -1
42 46 -1
42 48 1
42 50 -1
42 52 -1
42 59 -1
43 2 -1
43 3 -1
43 10 -1
43 20 -1
43 24 -1
43 25 -1
43 33 -1
43 35 -1
43 36 -1
43 37 -1
43 38 -1
43 39 1
43 40 1
43 42 1
43 44 1
43 63 -1
44 9 -1
44 14 -1
44 16 -1
44 25 1
44 33 -1
44 38 1
44 40 -1
44 41 1
44 42 -1
44 43 1
44 45 -1
44 46 -1
44 48 -1
44 55 -1
44 57 1
44 61 -1
45 7 -1
45 17 -1
45 20 -1
45 24 1
45 29 -1
45 33 -1
45 34 1
45 37 -1
45 39 -1
45 40 -1
45 42 -1
45 44 -1
45 47 -1
45 48 -1
45 59 -1
45 60 1
46 2 -1
46 11 1
46 31 -1
46 33 -1
46 35 -1
46 36 -1
46 37 -1
46 40 -1
46 42 -1
46 44 -1
46 47 -1
46 48 1
46 54 -1
46 57 -1
46 61 1
46 64 -1
47 5 1
47 7 -1
47 21 1
47 29 -1
47 31 -1
47 33 -1
47 34 -1
47 35 -1
47 36 -1
47 37 -1
47 38 1
47 39 1
47 45 -1
47 46 -1
47 63 -1
47 64 1
48 1 -1
48 23 -1
48 26 -1
48 30 -1
48 32 1
48 34 -1
48 37 -1
48 39 -1
48 40 1
48 41 1
48 42 1
48 44 -1
48 45 -1
48 46 1
48 52 -1
48 54 -1
49 6 -1
49 18 -1
49 24 1
49 31 -1
49 35 -1
49 36 1
49 41 -1
49 50 -1
49 51 1
49 54 -1
49 56 -1
49 58 -1
49 59 -1
49 61 -1
49 62 1
49 63 -1
50 1 -1
50 10 -1
50 14 1
50 22 -1
50 27 -1
50 32 -1
50 42 -1
50 49 -1
50 51 1
50 52 -1
50 54 1
50 58 1
50 59 -1
50 61 -1
50 62 1
50 63 -1
51 8 1
51 14 -1
51 16 -1
51 22 1
51 30 -1
51 40 1
51 49 1
51 50 1
51 53 1
51 56 -1
51 57 1
51 58 1
51 62 -1
51 63 -1
51 64 -1
52 5 -1
52 10 -1
52 14 -1
52 30 -1
52 33 -1
52 42 -1
52 48 -1
52 50 -1
52 54 1
52 55 1
52 56 1
52 57 -1
52 59 1
52 60 -1
52 62 1
52 64 1
53 1 -1
53 6 -1
53 19 1
53 24 -1
53 35 -1
53 36 -1
53 39 1
53 51 1
53 55 1
53 56 1
53 57 -1
53 59 -1
53 60 1
53 62 1
53 63 1
53 64 -1
54 17 -1
54 25 -1
54 33 -1
54 38 1
54 46 -1
54 48 -1
54 49 -1
54 50 1
54 52 1
54 55 1
54 56 1
54 57 1
54 58 -1
54 60 -1
54 63 -1
55 3 -1
55 20 1
55 34 -1
55 39 -1
55 40 1
55 44 -1
55 52 1
55 53 1
55 54 1
55 57 -1
55 58 1
55 59 -1
55 60 -1
55 61 -1
55 64 1
56 9 1
56 15 -1
56 17 1
56 29 -1
56 35 1
56 37 1
56 49 -1
56 51 -1
56 52 1
56 53 1
56 54 1
56 58 -1
56 62 1
56 63 -1
56 64 1
57 2 -1
57 8 1
57 11 -1
57 16 -1
57 39 -1
57 44 1
57 46 -1
57 51 1
57 52 -1
57 53 -1
57 54 1
57 55 -1
57 58 1
57 59 1
57 60 -1
57 61 1
58 6 -1
58 9 -1
58 13 -1
58 29 -1
58 33 1
58 39 1
58 49 -1
58 50 1
58 51 1
58 54 -1
58 55 1
58 56 -1
58 57 1
58 60 -1
58 61 1
59 11 -1
59 12 -1
59 21 1
59 38 1
59 42 -1
59 45 -1
59 49 -1
59 50 -1
59 52 1
59 53 -1
59 55 -1
59 57 1
59 61 -1
59 62 -1
59 64 -1
60 3 -1
60 10 -1
60 21 -1
60 27 -1
60 28 1
60 39 -1
60 45 1
60 52 -1
60 53 1
60 54 -1
60 55 -1
60 57 -1
60 58 -1
60 61 1
60 62 1
60 64 -1
61 8 -1
61 22 -1
61 34 -1
61 37 1
61 40 -1
61 44 -1
61 46 1
61 49 -1
61 50 -1
61 55 -1
61 57 1
61 58 1
61 59 -1
61 60 1
61 63 1
61 64 1
62 7 -1
62 10 -1
62 15 -1
62 28 -1
62 33 -1
62 36 1
62 38 1
62 49 1
62 50 1
62 51 -1
62 52 1
62 53 1
62 56 1
62 59 -1
62 60 1
62 63 -1
63 3 -1
63 8 -1
63 16 -1
63 21 -1
63 26 -1
63 43 -1
63 47 -1
63 49 -1
63 50 -1
63 51 -1
63 53 1
63 54 -1
63 56 -1
63 61 1
63 62 -1
63 64 1
64 11 -1
64 15 -1
64 23 -1
64 34 -1
64 38 -1
64 46 -1
64 47 1
64 51 -1
64 52 1
64 53 -1
64 55 1
64 56 1
64 59 -1
64 60 -1
64 61 1
64 63 1
