1 3 1
1 6 1
1 7 -1
1 8 -1
1 9 1
1 10 -1
1 11 -1
1 13 -1
1 15 1
1 52 1
1 56 -1
1 58 1
1 59 -1
1 63 -1
2 4 -1
2 5 -1
2 6 -1
2 8 -1
2 10 1
2 12 1
2 13 -1
2 14 -1
2 16 -1
2 27 1
2 32 1
2 38 1
2 39 1
2 42 -1
2 49 -1
2 57 -1
3 1 1
3 4 1
3 5 -1
3 7 -1
3 9 1
3 10 -1
3 11 -1
3 13 -1
3 14 -1
3 18 -1
3 22 -1
3 30 -1
3 38 -1
3 58 -1
3 64 -1
4 2 -1
4 3 1
4 5 -1
4 6 -1
4 10 -1
4 12 1
4 13 1
4 15 -1
4 16 -1
4 18 -1
4 19 -1
4 33 1
4 44 -1
4 52 -1
4 53 -1
4 61 -1
5 2 -1
5 3 -1
5 4 -1
5 7 1
5 10 1
5 11 -1
5 14 -1
5 15 -1
5 16 -1
5 17 -1
5 18 1
5 31 -1
5 38 -1
5 53 -1
5 63 -1
6 1 1
6 2 -1
6 4 -1
6 7 -1
6 8 1
6 10 1
6 11 -1
6 13 -1
6 14 1
6 19 -1
6 20 -1
6 27 1
6 40 -1
6 45 1
6 47 -1
6 54 1
7 1 -1
7 3 -1
7 5 1
7 6 -1
7 8 -1
7 9 1
7 12 -1
7 13 -1
7 14 -1
7 17 -1
7 23 -1
7 46 1
7 48 -1
7 51 -1
7 55 -1
7 58 -1
8 1 -1
8 2 -1
8 6 1
8 7 -1
8 11 -1
8 12 -1
8 13 -1
8 15 1
8 16 1
8 17 -1
8 36 -1
8 46 -1
8 49 -1
8 62 1
9 1 1
9 3 1
9 7 1
9 10 -1
9 11 1
9 12 1
9 14 -1
9 15 -1
9 16 -1
9 21 -1
9 24 -1
9 26 1
9 45 -1
9 46 1
9 59 1
9 63 -1
10 1 -1
10 2 1
10 3 -1
10 4 -1
10 5 1
10 6 1
10 9 -1
10 15 -1
10 16 1
10 27 -1
10 30 -1
10 36 -1
10 40 1
10 48 -1
10 53 -1
10 60 1
11 1 -1
11 3 -1
11 5 -1
11 6 -1
11 8 -1
11 9 1
11 12 -1
11 13 -1
11 14 -1
11 23 -1
11 31 -1
11 33 -1
11 35 1
11 36 -1
11 41 1
11 62 -1
12 2 1
12 4 1
12 7 -1
12 8 -1
12 9 1
12 11 -1
12 14 1
12 15 -1
12 16 -1
12 23 -1
12 32 -1
12 43 -1
12 47 1
12 56 -1
12 63 1
13 1 -1
13 2 -1
13 3 -1
13 4 1
13 6 -1
13 7 -1
13 8 -1
13 11 -1
13 16 1
13 26 -1
13 33 1
13 44 -1
13 45 -1
13 46 -1
13 47 -1
14 2 -1
14 3 -1
14 5 -1
14 6 1
14 7 -1
14 9 -1
14 11 -1
14 12 1
14 15 -1
14 25 -1
14 26 -1
14 29 1
14 42 1
14 57 1
14 58 -1
15 1 1
15 4 -1
15 5 -1
15 8 1
15 9 -1
15 10 -1
15 12 -1
15 14 -1
15 16 1
15 19 -1
15 24 -1
15 33 -1
15 38 -1
15 53 -1
15 59 -1
16 2 -1
16 4 -1
16 5 -1
16 8 1
16 9 -1
16 10 1
16 12 -1
16 13 1
16 15 1
16 19 -1
16 22 -1
16 25 -1
16 29 -1
16 32 -1
16 43 -1
16 55 1
17 5 -1
17 7 -1
17 8 -1
17 18 1
17 20 1
17 21 -1
17 22 -1
17 23 -1
17 25 1
17 30 1
17 31 1
17 32 -1
17 33 1
17 34 1
17 55 1
18 3 -1
18 4 -1
18 5 1
18 17 1
18 19 -1
18 20 1
18 24 -1
18 25 1
18 27 -1
18 29 -1
18 30 -1
18 32 -1
18 43 1
18 49 -1
18 53 -1
18 63 -1
19 4 -1
19 6 -1
19 15 -1
19 16 -1
19 18 -1
19 20 -1
19 21 -1
19 23 -1
19 24 1
19 26 -1
19 27 -1
19 28 -1
19 30 -1
19 43 1
19 46 1
19 53 -1
20 6 -1
20 17 1
20 18 1
20 19 -1
20 21 -1
20 22 1
20 23 -1
20 25 1
20 27 -1
20 30 1
20 34 -1
20 36 -1
20 42 -1
20 52 -1
20 54 -1
20 60 -1
21 9 -1
21 17 -1
21 19 -1
21 20 -1
21 24 1
21 26 -1
21 27 -1
21 29 1
21 30 1
21 32 -1
21 42 -1
21 47 -1
21 51 1
21 55 -1
21 56 1
21 57 1
22 3 -1
22 16 -1
22 17 -1
22 20 1
22 23 -1
22 26 -1
22 27 1
22 28 1
22 29 1
22 30 -1
22 31 1
22 35 1
22 43 1
22 44 -1
22 50 -1
22 62 -1
23 7 -1
23 11 -1
23 12 -1
23 17 -1
23 19 -1
23 20 -1
23 22 -1
23 25 -1
23 28 -1
23 29 1
23 31 1
23 32 -1
23 55 -1
23 61 1
23 62 -1
24 9 -1
24 15 -1
24 18 -1
24 19 1
24 21 1
24 25 1
24 26 -1
24 27 -1
24 29 -1
24 30 -1
24 31 1
24 39 -1
24 41 1
24 45 -1
24 61 1
25 14 -1
25 16 -1
25 17 1
25 18 1
25 20 1
25 23 -1
25 24 1
25 26 -1
25 28 -1
25 29 -1
25 32 -1
25 34 -1
25 36 -1
25 37 1
25 42 -1
26 9 1
26 13 -1
26 14 -1
26 19 -1
26 21 -1
26 22 -1
26 24 -1
26 25 -1
26 27 -1
26 28 1
26 30 -1
26 31 1
26 35 -1
26 49 -1
26 50 -1
26 62 1
27 2 1
27 6 1
27 10 -1
27 18 -1
27 19 -1
27 20 -1
27 21 -1
27 22 1
27 24 -1
27 26 -1
27 28 -1
27 31 1
27 34 -1
27 39 -1
27 59 1
27 60 -1
28 19 -1
28 22 1
28 23 -1
28 25 -1
28 26 1
28 27 -1
28 29 -1
28 31 -1
28 32 -1
28 33 -1
28 36 1
28 44 -1
28 48 -1
28 50 1
28 54 -1
28 60 -1
29 14 1
29 16 -1
29 18 -1
29 21 1
29 22 1
29 23 1
29 24 -1
29 25 -1
29 28 -1
29 31 -1
29 32 -1
29 35 1
29 37 1
29 42 -1
29 59 -1
30 3 -1
30 10 -1
30 17 1
30 18 -1
30 19 -1
30 20 1
30 21 1
30 22 -1
30 24 -1
30 26 -1
30 32 -1
30 44 -1
30 48 -1
30 54 1
30 64 1
31 5 -1
31 11 -1
31 17 1
31 22 1
31 23 1
31 24 1
31 26 1
31 27 1
31 28 -1
31 29 -1
31 32 -1
31 38 -1
31 40 -1
31 52 -1
31 55 -1
31 64 -1
32 2 1
32 12 -1
32 16 -1
32 17 -1
32 18 -1
32 21 -1
32 23 -1
32 25 -1
32 28 -1
32 29 -1
32 30 -1
32 31 -1
32 49 -1
32 57 1
32 59 -1
32 63 -1
33 4 1
33 11 -1
33 13 1
33 15 -1
33 17 1
33 28 -1
33 34 -1
33 35 -1
33 36 1
33 37 -1
33 38 -1
33 40 -1
33 44 -1
33 46 -1
33 47 1
33 52 -1
34 17 1
34 20 -1
34 25 -1
34 27 -1
34 33 -1
34 38 1
34 39 -1
34 40 -1
34 41 1
34 42 1
34 45 -1
34 47 1
34 48 -1
34 50 -1
34 56 -1
34 62 -1
35 11 1
35 22 1
35 26 -1
35 29 1
35 33 -1
35 36 1
35 38 -1
35 39 1
35 40 -1
35 43 -1
35 45 1
35 47 -1
35 48 -1
35 60 -1
35 61 -1
36 8 -1
36 10 -1
36 11 -1
36 20 -1
36 25 -1
36 28 1
36 33 1
36 35 1
36 38 -1
36 40 -1
36 41 -1
36 42 -1
36 43 -1
36 44 -1
36 46 -1
37 25 1
37 29 1
37 33 -1
37 38 1
37 39 1
37 42 -1
37 43 -1
37 44 -1
37 45 -1
37 46 1
37 48 -1
37 49 1
37 51 1
37 52 1
37 57 -1
38 2 1
38 3 -1
38 5 -1
38 15 -1
38 31 -1
38 33 -1
38 34 1
38 35 -1
38 36 -1
38 37 1
38 41 1
38 43 1
38 44 -1
38 45 1
38 49 -1
38 61 -1
39 2 1
39 24 -1
39 27 -1
39 34 -1
39 35 1
39 37 1
39 41 -1
39 42 -1
39 43 -1
39 44 -1
39 46 -1
39 47 -1
39 51 -1
39 57 -1
39 60 -1
39 61 1
40 6 -1
40 10 1
40 31 -1
40 33 -1
40 34 -1
40 35 -1
40 36 -1
40 41 -1
40 42 -1
40 46 -1
40 47 -1
40 48 -1
40 51 -1
40 55 -1
40 56 -1
40 57 -1
41 11 1
41 24 1
41 34 1
41 36 -1
41 38 1
41 39 -1
41 40 -1
41 43 1
41 45 1
41 47 1
41 48 -1
41 50 -1
41 54 -1
41 58 1
41 61 -1
41 64 -1
42 2 -1
42 14 1
42 20 -1
42 21 -1
42 25 -1
42 29 -1
42 34 1
42 36 -1
42 37 -1
42 39 -1
42 40 -1
42 44 -1
42 45 -1
42 46 -1
42 48 -1
43 12 -1
43 16 -1
43 18 1
43 19 1
43 22 1
43 35 -1
43 36 -1
43 37 -1
43 38 1
43 39 -1
43 41 1
43 44 1
43 47 -1
43 48 1
43 50 -1
43 60 -1
44 4 -1
44 13 -1
44 22 -1
44 28 -1
44 30 -1
44 33 -1
44 36 -1
44 37 -1
44 38 -1
44 39 -1
44 42 -1
44 43 1
44 46 -1
44 48 1
44 64 1
45 6 1
45 9 -1
45 13 -1
45 24 -1
45 34 -1
45 35 1
45 37 -1
45 38 1
45 41 1
45 42 -1
45 46 1
45 47 1
45 48 -1
45 50 -1
45 54 1
45 59 -1
46 7 1
46 8 -1
46 9 1
46 13 -1
46 19 1
46 33 -1
46 36 -1
46 37 1
46 39 -1
46 40 -1
46 42 -1
46 44 -1
46 45 1
46 47 -1
46 63 -1
47 6 -1
47 12 1
47 13 -1
47 21 -1
47 33 1
47 34 1
47 35 -1
47 39 -1
47 40 -1
47 41 1
47 43 -1
47 45 1
47 46 -1
47 51 -1
47 54 -1
47 58 -1
48 7 -1
48 10 -1
48 28 -1
48 30 -1
48 34 -1
48 35 -1
48 37 -1
48 40 -1
48 41 -1
48 42 -1
48 43 1
48 44 1
48 45 -1
48 56 -1
49 2 -1
49 8 -1
49 18 -1
49 26 -1
49 32 -1
49 37 1
49 38 -1
49 51 -1
49 54 1
49 55 -1
49 57 -1
49 59 1
49 60 1
49 61 -1
49 62 -1
49 63 -1
50 22 -1
50 26 -1
50 28 1
50 34 -1
50 41 -1
50 43 -1
50 45 -1
50 51 -1
50 52 -1
50 53 -1
50 54 -1
50 55 -1
50 56 -1
50 57 -1
50 58 -1
50 60 -1
51 7 -1
51 21 1
51 37 1
51 39 -1
51 40 -1
51 47 -1
51 49 -1
51 50 -1
51 52 -1
51 55 -1
51 56 -1
51 59 -1
51 60 1
51 61 -1
51 62 -1
52 1 1
52 4 -1
52 20 -1
52 31 -1
52 33 -1
52 37 1
52 50 -1
52 51 -1
52 55 -1
52 56 -1
52 57 -1
52 58 1
52 62 -1
52 63 1
52 64 -1
53 4 -1
53 5 -1
53 10 -1
53 15 -1
53 18 -1
53 19 -1
53 50 -1
53 54 1
53 55 -1
53 58 -1
53 59 1
53 60 -1
53 61 1
53 63 -1
53 64 1
54 6 1
54 20 -1
54 28 -1
54 30 1
54 41 -1
54 45 1
54 47 -1
54 49 1
54 50 -1
54 53 1
54 55 -1
54 56 1
54 59 -1
54 60 -1
54 61 -1
54 64 -1
55 7 -1
55 16 1
55 17 1
55 21 -1
55 23 -1
55 31 -1
55 40 -1
55 49 -1
55 50 -1
55 51 -1
55 52 -1
55 53 -1
55 54 -1
55 57 -1
55 63 -1
55 64 -1
56 1 -1
56 12 -1
56 21 1
56 34 -1
56 40 -1
56 48 -1
56 50 -1
56 51 -1
56 52 -1
56 54 1
56 58 -1
56 59 -1
56 61 1
56 62 1
56 64 -1
57 2 -1
57 14 1
57 21 1
57 32 1
57 37 -1
57 39 -1
57 40 -1
57 49 -1
57 50 -1
57 52 -1
57 55 -1
57 59 1
57 61 1
57 62 1
57 63 -1
57 64 -1
58 1 1
58 3 -1
58 7 -1
58 14 -1
58 41 1
58 47 -1
58 50 -1
58 52 1
58 53 -1
58 56 -1
58 59 -1
58 61 -1
58 62 -1
58 63 -1
58 64 1
59 1 -1
59 9 1
59 15 -1
59 27 1
59 29 -1
59 32 -1
59 45 -1
59 49 1
59 51 -1
59 53 1
59 54 -1
59 56 -1
59 57 1
59 58 -1
59 60 -1
59 63 1
60 10 1
60 20 -1
60 27 -1
60 28 -1
60 35 -1
60 39 -1
60 43 -1
60 49 1
60 50 -1
60 51 1
60 53 -1
60 54 -1
60 59 -1
60 61 -1
60 62 -1
60 63 -1
61 4 -1
61 23 1
61 24 1
61 35 -1
61 38 -1
61 39 1
61 41 -1
61 49 -1
61 51 -1
61 53 1
61 54 -1
61 56 1
61 57 1
61 58 -1
61 60 -1
61 62 -1
62 8 1
62 11 -1
62 22 -1
62 23 -1
62 26 1
62 34 -1
62 49 -1
62 51 -1
62 52 -1
62 56 1
62 57 1
62 58 -1
62 60 -1
62 61 -1
62 64 1
63 1 -1
63 5 -1
63 9 -1
63 12 1
63 18 -1
63 32 -1
63 46 -1
63 49 -1
63 52 1
63 53 -1
63 55 -1
63 57 -1
63 58 -1
63 59 1
63 60 -1
63 64 -1
64 3 -1
64 30 1
64 31 -1
64 41 -1
64 44 1
64 52 -1
64 53 1
64 54 -1
64 55 -1
64 56 -1
64 57 -1
64 58 1
64 62 1
64 63 -1
