1 2 -1
1 4 1
1 5 -1
1 6 -1
1 7 -1
1 8 -1
1 12 -1
1 14 1
1 15 1
1 19 -1
1 21 -1
1 22 1
1 24 1
1 47 1
1 50 -1
1 60 -1
2 1 -1
2 3 1
2 6 -1
2 7 -1
2 8 1
2 9 -1
2 10 -1
2 11 -1
2 15 -1
2 20 -1
2 21 -1
2 24 -1
2 35 1
2 40 1
2 49 -1
2 54 -1
3 2 1
3 4 -1
3 6 -1
3 7 1
3 10 1
3 12 1
3 13 -1
3 14 -1
3 15 -1
3 23 -1
3 25 1
3 30 -1
3 39 -1
3 48 1
3 54 1
4 1 1
4 3 -1
4 7 1
4 8 1
4 10 1
4 11 -1
4 12 1
4 14 1
4 16 -1
4 19 -1
4 26 -1
4 27 1
4 43 -1
4 59 1
4 63 -1
5 1 -1
5 6 -1
5 7 -1
5 9 1
5 10 1
5 11 -1
5 12 1
5 13 1
5 16 -1
5 32 1
5 33 -1
5 34 -1
5 39 1
5 50 -1
5 57 -1
5 63 1
6 1 -1
6 2 -1
6 3 -1
6 5 -1
6 7 1
6 10 -1
6 12 1
6 13 1
6 16 -1
6 17 1
6 18 -1
6 22 -1
6 34 -1
6 46 -1
6 54 1
6 58 -1
7 1 -1
7 2 -1
7 3 1
7 4 1
7 5 -1
7 6 1
7 8 -1
7 9 -1
7 14 1
7 27 -1
7 29 1
7 35 1
7 45 1
7 47 1
7 51 1
7 57 -1
8 1 -1
8 2 1
8 4 1
8 7 -1
8 9 -1
8 10 1
8 13 1
8 15 -1
8 16 -1
8 26 -1
8 31 -1
8 34 1
8 37 -1
8 41 1
8 47 -1
8 55 -1
9 2 -1
9 5 1
9 7 -1
9 8 -1
9 11 -1
9 13 1
9 14 1
9 15 -1
9 16 -1
9 19 -1
9 23 -1
9 27 -1
9 29 -1
9 35 -1
9 43 -1
9 64 1
10 2 -1
10 3 1
10 4 1
10 5 1
10 6 -1
10 8 1
10 11 -1
10 13 -1
10 14 -1
10 21 -1
10 26 -1
10 36 1
10 37 -1
10 38 -1
10 48 1
10 64 -1
11 2 -1
11 4 -1
11 5 -1
11 9 -1
11 10 -1
11 12 -1
11 13 -1
11 15 -1
11 16 -1
11 18 1
11 22 -1
11 27 -1
11 33 -1
11 39 1
11 44 -1
11 62 -1
12 1 -1
12 3 1
12 4 1
12 5 1
12 6 1
12 11 -1
12 14 -1
12 15 -1
12 16 -1
12 17 1
12 38 -1
12 44 -1
12 56 -1
12 61 1
13 3 -1
13 5 1
13 6 1
13 8 1
13 9 1
13 10 -1
13 11 -1
13 14 1
13 16 -1
13 22 1
13 25 -1
13 36 -1
13 38 -1
13 41 1
13 52 1
13 64 1
14 1 1
14 3 -1
14 4 1
14 7 1
14 9 1
14 10 -1
14 12 -1
14 13 1
14 15 1
14 23 -1
14 25 1
14 33 -1
14 38 -1
14 46 -1
14 51 1
14 55 1
15 1 1
15 2 -1
15 3 -1
15 8 -1
15 9 -1
15 11 -1
15 12 -1
15 14 1
15 16 -1
15 24 1
15 27 -1
15 32 -1
15 43 -1
15 49 -1
15 53 1
15 64 1
16 4 -1
16 5 -1
16 6 -1
16 8 -1
16 9 -1
16 11 -1
16 12 -1
16 13 -1
16 15 -1
16 18 -1
16 22 1
16 26 -1
16 35 1
16 41 1
16 42 1
16 53 1
17 6 1
17 12 1
17 18 -1
17 19 -1
17 22 -1
17 25 1
17 26 -1
17 27 -1
17 28 -1
17 29 -1
17 30 1
17 33 1
17 46 -1
17 48 -1
17 56 1
17 62 -1
18 6 -1
18 11 1
18 16 -1
18 17 -1
18 19 -1
18 20 -1
18 21 -1
18 22 -1
18 24 1
18 26 -1
18 30 -1
18 32 1
18 40 1
18 41 -1
18 51 -1
18 59 1
19 1 -1
19 4 -1
19 9 -1
19 17 -1
19 18 -1
19 20 -1
19 23 -1
19 25 -1
19 27 -1
19 29 -1
19 31 1
19 32 -1
19 34 1
19 35 -1
19 44 1
19 51 -1
20 2 -1
20 18 -1
20 19 -1
20 21 1
20 23 1
20 25 -1
20 28 -1
20 30 -1
20 31 -1
20 32 -1
20 46 1
20 50 1
20 55 1
21 1 -1
21 2 -1
21 10 -1
21 18 -1
21 20 1
21 22 -1
21 23 -1
21 24 -1
21 25 -1
21 29 -1
21 30 -1
21 31 -1
21 39 -1
21 45 1
21 51 -1
21 57 1
22 1 1
22 6 -1
22 11 -1
22 13 1
22 16 1
22 17 -1
22 18 -1
22 21 -1
22 27 -1
22 28 1
22 29 -1
22 30 1
22 31 -1
22 32 -1
22 52 -1
22 55 1
23 3 -1
23 9 -1
23 14 -1
23 19 -1
23 20 1
23 21 -1
23 24 1
23 25 -1
23 26 1
23 27 -1
23 28 -1
23 29 -1
23 42 -1
23 48 1
23 62 -1
23 63 -1
24 1 1
24 2 -1
24 15 1
24 18 1
24 21 -1
24 23 1
24 25 1
24 26 -1
24 27 1
24 28 -1
24 29 1
24 31 -1
24 37 1
24 41 1
24 55 1
24 57 -1
25 3 1
25 13 -1
25 14 1
25 17 1
25 19 -1
25 20 -1
25 21 -1
25 23 -1
25 24 1
25 26 1
25 29 1
25 30 1
25 46 -1
25 56 -1
25 59 1
25 62 1
26 4 -1
26 8 -1
26 10 -1
26 16 -1
26 17 -1
26 18 -1
26 23 1
26 24 -1
26 25 1
26 28 1
26 30 1
26 31 1
26 32 -1
26 36 1
26 54 1
26 61 -1
27 4 1
27 7 -1
27 9 -1
27 11 -1
27 15 -1
27 17 -1
27 19 -1
27 22 -1
27 23 -1
27 24 1
27 28 -1
27 30 -1
27 31 1
27 32 -1
27 52 1
27 54 -1
28 17 -1
28 20 -1
28 22 1
28 23 -1
28 24 -1
28 26 1
28 27 -1
28 30 -1
28 32 -1
28 36 -1
28 43 1
28 47 -1
28 52 1
28 58 -1
28 63 1
29 7 1
29 9 -1
29 17 -1
29 19 -1
29 21 -1
29 22 -1
29 23 -1
29 24 1
29 25 1
29 31 1
29 32 -1
29 45 1
29 47 -1
29 49 -1
29 54 -1
29 57 -1
30 3 -1
30 17 1
30 18 -1
30 20 -1
30 21 -1
30 22 1
30 25 1
30 26 1
30 27 -1
30 28 -1
30 36 -1
30 42 -1
30 55 -1
30 64 1
31 8 -1
31 19 1
31 20 -1
31 21 -1
31 22 -1
31 24 -1
31 26 1
31 27 1
31 29 1
31 32 -1
31 36 1
31 44 1
31 46 -1
31 56 1
31 60 -1
32 5 1
32 15 -1
32 18 1
32 19 -1
32 20 -1
32 22 -1
32 26 -1
32 27 -1
32 28 -1
32 29 -1
32 31 -1
32 40 -1
32 45 -1
32 58 1
32 60 -1
33 5 -1
33 11 -1
33 14 -1
33 17 1
33 34 1
33 35 -1
33 36 1
33 41 1
33 42 -1
33 43 -1
33 46 1
33 47 1
33 48 1
33 59 1
33 64 1
34 5 -1
34 6 -1
34 8 1
34 19 1
34 33 1
34 35 1
34 36 1
34 38 1
34 39 1
34 40 -1
34 43 -1
34 44 -1
34 48 -1
34 51 -1
34 53 1
34 57 -1
35 2 1
35 7 1
35 9 -1
35 16 1
35 19 -1
35 33 -1
35 34 1
35 37 1
35 38 -1
35 39 -1
35 40 -1
35 45 -1
35 46 -1
35 47 -1
35 49 -1
35 58 -1
36 10 1
36 13 -1
36 26 1
36 28 -1
36 30 -1
36 31 1
36 33 1
36 34 1
36 39 1
36 41 -1
36 42 -1
36 43 1
36 45 1
36 46 1
36 47 1
36 51 1
37 8 -1
37 10 -1
37 24 1
37 35 1
37 38 -1
37 39 -1
37 40 1
37 42 -1
37 44 1
37 45 1
37 46 -1
37 47 1
37 52 1
37 53 -1
37 56 -1
37 58 -1
38 10 -1
38 12 -1
38 13 -1
38 14 -1
38 34 1
38 35 -1
38 37 -1
38 40 -1
38 41 1
38 42 -1
38 44 1
38 45 1
38 48 -1
38 49 -1
38 61 1
39 3 -1
39 5 1
39 11 1
39 21 -1
39 34 1
39 35 -1
39 36 1
39 37 -1
39 40 -1
39 41 1
39 43 1
39 47 -1
39 48 -1
39 61 -1
39 62 1
40 2 1
40 18 1
40 32 -1
40 34 -1
40 35 -1
40 37 1
40 38 -1
40 39 -1
40 41 -1
40 42 1
40 44 -1
40 46 -1
40 52 1
40 60 -1
41 8 1
41 13 1
41 16 1
41 18 -1
41 24 1
41 33 1
41 36 -1
41 38 1
41 39 1
41 40 -1
41 43 -1
41 44 -1
41 45 -1
41 48 -1
41 59 -1
41 60 1
42 16 1
42 23 -1
42 30 -1
42 33 -1
42 36 -1
42 37 -1
42 38 -1
42 40 1
42 43 1
42 44 1
42 46 1
42 48 1
42 49 1
42 53 1
43 4 -1
43 9 -1
43 15 -1
43 28 1
43 33 -1
43 34 -1
43 36 1
43 39 1
43 41 -1
43 42 1
43 45 -1
43 47 1
43 48 -1
43 52 1
43 56 1
43 62 -1
44 11 -1
44 12 -1
44 19 1
44 31 1
44 34 -1
44 37 1
44 38 1
44 40 -1
44 41 -1
44 42 1
44 45 1
44 46 1
44 47 -1
44 49 1
44 53 -1
44 55 1
45 7 1
45 21 1
45 29 1
45 32 -1
45 35 -1
45 36 1
45 37 1
45 38 1
45 41 -1
45 43 -1
45 44 1
45 46 -1
45 48 -1
45 53 -1
45 61 -1
46 6 -1
46 14 -1
46 17 -1
46 20 1
46 25 -1
46 31 -1
46 33 1
46 35 -1
46 36 1
46 37 -1
46 40 -1
46 42 1
46 44 1
46 45 -1
46 47 -1
46 59 -1
47 1 1
47 7 1
47 8 -1
47 28 -1
47 29 -1
47 33 1
47 35 -1
47 36 1
47 37 1
47 39 -1
47 43 1
47 44 -1
47 46 -1
47 48 -1
47 50 -1
47 63 -1
48 3 1
48 10 1
48 17 -1
48 23 1
48 33 1
48 34 -1
48 38 -1
48 39 -1
48 41 -1
48 42 1
48 43 -1
48 45 -1
48 47 -1
48 57 1
48 59 -1
48 63 1
49 2 -1
49 15 -1
49 29 -1
49 35 -1
49 38 -1
49 42 1
49 44 1
49 54 -1
49 55 1
49 56 1
49 57 -1
49 58 -1
49 59 -1
49 60 1
49 62 1
49 64 -1
50 1 -1
50 5 -1
50 20 1
50 47 -1
50 51 1
50 52 1
50 53 -1
50 56 1
50 58 -1
50 59 -1
50 60 -1
50 62 -1
50 64 1
51 7 1
51 14 1
51 18 -1
51 19 -1
51 21 -1
51 34 -1
51 36 1
51 50 1
51 53 1
51 54 -1
51 55 -1
51 56 -1
51 57 1
51 61 -1
51 62 -1
51 64 1
52 13 1
52 22 -1
52 27 1
52 28 1
52 37 1
52 40 1
52 43 1
52 50 1
52 53 -1
52 54 1
52 55 -1
52 56 -1
52 58 -1
52 59 -1
52 61 -1
52 63 1
53 15 1
53 16 1
53 34 1
53 37 -1
53 42 1
53 44 -1
53 45 -1
53 50 -1
53 51 1
53 52 -1
53 57 -1
53 60 -1
53 61 -1
53 62 1
53 63 -1
53 64 -1
54 2 -1
54 3 1
54 6 1
54 26 1
54 27 -1
54 29 -1
54 49 -1
54 51 -1
54 52 1
54 56 -1
54 57 1
54 59 -1
54 60 -1
54 61 -1
54 63 -1
55 8 -1
55 14 1
55 20 1
55 22 1
55 24 1
55 30 -1
55 44 1
55 49 1
55 51 -1
55 52 -1
55 56 -1
55 58 -1
55 61 -1
55 62 1
55 63 -1
55 64 1
56 12 -1
56 17 1
56 25 -1
56 31 1
56 37 -1
56 43 1
56 49 1
56 50 1
56 51 -1
56 52 -1
56 54 -1
56 55 -1
56 57 1
56 58 1
56 60 -1
57 5 -1
57 7 -1
57 21 1
57 24 -1
57 29 -1
57 34 -1
57 48 1
57 49 -1
57 51 1
57 53 -1
57 54 1
57 56 1
57 59 1
57 61 -1
57 62 -1
57 63 -1
58 6 -1
58 28 -1
58 32 1
58 35 -1
58 37 -1
58 49 -1
58 50 -1
58 52 -1
58 55 -1
58 56 1
58 60 -1
58 62 -1
58 63 1
58 64 -1
59 4 1
59 18 1
59 25 1
59 33 1
59 41 -1
59 46 -1
59 48 -1
59 49 -1
59 50 -1
59 52 -1
59 54 -1
59 57 1
59 60 1
59 61 1
59 63 -1
59 64 -1
60 1 -1
60 31 -1
60 32 -1
60 40 -1
60 41 1
60 49 1
60 50 -1
60 53 -1
60 54 -1
60 56 -1
60 58 -1
60 59 1
60 62 -1
60 63 -1
61 12 1
61 26 -1
61 38 1
61 39 -1
61 45 -1
61 51 -1
61 52 -1
61 53 -1
61 54 -1
61 55 -1
61 57 -1
61 59 1
61 63 1
61 64 1
62 11 -1
62 17 -1
62 23 -1
62 25 1
62 39 1
62 43 -1
62 49 1
62 50 -1
62 51 -1
62 53 1
62 55 1
62 57 -1
62 58 -1
62 60 -1
62 64 -1
63 4 -1
63 5 1
63 23 -1
63 28 1
63 47 -1
63 48 1
63 52 1
63 53 -1
63 54 -1
63 55 -1
63 57 -1
63 58 1
63 59 -1
63 60 -1
63 61 1
64 9 1
64 10 -1
64 13 1
64 15 1
64 30 1
64 33 1
64 49 -1
64 50 1
64 51 1
64 53 -1
64 55 1
64 58 -1
64 59 -1
64 61 1
64 62 -1
