1 2 -1
1 3 -1
1 5 -1
1 6 1
1 7 -1
1 8 -1
1 13 -1
1 14 1
1 16 -1
1 43 1
1 44 -1
1 53 1
1 59 -1
1 62 -1
2 1 -1
2 4 -1
2 5 -1
2 8 -1
2 9 -1
2 10 1
2 11 -1
2 13 -1
2 16 -1
2 21 1
2 25 -1
2 41 -1
2 45 1
2 47 1
2 50 -1
3 1 -1
3 4 -1
3 5 -1
3 10 -1
3 12 -1
3 13 -1
3 14 1
3 15 -1
3 16 1
3 20 -1
3 21 -1
3 29 1
3 32 -1
3 43 -1
3 45 -1
3 61 -1
4 2 -1
4 3 -1
4 6 -1
4 7 -1
4 9 -1
4 10 -1
4 11 -1
4 12 -1
4 16 -1
4 17 -1
4 20 -1
4 22 -1
4 44 -1
4 60 -1
5 1 -1
5 2 -1
5 3 -1
5 7 -1
5 9 1
5 10 -1
5 13 1
5 15 -1
5 16 -1
5 32 -1
5 36 -1
5 49 -1
5 51 -1
5 52 -1
5 55 -1
6 1 1
6 4 -1
6 8 -1
6 9 1
6 10 -1
6 11 -1
6 13 -1
6 14 -1
6 16 -1
6 19 -1
6 21 -1
6 39 -1
6 53 -1
6 59 1
7 1 -1
7 4 -1
7 5 -1
7 10 -1
7 11 -1
7 12 -1
7 14 -1
7 15 -1
7 16 -1
7 31 -1
7 37 1
7 39 -1
7 47 1
7 55 -1
7 61 -1
8 1 -1
8 2 -1
8 6 -1
8 9 -1
8 10 -1
8 11 -1
8 12 -1
8 14 -1
8 15 -1
8 17 -1
8 37 -1
8 39 -1
8 50 -1
8 51 -1
8 56 -1
8 59 -1
9 2 -1
9 4 -1
9 5 1
9 6 1
9 8 -1
9 11 -1
9 12 -1
9 13 -1
9 14 -1
9 21 1
9 26 -1
9 29 1
9 34 -1
9 53 -1
9 55 -1
9 62 -1
10 2 1
10 3 -1
10 4 -1
10 5 -1
10 6 -1
10 7 -1
10 8 -1
10 13 1
10 15 -1
10 18 1
10 24 -1
10 25 -1
10 33 1
10 41 -1
10 45 1
10 64 -1
11 2 -1
11 4 -1
11 6 -1
11 7 -1
11 8 -1
11 9 -1
11 14 -1
11 15 -1
11 16 1
11 18 1
11 22 -1
11 41 1
11 42 1
11 43 -1
11 52 -1
11 57 -1
12 3 -1
12 4 -1
12 7 -1
12 8 -1
12 9 -1
12 13 -1
12 14 -1
12 15 1
12 16 -1
12 26 -1
12 36 -1
12 40 -1
12 44 -1
12 45 -1
12 50 1
13 1 -1
13 2 -1
13 3 -1
13 5 1
13 6 -1
13 9 -1
13 10 1
13 12 -1
13 15 -1
13 27 -1
13 28 -1
13 31 -1
13 44 -1
13 48 -1
13 50 -1
13 64 -1
14 1 1
14 3 1
14 6 -1
14 7 -1
14 8 -1
14 9 -1
14 11 -1
14 12 -1
14 15 -1
14 23 -1
14 33 1
14 35 1
14 49 -1
14 51 -1
14 56 -1
14 62 -1
15 3 -1
15 5 -1
15 7 -1
15 8 -1
15 10 -1
15 11 -1
15 12 1
15 13 -1
15 14 -1
15 20 -1
15 26 -1
15 31 -1
15 42 -1
15 51 -1
15 59 -1
16 1 -1
16 2 -1
16 3 1
16 4 -1
16 5 -1
16 6 -1
16 7 -1
16 11 1
16 12 -1
16 19 -1
16 23 -1
16 28 1
16 42 -1
16 53 -1
16 61 -1
17 4 -1
17 8 -1
17 18 -1
17 20 1
17 23 -1
17 25 -1
17 26 -1
17 27 -1
17 29 -1
17 31 -1
17 32 1
17 48 -1
17 49 -1
17 54 -1
17 58 -1
17 63 1
18 10 1
18 11 1
18 17 -1
18 19 1
18 21 -1
18 22 -1
18 23 1
18 25 -1
18 26 -1
18 30 -1
18 31 -1
18 38 -1
18 42 1
18 46 1
18 50 -1
18 64 1
19 6 -1
19 16 -1
19 18 1
19 20 1
19 22 -1
19 23 -1
19 24 -1
19 25 -1
19 28 -1
19 30 -1
19 31 -1
19 34 -1
19 47 -1
19 54 -1
19 55 1
20 3 -1
20 4 -1
20 15 -1
20 17 1
20 19 1
20 21 -1
20 22 -1
20 26 -1
20 27 -1
20 28 1
20 29 1
20 31 -1
20 40 -1
20 53 -1
20 58 -1
20 64 -1
21 2 1
21 3 -1
21 6 -1
21 9 1
21 18 -1
21 20 -1
21 24 -1
21 25 -1
21 26 -1
21 28 -1
21 29 -1
21 30 -1
21 32 1
21 35 -1
21 56 1
21 58 -1
22 4 -1
22 11 -1
22 18 -1
22 19 -1
22 20 -1
22 24 -1
22 25 -1
22 26 -1
22 27 -1
22 29 -1
22 32 1
22 35 -1
22 37 -1
22 45 -1
22 47 1
23 14 -1
23 16 -1
23 17 -1
23 18 1
23 19 -1
23 24 -1
23 25 -1
23 28 -1
23 29 -1
23 30 -1
23 32 -1
23 33 -1
23 41 -1
23 50 -1
23 57 -1
24 10 -1
24 19 -1
24 21 -1
24 22 -1
24 23 -1
24 27 1
24 28 -1
24 30 -1
24 31 -1
24 32 -1
24 38 -1
24 42 1
24 48 -1
24 54 1
24 60 -1
24 62 -1
25 2 -1
25 10 -1
25 17 -1
25 18 -1
25 19 -1
25 21 -1
25 22 -1
25 23 -1
25 28 -1
25 29 -1
25 30 -1
25 36 -1
25 46 1
25 48 -1
25 58 1
26 9 -1
26 12 -1
26 15 -1
26 17 -1
26 18 -1
26 20 -1
26 21 -1
26 22 -1
26 27 -1
26 29 -1
26 30 -1
26 32 1
26 41 -1
26 57 1
26 59 -1
27 13 -1
27 17 -1
27 20 -1
27 22 -1
27 24 1
27 26 -1
27 28 1
27 29 -1
27 31 -1
27 32 -1
27 34 -1
27 36 -1
27 37 -1
27 45 -1
27 52 -1
27 61 -1
28 13 -1
28 16 1
28 19 -1
28 20 1
28 21 -1
28 23 -1
28 24 -1
28 25 -1
28 27 1
28 31 -1
28 32 -1
28 35 -1
28 36 -1
28 39 -1
28 40 -1
28 47 -1
29 3 1
29 9 1
29 17 -1
29 20 1
29 21 -1
29 22 -1
29 23 -1
29 25 -1
29 26 -1
29 27 -1
29 30 -1
29 36 -1
29 41 -1
29 60 -1
29 63 -1
30 18 -1
30 19 -1
30 21 -1
30 23 -1
30 24 -1
30 25 -1
30 26 -1
30 29 -1
30 31 -1
30 34 -1
30 36 -1
30 56 -1
30 61 -1
30 62 1
30 64 -1
31 7 -1
31 13 -1
31 15 -1
31 17 -1
31 18 -1
31 19 -1
31 20 -1
31 24 -1
31 27 -1
31 28 -1
31 30 -1
31 32 -1
31 39 -1
31 51 1
31 58 -1
32 3 -1
32 5 -1
32 17 1
32 21 1
32 22 1
32 23 -1
32 24 -1
32 26 1
32 27 -1
32 28 -1
32 31 -1
32 51 -1
32 53 -1
32 55 1
32 63 -1
33 10 1
33 14 1
33 23 -1
33 35 -1
33 37 -1
33 39 -1
33 42 -1
33 43 1
33 44 -1
33 45 -1
33 46 -1
33 47 -1
33 50 1
33 55 -1
33 63 -1
34 9 -1
34 19 -1
34 27 -1
34 30 -1
34 36 -1
34 37 -1
34 39 -1
34 40 1
34 41 -1
34 42 1
34 44 -1
34 47 -1
34 48 -1
34 49 1
34 60 -1
35 14 1
35 21 -1
35 22 -1
35 28 -1
35 33 -1
35 36 -1
35 39 -1
35 40 -1
35 41 -1
35 42 -1
35 45 1
35 46 -1
35 47 1
35 54 1
35 57 -1
35 60 1
36 5 -1
36 12 -1
36 25 -1
36 27 -1
36 28 -1
36 29 -1
36 30 -1
36 34 -1
36 35 -1
36 37 1
36 40 -1
36 41 -1
36 43 -1
36 46 -1
36 47 1
36 48 -1
37 7 1
37 8 -1
37 22 -1
37 27 -1
37 33 -1
37 34 -1
37 36 1
37 40 -1
37 42 -1
37 43 -1
37 44 1
37 46 1
37 47 -1
37 52 -1
37 64 1
38 18 -1
38 24 -1
38 39 -1
38 40 -1
38 41 1
38 42 1
38 44 -1
38 45 -1
38 46 -1
38 47 -1
38 48 -1
38 58 1
38 60 -1
38 62 -1
38 63 -1
38 64 -1
39 6 -1
39 7 -1
39 8 -1
39 28 -1
39 31 -1
39 33 -1
39 34 -1
39 35 -1
39 38 -1
39 40 -1
39 41 -1
39 43 -1
39 45 1
39 46 -1
39 60 1
40 12 -1
40 20 -1
40 28 -1
40 34 1
40 35 -1
40 36 -1
40 37 -1
40 38 -1
40 39 -1
40 43 1
40 45 -1
40 48 -1
40 54 -1
40 58 -1
40 59 -1
41 2 -1
41 10 -1
41 11 1
41 23 -1
41 26 -1
41 29 -1
41 34 -1
41 35 -1
41 36 -1
41 38 1
41 39 -1
41 42 -1
41 44 -1
41 45 -1
41 48 1
42 11 1
42 15 -1
42 16 -1
42 18 1
42 24 1
42 33 -1
42 34 1
42 35 -1
42 37 -1
42 38 1
42 41 -1
42 43 -1
42 46 -1
42 48 -1
42 49 1
43 1 1
43 3 -1
43 11 -1
43 33 1
43 36 -1
43 37 -1
43 39 -1
43 40 1
43 42 -1
43 44 -1
43 45 -1
43 47 -1
43 51 -1
43 52 -1
43 57 1
44 1 -1
44 4 -1
44 12 -1
44 13 -1
44 33 -1
44 34 -1
44 37 1
44 38 -1
44 41 -1
44 43 -1
44 45 -1
44 46 1
44 48 -1
45 2 1
45 3 -1
45 10 1
45 12 -1
45 22 -1
45 27 -1
45 33 -1
45 35 1
45 38 -1
45 39 1
45 40 -1
45 41 -1
45 43 -1
45 44 -1
45 47 -1
45 61 -1
46 18 1
46 25 1
46 33 -1
46 35 -1
46 36 -1
46 37 1
46 38 -1
46 39 -1
46 42 -1
46 44 1
46 48 -1
46 49 -1
46 54 1
46 56 -1
46 62 -1
47 2 1
47 7 1
47 19 -1
47 22 1
47 28 -1
47 33 -1
47 34 -1
47 35 1
47 36 1
47 37 -1
47 38 -1
47 43 -1
47 45 -1
47 48 1
47 49 -1
47 63 -1
48 13 -1
48 17 -1
48 24 -1
48 25 -1
48 34 -1
48 36 -1
48 38 -1
48 40 -1
48 41 1
48 42 -1
48 44 -1
48 46 -1
48 47 1
48 55 -1
48 56 -1
48 57 -1
49 5 -1
49 14 -1
49 17 -1
49 34 1
49 42 1
49 46 -1
49 47 -1
49 51 1
49 53 -1
49 56 -1
49 58 -1
49 59 -1
49 60 -1
49 61 -1
49 62 -1
49 64 -1
50 2 -1
50 8 -1
50 12 1
50 13 -1
50 18 -1
50 23 -1
50 33 1
50 53 1
50 54 1
50 55 -1
50 56 -1
50 57 -1
50 58 1
50 60 -1
50 61 -1
50 63 -1
51 5 -1
51 8 -1
51 14 -1
51 15 -1
51 31 1
51 32 -1
51 43 -1
51 49 1
51 52 -1
51 53 1
51 54 -1
51 55 -1
51 56 -1
51 60 -1
51 61 -1
51 63 -1
52 5 -1
52 11 -1
52 27 -1
52 37 -1
52 43 -1
52 51 -1
52 54 -1
52 55 1
52 56 1
52 58 -1
52 59 -1
52 61 -1
52 63 -1
52 64 -1
53 1 1
53 6 -1
53 9 -1
53 16 -1
53 20 -1
53 32 -1
53 49 -1
53 50 1
53 51 1
53 54 -1
53 55 -1
53 57 -1
53 59 1
53 62 1
53 63 -1
54 17 -1
54 19 -1
54 24 1
54 35 1
54 40 -1
54 46 1
54 50 1
54 51 -1
54 52 -1
54 53 -1
54 57 1
54 58 -1
54 60 -1
54 62 -1
54 64 -1
55 5 -1
55 7 -1
55 9 -1
55 19 1
55 32 1
55 33 -1
55 48 -1
55 50 -1
55 51 -1
55 52 1
55 53 -1
55 56 -1
55 57 -1
55 59 -1
55 60 -1
55 61 1
56 8 -1
56 14 -1
56 21 1
56 30 -1
56 46 -1
56 48 -1
56 49 -1
56 50 -1
56 51 -1
56 52 1
56 55 -1
56 58 -1
56 60 -1
56 62 -1
56 64 1
57 11 -1
57 23 -1
57 26 1
57 35 -1
57 43 1
57 48 -1
57 50 -1
57 53 -1
57 54 1
57 55 -1
57 58 1
57 60 -1
57 62 -1
57 63 -1
57 64 1
58 17 -1
58 20 -1
58 21 -1
58 25 1
58 31 -1
58 38 1
58 40 -1
58 49 -1
58 50 1
58 52 -1
58 54 -1
58 56 -1
58 57 1
58 59 -1
58 62 -1
58 64 -1
59 1 -1
59 6 1
59 8 -1
59 15 -1
59 26 -1
59 40 -1
59 49 -1
59 52 -1
59 53 1
59 55 -1
59 58 -1
59 61 -1
59 62 -1
59 63 -1
59 64 -1
60 4 -1
60 24 -1
60 29 -1
60 34 -1
60 35 1
60 38 -1
60 39 1
60 49 -1
60 50 -1
60 51 -1
60 54 -1
60 55 -1
60 56 -1
60 57 -1
60 61 -1
60 64 -1
61 3 -1
61 7 -1
61 16 -1
61 27 -1
61 30 -1
61 45 -1
61 49 -1
61 50 -1
61 51 -1
61 52 -1
61 55 1
61 59 -1
61 60 -1
61 62 -1
61 63 -1
62 1 -1
62 9 -1
62 14 -1
62 24 -1
62 30 1
62 38 -1
62 46 -1
62 49 -1
62 53 1
62 54 -1
62 56 -1
62 57 -1
62 58 -1
62 59 -1
62 61 -1
62 63 -1
63 17 1
63 29 -1
63 32 -1
63 33 -1
63 38 -1
63 47 -1
63 50 -1
63 51 -1
63 52 -1
63 53 -1
63 57 -1
63 59 -1
63 61 -1
63 62 -1
63 64 -1
64 10 -1
64 13 -1
64 18 1
64 20 -1
64 30 -1
64 37 1
64 38 -1
64 49 -1
64 52 -1
64 54 -1
64 56 1
64 57 1
64 58 -1
64 59 -1
64 60 -1
64 63 -1
