1 2 -1
1 6 -1
1 7 1
1 8 1
1 9 1
1 10 1
1 12 1
1 15 -1
1 16 -1
1 22 1
1 37 1
1 41 1
1 43 1
1 52 1
1 60 1
1 61 1
2 1 -1
2 3 1
2 5 1
2 6 1
2 7 1
2 8 1
2 9 1
2 10 1
2 12 1
2 17 -1
2 18 1
2 42 1
2 46 -1
2 49 1
2 50 -1
3 2 1
3 5 1
3 9 1
3 10 1
3 11 1
3 12 1
3 14 1
3 15 1
3 16 1
3 20 1
3 28 1
3 31 1
3 36 1
3 50 1
3 51 1
3 60 1
4 5 1
4 6 1
4 8 -1
4 9 -1
4 11 1
4 13 -1
4 14 1
4 15 1
4 16 1
4 31 1
4 39 1
4 45 1
4 49 1
4 53 1
4 57 -1
5 2 1
5 3 1
5 4 1
5 6 1
5 7 1
5 11 -1
5 12 -1
5 13 1
5 15 -1
5 18 -1
5 37 1
5 38 1
5 58 1
5 59 1
5 63 1
6 1 -1
6 2 1
6 4 1
6 5 1
6 11 1
6 12 1
6 13 1
6 14 1
6 16 1
6 32 1
6 34 -1
6 39 1
6 55 1
7 1 1
7 2 1
7 5 1
7 8 1
7 11 1
7 12 1
7 13 1
7 14 1
7 15 1
7 27 1
7 33 1
7 35 1
7 51 -1
7 52 1
7 61 1
8 1 1
8 2 1
8 4 -1
8 7 1
8 11 1
8 13 1
8 14 -1
8 15 1
8 16 -1
8 24 -1
8 26 -1
8 28 -1
8 34 -1
8 60 1
9 1 1
9 2 1
9 3 1
9 4 -1
9 10 1
9 11 1
9 12 1
9 13 1
9 16 1
9 20 1
9 24 1
9 35 1
9 42 1
9 54 1
9 56 1
9 62 1
10 1 1
10 2 1
10 3 1
10 9 1
10 11 1
10 13 1
10 14 1
10 15 1
10 16 -1
10 23 -1
10 29 1
10 39 1
10 43 -1
10 47 1
10 53 1
10 59 -1
11 3 1
11 4 1
11 5 -1
11 6 1
11 7 1
11 8 1
11 9 1
11 10 1
11 15 1
11 17 1
11 36 1
11 38 1
11 45 1
11 48 1
11 63 -1
11 64 1
12 1 1
12 2 1
12 3 1
12 5 -1
12 6 1
12 7 1
12 9 1
12 13 1
12 14 1
12 17 -1
12 22 -1
12 32 1
12 34 1
12 44 1
12 49 1
12 57 -1
13 4 -1
13 5 1
13 6 1
13 7 1
13 8 1
13 9 1
13 10 1
13 12 1
13 16 1
13 18 1
13 21 1
13 27 1
13 32 1
14 3 1
14 4 1
14 6 1
14 7 1
14 8 -1
14 10 1
14 12 1
14 15 1
14 16 1
14 19 1
14 21 1
14 23 -1
14 28 1
14 47 1
14 60 1
14 63 1
15 1 -1
15 3 1
15 4 1
15 5 -1
15 7 1
15 8 1
15 10 1
15 11 1
15 14 1
15 21 -1
15 24 1
15 33 1
15 34 1
15 38 1
15 59 1
16 1 -1
16 3 1
16 4 1
16 6 1
16 8 -1
16 9 1
16 10 -1
16 13 1
16 14 1
16 28 1
16 34 1
16 36 1
16 46 1
16 51 1
16 54 1
16 56 -1
17 2 -1
17 11 1
17 12 -1
17 18 1
17 19 1
17 21 1
17 23 1
17 24 -1
17 26 1
17 27 1
17 29 1
17 31 1
17 42 1
17 62 1
18 2 1
18 5 -1
18 13 1
18 17 1
18 19 1
18 21 1
18 23 -1
18 24 1
18 26 1
18 27 -1
18 31 1
18 32 -1
18 33 1
18 37 -1
18 57 1
19 14 1
19 17 1
19 18 1
19 20 1
19 22 1
19 24 -1
19 28 1
19 30 -1
19 31 1
19 32 -1
19 38 1
19 40 1
19 41 1
19 42 -1
19 55 -1
19 60 1
20 3 1
20 9 1
20 19 1
20 22 1
20 24 1
20 25 -1
20 26 1
20 28 -1
20 29 1
20 30 1
20 32 1
20 36 1
20 44 1
20 55 -1
20 58 -1
21 13 1
21 14 1
21 15 -1
21 17 1
21 18 1
21 23 1
21 24 -1
21 25 -1
21 26 -1
21 27 -1
21 30 1
21 32 1
21 47 1
21 59 1
21 64 1
22 1 1
22 12 -1
22 19 1
22 20 1
22 24 1
22 26 1
22 27 1
22 28 1
22 29 1
22 31 1
22 32 1
22 37 1
22 40 1
22 51 1
22 53 1
22 57 -1
23 10 -1
23 14 -1
23 17 1
23 18 -1
23 21 1
23 26 1
23 27 1
23 28 1
23 29 1
23 30 1
23 31 -1
23 43 -1
23 51 -1
23 52 -1
23 58 1
23 62 -1
24 8 -1
24 9 1
24 15 1
24 17 -1
24 18 1
24 19 -1
24 20 1
24 21 -1
24 22 1
24 28 1
24 30 1
24 32 1
24 33 1
24 49 1
24 53 1
25 20 -1
25 21 -1
25 26 1
25 27 -1
25 28 1
25 29 1
25 30 1
25 31 1
25 32 1
25 33 -1
25 37 -1
25 39 1
25 42 1
25 53 1
25 57 1
25 64 1
26 8 -1
26 17 1
26 18 1
26 20 1
26 21 -1
26 22 1
26 23 1
26 25 1
26 28 1
26 29 1
26 39 1
26 46 1
26 52 1
26 56 -1
26 60 1
27 7 1
27 13 1
27 17 1
27 18 -1
27 21 -1
27 22 1
27 23 1
27 25 -1
27 29 1
27 31 1
27 32 1
27 36 1
27 39 -1
27 43 1
28 3 1
28 8 -1
28 14 1
28 16 1
28 19 1
28 20 -1
28 22 1
28 23 1
28 24 1
28 25 1
28 26 1
28 29 -1
28 30 1
28 33 1
28 47 1
29 10 1
29 17 1
29 20 1
29 22 1
29 23 1
29 25 1
29 26 1
29 27 1
29 28 -1
29 30 1
29 36 1
29 40 1
29 45 1
29 62 1
29 64 1
30 19 -1
30 20 1
30 21 1
30 23 1
30 24 1
30 25 1
30 28 1
30 29 1
30 31 1
30 35 -1
30 41 -1
30 43 1
30 47 1
30 49 1
30 53 1
31 3 1
31 4 1
31 17 1
31 18 1
31 19 1
31 22 1
31 23 -1
31 25 1
31 27 1
31 30 1
31 32 1
31 35 1
31 40 -1
31 42 -1
31 61 -1
31 64 1
32 6 1
32 12 1
32 13 1
32 18 -1
32 19 -1
32 20 1
32 21 1
32 22 1
32 24 1
32 25 1
32 27 1
32 31 1
32 49 1
32 52 1
32 58 1
32 63 1
33 7 1
33 15 1
33 18 1
33 24 1
33 25 -1
33 28 1
33 34 -1
33 35 1
33 42 1
33 43 1
33 44 -1
33 45 -1
33 46 1
33 47 1
33 48 1
33 58 1
34 6 -1
34 8 -1
34 12 1
34 15 1
34 16 1
34 33 -1
34 35 1
34 38 -1
34 41 1
34 42 1
34 44 1
34 46 1
34 47 1
34 48 1
34 57 1
35 7 1
35 9 1
35 30 -1
35 31 1
35 33 1
35 34 1
35 36 1
35 39 1
35 41 -1
35 42 1
35 43 -1
35 45 -1
35 47 1
35 50 1
35 51 1
35 55 1
36 3 1
36 11 1
36 16 1
36 20 1
36 27 1
36 29 1
36 35 1
36 37 -1
36 39 -1
36 40 1
36 41 1
36 44 1
36 46 1
36 47 1
36 48 1
36 57 1
37 1 1
37 5 1
37 18 -1
37 22 1
37 25 -1
37 36 -1
37 38 1
37 40 -1
37 41 1
37 42 1
37 44 1
37 45 1
37 46 1
37 47 1
37 50 -1
37 58 1
38 5 1
38 11 1
38 15 1
38 19 1
38 34 -1
38 37 1
38 39 -1
38 40 -1
38 41 1
38 43 1
38 44 1
38 46 1
38 47 1
38 49 1
38 59 1
38 63 1
39 4 1
39 6 1
39 10 1
39 25 1
39 26 1
39 27 -1
39 35 1
39 36 -1
39 38 -1
39 40 1
39 42 1
39 43 1
39 45 -1
39 47 1
39 48 1
39 62 1
40 19 1
40 22 1
40 29 1
40 31 -1
40 36 1
40 37 -1
40 38 -1
40 39 1
40 43 1
40 44 1
40 45 -1
40 47 -1
40 48 1
40 50 1
40 54 1
41 1 1
41 19 1
41 30 -1
41 34 1
41 35 -1
41 36 1
41 37 1
41 38 1
41 42 1
41 43 1
41 46 -1
41 48 1
41 59 1
41 63 1
41 64 1
42 2 1
42 9 1
42 17 1
42 19 -1
42 25 1
42 31 -1
42 33 1
42 34 1
42 35 1
42 37 1
42 39 1
42 41 1
42 44 1
42 45 1
42 46 -1
42 61 1
43 1 1
43 10 -1
43 23 -1
43 27 1
43 30 1
43 33 1
43 35 -1
43 38 1
43 39 1
43 40 1
43 41 1
43 44 1
43 46 -1
43 48 1
43 55 1
43 64 1
44 12 1
44 20 1
44 33 -1
44 34 1
44 36 1
44 37 1
44 38 1
44 40 1
44 42 1
44 43 1
44 45 1
44 52 1
44 54 -1
45 4 1
45 11 1
45 29 1
45 33 -1
45 35 -1
45 37 1
45 39 -1
45 40 -1
45 42 1
45 44 1
45 47 1
45 48 1
45 51 1
45 59 1
45 62 1
45 63 1
46 2 -1
46 16 1
46 26 1
46 33 1
46 34 1
46 36 1
46 37 1
46 38 1
46 41 -1
46 42 -1
46 43 -1
46 48 1
46 50 1
46 61 1
47 10 1
47 14 1
47 21 1
47 28 1
47 30 1
47 33 1
47 34 1
47 35 1
47 36 1
47 37 1
47 38 1
47 39 1
47 40 -1
47 45 1
47 54 1
47 58 1
48 11 1
48 33 1
48 34 1
48 36 1
48 39 1
48 40 1
48 41 1
48 43 1
48 45 1
48 46 1
48 50 1
48 52 1
48 56 1
49 2 1
49 4 1
49 12 1
49 24 1
49 30 1
49 32 1
49 38 1
49 51 -1
49 53 1
49 54 1
49 56 -1
49 57 1
49 58 1
49 59 1
49 62 1
49 63 1
50 2 -1
50 3 1
50 35 1
50 37 -1
50 40 1
50 46 1
50 48 1
50 51 1
50 53 1
50 55 1
50 56 1
50 58 1
50 59 1
50 62 -1
50 63 1
50 64 -1
51 3 1
51 7 -1
51 16 1
51 22 1
51 23 -1
51 35 1
51 45 1
51 49 -1
51 50 1
51 53 1
51 54 1
51 55 1
51 60 1
51 61 1
51 62 1
51 63 1
52 1 1
52 7 1
52 23 -1
52 26 1
52 32 1
52 44 1
52 48 1
52 53 -1
52 55 1
52 56 1
52 59 -1
52 60 1
52 61 1
52 62 1
52 63 1
52 64 1
53 4 1
53 10 1
53 22 1
53 24 1
53 25 1
53 30 1
53 49 1
53 50 1
53 51 1
53 52 -1
53 55 1
53 57 1
53 58 1
53 60 1
53 64 1
54 9 1
54 16 1
54 40 1
54 44 -1
54 47 1
54 49 1
54 51 1
54 55 1
54 56 1
54 57 1
54 58 1
54 61 1
54 62 1
54 64 1
55 6 1
55 19 -1
55 20 -1
55 35 1
55 43 1
55 50 1
55 51 1
55 52 1
55 53 1
55 54 1
55 57 1
55 59 1
55 60 1
55 61 1
56 9 1
56 16 -1
56 26 -1
56 48 1
56 49 -1
56 50 1
56 52 1
56 54 1
56 58 1
56 59 1
56 61 1
56 62 1
56 64 1
57 4 -1
57 12 -1
57 18 1
57 22 -1
57 25 1
57 34 1
57 36 1
57 49 1
57 53 1
57 54 1
57 55 1
57 58 -1
57 60 1
57 61 1
57 63 1
57 64 1
58 5 1
58 20 -1
58 23 1
58 32 1
58 33 1
58 37 1
58 47 1
58 49 1
58 50 1
58 53 1
58 54 1
58 56 1
58 57 -1
58 60 1
58 61 1
58 63 1
59 5 1
59 10 -1
59 15 1
59 21 1
59 38 1
59 41 1
59 45 1
59 49 1
59 50 1
59 52 -1
59 55 1
59 56 1
59 60 1
59 61 1
59 63 1
59 64 1
60 1 1
60 3 1
60 8 1
60 14 1
60 19 1
60 26 1
60 51 1
60 52 1
60 53 1
60 55 1
60 57 1
60 58 1
60 59 1
60 62 -1
60 64 1
61 1 1
61 7 1
61 31 -1
61 42 1
61 46 1
61 51 1
61 52 1
61 54 1
61 55 1
61 56 1
61 57 1
61 58 1
61 59 1
61 62 1
62 9 1
62 17 1
62 23 -1
62 29 1
62 39 1
62 45 1
62 49 1
62 50 -1
62 51 1
62 52 1
62 54 1
62 56 1
62 60 -1
62 61 1
62 63 1
63 5 1
63 11 -1
63 14 1
63 32 1
63 38 1
63 41 1
63 45 1
63 49 1
63 50 1
63 51 1
63 52 1
63 57 1
63 58 1
63 59 1
63 62 1
63 64 1
64 11 1
64 21 1
64 25 1
64 29 1
64 31 1
64 41 1
64 43 1
64 50 -1
64 52 1
64 53 1
64 54 1
64 56 1
64 57 1
64 59 1
64 60 1
64 63 1
