1 2 -1
1 5 1
1 8 -1
1 10 -1
1 11 1
1 12 -1
1 14 -1
1 15 -1
1 16 1
1 20 -1
1 22 -1
1 31 -1
1 34 -1
1 44 -1
1 59 -1
1 60 -1
2 1 -1
2 3 -1
2 5 -1
2 6 -1
2 7 -1
2 8 -1
2 9 1
2 11 -1
2 12 -1
2 26 -1
2 32 -1
2 36 1
2 38 -1
2 41 -1
2 43 -1
2 56 -1
3 2 -1
3 4 -1
3 5 -1
3 8 -1
3 9 -1
3 10 -1
3 14 -1
3 15 1
3 16 1
3 32 -1
3 40 1
3 41 -1
3 53 -1
3 56 -1
3 58 1
3 63 -1
4 3 -1
4 5 1
4 6 1
4 7 -1
4 12 -1
4 13 -1
4 14 1
4 15 1
4 16 -1
4 28 -1
4 38 -1
4 39 -1
4 47 -1
4 51 1
4 58 -1
4 59 1
5 1 1
5 2 -1
5 3 -1
5 4 1
5 6 -1
5 7 -1
5 10 -1
5 15 1
5 16 -1
5 23 -1
5 29 -1
5 30 -1
5 52 -1
5 64 -1
6 2 -1
6 4 1
6 5 -1
6 8 -1
6 9 -1
6 10 -1
6 13 -1
6 14 -1
6 16 -1
6 23 -1
6 26 -1
6 30 -1
6 33 -1
6 40 -1
7 2 -1
7 4 -1
7 5 -1
7 8 1
7 10 1
7 11 -1
7 12 1
7 13 -1
7 15 -1
7 19 1
7 24 -1
7 26 1
7 32 1
7 34 -1
7 57 -1
7 60 -1
8 1 -1
8 2 -1
8 3 -1
8 6 -1
8 7 1
8 9 -1
8 12 -1
8 13 -1
8 15 -1
8 18 -1
8 21 -1
8 37 1
8 44 1
8 46 -1
8 48 -1
8 61 -1
9 2 1
9 3 -1
9 6 -1
9 8 -1
9 10 -1
9 11 -1
9 14 -1
9 15 1
9 16 -1
9 25 -1
9 27 1
9 35 -1
9 37 -1
9 48 -1
9 59 -1
10 1 -1
10 3 -1
10 5 -1
10 6 -1
10 7 1
10 9 -1
10 12 -1
10 14 -1
10 16 -1
10 19 1
10 21 -1
10 24 1
10 36 -1
10 52 -1
10 57 -1
10 61 -1
11 1 1
11 2 -1
11 7 -1
11 9 -1
11 12 1
11 13 1
11 14 1
11 15 -1
11 16 -1
11 20 -1
11 22 -1
11 28 -1
11 40 1
11 46 -1
11 60 -1
12 1 -1
12 2 -1
12 4 -1
12 7 1
12 8 -1
12 10 -1
12 11 1
12 13 -1
12 14 -1
12 26 -1
12 28 -1
12 42 -1
12 44 -1
12 60 1
13 4 -1
13 6 -1
13 7 -1
13 8 -1
13 11 1
13 12 -1
13 14 1
13 15 -1
13 16 -1
13 27 -1
13 35 1
13 43 1
13 44 -1
13 54 -1
13 57 -1
13 59 1
14 1 -1
14 3 -1
14 4 1
14 6 -1
14 9 -1
14 10 -1
14 11 1
14 12 -1
14 13 1
14 17 -1
14 23 1
14 45 1
14 49 -1
14 53 -1
14 63 -1
15 1 -1
15 3 1
15 4 1
15 5 1
15 7 -1
15 8 -1
15 9 1
15 11 -1
15 13 -1
15 30 -1
15 34 -1
15 45 -1
15 47 -1
15 55 1
15 56 -1
15 58 1
16 1 1
16 3 1
16 4 -1
16 5 -1
16 6 -1
16 9 -1
16 10 -1
16 11 -1
16 13 -1
16 22 1
16 31 -1
16 37 -1
16 38 -1
16 51 -1
16 54 -1
16 62 -1
17 14 -1
17 19 -1
17 20 -1
17 25 -1
17 27 1
17 28 -1
17 29 -1
17 30 -1
17 31 -1
17 32 -1
17 33 -1
17 40 -1
17 44 -1
17 48 -1
17 53 -1
18 8 -1
18 21 -1
18 22 -1
18 24 1
18 25 -1
18 26 -1
18 27 -1
18 29 -1
18 31 -1
18 32 -1
18 45 -1
18 49 1
18 57 -1
18 59 -1
18 61 1
19 7 1
19 10 1
19 17 -1
19 20 1
19 22 -1
19 23 -1
19 24 -1
19 26 1
19 28 -1
19 29 1
19 30 -1
19 42 -1
19 47 -1
19 48 -1
19 53 1
20 1 -1
20 11 -1
20 17 -1
20 19 1
20 21 -1
20 23 -1
20 24 -1
20 27 -1
20 28 -1
20 30 -1
20 31 -1
20 39 -1
20 47 -1
20 53 -1
20 54 -1
20 57 -1
21 8 -1
21 10 -1
21 18 -1
21 20 -1
21 22 1
21 23 1
21 24 -1
21 25 -1
21 29 -1
21 31 -1
21 32 -1
21 41 1
21 43 -1
21 60 1
21 61 -1
21 63 -1
22 1 -1
22 11 -1
22 16 1
22 18 -1
22 19 -1
22 21 1
22 25 -1
22 27 1
22 28 -1
22 30 -1
22 31 -1
22 32 -1
22 34 -1
22 46 -1
22 58 1
22 64 -1
23 5 -1
23 6 -1
23 14 1
23 19 -1
23 20 -1
23 21 1
23 26 1
23 27 -1
23 28 -1
23 29 -1
23 30 1
23 32 -1
23 39 -1
23 58 1
23 62 -1
24 7 -1
24 10 1
24 18 1
24 19 -1
24 20 -1
24 21 -1
24 25 -1
24 26 -1
24 27 1
24 29 -1
24 32 -1
24 34 1
24 40 -1
24 62 -1
24 64 -1
25 9 -1
25 17 -1
25 18 -1
25 21 -1
25 22 -1
25 24 -1
25 26 1
25 28 -1
25 29 1
25 30 -1
25 34 -1
25 35 -1
25 39 -1
25 45 -1
25 49 1
26 2 -1
26 6 -1
26 7 1
26 12 -1
26 18 -1
26 19 1
26 23 1
26 24 -1
26 25 1
26 27 -1
26 30 -1
26 31 1
26 32 -1
26 40 -1
26 59 1
26 63 -1
27 9 1
27 13 -1
27 17 1
27 18 -1
27 20 -1
27 22 1
27 23 -1
27 24 1
27 26 -1
27 28 1
27 29 1
27 35 1
27 44 1
27 50 -1
27 56 1
28 4 -1
28 11 -1
28 12 -1
28 17 -1
28 19 -1
28 20 -1
28 22 -1
28 23 -1
28 25 -1
28 27 1
28 30 -1
28 31 -1
28 39 1
28 49 -1
29 5 -1
29 17 -1
29 18 -1
29 19 1
29 21 -1
29 23 -1
29 24 -1
29 25 1
29 27 1
29 32 -1
29 33 -1
29 51 -1
29 55 -1
29 56 -1
30 5 -1
30 6 -1
30 15 -1
30 17 -1
30 19 -1
30 20 -1
30 22 -1
30 23 1
30 25 -1
30 26 -1
30 28 -1
30 31 -1
30 33 1
30 53 -1
31 1 -1
31 16 -1
31 17 -1
31 18 -1
31 20 -1
31 21 -1
31 22 -1
31 26 1
31 28 -1
31 30 -1
31 32 -1
31 43 -1
31 48 1
31 56 1
31 58 1
32 2 -1
32 3 -1
32 7 1
32 17 -1
32 18 -1
32 21 -1
32 22 -1
32 23 -1
32 24 -1
32 26 -1
32 29 -1
32 31 -1
32 41 -1
32 55 -1
32 57 -1
32 63 1
33 6 -1
33 17 -1
33 29 -1
33 30 1
33 34 -1
33 36 -1
33 37 -1
33 38 1
33 39 -1
33 43 -1
33 44 -1
33 45 -1
33 46 -1
33 51 -1
34 1 -1
34 7 -1
34 15 -1
34 22 -1
34 24 1
34 25 -1
34 33 -1
34 35 -1
34 36 -1
34 39 -1
34 41 -1
34 42 -1
34 46 -1
34 47 -1
34 48 -1
35 9 -1
35 13 1
35 25 -1
35 27 1
35 34 -1
35 37 -1
35 38 1
35 40 -1
35 41 -1
35 42 -1
35 43 -1
35 47 -1
35 48 -1
35 51 -1
35 63 -1
36 2 1
36 10 -1
36 33 -1
36 34 -1
36 37 1
36 38 -1
36 40 -1
36 41 -1
36 45 -1
36 46 -1
36 47 -1
36 50 -1
36 52 -1
36 57 -1
36 64 -1
37 8 1
37 9 -1
37 16 -1
37 33 -1
37 35 -1
37 36 1
37 38 -1
37 40 -1
37 42 -1
37 44 -1
37 45 -1
37 48 -1
37 55 -1
37 58 -1
37 60 -1
38 2 -1
38 4 -1
38 16 -1
38 33 1
38 35 1
38 36 -1
38 37 -1
38 39 -1
38 41 -1
38 44 -1
38 45 -1
38 48 -1
38 52 -1
38 54 1
38 62 -1
39 4 -1
39 20 -1
39 23 -1
39 25 -1
39 28 1
39 33 -1
39 34 -1
39 38 -1
39 42 -1
39 43 -1
39 44 -1
39 45 -1
39 46 -1
39 48 -1
39 49 1
39 51 -1
40 3 1
40 6 -1
40 11 1
40 17 -1
40 24 -1
40 26 -1
40 35 -1
40 36 -1
40 37 -1
40 42 -1
40 43 1
40 44 -1
40 46 -1
40 47 -1
40 48 -1
40 50 -1
41 2 -1
41 3 -1
41 21 1
41 32 -1
41 34 -1
41 35 -1
41 36 -1
41 38 -1
41 42 -1
41 43 -1
41 44 1
41 46 -1
41 47 -1
41 50 -1
41 52 -1
41 63 -1
42 12 -1
42 19 -1
42 34 -1
42 35 -1
42 37 -1
42 39 -1
42 40 -1
42 41 -1
42 45 -1
42 47 -1
42 48 -1
42 50 -1
42 51 -1
42 54 -1
42 62 -1
43 2 -1
43 13 1
43 21 -1
43 31 -1
43 33 -1
43 35 -1
43 39 -1
43 40 1
43 41 -1
43 44 1
43 45 -1
43 46 -1
43 47 1
43 49 -1
43 50 -1
43 61 -1
44 1 -1
44 8 1
44 12 -1
44 13 -1
44 17 -1
44 27 1
44 33 -1
44 37 -1
44 38 -1
44 39 -1
44 40 -1
44 41 1
44 43 1
44 46 -1
44 48 -1
44 55 -1
45 14 1
45 15 -1
45 18 -1
45 25 -1
45 33 -1
45 36 -1
45 37 -1
45 38 -1
45 39 -1
45 42 -1
45 43 -1
45 47 -1
45 48 -1
45 52 -1
45 62 -1
45 64 1
46 8 -1
46 11 -1
46 22 -1
46 33 -1
46 34 -1
46 36 -1
46 39 -1
46 40 -1
46 41 -1
46 43 -1
46 44 -1
46 47 -1
46 54 -1
46 55 1
47 4 -1
47 15 -1
47 19 -1
47 20 -1
47 34 -1
47 35 -1
47 36 -1
47 40 -1
47 41 -1
47 42 -1
47 43 1
47 45 -1
47 46 -1
47 50 -1
47 55 -1
48 8 -1
48 9 -1
48 17 -1
48 19 -1
48 31 1
48 34 -1
48 35 -1
48 37 -1
48 38 -1
48 39 -1
48 40 -1
48 42 -1
48 44 -1
48 45 -1
48 61 -1
49 14 -1
49 18 1
49 25 1
49 28 -1
49 39 1
49 43 -1
49 50 -1
49 52 -1
49 53 -1
49 54 1
49 58 -1
49 59 -1
49 61 -1
49 62 -1
49 63 1
50 27 -1
50 36 -1
50 40 -1
50 41 -1
50 42 -1
50 43 -1
50 47 -1
50 49 -1
50 52 -1
50 53 1
50 55 1
50 56 -1
50 57 -1
50 58 1
50 59 -1
50 64 -1
51 4 1
51 16 -1
51 29 -1
51 33 -1
51 35 -1
51 39 -1
51 42 -1
51 53 -1
51 54 -1
51 55 -1
51 58 -1
51 59 -1
51 60 -1
51 61 -1
51 63 -1
51 64 -1
52 5 -1
52 10 -1
52 36 -1
52 38 -1
52 41 -1
52 45 -1
52 49 -1
52 50 -1
52 53 -1
52 54 -1
52 55 -1
52 57 -1
52 59 -1
52 63 -1
52 64 -1
53 3 -1
53 14 -1
53 17 -1
53 19 1
53 20 -1
53 30 -1
53 49 -1
53 50 1
53 51 -1
53 52 -1
53 56 -1
53 58 -1
53 59 -1
53 61 1
53 63 1
54 13 -1
54 16 -1
54 20 -1
54 38 1
54 42 -1
54 46 -1
54 49 1
54 51 -1
54 52 -1
54 55 -1
54 56 -1
54 57 -1
54 61 -1
54 62 -1
54 64 -1
55 15 1
55 29 -1
55 32 -1
55 37 -1
55 44 -1
55 46 1
55 47 -1
55 50 1
55 51 -1
55 52 -1
55 54 -1
55 56 -1
55 57 -1
55 58 -1
55 60 1
55 64 -1
56 2 -1
56 3 -1
56 15 -1
56 27 1
56 29 -1
56 31 1
56 50 -1
56 53 -1
56 54 -1
56 55 -1
56 57 -1
56 59 -1
56 60 -1
56 62 -1
56 64 -1
57 7 -1
57 10 -1
57 13 -1
57 18 -1
57 20 -1
57 32 -1
57 36 -1
57 50 -1
57 52 -1
57 54 -1
57 55 -1
57 56 -1
57 60 -1
57 61 -1
57 62 -1
57 63 -1
58 3 1
58 4 -1
58 15 1
58 22 1
58 23 1
58 31 1
58 37 -1
58 49 -1
58 50 1
58 51 -1
58 53 -1
58 55 -1
58 60 -1
58 61 -1
58 62 1
58 63 -1
59 1 -1
59 4 1
59 9 -1
59 13 1
59 18 -1
59 26 1
59 49 -1
59 50 -1
59 51 -1
59 52 -1
59 53 -1
59 56 -1
59 60 -1
59 61 -1
59 62 -1
60 1 -1
60 7 -1
60 11 -1
60 12 1
60 21 1
60 37 -1
60 51 -1
60 55 1
60 56 -1
60 57 -1
60 58 -1
60 59 -1
60 62 -1
60 63 -1
60 64 -1
61 8 -1
61 10 -1
61 18 1
61 21 -1
61 43 -1
61 48 -1
61 49 -1
61 51 -1
61 53 1
61 54 -1
61 57 -1
61 58 -1
61 59 -1
61 62 -1
61 63 -1
62 16 -1
62 23 -1
62 24 -1
62 38 -1
62 42 -1
62 45 -1
62 49 -1
62 54 -1
62 56 -1
62 57 -1
62 58 1
62 59 -1
62 60 -1
62 61 -1
62 64 -1
63 3 -1
63 14 -1
63 21 -1
63 26 -1
63 32 1
63 35 -1
63 41 -1
63 49 1
63 51 -1
63 52 -1
63 53 1
63 57 -1
63 58 -1
63 60 -1
63 61 -1
63 64 1
64 5 -1
64 22 -1
64 24 -1
64 36 -1
64 45 1
64 50 -1
64 51 -1
64 52 -1
64 54 -1
64 55 -1
64 56 -1
64 60 -1
64 62 -1
64 63 1
