1 2 1
1 3 -1
1 5 1
1 9 -1
1 10 1
1 11 -1
1 13 1
1 14 -1
1 15 1
1 20 1
1 21 1
1 47 1
1 48 1
1 49 -1
1 58 -1
1 64 -1
2 1 1
2 3 -1
2 4 1
2 5 -1
2 10 1
2 11 -1
2 13 1
2 14 -1
2 16 1
2 21 1
2 29 1
2 30 1
2 34 1
2 46 -1
2 62 1
2 63 1
3 1 -1
3 2 -1
3 4 1
3 5 1
3 7 -1
3 8 1
3 10 1
3 14 1
3 15 -1
3 42 1
3 45 -1
3 48 1
3 53 -1
3 59 1
3 62 1
3 64 1
4 2 1
4 3 1
4 6 -1
4 7 1
4 9 -1
4 11 1
4 13 -1
4 14 1
4 15 1
4 22 -1
4 36 -1
4 37 1
4 38 -1
4 46 1
4 52 -1
4 64 -1
5 1 1
5 2 -1
5 3 1
5 6 -1
5 7 1
5 8 -1
5 10 1
5 14 1
5 16 1
5 19 1
5 20 -1
5 30 -1
5 32 1
5 44 -1
5 48 -1
5 55 -1
6 4 -1
6 5 -1
6 7 1
6 10 -1
6 12 1
6 13 1
6 14 -1
6 15 -1
6 16 1
6 18 -1
6 26 1
6 35 -1
6 45 1
6 46 -1
6 57 1
6 64 1
7 3 -1
7 4 1
7 5 1
7 6 1
7 9 1
7 12 -1
7 13 1
7 15 1
7 16 -1
7 21 1
7 31 -1
7 42 1
7 45 -1
7 46 1
7 57 -1
8 3 1
8 5 -1
8 9 -1
8 10 1
8 11 -1
8 12 -1
8 13 -1
8 14 -1
8 16 1
8 17 1
8 22 -1
8 25 -1
8 51 -1
8 59 -1
8 61 1
8 63 -1
9 1 -1
9 4 -1
9 7 1
9 8 -1
9 10 -1
9 11 -1
9 12 1
9 15 1
9 16 -1
9 24 1
9 43 -1
9 44 -1
9 50 1
9 61 -1
9 62 1
10 1 1
10 2 1
10 3 1
10 5 1
10 6 -1
10 8 1
10 9 -1
10 15 -1
10 16 1
10 17 -1
10 21 -1
10 23 1
10 24 1
10 25 1
10 47 -1
10 51 -1
11 1 -1
11 2 -1
11 4 1
11 8 -1
11 9 -1
11 12 -1
11 13 1
11 14 1
11 15 1
11 17 -1
11 26 -1
11 31 -1
11 39 -1
11 43 1
11 49 -1
11 54 -1
12 6 1
12 7 -1
12 8 -1
12 9 1
12 11 -1
12 13 1
12 14 1
12 15 -1
12 16 -1
12 28 -1
12 44 1
12 49 -1
12 54 1
12 55 -1
12 62 -1
13 1 1
13 2 1
13 4 -1
13 6 1
13 7 1
13 8 -1
13 11 1
13 12 1
13 16 1
13 37 -1
13 38 -1
13 41 -1
13 50 1
13 57 -1
13 64 1
14 1 -1
14 2 -1
14 3 1
14 4 1
14 5 1
14 6 -1
14 8 -1
14 11 1
14 12 1
14 23 -1
14 27 -1
14 30 1
14 36 -1
14 40 1
14 59 -1
14 62 1
15 1 1
15 3 -1
15 4 1
15 6 -1
15 7 1
15 9 1
15 10 -1
15 11 1
15 12 -1
15 21 1
15 23 -1
15 24 -1
15 26 -1
15 36 -1
15 46 -1
15 51 -1
16 2 1
16 5 1
16 6 1
16 7 -1
16 8 1
16 9 -1
16 10 1
16 12 -1
16 13 1
16 19 1
16 26 1
16 30 1
16 32 -1
16 54 -1
16 55 -1
16 58 1
17 8 1
17 10 -1
17 11 -1
17 19 -1
17 20 -1
17 21 1
17 23 -1
17 24 -1
17 26 1
17 27 -1
17 28 -1
17 31 -1
17 35 1
17 39 1
17 45 1
17 64 -1
18 6 -1
18 19 1
18 20 -1
18 21 -1
18 23 -1
18 26 -1
18 29 1
18 30 -1
18 31 -1
18 32 1
18 40 -1
18 42 1
18 51 -1
18 52 1
18 54 1
19 5 1
19 16 1
19 17 -1
19 18 1
19 20 1
19 21 1
19 24 1
19 25 1
19 29 1
19 31 1
19 32 1
19 37 1
19 38 -1
19 51 1
19 56 1
20 1 1
20 5 -1
20 17 -1
20 18 -1
20 19 1
20 21 -1
20 22 1
20 23 1
20 25 1
20 27 1
20 31 1
20 34 -1
20 42 1
20 56 -1
20 58 -1
20 60 -1
21 1 1
21 2 1
21 7 1
21 10 -1
21 15 1
21 17 1
21 18 -1
21 19 1
21 20 -1
21 22 -1
21 24 1
21 25 1
21 28 1
21 31 -1
21 36 1
21 40 -1
22 4 -1
22 8 -1
22 20 1
22 21 -1
22 24 -1
22 26 -1
22 27 1
22 28 1
22 29 1
22 30 -1
22 31 1
22 34 -1
22 47 -1
22 52 1
22 58 -1
23 10 1
23 14 -1
23 15 -1
23 17 -1
23 18 -1
23 20 1
23 25 1
23 28 -1
23 29 -1
23 30 1
23 31 1
23 32 -1
23 43 -1
23 50 -1
23 59 -1
23 64 -1
24 9 1
24 10 1
24 15 -1
24 17 -1
24 19 1
24 21 1
24 22 -1
24 25 -1
24 27 -1
24 28 -1
24 29 -1
24 32 1
24 41 1
24 52 -1
24 63 1
25 8 -1
25 10 1
25 19 1
25 20 1
25 21 1
25 23 1
25 24 -1
25 26 1
25 27 -1
25 28 1
25 32 1
25 40 1
25 46 1
25 51 1
25 58 1
26 6 1
26 11 -1
26 15 -1
26 16 1
26 17 1
26 18 -1
26 22 -1
26 25 1
26 27 1
26 28 -1
26 29 -1
26 30 1
26 32 -1
26 39 -1
26 52 1
26 60 1
27 14 -1
27 17 -1
27 20 1
27 22 1
27 24 -1
27 25 -1
27 26 1
27 28 1
27 29 1
27 30 1
27 33 1
27 36 1
27 41 1
27 53 -1
27 54 -1
27 60 1
28 12 -1
28 17 -1
28 21 1
28 22 1
28 23 -1
28 24 -1
28 25 1
28 26 -1
28 27 1
28 30 1
28 37 -1
28 41 -1
28 42 -1
28 59 -1
28 63 -1
29 2 1
29 18 1
29 19 1
29 22 1
29 23 -1
29 24 -1
29 26 -1
29 27 1
29 30 -1
29 32 -1
29 35 1
29 43 1
29 44 -1
29 45 1
29 48 -1
30 2 1
30 5 -1
30 14 1
30 16 1
30 18 -1
30 22 -1
30 23 1
30 26 1
30 27 1
30 28 1
30 29 -1
30 31 1
30 32 -1
30 33 -1
30 42 1
30 49 1
31 7 -1
31 11 -1
31 17 -1
31 18 -1
31 19 1
31 20 1
31 21 -1
31 22 1
31 23 1
31 30 1
31 32 1
31 48 1
31 53 1
31 62 1
32 5 1
32 16 -1
32 18 1
32 19 1
32 23 -1
32 24 1
32 25 1
32 26 -1
32 29 -1
32 30 -1
32 31 1
32 44 -1
32 49 1
32 56 1
32 59 -1
33 27 1
33 30 -1
33 34 1
33 35 -1
33 37 1
33 38 -1
33 39 -1
33 41 1
33 45 1
33 46 -1
33 48 1
33 54 -1
33 57 1
33 61 1
33 63 -1
34 2 1
34 20 -1
34 22 -1
34 33 1
34 36 1
34 39 -1
34 40 -1
34 41 -1
34 42 1
34 43 1
34 44 -1
34 47 1
34 50 1
34 52 -1
34 56 -1
34 60 1
35 6 -1
35 17 1
35 29 1
35 33 -1
35 36 -1
35 39 -1
35 40 -1
35 44 -1
35 45 -1
35 46 -1
35 47 1
35 48 -1
35 49 -1
35 55 -1
35 56 1
36 4 -1
36 14 -1
36 15 -1
36 21 1
36 27 1
36 34 1
36 35 -1
36 38 1
36 40 1
36 42 -1
36 43 1
36 44 1
36 45 -1
36 47 1
36 61 1
36 63 -1
37 4 1
37 13 -1
37 19 1
37 28 -1
37 33 1
37 38 -1
37 40 -1
37 41 1
37 43 1
37 44 -1
37 45 1
37 46 1
37 48 -1
37 50 1
37 53 -1
37 59 1
38 4 -1
38 13 -1
38 19 -1
38 33 -1
38 36 1
38 37 -1
38 39 -1
38 41 -1
38 42 1
38 44 1
38 46 -1
38 48 -1
38 55 1
38 61 1
39 11 -1
39 17 1
39 26 -1
39 33 -1
39 34 -1
39 35 -1
39 38 -1
39 40 1
39 41 -1
39 42 1
39 45 -1
39 46 -1
39 52 -1
39 54 -1
39 57 1
39 61 1
40 14 1
40 18 -1
40 21 -1
40 25 1
40 34 -1
40 35 -1
40 36 1
40 37 -1
40 39 1
40 42 1
40 43 1
40 44 1
40 47 -1
40 51 -1
40 57 1
41 13 -1
41 24 1
41 27 1
41 28 -1
41 33 1
41 34 -1
41 37 1
41 38 -1
41 39 -1
41 42 1
41 46 -1
41 47 -1
41 48 1
41 50 1
42 3 1
42 7 1
42 18 1
42 20 1
42 28 -1
42 30 1
42 34 1
42 36 -1
42 38 1
42 39 1
42 40 1
42 41 1
42 43 1
42 45 1
42 47 1
42 60 -1
43 9 -1
43 11 1
43 23 -1
43 29 1
43 34 1
43 36 1
43 37 1
43 40 1
43 42 1
43 44 1
43 45 1
43 46 -1
43 48 -1
43 56 1
43 60 1
44 5 -1
44 9 -1
44 12 1
44 29 -1
44 32 -1
44 34 -1
44 35 -1
44 36 1
44 37 -1
44 38 1
44 40 1
44 43 1
44 47 -1
44 48 -1
45 3 -1
45 6 1
45 7 -1
45 17 1
45 29 1
45 33 1
45 35 -1
45 36 -1
45 37 1
45 39 -1
45 42 1
45 43 1
45 46 -1
45 48 -1
45 55 1
45 56 -1
46 2 -1
46 4 1
46 6 -1
46 7 1
46 15 -1
46 25 1
46 33 -1
46 35 -1
46 37 1
46 38 -1
46 39 -1
46 41 -1
46 43 -1
46 45 -1
46 47 1
47 1 1
47 10 -1
47 22 -1
47 34 1
47 35 1
47 36 1
47 40 -1
47 41 -1
47 42 1
47 44 -1
47 46 1
47 48 -1
47 49 1
47 50 -1
47 58 1
47 60 1
48 1 1
48 3 1
48 5 -1
48 29 -1
48 31 1
48 33 1
48 35 -1
48 37 -1
48 38 -1
48 41 1
48 43 -1
48 44 -1
48 45 -1
48 47 -1
48 53 1
48 63 1
49 1 -1
49 11 -1
49 12 -1
49 30 1
49 32 1
49 35 -1
49 47 1
49 52 -1
49 54 1
49 55 1
49 56 1
49 57 1
49 59 1
49 61 -1
49 63 1
49 64 -1
50 9 1
50 13 1
50 23 -1
50 34 1
50 37 1
50 41 1
50 47 -1
50 51 -1
50 52 -1
50 55 1
50 57 -1
50 59 1
50 60 -1
50 61 -1
50 62 1
50 64 1
51 8 -1
51 10 -1
51 15 -1
51 18 -1
51 19 1
51 25 1
51 40 -1
51 50 -1
51 52 -1
51 53 -1
51 55 -1
51 56 -1
51 57 -1
51 61 1
51 63 -1
51 64 -1
52 4 -1
52 18 1
52 22 1
52 24 -1
52 26 1
52 34 -1
52 39 -1
52 49 -1
52 50 -1
52 51 -1
52 53 -1
52 54 -1
52 58 -1
52 59 1
52 60 1
52 64 1
53 3 -1
53 27 -1
53 31 1
53 37 -1
53 48 1
53 51 -1
53 52 -1
53 55 1
53 56 -1
53 58 -1
53 60 -1
53 61 1
53 63 -1
53 64 -1
54 11 -1
54 12 1
54 16 -1
54 18 1
54 27 -1
54 33 -1
54 39 -1
54 49 1
54 52 -1
54 56 1
54 57 -1
54 58 -1
54 59 -1
54 60 1
54 62 -1
54 64 1
55 5 -1
55 12 -1
55 16 -1
55 35 -1
55 38 1
55 45 1
55 49 1
55 50 1
55 51 -1
55 53 1
55 58 1
55 59 1
55 62 -1
55 63 1
55 64 1
56 19 1
56 20 -1
56 32 1
56 34 -1
56 35 1
56 43 1
56 45 -1
56 49 1
56 51 -1
56 53 -1
56 54 1
56 59 1
56 60 -1
56 61 1
56 62 1
56 63 1
57 6 1
57 7 -1
57 13 -1
57 33 1
57 39 1
57 40 1
57 49 1
57 50 -1
57 51 -1
57 54 -1
57 58 1
57 59 -1
57 61 -1
57 62 -1
57 64 -1
58 1 -1
58 16 1
58 20 -1
58 22 -1
58 25 1
58 47 1
58 52 -1
58 53 -1
58 54 -1
58 55 1
58 57 1
58 59 -1
58 60 -1
58 62 1
58 63 1
59 3 1
59 8 -1
59 14 -1
59 23 -1
59 28 -1
59 32 -1
59 37 1
59 49 1
59 50 1
59 52 1
59 54 -1
59 55 1
59 56 1
59 57 -1
59 58 -1
59 63 1
60 20 -1
60 26 1
60 27 1
60 34 1
60 42 -1
60 43 1
60 47 1
60 50 -1
60 52 1
60 53 -1
60 54 1
60 56 -1
60 58 -1
60 61 -1
60 62 -1
60 63 -1
61 8 1
61 9 -1
61 33 1
61 36 1
61 38 1
61 39 1
61 49 -1
61 50 -1
61 51 1
61 53 1
61 56 1
61 57 -1
61 60 -1
61 62 -1
61 64 -1
62 2 1
62 3 1
62 9 1
62 12 -1
62 14 1
62 31 1
62 50 1
62 54 -1
62 55 -1
62 56 1
62 57 -1
62 58 1
62 60 -1
62 61 -1
62 63 1
63 2 1
63 8 -1
63 24 1
63 28 -1
63 33 -1
63 36 -1
63 48 1
63 49 1
63 51 -1
63 53 -1
63 55 1
63 56 1
63 58 1
63 59 1
63 60 -1
63 62 1
64 1 -1
64 3 1
64 4 -1
64 6 1
64 13 1
64 17 -1
64 23 -1
64 49 -1
64 50 1
64 51 -1
64 52 1
64 53 -1
64 54 1
64 55 1
64 57 -1
64 61 -1
