1 2 1
1 3 1
1 4 1
1 5 1
1 6 1
1 7 -1
1 11 -1
1 13 1
1 14 -1
1 23 1
1 31 -1
1 40 -1
1 56 1
1 59 1
1 63 1
2 1 1
2 3 1
2 7 -1
2 10 -1
2 11 -1
2 13 1
2 14 1
2 15 1
2 16 1
2 17 1
2 33 1
2 49 1
2 51 1
2 55 1
2 64 1
3 1 1
3 2 1
3 4 1
3 6 -1
3 8 1
3 10 1
3 11 -1
3 12 -1
3 13 1
3 24 1
3 32 -1
3 35 1
3 36 1
3 48 1
3 53 1
4 1 1
4 3 1
4 5 -1
4 7 1
4 10 1
4 11 1
4 13 1
4 14 1
4 16 -1
4 18 1
4 21 -1
4 30 1
4 36 1
4 43 -1
4 60 1
5 1 1
5 4 -1
5 8 1
5 9 1
5 10 1
5 12 -1
5 14 1
5 15 1
5 16 1
5 18 -1
5 26 1
5 51 1
5 56 1
5 57 1
5 60 -1
5 61 1
6 1 1
6 3 -1
6 10 -1
6 11 1
6 12 -1
6 13 1
6 14 1
6 15 1
6 16 -1
6 24 1
6 31 1
6 34 1
6 40 1
6 48 1
6 54 -1
6 56 1
7 1 -1
7 2 -1
7 4 1
7 8 -1
7 9 1
7 12 1
7 14 1
7 15 1
7 16 1
7 24 -1
7 38 -1
7 44 -1
7 46 -1
7 50 -1
7 54 1
7 59 -1
8 3 1
8 5 1
8 7 -1
8 9 1
8 10 1
8 11 1
8 12 1
8 15 -1
8 16 1
8 20 -1
8 38 1
8 40 1
8 49 1
8 60 1
8 62 1
9 5 1
9 7 1
9 8 1
9 10 1
9 11 1
9 12 1
9 13 1
9 14 1
9 15 -1
9 25 1
9 36 1
9 37 1
9 45 -1
9 47 1
9 50 1
9 54 1
10 2 -1
10 3 1
10 4 1
10 5 1
10 6 -1
10 8 1
10 9 1
10 12 1
10 16 1
10 20 1
10 21 -1
10 29 1
10 41 1
10 50 1
10 54 1
11 1 -1
11 2 -1
11 3 -1
11 4 1
11 6 1
11 8 1
11 9 1
11 14 1
11 15 1
11 19 1
11 22 1
11 27 -1
11 28 1
11 29 1
11 51 -1
11 57 -1
12 3 -1
12 5 -1
12 6 -1
12 7 1
12 8 1
12 9 1
12 10 1
12 13 1
12 15 1
12 31 1
12 39 1
12 48 -1
12 51 1
12 54 -1
12 57 1
12 58 -1
13 1 1
13 2 1
13 3 1
13 4 1
13 6 1
13 9 1
13 12 1
13 15 1
13 16 -1
13 28 1
13 41 1
13 46 1
13 48 1
13 50 1
13 55 1
13 60 1
14 1 -1
14 2 1
14 4 1
14 5 1
14 6 1
14 7 1
14 9 1
14 11 1
14 16 -1
14 21 -1
14 30 1
14 39 -1
14 40 1
14 44 -1
14 58 1
14 62 1
15 2 1
15 5 1
15 6 1
15 7 1
15 8 -1
15 9 -1
15 11 1
15 12 1
15 13 1
15 18 1
15 21 -1
15 24 -1
15 35 1
15 38 -1
15 56 -1
16 2 1
16 4 -1
16 5 1
16 6 -1
16 7 1
16 8 1
16 10 1
16 13 -1
16 14 -1
16 29 -1
16 35 1
16 49 -1
16 53 1
16 56 1
16 64 1
17 2 1
17 18 -1
17 22 1
17 23 1
17 24 1
17 26 1
17 27 -1
17 29 -1
17 30 1
17 32 1
17 33 1
17 46 1
17 50 1
17 53 1
17 59 -1
17 63 -1
18 4 1
18 5 -1
18 15 1
18 17 -1
18 21 1
18 22 -1
18 23 1
18 24 -1
18 25 1
18 26 -1
18 28 1
18 29 1
18 43 1
18 47 1
18 61 -1
19 11 1
19 20 -1
19 21 1
19 22 1
19 23 1
19 24 1
19 25 1
19 26 1
19 27 -1
19 28 1
19 38 1
19 46 -1
19 50 -1
19 52 -1
19 54 1
19 57 -1
20 8 -1
20 10 1
20 19 -1
20 22 1
20 24 -1
20 25 1
20 26 1
20 28 1
20 30 -1
20 31 1
20 32 1
20 38 1
20 41 -1
20 46 1
20 62 1
21 4 -1
21 10 -1
21 14 -1
21 15 -1
21 18 1
21 19 1
21 22 1
21 23 1
21 24 -1
21 25 -1
21 27 1
21 30 1
21 31 1
21 52 1
22 11 1
22 17 1
22 18 -1
22 19 1
22 20 1
22 21 1
22 23 1
22 26 1
22 27 1
22 28 1
22 40 -1
22 48 1
22 55 -1
22 58 1
22 60 1
22 62 1
23 1 1
23 17 1
23 18 1
23 19 1
23 21 1
23 22 1
23 29 -1
23 30 -1
23 31 1
23 32 -1
23 35 1
23 41 1
23 43 1
23 55 -1
23 61 1
24 3 1
24 6 1
24 7 -1
24 15 -1
24 17 1
24 18 -1
24 19 1
24 20 -1
24 21 -1
24 28 1
24 29 1
24 31 1
24 32 1
24 33 1
24 59 1
24 61 1
25 9 1
25 18 1
25 19 1
25 20 1
25 21 -1
25 26 1
25 27 1
25 28 1
25 30 1
25 32 1
25 34 1
25 37 1
25 44 1
25 52 -1
25 62 1
26 5 1
26 17 1
26 18 -1
26 19 1
26 20 1
26 22 1
26 25 1
26 29 1
26 30 1
26 32 1
26 34 1
26 40 -1
26 43 1
26 44 1
26 58 -1
26 63 -1
27 11 -1
27 17 -1
27 19 -1
27 21 1
27 22 1
27 25 1
27 28 1
27 29 1
27 31 1
27 32 1
27 36 1
27 43 1
27 44 1
27 53 1
28 11 1
28 13 1
28 18 1
28 19 1
28 20 1
28 22 1
28 24 1
28 25 1
28 27 1
28 29 1
28 31 1
28 37 1
28 39 1
28 43 1
28 49 1
28 63 1
29 10 1
29 11 1
29 16 -1
29 17 -1
29 18 1
29 23 -1
29 24 1
29 26 1
29 27 1
29 28 1
29 30 -1
29 31 1
29 34 1
29 45 -1
29 50 1
30 4 1
30 14 1
30 17 1
30 20 -1
30 21 1
30 23 -1
30 25 1
30 26 1
30 29 -1
30 31 1
30 32 1
30 33 -1
30 34 -1
30 47 1
30 60 -1
31 1 -1
31 6 1
31 12 1
31 20 1
31 21 1
31 23 1
31 24 1
31 27 1
31 28 1
31 29 1
31 30 1
31 32 1
31 36 1
32 3 -1
32 17 1
32 20 1
32 23 -1
32 24 1
32 25 1
32 26 1
32 27 1
32 30 1
32 31 1
32 37 -1
32 40 -1
32 41 1
32 44 1
32 58 1
32 61 1
33 2 1
33 17 1
33 24 1
33 30 -1
33 34 1
33 35 1
33 36 -1
33 38 1
33 39 -1
33 40 1
33 41 1
33 42 1
33 48 -1
33 51 1
33 56 1
34 6 1
34 25 1
34 26 1
34 29 1
34 30 -1
34 33 1
34 37 -1
34 38 1
34 39 1
34 41 1
34 43 1
34 44 1
34 45 1
34 47 1
34 51 1
34 57 1
35 3 1
35 15 1
35 16 1
35 23 1
35 33 1
35 36 -1
35 37 -1
35 38 1
35 41 1
35 43 1
35 44 1
35 46 1
35 48 1
35 52 1
35 59 -1
36 3 1
36 4 1
36 9 1
36 27 1
36 31 1
36 33 -1
36 35 -1
36 37 1
36 40 1
36 42 1
36 43 -1
36 46 1
36 47 1
36 48 1
37 9 1
37 25 1
37 28 1
37 32 -1
37 34 -1
37 35 -1
37 36 1
37 39 1
37 41 -1
37 44 1
37 45 -1
37 46 1
37 48 1
37 56 1
37 63 1
38 7 -1
38 8 1
38 15 -1
38 19 1
38 20 1
38 33 1
38 34 1
38 35 1
38 39 1
38 41 1
38 42 -1
38 43 1
38 47 1
38 48 1
38 53 -1
38 55 1
39 12 1
39 14 -1
39 28 1
39 33 -1
39 34 1
39 37 1
39 38 1
39 40 1
39 43 -1
39 44 1
39 45 -1
39 47 -1
39 52 -1
39 53 1
39 59 -1
39 61 1
40 1 -1
40 6 1
40 8 1
40 14 1
40 22 -1
40 26 -1
40 32 -1
40 33 1
40 36 1
40 39 1
40 41 -1
40 42 1
40 44 -1
40 46 1
40 47 1
40 48 1
41 10 1
41 13 1
41 20 -1
41 23 1
41 32 1
41 33 1
41 34 1
41 35 1
41 37 -1
41 38 1
41 40 -1
41 42 -1
41 44 1
41 46 -1
41 49 -1
41 63 1
42 33 1
42 36 1
42 38 -1
42 40 1
42 41 -1
42 43 1
42 45 1
42 47 1
42 48 -1
42 55 1
42 58 1
42 60 1
42 62 1
42 64 -1
43 4 -1
43 18 1
43 23 1
43 26 1
43 27 1
43 28 1
43 34 1
43 35 1
43 36 -1
43 38 1
43 39 -1
43 42 1
43 44 1
43 45 1
43 46 1
43 55 1
44 7 -1
44 14 -1
44 25 1
44 26 1
44 27 1
44 32 1
44 34 1
44 35 1
44 37 1
44 39 1
44 40 -1
44 41 1
44 43 1
44 45 1
44 46 1
45 9 -1
45 29 -1
45 34 1
45 37 -1
45 39 -1
45 42 1
45 43 1
45 44 1
45 46 -1
45 47 1
45 48 -1
45 52 1
45 54 1
45 57 -1
45 58 -1
45 63 -1
46 7 -1
46 13 1
46 17 1
46 19 -1
46 20 1
46 35 1
46 36 1
46 37 1
46 40 1
46 41 -1
46 43 1
46 44 1
46 45 -1
46 47 1
46 49 1
46 64 -1
47 9 1
47 18 1
47 30 1
47 34 1
47 36 1
47 38 1
47 39 -1
47 40 1
47 42 1
47 45 1
47 46 1
47 48 -1
47 51 1
47 52 1
47 57 1
47 59 -1
48 3 1
48 6 1
48 12 -1
48 13 1
48 22 1
48 33 -1
48 35 1
48 36 1
48 37 1
48 38 1
48 40 1
48 42 -1
48 45 -1
48 47 -1
48 64 1
49 2 1
49 8 1
49 16 -1
49 28 1
49 41 -1
49 46 1
49 50 -1
49 51 1
49 54 1
49 56 1
49 57 -1
49 59 1
49 60 1
49 63 1
49 64 -1
50 7 -1
50 9 1
50 10 1
50 13 1
50 17 1
50 19 -1
50 29 1
50 49 -1
50 52 1
50 53 1
50 54 1
50 57 1
50 59 -1
50 61 -1
50 62 1
50 63 -1
51 2 1
51 5 1
51 11 -1
51 12 1
51 33 1
51 34 1
51 47 1
51 49 1
51 54 -1
51 55 1
51 57 -1
51 58 1
51 61 1
51 62 -1
51 63 1
51 64 -1
52 19 -1
52 21 1
52 25 -1
52 35 1
52 39 -1
52 45 1
52 47 1
52 50 1
52 53 1
52 55 -1
52 56 1
52 57 1
52 59 -1
52 60 -1
52 62 1
52 64 1
53 3 1
53 16 1
53 17 1
53 27 1
53 38 -1
53 39 1
53 50 1
53 52 1
53 56 -1
53 58 1
53 59 1
53 60 1
53 61 1
53 63 1
53 64 1
54 6 -1
54 7 1
54 9 1
54 10 1
54 12 -1
54 19 1
54 45 1
54 49 1
54 50 1
54 51 -1
54 55 1
54 56 1
54 58 1
54 60 1
54 61 -1
54 62 1
55 2 1
55 13 1
55 22 -1
55 23 -1
55 38 1
55 42 1
55 43 1
55 51 1
55 52 -1
55 54 1
55 57 -1
55 59 -1
55 60 1
55 62 1
55 63 -1
55 64 -1
56 1 1
56 5 1
56 6 1
56 15 -1
56 16 1
56 33 1
56 37 1
56 49 1
56 52 1
56 53 -1
56 54 1
56 58 -1
56 59 1
56 60 1
56 61 -1
56 63 1
57 5 1
57 11 -1
57 12 1
57 19 -1
57 34 1
57 45 -1
57 47 1
57 49 -1
57 50 1
57 51 -1
57 52 1
57 55 -1
57 58 -1
57 60 1
57 61 1
57 64 1
58 12 -1
58 14 1
58 22 1
58 26 -1
58 32 1
58 42 1
58 45 -1
58 51 1
58 53 1
58 54 1
58 56 -1
58 57 -1
58 59 -1
58 60 -1
58 61 1
58 63 -1
59 1 1
59 7 -1
59 17 -1
59 24 1
59 35 -1
59 39 -1
59 47 -1
59 49 1
59 50 -1
59 52 -1
59 53 1
59 55 -1
59 56 1
59 58 -1
59 62 1
59 64 1
60 4 1
60 5 -1
60 8 1
60 13 1
60 22 1
60 30 -1
60 42 1
60 49 1
60 52 -1
60 53 1
60 54 1
60 55 1
60 56 1
60 57 1
60 58 -1
60 64 -1
61 5 1
61 18 -1
61 23 1
61 24 1
61 32 1
61 39 1
61 50 -1
61 51 1
61 53 1
61 54 -1
61 56 -1
61 57 1
61 58 1
61 62 1
61 63 1
62 8 1
62 14 1
62 20 1
62 22 1
62 25 1
62 42 1
62 50 1
62 51 -1
62 52 1
62 54 1
62 55 1
62 59 1
62 61 1
62 63 -1
62 64 1
63 1 1
63 17 -1
63 26 -1
63 28 1
63 37 1
63 41 1
63 45 -1
63 49 1
63 50 -1
63 51 1
63 53 1
63 55 -1
63 56 1
63 58 -1
63 61 1
63 62 -1
64 2 1
64 16 1
64 42 -1
64 46 -1
64 48 1
64 49 -1
64 51 -1
64 52 1
64 53 1
64 55 -1
64 57 1
64 59 1
64 60 -1
64 62 1
