1 4 -1
1 6 1
1 8 -1
1 9 -1
1 11 1
1 12 -1
1 13 -1
1 15 1
1 16 -1
1 20 -1
1 21 -1
1 25 -1
1 30 -1
1 32 -1
1 56 -1
2 3 1
2 4 -1
2 5 1
2 7 -1
2 9 1
2 12 -1
2 13 -1
2 14 -1
2 16 -1
2 23 1
2 34 -1
2 35 -1
2 38 -1
2 41 1
2 59 -1
2 63 1
3 2 1
3 5 -1
3 6 -1
3 8 -1
3 9 -1
3 11 1
3 12 -1
3 15 -1
3 16 1
3 28 -1
3 36 -1
3 38 1
3 41 -1
3 54 -1
3 56 -1
3 64 -1
4 1 -1
4 2 -1
4 5 1
4 7 1
4 8 -1
4 10 1
4 14 -1
4 15 -1
4 16 -1
4 18 -1
4 36 -1
4 37 -1
4 41 -1
4 52 1
4 62 -1
5 2 1
5 3 -1
5 4 1
5 6 1
5 7 -1
5 8 -1
5 13 -1
5 14 -1
5 15 1
5 28 -1
5 34 -1
5 42 -1
5 56 1
5 57 1
5 59 -1
5 64 -1
6 1 1
6 3 -1
6 5 1
6 7 1
6 10 1
6 11 1
6 13 -1
6 14 -1
6 15 1
6 19 1
6 21 -1
6 40 -1
6 41 -1
6 45 1
6 52 -1
6 61 -1
7 2 -1
7 4 1
7 5 -1
7 6 1
7 8 -1
7 11 1
7 12 -1
7 13 1
7 14 1
7 38 1
7 47 1
7 53 -1
7 57 1
7 58 -1
8 1 -1
8 3 -1
8 4 -1
8 5 -1
8 7 -1
8 9 1
8 10 -1
8 13 -1
8 16 -1
8 22 -1
8 33 -1
8 34 -1
8 43 -1
8 44 -1
8 53 1
9 1 -1
9 2 1
9 3 -1
9 8 1
9 10 -1
9 11 1
9 12 1
9 14 -1
9 16 -1
9 18 1
9 21 -1
9 26 -1
9 32 -1
9 44 -1
9 49 -1
9 60 -1
10 4 1
10 6 1
10 8 -1
10 9 -1
10 11 1
10 12 -1
10 13 1
10 14 1
10 16 -1
10 25 -1
10 35 -1
10 37 -1
10 43 1
10 51 -1
10 58 1
10 59 -1
11 1 1
11 3 1
11 6 1
11 7 1
11 9 1
11 10 1
11 12 1
11 15 1
11 16 1
11 17 -1
11 30 -1
11 38 1
11 41 1
11 47 -1
11 58 -1
11 64 -1
12 1 -1
12 2 -1
12 3 -1
12 7 -1
12 9 1
12 10 -1
12 11 1
12 15 1
12 16 -1
12 18 1
12 21 1
12 25 -1
12 28 -1
12 36 1
12 43 -1
12 46 -1
13 1 -1
13 2 -1
13 5 -1
13 6 -1
13 7 1
13 8 -1
13 10 1
13 14 -1
13 15 -1
13 33 -1
13 39 1
13 41 -1
13 50 1
13 52 1
14 2 -1
14 4 -1
14 5 -1
14 6 -1
14 7 1
14 9 -1
14 10 1
14 13 -1
14 15 -1
14 20 -1
14 22 1
14 34 -1
14 35 -1
14 36 1
14 51 1
14 61 -1
15 1 1
15 3 -1
15 4 -1
15 5 1
15 6 1
15 11 1
15 12 1
15 13 -1
15 14 -1
15 19 -1
15 23 -1
15 24 -1
15 26 1
15 27 -1
15 28 -1
15 62 -1
16 1 -1
16 2 -1
16 3 1
16 4 -1
16 8 -1
16 9 -1
16 10 -1
16 11 1
16 12 -1
16 22 -1
16 29 1
16 42 -1
16 52 1
16 54 -1
16 58 1
17 11 -1
17 18 1
17 19 -1
17 22 -1
17 23 -1
17 24 -1
17 25 -1
17 26 -1
17 28 -1
17 30 -1
17 39 -1
17 43 -1
17 49 1
17 50 -1
17 51 -1
17 56 -1
18 4 -1
18 9 1
18 12 1
18 17 1
18 21 -1
18 22 1
18 24 -1
18 25 1
18 26 -1
18 27 1
18 29 -1
18 32 -1
18 46 -1
18 57 -1
18 58 1
18 59 1
19 6 1
19 15 -1
19 17 -1
19 20 1
19 21 -1
19 24 -1
19 25 -1
19 27 -1
19 28 -1
19 29 -1
19 31 -1
19 38 -1
19 40 -1
19 49 -1
19 52 -1
19 58 1
20 1 -1
20 14 -1
20 19 1
20 21 1
20 23 -1
20 25 -1
20 26 1
20 28 -1
20 29 -1
20 30 -1
20 32 1
20 36 -1
20 39 -1
20 46 -1
20 60 -1
21 1 -1
21 6 -1
21 9 -1
21 12 1
21 18 -1
21 19 -1
21 20 1
21 22 -1
21 23 -1
21 26 -1
21 27 -1
21 31 -1
21 32 1
21 44 1
21 47 -1
21 60 1
22 8 -1
22 14 1
22 16 -1
22 17 -1
22 18 1
22 21 -1
22 23 -1
22 24 -1
22 29 -1
22 30 -1
22 31 1
22 32 1
22 33 1
22 46 -1
22 61 -1
22 63 -1
23 2 1
23 15 -1
23 17 -1
23 20 -1
23 21 -1
23 22 -1
23 25 -1
23 26 1
23 27 -1
23 29 1
23 31 -1
23 34 -1
23 35 1
23 50 -1
23 55 -1
23 60 -1
24 15 -1
24 17 -1
24 18 -1
24 19 -1
24 22 -1
24 27 -1
24 28 1
24 29 1
24 30 -1
24 32 -1
24 33 -1
24 39 -1
24 43 -1
24 45 -1
24 61 -1
25 1 -1
25 10 -1
25 12 -1
25 17 -1
25 18 1
25 19 -1
25 20 -1
25 23 -1
25 29 -1
25 30 -1
25 31 1
25 32 1
25 37 -1
25 46 -1
25 53 -1
25 57 -1
26 9 -1
26 15 1
26 17 -1
26 18 -1
26 20 1
26 21 -1
26 23 1
26 27 -1
26 28 -1
26 30 -1
26 31 1
26 34 1
26 42 -1
26 51 -1
26 59 -1
26 61 1
27 15 -1
27 18 1
27 19 -1
27 21 -1
27 23 -1
27 24 -1
27 26 -1
27 28 -1
27 29 -1
27 32 -1
27 34 1
27 44 1
27 47 1
27 50 -1
27 56 -1
27 60 -1
28 3 -1
28 5 -1
28 12 -1
28 15 -1
28 17 -1
28 19 -1
28 20 -1
28 24 1
28 26 -1
28 27 -1
28 30 -1
28 31 1
28 32 -1
28 59 -1
28 61 -1
29 16 1
29 18 -1
29 19 -1
29 20 -1
29 22 -1
29 23 1
29 24 1
29 25 -1
29 27 -1
29 30 -1
29 44 -1
29 45 -1
29 48 1
29 50 -1
29 55 1
30 1 -1
30 11 -1
30 17 -1
30 20 -1
30 22 -1
30 24 -1
30 25 -1
30 26 -1
30 28 -1
30 29 -1
30 31 1
30 42 -1
30 60 -1
30 62 1
31 19 -1
31 21 -1
31 22 1
31 23 -1
31 25 1
31 26 1
31 28 1
31 30 1
31 32 1
31 33 1
31 39 1
31 41 1
31 47 -1
31 51 -1
31 52 -1
31 63 -1
32 1 -1
32 9 -1
32 18 -1
32 20 1
32 21 1
32 22 1
32 24 -1
32 25 1
32 27 -1
32 28 -1
32 31 1
32 45 1
32 46 -1
32 54 1
32 57 1
32 62 -1
33 8 -1
33 13 -1
33 22 1
33 24 -1
33 31 1
33 35 1
33 36 -1
33 38 -1
33 39 1
33 40 1
33 41 -1
33 43 -1
33 46 -1
33 47 -1
34 2 -1
34 5 -1
34 8 -1
34 14 -1
34 23 -1
34 26 1
34 27 1
34 35 -1
34 37 -1
34 38 1
34 39 1
34 40 -1
34 41 1
34 44 1
34 45 -1
34 47 1
35 2 -1
35 10 -1
35 14 -1
35 23 1
35 33 1
35 34 -1
35 36 -1
35 37 -1
35 39 -1
35 43 1
35 44 1
35 45 -1
35 47 -1
35 54 -1
35 56 -1
35 62 -1
36 3 -1
36 4 -1
36 12 1
36 14 1
36 20 -1
36 33 -1
36 35 -1
36 37 1
36 38 -1
36 42 -1
36 44 -1
36 46 -1
36 47 -1
36 48 -1
36 55 -1
37 4 -1
37 10 -1
37 25 -1
37 34 -1
37 35 -1
37 36 1
37 40 1
37 43 -1
37 44 1
37 45 -1
37 46 1
37 47 1
37 49 -1
37 50 -1
37 53 -1
37 64 -1
38 2 -1
38 3 1
38 7 1
38 11 1
38 19 -1
38 33 -1
38 34 1
38 36 -1
38 39 -1
38 40 -1
38 41 1
38 42 -1
38 45 -1
38 48 -1
38 49 1
38 63 -1
39 13 1
39 17 -1
39 20 -1
39 24 -1
39 31 1
39 33 1
39 34 1
39 35 -1
39 38 -1
39 41 -1
39 42 -1
39 43 1
39 47 -1
39 48 1
39 64 -1
40 6 -1
40 19 -1
40 33 1
40 34 -1
40 37 1
40 38 -1
40 42 -1
40 43 -1
40 44 -1
40 46 1
40 48 -1
40 49 -1
40 55 -1
40 57 1
40 61 -1
41 2 1
41 3 -1
41 4 -1
41 6 -1
41 11 1
41 13 -1
41 31 1
41 33 -1
41 34 1
41 38 1
41 39 -1
41 43 -1
41 44 1
41 45 -1
41 46 -1
41 48 -1
42 5 -1
42 16 -1
42 26 -1
42 30 -1
42 36 -1
42 38 -1
42 39 -1
42 40 -1
42 43 -1
42 44 -1
42 45 -1
42 46 -1
42 48 -1
42 53 -1
42 54 -1
43 8 -1
43 10 1
43 12 -1
43 17 -1
43 24 -1
43 33 -1
43 35 1
43 37 -1
43 39 1
43 40 -1
43 41 -1
43 42 -1
43 46 -1
43 48 1
43 57 -1
43 58 -1
44 8 -1
44 9 -1
44 21 1
44 27 1
44 29 -1
44 34 1
44 35 1
44 36 -1
44 37 1
44 40 -1
44 41 1
44 42 -1
44 45 -1
44 46 -1
44 51 -1
45 6 1
45 24 -1
45 29 -1
45 32 1
45 34 -1
45 35 -1
45 37 -1
45 38 -1
45 41 -1
45 42 -1
45 44 -1
45 47 -1
45 48 -1
45 55 -1
45 63 1
45 64 -1
46 12 -1
46 18 -1
46 20 -1
46 22 -1
46 25 -1
46 32 -1
46 33 -1
46 36 -1
46 37 1
46 40 1
46 41 -1
46 42 -1
46 43 -1
46 44 -1
46 47 -1
46 54 1
47 7 1
47 11 -1
47 21 -1
47 27 1
47 31 -1
47 33 -1
47 34 1
47 35 -1
47 36 -1
47 37 1
47 39 -1
47 45 -1
47 46 -1
47 48 -1
47 62 -1
48 29 1
48 36 -1
48 38 -1
48 39 1
48 40 -1
48 41 -1
48 42 -1
48 43 1
48 45 -1
48 47 -1
48 49 -1
48 51 1
48 53 1
48 55 -1
48 63 -1
49 9 -1
49 17 1
49 19 -1
49 37 -1
49 38 1
49 40 -1
49 48 -1
49 50 -1
49 52 -1
49 54 -1
49 55 -1
49 56 -1
49 57 -1
49 58 1
49 61 -1
49 62 -1
50 13 1
50 17 -1
50 23 -1
50 27 -1
50 29 -1
50 37 -1
50 49 -1
50 51 1
50 54 1
50 56 -1
50 58 1
50 59 1
50 60 -1
50 62 -1
50 64 -1
51 10 -1
51 14 1
51 17 -1
51 26 -1
51 31 -1
51 44 -1
51 48 1
51 50 1
51 52 -1
51 53 1
51 54 -1
51 56 -1
51 59 -1
51 61 -1
51 62 -1
51 63 -1
52 4 1
52 6 -1
52 13 1
52 16 1
52 19 -1
52 31 -1
52 49 -1
52 51 -1
52 54 1
52 55 1
52 57 1
52 59 -1
52 60 -1
52 62 1
52 63 1
53 7 -1
53 8 1
53 25 -1
53 37 -1
53 42 -1
53 48 1
53 51 1
53 56 -1
53 57 -1
53 58 -1
53 60 -1
53 61 -1
53 62 -1
53 63 -1
53 64 -1
54 3 -1
54 16 -1
54 32 1
54 35 -1
54 42 -1
54 46 1
54 49 -1
54 50 1
54 51 -1
54 52 1
54 56 -1
54 57 -1
54 59 -1
54 60 -1
54 61 -1
55 23 -1
55 29 1
55 36 -1
55 40 -1
55 45 -1
55 48 -1
55 49 -1
55 52 1
55 56 -1
55 57 -1
55 58 -1
55 60 -1
55 61 1
55 63 -1
55 64 -1
56 1 -1
56 3 -1
56 5 1
56 17 -1
56 27 -1
56 35 -1
56 49 -1
56 50 -1
56 51 -1
56 53 -1
56 54 -1
56 55 -1
56 57 -1
56 63 -1
56 64 -1
57 5 1
57 7 1
57 18 -1
57 25 -1
57 32 1
57 40 1
57 43 -1
57 49 -1
57 52 1
57 53 -1
57 54 -1
57 55 -1
57 56 -1
57 58 -1
57 61 -1
57 64 1
58 7 -1
58 10 1
58 11 -1
58 16 1
58 18 1
58 19 1
58 43 -1
58 49 1
58 50 1
58 53 -1
58 55 -1
58 57 -1
58 59 -1
58 60 -1
58 62 -1
58 63 -1
59 2 -1
59 5 -1
59 10 -1
59 18 1
59 26 -1
59 28 -1
59 50 1
59 51 -1
59 52 -1
59 54 -1
59 58 -1
59 60 1
59 61 1
59 62 1
59 64 -1
60 9 -1
60 20 -1
60 21 1
60 23 -1
60 27 -1
60 30 -1
60 50 -1
60 52 -1
60 53 -1
60 54 -1
60 55 -1
60 58 -1
60 59 1
60 63 -1
60 64 -1
61 6 -1
61 14 -1
61 22 -1
61 24 -1
61 26 1
61 28 -1
61 40 -1
61 49 -1
61 51 -1
61 53 -1
61 54 -1
61 55 1
61 57 -1
61 59 1
61 63 -1
61 64 1
62 4 -1
62 15 -1
62 30 1
62 32 -1
62 35 -1
62 47 -1
62 49 -1
62 50 -1
62 51 -1
62 52 1
62 53 -1
62 58 -1
62 59 1
62 63 -1
62 64 1
63 2 1
63 22 -1
63 31 -1
63 38 -1
63 45 1
63 48 -1
63 51 -1
63 52 1
63 53 -1
63 55 -1
63 56 -1
63 58 -1
63 60 -1
63 61 -1
63 62 -1
64 3 -1
64 5 -1
64 11 -1
64 37 -1
64 39 -1
64 45 -1
64 50 -1
64 53 -1
64 55 -1
64 56 -1
64 57 1
64 59 -1
64 60 -1
64 61 1
64 62 1
