1 2 -1
1 6 -1
1 7 1
1 8 1
1 9 1
1 11 1
1 14 -1
1 15 1
1 16 -1
1 23 1
1 25 -1
1 26 1
1 29 -1
1 31 1
1 39 -1
1 47 1
2 1 -1
2 4 -1
2 5 1
2 6 1
2 7 -1
2 11 1
2 12 -1
2 15 -1
2 16 -1
2 26 1
2 27 -1
2 35 1
2 42 -1
2 50 -1
2 52 1
2 61 1
3 4 1
3 6 -1
3 8 1
3 11 1
3 12 -1
3 13 1
3 14 1
3 15 -1
3 16 1
3 22 1
3 30 -1
3 39 1
3 53 1
3 58 -1
3 59 1
3 60 1
4 2 -1
4 3 1
4 6 1
4 7 1
4 9 1
4 10 -1
4 11 -1
4 13 1
4 15 1
4 19 -1
4 33 -1
4 41 -1
4 42 -1
4 47 1
4 55 -1
4 64 -1
5 2 1
5 6 -1
5 8 -1
5 9 1
5 10 -1
5 13 -1
5 14 1
5 15 -1
5 16 -1
5 20 1
5 28 -1
5 31 1
5 32 1
5 33 1
5 49 1
5 52 1
6 1 -1
6 2 1
6 3 -1
6 4 1
6 5 -1
6 8 1
6 12 -1
6 13 1
6 14 -1
6 27 1
6 29 1
6 30 1
6 53 -1
6 59 1
6 61 1
6 63 1
7 1 1
7 2 -1
7 4 1
7 8 1
7 9 -1
7 10 1
7 11 -1
7 14 -1
7 16 1
7 23 1
7 28 1
7 38 1
7 42 -1
7 49 1
7 63 -1
8 1 1
8 3 1
8 5 -1
8 6 1
8 7 1
8 11 1
8 12 1
8 14 -1
8 15 -1
8 17 1
8 23 -1
8 28 -1
8 35 1
8 41 -1
8 43 1
9 1 1
9 4 1
9 5 1
9 7 -1
9 10 1
9 11 -1
9 12 -1
9 13 1
9 16 -1
9 35 1
9 39 1
9 45 1
9 47 -1
9 51 1
9 53 -1
9 59 -1
10 4 -1
10 5 -1
10 7 1
10 9 1
10 11 1
10 12 1
10 14 -1
10 15 -1
10 16 -1
10 19 1
10 24 -1
10 26 1
10 27 1
10 29 1
10 38 -1
10 46 1
11 1 1
11 2 1
11 3 1
11 4 -1
11 7 -1
11 8 1
11 9 -1
11 10 1
11 13 -1
11 24 1
11 25 -1
11 33 1
11 40 -1
11 50 1
11 55 -1
11 58 -1
12 2 -1
12 3 -1
12 6 -1
12 8 1
12 9 -1
12 10 1
12 13 1
12 15 1
12 16 1
12 17 1
12 19 1
12 22 1
12 24 -1
12 38 1
12 43 1
12 50 1
13 3 1
13 4 1
13 5 -1
13 6 1
13 9 1
13 11 -1
13 12 1
13 14 1
13 16 1
13 19 -1
13 27 1
13 37 -1
13 43 -1
13 51 -1
13 63 -1
14 1 -1
14 3 1
14 5 1
14 6 -1
14 7 -1
14 8 -1
14 10 -1
14 13 1
14 15 1
14 24 -1
14 27 -1
14 36 1
14 55 1
14 56 1
14 57 1
15 1 1
15 2 -1
15 3 -1
15 4 1
15 5 -1
15 8 -1
15 10 -1
15 12 1
15 14 1
15 18 1
15 40 1
15 53 1
15 54 -1
15 59 1
15 61 1
16 1 -1
16 2 -1
16 3 1
16 5 -1
16 7 1
16 9 -1
16 10 -1
16 12 1
16 13 1
16 17 1
16 24 1
16 32 -1
16 51 1
16 52 -1
16 56 -1
17 8 1
17 12 1
17 16 1
17 20 1
17 23 -1
17 24 1
17 25 -1
17 26 -1
17 28 -1
17 29 -1
17 31 1
17 32 -1
17 44 1
17 46 1
17 62 1
18 15 1
18 19 -1
18 20 -1
18 21 -1
18 22 -1
18 25 -1
18 27 1
18 29 1
18 30 -1
18 31 -1
18 35 1
18 48 1
18 50 1
18 61 1
18 62 -1
19 4 -1
19 10 1
19 12 1
19 13 -1
19 18 -1
19 20 1
19 21 -1
19 23 -1
19 24 -1
19 26 -1
19 27 1
19 30 1
19 31 -1
19 38 1
19 41 1
19 63 -1
20 5 1
20 17 1
20 18 -1
20 19 1
20 21 1
20 22 -1
20 26 1
20 27 -1
20 28 1
20 32 -1
20 42 -1
20 49 1
20 50 1
20 56 1
20 60 1
20 62 -1
21 18 -1
21 19 -1
21 20 1
21 22 -1
21 25 1
21 27 -1
21 28 -1
21 29 -1
21 32 1
21 34 1
21 36 -1
21 40 1
21 41 1
21 44 -1
21 48 1
22 3 1
22 12 1
22 18 -1
22 20 -1
22 21 -1
22 24 1
22 25 1
22 26 1
22 27 -1
22 28 1
22 30 -1
22 42 1
22 50 1
22 57 -1
22 59 -1
23 1 1
23 7 1
23 8 -1
23 17 -1
23 19 -1
23 24 1
23 25 -1
23 26 -1
23 29 1
23 30 1
23 31 -1
23 32 -1
23 33 -1
23 35 -1
23 53 -1
23 64 -1
24 10 -1
24 11 1
24 12 -1
24 14 -1
24 16 1
24 17 1
24 19 -1
24 22 1
24 23 1
24 26 -1
24 28 1
24 29 -1
24 30 1
24 31 -1
24 45 -1
24 49 -1
25 1 -1
25 11 -1
25 17 -1
25 18 -1
25 21 1
25 22 1
25 23 -1
25 28 1
25 29 -1
25 30 1
25 32 -1
25 34 -1
25 45 -1
25 51 1
25 64 1
26 1 1
26 2 1
26 10 1
26 17 -1
26 19 -1
26 20 1
26 22 1
26 23 -1
26 24 -1
26 30 -1
26 31 1
26 32 -1
26 37 -1
26 44 -1
26 52 1
26 58 -1
27 2 -1
27 6 1
27 10 1
27 13 1
27 14 -1
27 18 1
27 19 1
27 20 -1
27 21 -1
27 22 -1
27 29 -1
27 30 1
27 31 -1
27 32 1
27 56 -1
27 58 1
28 5 -1
28 7 1
28 8 -1
28 17 -1
28 20 1
28 21 -1
28 22 1
28 24 1
28 25 1
28 29 -1
28 31 1
28 32 1
28 44 1
28 51 1
28 60 1
29 1 -1
29 6 1
29 10 1
29 17 -1
29 18 1
29 21 -1
29 23 1
29 24 -1
29 25 -1
29 27 -1
29 28 -1
29 30 -1
29 34 -1
29 41 -1
29 43 -1
29 49 -1
30 3 -1
30 6 1
30 18 -1
30 19 1
30 22 -1
30 23 1
30 24 1
30 25 1
30 26 -1
30 27 1
30 29 -1
30 39 1
30 41 -1
30 42 1
30 57 1
30 58 1
31 1 1
31 5 1
31 17 1
31 18 -1
31 19 -1
31 23 -1
31 24 -1
31 26 1
31 27 -1
31 28 1
31 32 -1
31 35 1
31 39 -1
31 43 -1
31 45 1
31 47 -1
32 5 1
32 16 -1
32 17 -1
32 20 -1
32 21 1
32 23 -1
32 25 -1
32 26 -1
32 27 1
32 28 1
32 31 -1
32 36 -1
32 37 1
32 39 1
32 44 1
32 58 -1
33 4 -1
33 5 1
33 11 1
33 23 -1
33 34 -1
33 35 1
33 36 -1
33 37 -1
33 38 -1
33 39 1
33 42 -1
33 43 1
33 44 -1
33 60 -1
33 61 1
34 21 1
34 25 -1
34 29 -1
34 33 -1
34 36 -1
34 37 -1
34 38 1
34 40 -1
34 45 -1
34 46 -1
34 47 1
34 48 -1
34 53 1
34 59 1
35 2 1
35 8 1
35 9 1
35 18 1
35 23 -1
35 31 1
35 33 1
35 36 1
35 39 -1
35 40 -1
35 41 1
35 44 -1
35 45 -1
35 47 1
35 48 1
35 55 1
36 14 1
36 21 -1
36 32 -1
36 33 -1
36 34 -1
36 35 1
36 40 -1
36 41 1
36 45 -1
36 46 -1
36 47 -1
36 48 1
36 51 -1
36 52 1
36 54 1
36 56 -1
37 13 -1
37 26 -1
37 32 1
37 33 -1
37 34 -1
37 38 -1
37 40 -1
37 41 1
37 43 1
37 45 1
37 46 -1
37 48 -1
37 55 -1
37 59 -1
37 60 -1
37 62 1
38 7 1
38 10 -1
38 12 1
38 19 1
38 33 -1
38 34 1
38 37 -1
38 39 -1
38 43 -1
38 44 1
38 45 1
38 46 1
38 47 1
38 54 1
38 55 -1
38 63 1
39 1 -1
39 3 1
39 9 1
39 30 1
39 31 -1
39 32 1
39 33 1
39 35 -1
39 38 -1
39 40 1
39 42 -1
39 43 1
39 44 -1
39 45 -1
39 46 -1
39 60 -1
40 11 -1
40 15 1
40 21 1
40 34 -1
40 35 -1
40 36 -1
40 37 -1
40 39 1
40 41 1
40 42 -1
40 43 -1
40 44 -1
40 49 1
40 63 -1
40 64 1
41 4 -1
41 8 -1
41 19 1
41 21 1
41 29 -1
41 30 -1
41 35 1
41 36 1
41 37 1
41 40 1
41 42 1
41 43 -1
41 44 1
41 47 -1
41 48 1
41 61 1
42 2 -1
42 4 -1
42 7 -1
42 20 -1
42 22 1
42 30 1
42 33 -1
42 39 -1
42 40 -1
42 41 1
42 43 1
42 45 -1
42 46 -1
42 47 -1
42 48 1
42 57 1
43 8 1
43 12 1
43 13 -1
43 29 -1
43 31 -1
43 33 1
43 37 1
43 38 -1
43 39 1
43 40 -1
43 41 -1
43 42 1
43 45 1
43 46 1
43 50 1
43 57 -1
44 17 1
44 21 -1
44 26 -1
44 28 1
44 32 1
44 33 -1
44 35 -1
44 38 1
44 39 -1
44 40 -1
44 41 1
44 46 1
44 47 1
44 48 1
44 63 -1
44 64 1
45 9 1
45 24 -1
45 25 -1
45 31 1
45 34 -1
45 35 -1
45 36 -1
45 37 1
45 38 1
45 39 -1
45 42 -1
45 43 1
45 47 1
45 49 1
45 55 -1
45 58 -1
46 10 1
46 17 1
46 34 -1
46 36 -1
46 37 -1
46 38 1
46 39 -1
46 42 -1
46 43 1
46 44 1
46 48 1
46 52 1
46 54 -1
46 64 -1
47 1 1
47 4 1
47 9 -1
47 31 -1
47 34 1
47 35 1
47 36 -1
47 38 1
47 41 -1
47 42 -1
47 44 1
47 45 1
47 48 -1
47 53 1
47 62 1
47 64 1
48 18 1
48 21 1
48 34 -1
48 35 1
48 36 1
48 37 -1
48 41 1
48 42 1
48 44 1
48 46 1
48 47 -1
48 52 -1
48 54 1
48 56 1
48 62 -1
49 5 1
49 7 1
49 20 1
49 24 -1
49 29 -1
49 40 1
49 45 1
49 50 -1
49 52 -1
49 54 -1
49 55 -1
49 57 1
49 58 1
49 59 -1
49 63 1
49 64 -1
50 2 -1
50 11 1
50 12 1
50 18 1
50 20 1
50 22 1
50 43 1
50 49 -1
50 52 1
50 54 -1
50 57 1
50 59 1
50 60 -1
50 61 1
50 62 1
50 64 1
51 9 1
51 13 -1
51 16 1
51 25 1
51 28 1
51 36 -1
51 52 1
51 54 1
51 55 1
51 56 1
51 58 1
51 60 1
51 61 -1
51 63 1
51 64 -1
52 2 1
52 5 1
52 16 -1
52 26 1
52 36 1
52 46 1
52 48 -1
52 49 -1
52 50 1
52 51 1
52 53 1
52 55 -1
52 56 -1
52 58 -1
52 59 -1
52 64 1
53 3 1
53 6 -1
53 9 -1
53 15 1
53 23 -1
53 34 1
53 47 1
53 52 1
53 54 -1
53 55 1
53 56 -1
53 58 -1
53 59 1
53 61 -1
53 62 -1
53 64 -1
54 15 -1
54 36 1
54 38 1
54 46 -1
54 48 1
54 49 -1
54 50 -1
54 51 1
54 53 -1
54 55 -1
54 57 1
54 60 -1
54 61 -1
54 63 -1
55 4 -1
55 11 -1
55 14 1
55 35 1
55 37 -1
55 38 -1
55 45 -1
55 49 -1
55 51 1
55 52 -1
55 53 1
55 54 -1
55 57 -1
55 59 -1
55 62 -1
55 63 -1
56 14 1
56 16 -1
56 20 1
56 27 -1
56 36 -1
56 48 1
56 51 1
56 52 -1
56 53 -1
56 57 -1
56 58 1
56 59 -1
56 60 -1
56 61 -1
56 62 1
57 14 1
57 22 -1
57 30 1
57 42 1
57 43 -1
57 49 1
57 50 1
57 54 1
57 55 -1
57 56 -1
57 58 -1
57 60 -1
57 63 1
57 64 -1
58 3 -1
58 11 -1
58 26 -1
58 27 1
58 30 1
58 32 -1
58 45 -1
58 49 1
58 51 1
58 52 -1
58 53 -1
58 56 1
58 57 -1
58 60 -1
58 61 1
58 62 -1
59 3 1
59 6 1
59 9 -1
59 15 1
59 22 -1
59 34 1
59 37 -1
59 49 -1
59 50 1
59 52 -1
59 53 1
59 55 -1
59 56 -1
59 62 1
59 63 -1
59 64 -1
60 3 1
60 20 1
60 28 1
60 33 -1
60 37 -1
60 39 -1
60 50 -1
60 51 1
60 54 -1
60 56 -1
60 57 -1
60 58 -1
60 61 1
60 62 -1
60 63 -1
61 2 1
61 6 1
61 15 1
61 18 1
61 33 1
61 41 1
61 50 1
61 51 -1
61 53 -1
61 54 -1
61 56 -1
61 58 1
61 60 1
61 62 -1
61 63 -1
62 17 1
62 18 -1
62 20 -1
62 37 1
62 47 1
62 48 -1
62 50 1
62 53 -1
62 55 -1
62 56 1
62 58 -1
62 59 1
62 60 -1
62 61 -1
62 64 1
63 6 1
63 7 -1
63 13 -1
63 19 -1
63 38 1
63 40 -1
63 44 -1
63 49 1
63 51 1
63 54 -1
63 55 -1
63 57 1
63 59 -1
63 60 -1
63 61 -1
63 64 -1
64 4 -1
64 23 -1
64 25 1
64 40 1
64 44 1
64 46 -1
64 47 1
64 49 -1
64 50 1
64 51 -1
64 52 1
64 53 -1
64 57 -1
64 59 -1
64 62 1
64 63 -1
