1 3 -1
1 4 -1
1 6 -1
1 8 -1
1 9 -1
1 10 -1
1 11 -1
1 15 -1
1 16 1
1 19 -1
1 39 -1
1 40 -1
1 43 1
1 48 -1
1 49 -1
1 58 -1
2 5 -1
2 6 1
2 7 -1
2 9 -1
2 10 -1
2 12 -1
2 14 -1
2 15 -1
2 16 -1
2 18 -1
2 21 -1
2 22 -1
2 29 -1
2 35 -1
2 45 -1
2 62 1
3 1 -1
3 5 -1
3 6 -1
3 8 -1
3 9 1
3 10 -1
3 11 -1
3 12 -1
3 13 -1
3 18 -1
3 24 -1
3 45 -1
3 53 -1
3 61 -1
3 63 -1
3 64 1
4 1 -1
4 5 1
4 6 -1
4 10 -1
4 11 -1
4 12 -1
4 13 -1
4 14 -1
4 16 -1
4 23 -1
4 24 -1
4 51 -1
4 52 1
4 58 -1
4 59 1
4 63 -1
5 2 -1
5 3 -1
5 4 1
5 7 -1
5 9 -1
5 12 -1
5 13 -1
5 14 -1
5 16 -1
5 35 -1
5 36 -1
5 38 -1
5 43 -1
5 54 -1
5 62 -1
6 1 -1
6 2 1
6 3 -1
6 4 -1
6 8 -1
6 10 -1
6 11 1
6 13 -1
6 14 -1
6 21 1
6 30 -1
6 31 -1
6 37 1
6 40 1
6 56 1
6 60 1
7 2 -1
7 5 -1
7 8 -1
7 10 -1
7 11 -1
7 12 -1
7 13 -1
7 14 -1
7 16 -1
7 17 -1
7 18 -1
7 19 1
7 24 -1
7 32 -1
7 41 1
8 1 -1
8 3 -1
8 6 -1
8 7 -1
8 9 -1
8 10 -1
8 12 1
8 13 1
8 16 -1
8 22 -1
8 33 -1
8 34 -1
8 41 1
8 46 -1
8 56 -1
8 64 -1
9 1 -1
9 2 -1
9 3 1
9 5 -1
9 8 -1
9 11 -1
9 12 -1
9 15 -1
9 16 -1
9 21 -1
9 31 -1
9 36 -1
9 38 1
9 46 -1
9 52 -1
9 54 -1
10 1 -1
10 2 -1
10 3 -1
10 4 -1
10 6 -1
10 7 -1
10 8 -1
10 14 1
10 15 -1
10 20 -1
10 23 -1
10 30 -1
10 37 -1
10 40 1
10 43 -1
10 56 -1
11 1 -1
11 3 -1
11 4 -1
11 6 1
11 7 -1
11 9 -1
11 13 -1
11 15 1
11 16 -1
11 19 1
11 31 -1
11 35 1
11 36 1
11 50 -1
11 51 -1
11 58 1
12 2 -1
12 3 -1
12 4 -1
12 5 -1
12 7 -1
12 8 1
12 9 -1
12 14 1
12 15 1
12 19 -1
12 27 -1
12 39 -1
12 53 -1
12 55 -1
13 3 -1
13 4 -1
13 5 -1
13 6 -1
13 7 -1
13 8 1
13 11 -1
13 14 1
13 15 -1
13 28 1
13 34 -1
13 37 -1
13 39 -1
13 52 -1
13 57 1
14 2 -1
14 4 -1
14 5 -1
14 6 -1
14 7 -1
14 10 1
14 12 1
14 13 1
14 15 -1
14 27 -1
14 33 -1
14 41 -1
14 43 -1
14 52 -1
14 60 -1
15 1 -1
15 2 -1
15 9 -1
15 10 -1
15 11 1
15 12 1
15 13 -1
15 14 -1
15 16 -1
15 17 -1
15 27 -1
15 33 -1
15 43 -1
15 49 1
15 55 -1
15 57 -1
16 1 1
16 2 -1
16 4 -1
16 5 -1
16 7 -1
16 8 -1
16 9 -1
16 11 -1
16 15 -1
16 20 -1
16 24 1
16 34 1
16 38 1
16 47 -1
16 49 1
16 60 -1
17 7 -1
17 15 -1
17 19 -1
17 22 -1
17 23 1
17 25 1
17 26 -1
17 28 -1
17 30 -1
17 31 -1
17 32 -1
17 36 -1
17 38 1
17 51 -1
17 53 -1
17 58 -1
18 2 -1
18 3 -1
18 7 -1
18 19 -1
18 20 -1
18 21 -1
18 22 -1
18 23 -1
18 25 -1
18 27 -1
18 29 -1
18 30 -1
18 35 -1
18 55 -1
18 59 -1
19 1 -1
19 7 1
19 11 1
19 12 -1
19 17 -1
19 18 -1
19 21 1
19 23 1
19 24 -1
19 26 -1
19 27 -1
19 28 -1
19 32 1
19 52 1
19 57 -1
19 60 -1
20 10 -1
20 16 -1
20 18 -1
20 24 1
20 26 -1
20 27 -1
20 28 -1
20 29 -1
20 30 -1
20 31 -1
20 32 -1
20 33 -1
20 39 -1
20 47 -1
20 54 -1
20 61 1
21 2 -1
21 6 1
21 9 -1
21 18 -1
21 19 1
21 22 -1
21 23 -1
21 24 -1
21 27 1
21 29 1
21 31 -1
21 32 -1
21 36 1
21 44 1
21 45 -1
22 2 -1
22 8 -1
22 17 -1
22 18 -1
22 21 -1
22 23 1
22 24 -1
22 26 -1
22 28 1
22 30 -1
22 31 1
22 47 -1
22 51 -1
22 57 -1
22 59 -1
22 61 -1
23 4 -1
23 10 -1
23 17 1
23 18 -1
23 19 1
23 21 -1
23 22 1
23 25 -1
23 26 -1
23 29 -1
23 30 1
23 34 -1
23 39 -1
23 41 1
23 47 -1
24 3 -1
24 4 -1
24 7 -1
24 16 1
24 19 -1
24 20 1
24 21 -1
24 22 -1
24 25 -1
24 27 -1
24 28 -1
24 30 1
24 31 -1
24 45 -1
24 46 -1
24 59 -1
25 17 1
25 18 -1
25 23 -1
25 24 -1
25 26 1
25 28 -1
25 29 -1
25 31 -1
25 32 -1
25 33 -1
25 45 -1
25 49 -1
25 55 -1
25 57 -1
25 61 1
25 63 -1
26 17 -1
26 19 -1
26 20 -1
26 22 -1
26 23 -1
26 25 1
26 27 -1
26 28 -1
26 32 -1
26 46 -1
26 50 -1
26 58 -1
26 61 -1
26 62 -1
26 64 -1
27 12 -1
27 14 -1
27 15 -1
27 18 -1
27 19 -1
27 20 -1
27 21 1
27 24 -1
27 26 -1
27 29 -1
27 30 -1
27 31 -1
27 36 -1
27 39 -1
27 48 -1
27 52 1
28 13 1
28 17 -1
28 19 -1
28 20 -1
28 22 1
28 24 -1
28 25 -1
28 26 -1
28 29 -1
28 31 1
28 38 -1
28 40 -1
28 49 -1
28 58 -1
28 62 -1
29 2 -1
29 18 -1
29 20 -1
29 21 1
29 23 -1
29 25 -1
29 27 -1
29 28 -1
29 30 -1
29 32 -1
29 35 -1
29 40 -1
29 46 -1
29 53 -1
29 55 -1
30 6 -1
30 10 -1
30 17 -1
30 18 -1
30 20 -1
30 22 -1
30 23 1
30 24 1
30 27 -1
30 29 -1
30 32 -1
30 37 -1
30 51 1
30 60 1
30 63 -1
31 6 -1
31 9 -1
31 11 -1
31 17 -1
31 20 -1
31 21 -1
31 22 1
31 24 -1
31 25 -1
31 27 -1
31 28 1
31 32 1
31 35 1
31 44 1
31 48 -1
31 54 -1
32 7 -1
32 17 -1
32 19 1
32 20 -1
32 21 -1
32 25 -1
32 26 -1
32 29 -1
32 30 -1
32 31 1
32 44 -1
32 48 -1
32 53 -1
32 54 1
32 62 -1
32 63 -1
33 8 -1
33 14 -1
33 15 -1
33 20 -1
33 25 -1
33 34 1
33 35 -1
33 36 -1
33 40 1
33 41 -1
33 42 -1
33 43 -1
33 44 -1
33 46 -1
33 49 -1
33 50 -1
34 8 -1
34 13 -1
34 16 1
34 23 -1
34 33 1
34 37 1
34 39 -1
34 41 -1
34 42 -1
34 44 -1
34 46 1
34 47 1
34 48 -1
34 57 -1
34 59 -1
35 2 -1
35 5 -1
35 11 1
35 18 -1
35 29 -1
35 31 1
35 33 -1
35 36 1
35 39 1
35 40 1
35 42 -1
35 45 -1
35 46 -1
35 47 -1
35 48 -1
36 5 -1
36 9 -1
36 11 1
36 17 -1
36 21 1
36 27 -1
36 33 -1
36 35 1
36 38 -1
36 39 1
36 41 -1
36 43 -1
36 44 -1
36 45 -1
36 48 -1
36 63 1
37 6 1
37 10 -1
37 13 -1
37 30 -1
37 34 1
37 38 -1
37 40 -1
37 41 -1
37 43 -1
37 44 -1
37 45 -1
37 47 1
37 48 -1
37 57 -1
37 64 -1
38 5 -1
38 9 1
38 16 1
38 17 1
38 28 -1
38 36 -1
38 37 -1
38 39 -1
38 40 -1
38 42 -1
38 44 -1
38 45 -1
38 47 -1
38 48 -1
39 1 -1
39 12 -1
39 13 -1
39 20 -1
39 23 -1
39 27 -1
39 34 -1
39 35 1
39 36 1
39 38 -1
39 40 -1
39 41 -1
39 42 -1
39 45 -1
39 46 -1
39 64 -1
40 1 -1
40 6 1
40 10 1
40 28 -1
40 29 -1
40 33 1
40 35 1
40 37 -1
40 38 -1
40 39 -1
40 41 -1
40 44 -1
40 46 -1
40 47 1
40 51 -1
41 7 1
41 8 1
41 14 -1
41 23 1
41 33 -1
41 34 -1
41 36 -1
41 37 -1
41 39 -1
41 40 -1
41 44 -1
41 45 -1
41 47 -1
41 59 1
41 62 1
42 33 -1
42 34 -1
42 35 -1
42 38 -1
42 39 -1
42 43 -1
42 44 -1
42 45 -1
42 46 -1
42 49 -1
42 50 -1
42 54 -1
42 56 -1
42 64 -1
43 1 1
43 5 -1
43 10 -1
43 14 -1
43 15 -1
43 33 -1
43 36 -1
43 37 -1
43 42 -1
43 44 1
43 45 -1
43 46 -1
43 47 -1
43 48 -1
43 52 -1
43 58 -1
44 21 1
44 31 1
44 32 -1
44 33 -1
44 34 -1
44 36 -1
44 37 -1
44 38 -1
44 40 -1
44 41 -1
44 42 -1
44 43 1
44 56 -1
44 61 -1
45 2 -1
45 3 -1
45 21 -1
45 24 -1
45 25 -1
45 35 -1
45 36 -1
45 37 -1
45 38 -1
45 39 -1
45 41 -1
45 42 -1
45 43 -1
45 48 -1
45 53 -1
45 60 -1
46 8 -1
46 9 -1
46 24 -1
46 26 -1
46 29 -1
46 33 -1
46 34 1
46 35 -1
46 39 -1
46 40 -1
46 42 -1
46 43 -1
46 47 -1
46 48 -1
46 51 -1
46 55 1
47 16 -1
47 20 -1
47 22 -1
47 23 -1
47 34 1
47 35 -1
47 37 1
47 38 -1
47 40 1
47 41 -1
47 43 -1
47 46 -1
47 48 -1
47 54 1
47 61 -1
47 62 -1
48 1 -1
48 27 -1
48 31 -1
48 32 -1
48 34 -1
48 35 -1
48 36 -1
48 37 -1
48 38 -1
48 43 -1
48 45 -1
48 46 -1
48 47 -1
48 56 -1
48 59 -1
48 64 -1
49 1 -1
49 15 1
49 16 1
49 25 -1
49 28 -1
49 33 -1
49 42 -1
49 51 -1
49 53 -1
49 55 -1
49 57 -1
49 59 -1
49 60 1
49 61 -1
49 63 1
49 64 -1
50 11 -1
50 26 -1
50 33 -1
50 42 -1
50 51 -1
50 53 -1
50 54 1
50 56 -1
50 57 -1
50 58 -1
50 60 -1
50 61 -1
50 64 -1
51 4 -1
51 11 -1
51 17 -1
51 22 -1
51 30 1
51 40 -1
51 46 -1
51 49 -1
51 50 -1
51 53 -1
51 54 -1
51 56 -1
51 60 1
51 61 -1
51 62 -1
51 64 -1
52 4 1
52 9 -1
52 13 -1
52 14 -1
52 19 1
52 27 1
52 43 -1
52 53 -1
52 55 -1
52 56 -1
52 57 -1
52 58 -1
52 59 -1
52 60 -1
52 61 -1
52 63 1
53 3 -1
53 12 -1
53 17 -1
53 29 -1
53 32 -1
53 45 -1
53 49 -1
53 50 -1
53 51 -1
53 52 -1
53 54 1
53 56 1
53 58 -1
53 61 1
53 64 1
54 5 -1
54 9 -1
54 20 -1
54 31 -1
54 32 1
54 42 -1
54 47 1
54 50 1
54 51 -1
54 53 1
54 55 1
54 56 -1
54 57 -1
54 60 -1
54 63 -1
54 64 1
55 12 -1
55 15 -1
55 18 -1
55 25 -1
55 29 -1
55 46 1
55 49 -1
55 52 -1
55 54 1
55 57 -1
55 58 -1
55 59 -1
55 60 -1
55 62 -1
55 64 -1
56 6 1
56 8 -1
56 10 -1
56 42 -1
56 44 -1
56 48 -1
56 50 -1
56 51 -1
56 52 -1
56 53 1
56 54 -1
56 58 -1
56 59 -1
56 62 -1
56 63 -1
57 13 1
57 15 -1
57 19 -1
57 22 -1
57 25 -1
57 34 -1
57 37 -1
57 49 -1
57 50 -1
57 52 -1
57 54 -1
57 55 -1
57 58 -1
57 59 -1
57 61 -1
57 62 -1
58 1 -1
58 4 -1
58 11 1
58 17 -1
58 26 -1
58 28 -1
58 43 -1
58 50 -1
58 52 -1
58 53 -1
58 55 -1
58 56 -1
58 57 -1
58 61 1
58 63 1
58 64 1
59 4 1
59 18 -1
59 22 -1
59 24 -1
59 34 -1
59 41 1
59 48 -1
59 49 -1
59 52 -1
59 55 -1
59 56 -1
59 57 -1
59 60 1
59 62 -1
59 63 -1
59 64 -1
60 6 1
60 14 -1
60 16 -1
60 19 -1
60 30 1
60 45 -1
60 49 1
60 50 -1
60 51 1
60 52 -1
60 54 -1
60 55 -1
60 59 1
60 62 -1
60 63 -1
61 3 -1
61 20 1
61 22 -1
61 25 1
61 26 -1
61 44 -1
61 47 -1
61 49 -1
61 50 -1
61 51 -1
61 52 -1
61 53 1
61 57 -1
61 58 1
61 62 -1
61 63 -1
62 2 1
62 5 -1
62 26 -1
62 28 -1
62 32 -1
62 41 1
62 47 -1
62 51 -1
62 55 -1
62 56 -1
62 57 -1
62 59 -1
62 60 -1
62 61 -1
62 63 -1
62 64 1
63 3 -1
63 4 -1
63 25 -1
63 30 -1
63 32 -1
63 36 1
63 49 1
63 52 1
63 54 -1
63 56 -1
63 58 1
63 59 -1
63 60 -1
63 61 -1
63 62 -1
64 3 1
64 8 -1
64 26 -1
64 37 -1
64 39 -1
64 42 -1
64 48 -1
64 49 -1
64 50 -1
64 51 -1
64 53 1
64 54 1
64 55 -1
64 58 1
64 59 -1
64 62 1
