1 2 1
1 3 -1
1 5 1
1 6 1
1 9 -1
1 10 -1
1 12 1
1 13 1
1 15 -1
1 27 1
1 32 1
1 37 -1
1 48 1
1 52 1
1 57 -1
1 61 1
2 1 1
2 3 -1
2 4 -1
2 6 1
2 8 1
2 9 -1
2 11 1
2 13 1
2 16 -1
2 17 -1
2 19 1
2 22 1
2 28 -1
2 39 -1
2 55 1
2 64 -1
3 1 -1
3 2 -1
3 5 1
3 7 1
3 8 -1
3 11 1
3 14 -1
3 15 -1
3 16 -1
3 19 -1
3 23 1
3 27 -1
3 41 1
3 49 -1
3 63 -1
4 2 -1
4 5 -1
4 6 -1
4 7 1
4 9 1
4 11 -1
4 13 -1
4 14 1
4 15 -1
4 29 -1
4 37 1
4 39 -1
4 45 -1
4 55 -1
4 59 -1
4 61 1
5 1 1
5 3 1
5 4 -1
5 7 -1
5 8 -1
5 9 -1
5 10 1
5 12 1
5 16 1
5 25 -1
5 39 1
5 42 1
5 46 -1
5 49 1
5 56 -1
5 58 1
6 1 1
6 2 1
6 4 -1
6 8 1
6 9 1
6 10 1
6 11 1
6 12 1
6 14 1
6 22 1
6 31 1
6 39 -1
6 45 1
6 47 -1
6 48 -1
6 55 1
7 3 1
7 4 1
7 5 -1
7 8 -1
7 9 -1
7 10 -1
7 12 -1
7 14 1
7 16 1
7 17 -1
7 18 -1
7 36 1
7 45 -1
7 53 -1
7 59 -1
7 62 -1
8 2 1
8 3 -1
8 5 -1
8 6 1
8 7 -1
8 10 -1
8 12 1
8 15 -1
8 16 1
8 17 -1
8 19 1
8 23 -1
8 29 -1
8 51 1
8 56 -1
8 59 -1
9 1 -1
9 2 -1
9 4 1
9 5 -1
9 6 1
9 7 -1
9 12 -1
9 13 1
9 16 1
9 19 1
9 23 1
9 28 1
9 32 1
9 38 1
9 43 1
9 46 -1
10 1 -1
10 5 1
10 6 1
10 7 -1
10 8 -1
10 11 -1
10 13 1
10 14 -1
10 15 -1
10 18 1
10 22 -1
10 25 -1
10 29 -1
10 31 1
10 49 1
10 61 -1
11 2 1
11 3 1
11 4 -1
11 6 1
11 10 -1
11 12 1
11 13 -1
11 14 -1
11 15 -1
11 22 1
11 23 -1
11 31 1
11 41 1
11 48 -1
11 52 -1
11 55 -1
12 1 1
12 5 1
12 6 1
12 7 -1
12 8 1
12 9 -1
12 11 1
12 13 1
12 14 -1
12 17 1
12 29 1
12 35 -1
12 37 -1
12 38 1
12 41 1
12 53 -1
13 1 1
13 2 1
13 4 -1
13 9 1
13 10 1
13 11 -1
13 12 1
13 15 1
13 16 1
13 21 -1
13 23 -1
13 26 1
13 38 -1
13 44 1
14 3 -1
14 4 1
14 6 1
14 7 1
14 10 -1
14 11 -1
14 12 -1
14 15 -1
14 16 -1
14 30 1
14 35 1
14 45 -1
14 47 1
14 49 -1
14 57 -1
14 63 1
15 1 -1
15 3 -1
15 4 -1
15 8 -1
15 10 -1
15 11 -1
15 13 1
15 14 -1
15 16 -1
15 32 1
15 42 -1
15 47 1
15 50 1
15 60 1
15 62 -1
16 2 -1
16 3 -1
16 5 1
16 7 1
16 8 1
16 9 1
16 13 1
16 14 -1
16 15 -1
16 22 -1
16 31 1
16 34 1
16 43 -1
16 51 -1
16 53 -1
16 57 1
17 2 -1
17 7 -1
17 8 -1
17 12 1
17 19 1
17 20 1
17 22 1
17 23 1
17 25 1
17 27 1
17 29 -1
17 30 -1
17 32 -1
17 37 -1
17 46 -1
17 53 1
18 7 -1
18 10 1
18 21 1
18 22 1
18 24 1
18 25 -1
18 26 1
18 27 1
18 28 1
18 30 1
18 31 -1
18 33 -1
18 44 1
18 46 1
18 60 1
18 64 -1
19 2 1
19 3 -1
19 8 1
19 9 1
19 17 1
19 23 -1
19 24 -1
19 26 1
19 27 -1
19 28 1
19 29 -1
19 30 1
19 31 1
19 38 1
19 42 -1
19 64 1
20 17 1
20 21 -1
20 22 -1
20 24 1
20 26 -1
20 29 -1
20 30 1
20 31 -1
20 32 1
20 33 1
20 37 -1
20 39 1
20 47 1
20 59 1
21 13 -1
21 18 1
21 20 -1
21 22 -1
21 25 1
21 26 -1
21 27 1
21 28 -1
21 31 1
21 32 1
21 37 1
21 39 1
21 40 -1
21 51 -1
21 58 -1
22 2 1
22 6 1
22 10 -1
22 11 1
22 16 -1
22 17 1
22 18 1
22 20 -1
22 21 -1
22 23 1
22 24 1
22 27 1
22 29 1
22 30 -1
22 43 1
22 49 1
23 3 1
23 8 -1
23 9 1
23 11 -1
23 13 -1
23 17 1
23 19 -1
23 22 1
23 24 -1
23 25 1
23 26 1
23 27 -1
23 30 -1
23 32 -1
23 34 1
23 58 -1
24 18 1
24 19 -1
24 20 1
24 22 1
24 23 -1
24 26 -1
24 28 1
24 31 1
24 32 1
24 33 -1
24 34 1
24 40 1
24 44 1
24 50 1
24 64 -1
25 5 -1
25 10 -1
25 17 1
25 18 -1
25 21 1
25 23 1
25 26 -1
25 27 1
25 28 1
25 29 -1
25 32 -1
25 45 1
25 48 1
25 60 1
25 64 -1
26 13 1
26 18 1
26 19 1
26 20 -1
26 21 -1
26 23 1
26 24 -1
26 25 -1
26 28 1
26 32 -1
26 33 1
26 34 1
26 42 -1
26 52 1
26 56 -1
26 58 1
27 1 1
27 3 -1
27 17 1
27 18 1
27 19 -1
27 21 1
27 22 1
27 23 -1
27 25 1
27 29 1
27 31 -1
27 33 -1
27 35 -1
27 39 -1
27 53 -1
27 57 1
28 2 -1
28 9 1
28 18 1
28 19 1
28 21 -1
28 24 1
28 25 1
28 26 1
28 30 -1
28 31 -1
28 32 1
28 43 -1
28 50 -1
28 60 1
28 61 -1
28 64 1
29 4 -1
29 8 -1
29 10 -1
29 12 1
29 17 -1
29 19 -1
29 20 -1
29 22 1
29 25 -1
29 27 1
29 30 -1
29 31 -1
29 32 1
29 62 1
29 63 1
29 64 -1
30 14 1
30 17 -1
30 18 1
30 19 1
30 20 1
30 22 -1
30 23 -1
30 28 -1
30 29 -1
30 31 1
30 38 1
30 50 1
30 54 -1
30 58 -1
30 62 -1
31 6 1
31 10 1
31 11 1
31 16 1
31 18 -1
31 19 1
31 20 -1
31 21 1
31 24 1
31 27 -1
31 28 -1
31 29 -1
31 30 1
31 59 -1
31 61 -1
31 63 -1
32 1 1
32 9 1
32 15 1
32 17 -1
32 20 1
32 21 1
32 23 -1
32 24 1
32 25 -1
32 26 -1
32 28 1
32 29 1
32 44 1
32 50 1
32 57 -1
32 62 -1
33 18 -1
33 20 1
33 24 -1
33 26 1
33 27 -1
33 34 1
33 35 1
33 36 1
33 37 1
33 39 -1
33 40 1
33 42 -1
33 46 1
33 47 -1
33 59 -1
34 16 1
34 23 1
34 24 1
34 26 1
34 33 1
34 35 -1
34 37 -1
34 38 1
34 40 1
34 42 -1
34 44 1
34 47 1
34 48 -1
34 49 1
34 62 1
34 63 1
35 12 -1
35 14 1
35 27 -1
35 33 1
35 34 -1
35 36 1
35 37 -1
35 38 -1
35 42 1
35 44 -1
35 46 -1
35 47 -1
35 49 1
35 60 1
35 62 -1
35 63 -1
36 7 1
36 33 1
36 35 1
36 38 -1
36 39 -1
36 41 -1
36 44 1
36 45 1
36 47 -1
36 48 1
36 52 -1
36 54 -1
36 56 1
37 1 -1
37 4 1
37 12 -1
37 17 -1
37 20 -1
37 21 1
37 33 1
37 34 -1
37 35 -1
37 39 1
37 40 1
37 43 -1
37 45 1
37 46 1
37 48 -1
37 58 1
38 9 1
38 12 1
38 13 -1
38 19 1
38 30 1
38 34 1
38 35 -1
38 36 -1
38 39 1
38 42 1
38 43 -1
38 44 -1
38 46 -1
38 48 1
38 57 -1
39 2 -1
39 4 -1
39 5 1
39 6 -1
39 20 1
39 21 1
39 27 -1
39 33 -1
39 36 -1
39 37 1
39 38 1
39 41 1
39 42 1
39 43 -1
39 46 1
39 48 -1
40 21 -1
40 24 1
40 33 1
40 34 1
40 37 1
40 41 1
40 44 -1
40 45 1
40 46 1
40 47 1
40 48 1
40 51 -1
40 52 1
40 60 -1
40 61 -1
41 3 1
41 11 1
41 12 1
41 36 -1
41 39 1
41 40 1
41 42 1
41 43 1
41 44 -1
41 45 -1
41 47 -1
41 48 -1
41 51 -1
41 55 -1
42 5 1
42 15 -1
42 19 -1
42 26 -1
42 33 -1
42 34 -1
42 35 1
42 38 1
42 39 1
42 41 1
42 43 1
42 45 1
42 46 1
42 51 -1
42 53 1
43 9 1
43 16 -1
43 22 1
43 28 -1
43 37 -1
43 38 -1
43 39 -1
43 41 1
43 42 1
43 44 -1
43 45 1
43 47 1
43 48 1
43 51 -1
43 53 1
43 63 1
44 13 1
44 18 1
44 24 1
44 32 1
44 34 1
44 35 -1
44 36 1
44 38 -1
44 40 -1
44 41 -1
44 43 -1
44 45 -1
44 47 1
44 54 1
44 56 -1
45 4 -1
45 6 1
45 7 -1
45 14 -1
45 25 1
45 36 1
45 37 1
45 40 1
45 41 -1
45 42 1
45 43 1
45 44 -1
45 46 1
45 48 -1
45 55 1
45 59 -1
46 5 -1
46 9 -1
46 17 -1
46 18 1
46 33 1
46 35 -1
46 37 1
46 38 -1
46 39 1
46 40 1
46 42 1
46 45 1
46 47 1
46 54 -1
47 6 -1
47 14 1
47 15 1
47 20 1
47 33 -1
47 34 1
47 35 -1
47 36 -1
47 40 1
47 41 -1
47 43 1
47 44 1
47 46 1
47 50 -1
47 54 1
48 1 1
48 6 -1
48 11 -1
48 25 1
48 34 -1
48 36 1
48 37 -1
48 38 1
48 39 -1
48 40 1
48 41 -1
48 43 1
48 45 -1
48 57 1
48 61 -1
49 3 -1
49 5 1
49 10 1
49 14 -1
49 22 1
49 34 1
49 35 1
49 50 -1
49 51 -1
49 52 -1
49 55 -1
49 57 1
49 61 -1
49 62 -1
49 63 -1
49 64 1
50 15 1
50 24 1
50 28 -1
50 30 1
50 32 1
50 47 -1
50 49 -1
50 51 -1
50 52 1
50 54 1
50 55 -1
50 56 -1
50 58 -1
50 63 1
50 64 -1
51 8 1
51 16 -1
51 21 -1
51 40 -1
51 41 -1
51 42 -1
51 43 -1
51 49 -1
51 50 -1
51 52 1
51 53 1
51 54 1
51 56 1
51 57 1
51 59 1
51 60 1
52 1 1
52 11 -1
52 26 1
52 36 -1
52 40 1
52 49 -1
52 50 1
52 51 1
52 53 -1
52 54 1
52 55 -1
52 57 -1
52 61 -1
52 64 -1
53 7 -1
53 12 -1
53 16 -1
53 17 1
53 27 -1
53 42 1
53 43 1
53 51 1
53 52 -1
53 54 -1
53 55 -1
53 57 -1
53 58 1
53 61 1
53 62 1
53 63 -1
54 30 -1
54 36 -1
54 44 1
54 46 -1
54 47 1
54 50 1
54 51 1
54 52 1
54 53 -1
54 56 -1
54 59 1
54 60 -1
54 62 -1
54 63 1
55 2 1
55 4 -1
55 6 1
55 11 -1
55 41 -1
55 45 1
55 49 -1
55 50 -1
55 52 -1
55 53 -1
55 56 -1
55 57 -1
55 59 1
55 61 1
55 62 -1
56 5 -1
56 8 -1
56 26 -1
56 36 1
56 44 -1
56 50 -1
56 51 1
56 54 -1
56 55 -1
56 57 -1
56 58 -1
56 60 1
56 61 1
56 63 -1
57 1 -1
57 14 -1
57 16 1
57 27 1
57 32 -1
57 38 -1
57 48 1
57 49 1
57 51 1
57 52 -1
57 53 -1
57 55 -1
57 56 -1
57 59 -1
57 60 1
57 62 -1
58 5 1
58 21 -1
58 23 -1
58 26 1
58 30 -1
58 37 1
58 50 -1
58 53 1
58 56 -1
58 59 -1
58 60 -1
58 61 1
58 62 1
58 63 -1
58 64 -1
59 4 -1
59 7 -1
59 8 -1
59 20 1
59 31 -1
59 33 -1
59 45 -1
59 51 1
59 54 1
59 55 1
59 57 -1
59 58 -1
59 60 -1
59 62 1
59 63 -1
59 64 1
60 15 1
60 18 1
60 25 1
60 28 1
60 35 1
60 40 -1
60 51 1
60 54 -1
60 56 1
60 57 1
60 58 -1
60 59 -1
60 61 -1
60 62 1
60 64 1
61 1 1
61 4 1
61 10 -1
61 28 -1
61 31 -1
61 40 -1
61 48 -1
61 49 -1
61 52 -1
61 53 1
61 55 1
61 56 1
61 58 1
61 60 -1
61 63 -1
61 64 -1
62 7 -1
62 15 -1
62 29 1
62 30 -1
62 32 -1
62 34 1
62 35 -1
62 49 -1
62 53 1
62 54 -1
62 55 -1
62 57 -1
62 58 1
62 59 1
62 60 1
62 64 1
63 3 -1
63 14 1
63 29 1
63 31 -1
63 34 1
63 35 -1
63 43 1
63 49 -1
63 50 1
63 53 -1
63 54 1
63 56 -1
63 58 -1
63 59 -1
63 61 -1
63 64 -1
64 2 -1
64 18 -1
64 19 1
64 24 -1
64 25 -1
64 28 1
64 29 -1
64 49 1
64 50 -1
64 52 -1
64 58 -1
64 59 1
64 60 1
64 61 -1
64 62 1
64 63 -1
