1 3 1
1 4 1
1 5 -1
1 6 1
1 9 1
1 10 1
1 12 1
1 13 1
1 16 1
1 20 -1
1 26 -1
1 27 1
1 32 1
1 40 1
1 50 1
1 52 1
2 3 1
2 4 1
2 5 1
2 8 1
2 9 1
2 12 1
2 14 1
2 15 1
2 16 1
2 39 1
2 41 1
2 43 1
2 49 1
2 53 1
2 59 1
2 61 1
3 1 1
3 2 1
3 6 1
3 7 1
3 8 1
3 11 1
3 12 1
3 14 -1
3 15 1
3 23 1
3 26 1
3 34 1
3 41 -1
3 50 1
3 56 1
4 1 1
4 2 1
4 5 1
4 6 1
4 7 1
4 8 1
4 9 1
4 13 -1
4 14 1
4 19 -1
4 20 1
4 29 1
4 30 1
4 36 1
4 37 1
4 52 1
5 1 -1
5 2 1
5 4 1
5 6 -1
5 8 1
5 11 1
5 13 1
5 15 1
5 16 1
5 17 1
5 27 1
5 44 1
5 46 1
5 50 1
6 1 1
6 3 1
6 4 1
6 5 -1
6 7 -1
6 9 1
6 10 1
6 15 1
6 16 1
6 17 1
6 23 -1
6 24 1
6 26 1
6 36 1
6 59 1
6 63 -1
7 3 1
7 4 1
7 6 -1
7 11 1
7 12 1
7 13 1
7 14 1
7 15 1
7 16 1
7 17 1
7 35 1
7 40 1
7 43 1
7 48 1
7 50 1
7 51 1
8 2 1
8 3 1
8 4 1
8 5 1
8 10 1
8 11 1
8 13 1
8 14 1
8 16 1
8 25 1
8 26 1
8 33 1
8 42 -1
8 61 1
8 64 1
9 1 1
9 2 1
9 4 1
9 6 1
9 11 1
9 12 1
9 13 1
9 14 1
9 15 1
9 19 1
9 22 1
9 26 1
9 28 1
9 34 1
9 45 1
9 48 1
10 1 1
10 6 1
10 8 1
10 11 1
10 12 1
10 13 1
10 14 1
10 15 -1
10 16 1
10 18 1
10 25 1
10 26 1
10 27 1
10 29 1
10 47 -1
10 55 1
11 3 1
11 5 1
11 7 1
11 8 1
11 9 1
11 10 1
11 12 1
11 15 1
11 16 1
11 20 1
11 23 -1
11 34 -1
11 35 1
11 38 1
11 45 1
11 57 1
12 1 1
12 2 1
12 3 1
12 7 1
12 9 1
12 10 1
12 11 1
12 13 1
12 14 1
12 24 1
12 33 1
12 36 1
12 52 -1
12 60 1
12 63 1
12 64 1
13 1 1
13 4 -1
13 5 1
13 7 1
13 8 1
13 9 1
13 10 1
13 12 1
13 14 -1
13 22 1
13 23 1
13 25 1
13 32 1
13 54 1
13 56 1
14 2 1
14 3 -1
14 4 1
14 7 1
14 8 1
14 9 1
14 10 1
14 12 1
14 13 -1
14 21 1
14 30 1
14 39 1
14 43 1
14 47 1
14 51 1
14 53 1
15 2 1
15 3 1
15 5 1
15 6 1
15 7 1
15 9 1
15 10 -1
15 11 1
15 16 1
15 19 1
15 21 1
15 35 1
15 42 1
15 46 1
15 48 1
15 54 1
16 1 1
16 2 1
16 5 1
16 6 1
16 7 1
16 8 1
16 10 1
16 11 1
16 15 1
16 30 1
16 34 1
16 38 1
16 43 1
16 56 -1
16 60 1
17 5 1
17 6 1
17 7 1
17 20 1
17 23 1
17 24 1
17 25 1
17 26 1
17 27 1
17 28 1
17 29 1
17 32 1
17 43 -1
17 58 1
17 60 1
18 10 1
18 20 1
18 21 1
18 22 1
18 24 1
18 27 1
18 28 -1
18 29 1
18 30 -1
18 32 1
18 35 1
18 51 1
18 54 1
18 55 1
18 56 1
18 64 1
19 4 -1
19 9 1
19 15 1
19 21 1
19 22 1
19 23 -1
19 25 -1
19 26 1
19 27 1
19 29 1
19 30 1
19 31 1
19 33 1
19 42 1
19 43 1
19 63 1
20 1 -1
20 4 1
20 11 1
20 17 1
20 18 1
20 22 1
20 24 1
20 28 1
20 29 1
20 30 1
20 31 1
20 32 1
20 45 1
20 49 1
20 54 1
20 60 1
21 14 1
21 15 1
21 18 1
21 19 1
21 22 1
21 25 1
21 26 1
21 27 1
21 29 1
21 31 1
21 32 1
21 46 1
21 47 1
21 48 1
21 50 -1
21 54 1
22 9 1
22 13 1
22 18 1
22 19 1
22 20 1
22 21 1
22 23 1
22 25 1
22 27 1
22 28 1
22 31 1
22 39 1
22 49 1
22 51 1
22 53 1
23 3 1
23 6 -1
23 11 -1
23 13 1
23 17 1
23 19 -1
23 22 1
23 24 1
23 25 1
23 26 1
23 29 1
23 31 1
23 32 1
23 48 1
23 55 1
24 6 1
24 12 1
24 17 1
24 18 1
24 20 1
24 23 1
24 26 1
24 27 1
24 28 1
24 30 1
24 32 1
24 40 -1
24 52 1
24 60 1
24 63 1
25 8 1
25 10 1
25 13 1
25 17 1
25 19 -1
25 21 1
25 22 1
25 23 1
25 27 1
25 29 1
25 30 1
25 32 1
25 33 1
25 38 1
25 46 1
25 55 1
26 1 -1
26 3 1
26 6 1
26 8 1
26 9 1
26 10 1
26 17 1
26 19 1
26 21 1
26 23 1
26 24 1
26 27 1
26 29 1
26 30 1
26 31 1
26 63 1
27 1 1
27 5 1
27 10 1
27 17 1
27 18 1
27 19 1
27 21 1
27 22 1
27 24 1
27 25 1
27 26 1
27 28 1
27 46 -1
27 47 1
27 54 1
28 9 1
28 17 1
28 18 -1
28 20 1
28 22 1
28 24 1
28 27 1
28 29 1
28 30 1
28 31 1
28 35 1
28 39 1
28 45 1
28 55 1
28 57 1
29 4 1
29 10 1
29 17 1
29 18 1
29 19 1
29 20 1
29 21 1
29 23 1
29 25 1
29 26 1
29 28 1
29 41 1
29 46 1
29 52 1
29 56 -1
29 62 1
30 4 1
30 14 1
30 16 1
30 18 -1
30 19 1
30 20 1
30 24 1
30 25 1
30 26 1
30 28 1
30 31 1
30 32 1
30 35 1
30 59 1
31 19 1
31 20 1
31 21 1
31 22 1
31 23 1
31 26 1
31 28 1
31 30 1
31 32 1
31 36 1
31 48 1
31 54 1
31 57 1
31 58 -1
31 59 1
31 60 1
32 1 1
32 13 1
32 17 1
32 18 1
32 20 1
32 21 1
32 23 1
32 24 1
32 25 1
32 30 1
32 31 1
32 35 1
32 36 1
32 44 1
32 49 1
32 56 1
33 8 1
33 12 1
33 19 1
33 25 1
33 34 1
33 35 1
33 36 1
33 38 1
33 39 1
33 41 1
33 45 1
33 47 1
33 48 1
33 50 1
33 58 1
33 63 1
34 3 1
34 9 1
34 11 -1
34 16 1
34 33 1
34 35 1
34 36 1
34 37 1
34 38 1
34 39 -1
34 42 1
34 44 1
34 47 1
34 57 1
34 60 1
35 7 1
35 11 1
35 15 1
35 18 1
35 28 1
35 30 1
35 32 1
35 33 1
35 34 1
35 36 1
35 38 -1
35 41 1
35 42 1
35 44 1
35 45 1
35 48 -1
36 4 1
36 6 1
36 12 1
36 31 1
36 32 1
36 33 1
36 34 1
36 35 1
36 37 1
36 41 1
36 43 1
36 44 1
36 45 1
36 47 1
36 61 1
36 63 -1
37 4 1
37 34 1
37 36 1
37 38 1
37 41 -1
37 42 1
37 43 1
37 44 1
37 45 1
37 46 1
37 49 1
37 50 1
37 51 1
37 52 1
37 53 1
37 57 1
38 11 1
38 16 1
38 25 1
38 33 1
38 34 1
38 35 -1
38 37 1
38 39 1
38 40 -1
38 44 1
38 46 1
38 48 1
38 53 1
38 56 -1
38 62 1
39 2 1
39 14 1
39 22 1
39 28 1
39 33 1
39 34 -1
39 38 1
39 40 1
39 41 1
39 43 1
39 44 1
39 46 1
39 47 1
39 52 1
39 53 1
39 58 1
40 1 1
40 7 1
40 24 -1
40 38 -1
40 39 1
40 41 1
40 42 1
40 43 1
40 45 1
40 46 1
40 47 1
40 48 1
40 62 1
41 2 1
41 3 -1
41 29 1
41 33 1
41 35 1
41 36 1
41 37 -1
41 39 1
41 40 1
41 42 1
41 43 1
41 46 -1
41 51 1
41 58 1
41 61 1
42 8 -1
42 15 1
42 19 1
42 34 1
42 35 1
42 37 1
42 40 1
42 41 1
42 43 1
42 45 1
42 46 1
42 48 1
42 62 1
42 64 1
43 2 1
43 7 1
43 14 1
43 16 1
43 17 -1
43 19 1
43 36 1
43 37 1
43 39 1
43 40 1
43 41 1
43 42 1
43 44 1
43 47 1
43 48 1
43 58 1
44 5 1
44 32 1
44 34 1
44 35 1
44 36 1
44 37 1
44 38 1
44 39 1
44 43 1
44 46 1
44 47 1
44 53 -1
44 55 1
44 57 1
44 59 1
44 61 1
45 9 1
45 11 1
45 20 1
45 28 1
45 33 1
45 35 1
45 36 1
45 37 1
45 40 1
45 42 1
45 46 1
45 47 1
45 48 1
45 51 1
45 58 1
46 5 1
46 15 1
46 21 1
46 25 1
46 27 -1
46 29 1
46 37 1
46 38 1
46 39 1
46 40 1
46 41 -1
46 42 1
46 44 1
46 45 1
46 48 1
46 59 1
47 10 -1
47 14 1
47 21 1
47 27 1
47 33 1
47 34 1
47 36 1
47 39 1
47 40 1
47 43 1
47 44 1
47 45 1
47 48 1
47 49 1
47 61 1
48 7 1
48 9 1
48 15 1
48 21 1
48 23 1
48 31 1
48 33 1
48 35 -1
48 38 1
48 40 1
48 42 1
48 43 1
48 45 1
48 46 1
48 47 1
48 55 1
49 2 1
49 20 1
49 22 1
49 32 1
49 37 1
49 47 1
49 52 1
49 54 1
49 55 1
49 57 1
49 59 1
49 60 1
49 61 1
49 63 1
49 64 1
50 1 1
50 3 1
50 5 1
50 7 1
50 21 -1
50 33 1
50 37 1
50 51 1
50 53 1
50 54 1
50 55 1
50 56 1
50 58 1
50 59 1
50 60 1
50 62 -1
51 7 1
51 14 1
51 18 1
51 22 1
51 37 1
51 41 1
51 45 1
51 50 1
51 54 -1
51 55 1
51 56 1
51 58 1
51 60 1
51 61 1
51 62 1
51 64 1
52 1 1
52 4 1
52 12 -1
52 24 1
52 29 1
52 37 1
52 39 1
52 49 1
52 53 1
52 54 1
52 55 1
52 59 -1
52 60 -1
52 61 -1
52 62 -1
52 63 1
53 2 1
53 14 1
53 22 1
53 37 1
53 38 1
53 39 1
53 44 -1
53 50 1
53 52 1
53 54 1
53 56 -1
53 57 1
53 58 1
53 59 1
53 60 1
53 64 1
54 13 1
54 15 1
54 18 1
54 20 1
54 21 1
54 27 1
54 31 1
54 49 1
54 50 1
54 51 -1
54 52 1
54 53 1
54 57 1
54 58 1
54 61 1
54 63 1
55 10 1
55 18 1
55 23 1
55 25 1
55 28 1
55 44 1
55 48 1
55 49 1
55 50 1
55 51 1
55 52 1
55 56 1
55 58 1
55 59 1
55 61 1
55 64 -1
56 3 1
56 13 1
56 16 -1
56 18 1
56 29 -1
56 32 1
56 38 -1
56 50 1
56 51 1
56 53 -1
56 55 1
56 57 1
56 58 1
56 59 1
56 63 1
56 64 1
57 11 1
57 28 1
57 31 1
57 34 1
57 37 1
57 44 1
57 49 1
57 53 1
57 54 1
57 56 1
57 59 1
57 60 1
57 62 1
57 63 1
57 64 1
58 17 1
58 31 -1
58 33 1
58 39 1
58 41 1
58 43 1
58 45 1
58 50 1
58 51 1
58 53 1
58 54 1
58 55 1
58 56 1
58 60 -1
58 62 1
58 63 1
59 2 1
59 6 1
59 30 1
59 31 1
59 44 1
59 46 1
59 49 1
59 50 1
59 52 -1
59 53 1
59 55 1
59 56 1
59 57 1
59 61 -1
59 62 1
60 12 1
60 16 1
60 17 1
60 20 1
60 24 1
60 31 1
60 34 1
60 49 1
60 50 1
60 51 1
60 52 -1
60 53 1
60 57 1
60 58 -1
60 61 1
60 62 1
61 2 1
61 8 1
61 36 1
61 41 1
61 44 1
61 47 1
61 49 1
61 51 1
61 52 -1
61 54 1
61 55 1
61 59 -1
61 60 1
61 63 1
61 64 1
62 29 1
62 38 1
62 40 1
62 42 1
62 50 -1
62 51 1
62 52 -1
62 57 1
62 58 1
62 59 1
62 60 1
62 63 1
62 64 -1
63 6 -1
63 12 1
63 19 1
63 24 1
63 26 1
63 33 1
63 36 -1
63 49 1
63 52 1
63 54 1
63 56 1
63 57 1
63 58 1
63 61 1
63 62 1
63 64 1
64 8 1
64 12 1
64 18 1
64 42 1
64 49 1
64 51 1
64 53 1
64 55 -1
64 56 1
64 57 1
64 61 1
64 62 -1
64 63 1
