1 4 1
1 7 1
1 8 1
1 9 1
1 10 1
1 11 1
1 13 1
1 14 1
1 15 1
1 22 -1
1 27 -1
1 33 1
1 48 1
1 50 1
1 59 1
2 3 1
2 4 -1
2 5 -1
2 9 1
2 12 1
2 13 1
2 14 1
2 15 1
2 16 1
2 19 1
2 20 1
2 28 -1
2 30 1
2 46 1
2 60 1
2 63 -1
3 2 1
3 4 1
3 6 1
3 8 1
3 10 1
3 12 1
3 13 1
3 14 1
3 15 1
3 18 -1
3 20 1
3 21 1
3 42 1
3 44 1
3 48 1
3 52 -1
4 1 1
4 2 -1
4 3 1
4 5 1
4 6 1
4 7 -1
4 9 1
4 12 1
4 14 1
4 17 -1
4 21 1
4 32 1
4 40 1
4 45 1
4 58 1
4 60 -1
5 2 -1
5 4 1
5 10 1
5 11 1
5 12 1
5 13 1
5 14 1
5 15 1
5 16 1
5 18 -1
5 22 -1
5 25 1
5 34 -1
5 50 1
5 60 1
6 3 1
6 4 1
6 8 -1
6 10 1
6 11 1
6 12 -1
6 13 1
6 15 1
6 16 -1
6 25 1
6 33 1
6 37 -1
6 42 1
6 51 -1
6 54 1
6 62 1
7 1 1
7 4 -1
7 9 1
7 10 1
7 11 1
7 13 1
7 14 -1
7 15 1
7 16 1
7 19 1
7 30 1
7 35 -1
7 43 1
7 45 1
7 49 1
7 55 1
8 1 1
8 3 1
8 6 -1
8 9 1
8 10 1
8 11 -1
8 12 -1
8 15 1
8 16 1
8 33 1
8 38 1
8 39 1
8 59 1
8 61 1
9 1 1
9 2 1
9 4 1
9 7 1
9 8 1
9 10 1
9 11 -1
9 12 1
9 14 -1
9 20 1
9 27 1
9 32 -1
9 50 1
9 57 1
9 64 1
10 1 1
10 3 1
10 5 1
10 6 1
10 7 1
10 8 1
10 9 1
10 11 1
10 16 1
10 27 1
10 28 1
10 30 1
10 42 1
10 47 -1
10 63 -1
11 1 1
11 5 1
11 6 1
11 7 1
11 8 -1
11 9 -1
11 10 1
11 12 -1
11 13 1
11 23 1
11 35 1
11 42 1
11 47 1
11 48 1
11 63 1
12 2 1
12 3 1
12 4 1
12 5 1
12 6 -1
12 8 -1
12 9 1
12 11 -1
12 16 1
12 17 1
12 18 -1
12 22 1
12 27 1
12 31 1
12 59 -1
12 61 1
13 1 1
13 2 1
13 3 1
13 5 1
13 6 1
13 7 1
13 11 1
13 14 1
13 15 1
13 21 1
13 37 1
13 39 1
13 49 -1
13 55 1
13 57 1
13 61 -1
14 1 1
14 2 1
14 3 1
14 4 1
14 5 1
14 7 -1
14 9 -1
14 13 1
14 16 -1
14 37 1
14 43 -1
14 45 1
14 47 1
14 51 1
14 55 1
15 1 1
15 2 1
15 3 1
15 5 1
15 6 1
15 7 1
15 8 1
15 13 1
15 16 1
15 19 1
15 20 -1
15 29 1
15 45 1
15 46 -1
15 60 -1
16 2 1
16 5 1
16 6 -1
16 7 1
16 8 1
16 10 1
16 12 1
16 14 -1
16 15 1
16 17 1
16 23 1
16 35 1
16 41 1
16 43 1
16 49 1
16 63 1
17 4 -1
17 12 1
17 16 1
17 18 -1
17 19 1
17 23 1
17 25 -1
17 27 -1
17 28 1
17 30 1
17 31 1
17 32 1
17 38 1
17 52 -1
17 54 -1
18 3 -1
18 5 -1
18 12 -1
18 17 -1
18 19 -1
18 21 1
18 22 1
18 23 1
18 24 1
18 26 1
18 28 -1
18 32 -1
18 34 1
18 48 -1
18 53 1
19 2 1
19 7 1
19 15 1
19 17 1
19 18 -1
19 20 1
19 22 1
19 23 1
19 25 1
19 26 1
19 27 1
19 29 1
19 34 1
19 35 1
19 62 1
19 64 1
20 2 1
20 3 1
20 9 1
20 15 -1
20 19 1
20 21 1
20 23 1
20 24 1
20 26 -1
20 27 -1
20 28 1
20 29 1
20 31 1
20 36 -1
20 39 1
20 49 1
21 3 1
21 4 1
21 13 1
21 18 1
21 20 1
21 22 1
21 23 1
21 25 -1
21 28 1
21 29 1
21 30 1
21 32 1
21 42 1
21 52 1
21 58 1
21 64 -1
22 1 -1
22 5 -1
22 12 1
22 18 1
22 19 1
22 21 1
22 26 1
22 27 1
22 29 1
22 30 1
22 31 1
22 32 1
22 39 1
22 49 1
22 57 1
22 61 1
23 11 1
23 16 1
23 17 1
23 18 1
23 19 1
23 20 1
23 21 1
23 24 1
23 25 -1
23 29 1
23 30 1
23 36 -1
23 37 -1
23 39 1
23 50 -1
23 53 1
24 18 1
24 20 1
24 23 1
24 25 -1
24 26 1
24 28 1
24 29 -1
24 30 1
24 31 1
24 34 1
24 42 1
24 44 1
24 46 1
24 50 -1
24 54 1
24 56 1
25 5 1
25 6 1
25 17 -1
25 19 1
25 21 -1
25 23 -1
25 24 -1
25 27 1
25 29 1
25 31 -1
25 32 -1
25 50 1
25 51 -1
25 55 1
25 61 1
26 18 1
26 19 1
26 20 -1
26 22 1
26 24 1
26 28 1
26 29 1
26 30 1
26 31 1
26 33 1
26 34 1
26 44 -1
26 47 1
26 53 -1
27 1 -1
27 9 1
27 10 1
27 12 1
27 17 -1
27 19 1
27 20 -1
27 22 1
27 25 1
27 28 1
27 30 -1
27 31 1
27 32 1
27 34 1
27 52 1
27 53 1
28 2 -1
28 10 1
28 17 1
28 18 -1
28 20 1
28 21 1
28 24 1
28 26 1
28 27 1
28 30 1
28 31 1
28 34 1
28 37 1
28 56 1
28 58 1
29 15 1
29 19 1
29 20 1
29 21 1
29 22 1
29 23 1
29 24 -1
29 25 1
29 26 1
29 32 1
29 39 1
29 41 1
29 44 1
29 52 -1
29 62 -1
30 2 1
30 7 1
30 10 1
30 17 1
30 21 1
30 22 1
30 23 1
30 24 1
30 26 1
30 27 -1
30 28 1
30 32 1
30 36 -1
30 39 1
30 41 1
30 49 1
31 12 1
31 17 1
31 20 1
31 22 1
31 24 1
31 25 -1
31 26 1
31 27 1
31 28 1
31 32 1
31 36 1
31 38 -1
31 52 1
31 56 1
31 58 1
32 4 1
32 9 -1
32 17 1
32 18 -1
32 21 1
32 22 1
32 25 -1
32 27 1
32 29 1
32 30 1
32 31 1
32 45 -1
32 46 1
32 59 1
32 60 -1
32 63 1
33 1 1
33 6 1
33 8 1
33 26 1
33 34 1
33 39 1
33 40 1
33 41 1
33 42 1
33 43 1
33 44 1
33 47 1
33 48 1
33 52 1
33 61 1
34 5 -1
34 18 1
34 19 1
34 24 1
34 26 1
34 27 1
34 28 1
34 33 1
34 35 1
34 37 1
34 39 -1
34 40 1
34 42 1
34 43 1
34 44 1
34 48 -1
35 7 -1
35 11 1
35 16 1
35 19 1
35 34 1
35 36 1
35 37 -1
35 38 1
35 43 1
35 44 1
35 45 1
35 46 1
35 47 1
35 53 1
35 58 1
35 60 1
36 20 -1
36 23 -1
36 30 -1
36 31 1
36 35 1
36 37 1
36 39 1
36 40 1
36 41 1
36 45 -1
36 46 -1
36 47 1
36 48 -1
36 59 1
36 60 1
36 62 1
37 6 -1
37 13 1
37 14 1
37 23 -1
37 28 1
37 34 1
37 35 -1
37 36 1
37 38 1
37 39 -1
37 41 1
37 42 1
37 46 1
37 48 1
37 53 1
37 64 1
38 8 1
38 17 1
38 31 -1
38 35 1
38 37 1
38 41 1
38 42 1
38 43 1
38 44 1
38 45 1
38 46 1
38 47 1
38 49 1
39 8 1
39 13 1
39 20 1
39 22 1
39 23 1
39 29 1
39 30 1
39 33 1
39 34 -1
39 36 1
39 37 -1
39 40 1
39 41 1
39 43 1
39 46 1
39 47 1
40 4 1
40 33 1
40 34 1
40 36 1
40 39 1
40 42 -1
40 43 1
40 44 1
40 45 1
40 47 1
40 54 1
40 56 -1
41 16 1
41 29 1
41 30 1
41 33 1
41 36 1
41 37 1
41 38 1
41 39 1
41 43 1
41 45 1
41 46 1
41 48 1
41 55 1
41 57 1
41 63 1
42 3 1
42 6 1
42 10 1
42 11 1
42 21 1
42 24 1
42 33 1
42 34 1
42 37 1
42 38 1
42 40 -1
42 45 1
42 46 1
42 47 1
42 48 1
42 51 1
43 7 1
43 14 -1
43 16 1
43 33 1
43 34 1
43 35 1
43 38 1
43 39 1
43 40 1
43 41 1
43 47 1
43 48 -1
43 57 -1
43 59 1
43 64 1
44 3 1
44 24 1
44 26 -1
44 29 1
44 33 1
44 34 1
44 35 1
44 38 1
44 40 1
44 45 1
44 46 1
44 47 1
44 48 -1
44 55 1
44 62 1
45 4 1
45 7 1
45 14 1
45 15 1
45 32 -1
45 35 1
45 36 -1
45 38 1
45 40 1
45 41 1
45 42 1
45 44 1
45 46 -1
45 48 1
45 50 1
45 62 1
46 2 1
46 15 -1
46 24 1
46 32 1
46 35 1
46 36 -1
46 37 1
46 38 1
46 39 1
46 41 1
46 42 1
46 44 1
46 45 -1
46 51 1
46 58 1
47 10 -1
47 11 1
47 14 1
47 26 1
47 33 1
47 35 1
47 36 1
47 38 1
47 39 1
47 40 1
47 42 1
47 43 1
47 44 1
47 61 1
47 62 1
47 64 1
48 1 1
48 3 1
48 11 1
48 18 -1
48 33 1
48 34 -1
48 36 -1
48 37 1
48 41 1
48 42 1
48 43 -1
48 44 -1
48 45 1
48 54 -1
48 58 1
49 7 1
49 13 -1
49 16 1
49 20 1
49 22 1
49 30 1
49 38 1
49 51 1
49 52 1
49 53 1
49 55 1
49 56 1
49 57 1
49 59 1
49 62 1
49 64 1
50 1 1
50 5 1
50 9 1
50 23 -1
50 24 -1
50 25 1
50 45 1
50 51 1
50 53 1
50 55 1
50 56 1
50 57 1
50 58 1
50 61 1
50 63 1
50 64 1
51 6 -1
51 14 1
51 25 -1
51 42 1
51 46 1
51 49 1
51 50 1
51 53 1
51 56 1
51 57 1
51 58 1
51 59 1
51 61 1
51 63 -1
52 3 -1
52 17 -1
52 21 1
52 27 1
52 29 -1
52 31 1
52 33 1
52 49 1
52 53 1
52 54 1
52 55 -1
52 56 1
52 57 1
52 59 1
52 60 -1
52 64 1
53 18 1
53 23 1
53 26 -1
53 27 1
53 35 1
53 37 1
53 49 1
53 50 1
53 51 1
53 52 1
53 56 1
53 57 1
53 58 1
53 59 1
53 62 1
54 6 1
54 17 -1
54 24 1
54 40 1
54 48 -1
54 52 1
54 55 1
54 56 -1
54 57 1
54 58 -1
54 60 1
54 61 1
54 63 1
54 64 1
55 7 1
55 13 1
55 14 1
55 25 1
55 41 1
55 44 1
55 49 1
55 50 1
55 52 -1
55 54 1
55 58 1
55 60 1
55 61 1
55 62 -1
55 64 -1
56 24 1
56 28 1
56 31 1
56 40 -1
56 49 1
56 50 1
56 51 1
56 52 1
56 53 1
56 54 -1
56 60 1
56 61 -1
56 62 1
57 9 1
57 13 1
57 22 1
57 41 1
57 43 -1
57 49 1
57 50 1
57 51 1
57 52 1
57 53 1
57 54 1
57 60 1
57 63 1
57 64 1
58 4 1
58 21 1
58 28 1
58 31 1
58 35 1
58 46 1
58 48 1
58 50 1
58 51 1
58 53 1
58 54 -1
58 55 1
58 59 1
58 61 1
58 62 1
58 63 -1
59 1 1
59 8 1
59 12 -1
59 32 1
59 36 1
59 43 1
59 49 1
59 51 1
59 52 1
59 53 1
59 58 1
59 61 1
59 62 -1
59 63 1
59 64 1
60 2 1
60 4 -1
60 5 1
60 15 -1
60 32 -1
60 35 1
60 36 1
60 52 -1
60 54 1
60 55 1
60 56 1
60 57 1
60 61 -1
60 62 -1
60 63 -1
60 64 1
61 8 1
61 12 1
61 13 -1
61 22 1
61 25 1
61 33 1
61 47 1
61 50 1
61 51 1
61 54 1
61 55 1
61 56 -1
61 58 1
61 59 1
61 60 -1
61 63 1
62 6 1
62 19 1
62 29 -1
62 36 1
62 44 1
62 45 1
62 47 1
62 49 1
62 53 1
62 55 -1
62 56 1
62 58 1
62 59 -1
62 60 -1
62 63 1
62 64 1
63 2 -1
63 10 -1
63 11 1
63 16 1
63 32 1
63 41 1
63 50 1
63 51 -1
63 54 1
63 57 1
63 58 -1
63 59 1
63 60 -1
63 61 1
63 62 1
64 9 1
64 19 1
64 21 -1
64 37 1
64 43 1
64 47 1
64 49 1
64 50 1
64 52 1
64 54 1
64 55 -1
64 57 1
64 59 1
64 60 1
64 62 1
