1 3 1
1 5 1
1 6 1
1 8 1
1 10 -1
1 12 1
1 13 -1
1 14 -1
1 15 -1
1 40 1
1 43 1
1 46 1
1 50 -1
1 60 1
1 62 1
2 4 1
2 6 1
2 10 1
2 11 -1
2 12 1
2 13 -1
2 14 -1
2 15 1
2 16 1
2 36 1
2 46 -1
2 48 1
2 56 1
2 62 1
3 1 1
3 5 -1
3 8 1
3 9 1
3 10 -1
3 11 1
3 13 1
3 14 1
3 16 1
3 18 1
3 36 -1
3 42 1
3 46 1
3 48 1
3 56 -1
3 57 1
4 2 1
4 5 -1
4 6 1
4 8 1
4 9 1
4 10 1
4 11 -1
4 12 -1
4 14 1
4 19 1
4 26 1
4 30 1
4 34 -1
4 40 1
4 50 1
4 61 1
5 1 1
5 3 -1
5 4 -1
5 7 1
5 8 1
5 10 -1
5 13 1
5 15 1
5 16 1
5 26 -1
5 31 1
5 42 1
5 44 1
5 46 -1
5 55 -1
5 56 1
6 1 1
6 2 1
6 4 1
6 7 -1
6 8 1
6 9 1
6 10 -1
6 15 1
6 16 1
6 19 -1
6 33 1
6 34 1
6 42 1
6 48 1
6 60 1
6 63 1
7 5 1
7 6 -1
7 9 -1
7 10 1
7 11 -1
7 12 1
7 13 1
7 15 -1
7 16 -1
7 31 1
7 38 1
7 45 1
7 46 1
7 55 1
7 58 1
7 63 -1
8 1 1
8 3 1
8 4 1
8 5 1
8 6 1
8 9 1
8 13 1
8 14 -1
8 16 1
8 18 1
8 22 1
8 28 1
8 29 1
8 30 1
8 58 -1
8 63 -1
9 3 1
9 4 1
9 6 1
9 7 -1
9 8 1
9 10 1
9 12 -1
9 13 1
9 14 -1
9 24 1
9 28 -1
9 40 1
9 49 1
9 62 1
10 1 -1
10 2 1
10 3 -1
10 4 1
10 5 -1
10 6 -1
10 7 1
10 9 1
10 12 1
10 19 1
10 27 -1
10 33 1
10 41 1
10 47 -1
10 49 1
10 55 1
11 2 -1
11 3 1
11 4 -1
11 7 -1
11 12 1
11 13 1
11 14 -1
11 15 -1
11 16 1
11 20 -1
11 23 1
11 24 -1
11 40 -1
11 56 1
11 57 -1
11 62 1
12 1 1
12 2 1
12 4 -1
12 7 1
12 9 -1
12 10 1
12 11 1
12 14 1
12 15 1
12 19 1
12 20 1
12 25 1
12 38 -1
12 50 -1
12 54 1
12 64 -1
13 1 -1
13 2 -1
13 3 1
13 5 1
13 7 1
13 8 1
13 9 1
13 11 1
13 16 1
13 30 -1
13 33 1
13 41 1
13 43 1
13 46 1
13 49 1
14 1 -1
14 2 -1
14 3 1
14 4 1
14 8 -1
14 9 -1
14 11 -1
14 12 1
14 15 1
14 22 -1
14 24 -1
14 26 1
14 50 1
14 52 -1
14 54 1
14 64 1
15 1 -1
15 2 1
15 5 1
15 6 1
15 7 -1
15 11 -1
15 12 1
15 14 1
15 16 1
15 17 -1
15 20 1
15 28 1
15 32 1
15 34 1
15 53 -1
15 59 1
16 2 1
16 3 1
16 5 1
16 6 1
16 7 -1
16 8 1
16 11 1
16 13 1
16 15 1
16 20 1
16 39 1
16 44 1
16 48 1
16 52 1
16 54 -1
17 15 -1
17 18 1
17 20 1
17 24 1
17 25 1
17 26 1
17 27 1
17 28 1
17 29 1
17 30 -1
17 39 -1
17 41 -1
17 42 1
17 44 -1
17 48 1
17 61 -1
18 3 1
18 8 1
18 17 1
18 19 1
18 20 1
18 21 1
18 24 1
18 28 -1
18 30 1
18 31 1
18 32 -1
18 36 1
18 38 1
18 44 -1
18 54 1
19 4 1
19 6 -1
19 10 1
19 12 1
19 18 1
19 20 1
19 21 -1
19 22 1
19 25 -1
19 27 1
19 29 -1
19 31 1
19 32 -1
19 37 -1
19 56 1
19 58 1
20 11 -1
20 12 1
20 15 1
20 16 1
20 17 1
20 18 1
20 19 1
20 21 1
20 22 1
20 23 -1
20 24 -1
20 26 1
20 31 -1
20 33 1
20 59 -1
20 61 1
21 18 1
21 19 -1
21 20 1
21 22 1
21 24 -1
21 25 -1
21 26 -1
21 28 1
21 29 1
21 34 1
21 37 1
21 42 1
21 46 -1
21 60 1
21 62 1
21 64 1
22 8 1
22 14 -1
22 19 1
22 20 1
22 21 1
22 25 1
22 26 -1
22 27 1
22 29 1
22 30 1
22 32 1
22 33 1
22 36 1
22 44 1
22 52 1
23 11 1
23 20 -1
23 24 1
23 25 -1
23 26 -1
23 27 1
23 28 1
23 29 1
23 31 1
23 32 1
23 40 1
23 49 1
23 50 1
23 58 1
23 64 1
24 9 1
24 11 -1
24 14 -1
24 17 1
24 18 1
24 20 -1
24 21 -1
24 23 1
24 25 1
24 26 1
24 29 1
24 30 1
24 47 -1
24 59 1
25 12 1
25 17 1
25 19 -1
25 21 -1
25 22 1
25 23 -1
25 24 1
25 26 1
25 28 1
25 30 1
25 38 1
25 43 1
25 48 -1
25 53 -1
25 55 1
25 57 1
26 4 1
26 5 -1
26 14 1
26 17 1
26 20 1
26 21 -1
26 22 -1
26 23 -1
26 24 1
26 25 1
26 27 1
26 31 1
26 36 1
26 44 1
26 51 1
26 52 -1
27 10 -1
27 17 1
27 19 1
27 22 1
27 23 1
27 26 1
27 28 -1
27 30 -1
27 31 1
27 32 -1
27 38 -1
27 41 1
27 45 -1
27 49 1
27 57 1
27 61 1
28 8 1
28 9 -1
28 15 1
28 17 1
28 18 -1
28 21 1
28 23 1
28 25 1
28 27 -1
28 29 -1
28 31 1
28 32 -1
28 44 1
28 54 1
29 8 1
29 17 1
29 19 -1
29 21 1
29 22 1
29 23 1
29 24 1
29 28 -1
29 30 -1
29 32 1
29 42 1
29 50 1
29 58 -1
29 64 1
30 4 1
30 8 1
30 13 -1
30 17 -1
30 18 1
30 22 1
30 24 1
30 25 1
30 27 -1
30 29 -1
30 31 -1
30 32 1
30 37 -1
30 55 1
31 5 1
31 7 1
31 18 1
31 19 1
31 20 -1
31 23 1
31 26 1
31 27 1
31 28 1
31 30 -1
31 32 -1
31 33 1
31 34 -1
31 43 1
31 57 1
31 63 1
32 15 1
32 18 -1
32 19 -1
32 22 1
32 23 1
32 27 -1
32 28 -1
32 29 1
32 30 1
32 31 -1
32 35 -1
32 37 -1
32 45 1
32 49 1
32 51 -1
33 6 1
33 10 1
33 13 1
33 20 1
33 22 1
33 31 1
33 34 1
33 35 1
33 39 1
33 40 1
33 42 1
33 44 1
33 45 -1
33 47 1
33 48 -1
33 51 1
34 4 -1
34 6 1
34 15 1
34 21 1
34 31 -1
34 33 1
34 36 1
34 38 1
34 39 -1
34 40 -1
34 41 -1
34 43 -1
34 44 1
34 45 1
34 59 1
34 63 -1
35 32 -1
35 33 1
35 36 -1
35 37 -1
35 38 -1
35 41 1
35 45 1
35 46 1
35 47 1
35 48 1
35 51 1
35 52 1
35 56 1
35 60 1
35 62 1
36 2 1
36 3 -1
36 18 1
36 22 1
36 26 1
36 34 1
36 35 -1
36 37 1
36 38 1
36 40 1
36 41 -1
36 42 -1
36 45 1
36 48 -1
36 49 1
37 19 -1
37 21 1
37 30 -1
37 32 -1
37 35 -1
37 36 1
37 38 -1
37 39 1
37 40 1
37 41 1
37 43 -1
37 46 1
37 47 -1
37 53 1
37 63 1
38 7 1
38 12 -1
38 18 1
38 25 1
38 27 -1
38 34 1
38 35 -1
38 36 1
38 37 -1
38 42 1
38 43 1
38 45 -1
38 46 1
38 47 1
38 61 -1
39 16 1
39 17 -1
39 33 1
39 34 -1
39 37 1
39 40 -1
39 41 1
39 42 1
39 43 -1
39 44 1
39 47 1
39 51 1
39 53 -1
39 55 -1
39 60 1
39 64 1
40 1 1
40 4 1
40 9 1
40 11 -1
40 23 1
40 33 1
40 34 -1
40 36 1
40 37 1
40 39 -1
40 41 1
40 43 1
40 46 1
40 48 1
40 59 -1
41 10 1
41 13 1
41 17 -1
41 27 1
41 34 -1
41 35 1
41 36 -1
41 37 1
41 39 1
41 40 1
41 42 1
41 44 1
41 46 1
41 53 1
41 63 1
42 3 1
42 5 1
42 6 1
42 17 1
42 21 1
42 29 1
42 33 1
42 36 -1
42 38 1
42 39 1
42 41 1
42 44 1
42 45 -1
42 47 1
42 48 1
42 51 1
43 1 1
43 13 1
43 25 1
43 31 1
43 34 -1
43 37 -1
43 38 1
43 39 -1
43 40 1
43 44 1
43 45 1
43 46 1
43 48 -1
43 55 1
43 57 -1
44 5 1
44 16 1
44 17 -1
44 18 -1
44 22 1
44 26 1
44 28 1
44 33 1
44 34 1
44 39 1
44 41 1
44 42 1
44 43 1
44 46 1
44 47 -1
44 48 1
45 7 1
45 27 -1
45 32 1
45 33 -1
45 34 1
45 35 1
45 36 1
45 38 -1
45 42 -1
45 43 1
45 47 1
45 48 1
45 51 -1
45 59 -1
45 61 -1
46 1 1
46 2 -1
46 3 1
46 5 -1
46 7 1
46 13 1
46 21 -1
46 35 1
46 37 1
46 38 1
46 40 1
46 41 1
46 43 1
46 44 1
46 47 -1
46 48 1
47 10 -1
47 24 -1
47 33 1
47 35 1
47 37 -1
47 38 1
47 39 1
47 42 1
47 44 -1
47 45 1
47 46 -1
47 53 1
47 60 1
47 61 -1
48 2 1
48 3 1
48 6 1
48 16 1
48 17 1
48 25 -1
48 33 -1
48 35 1
48 36 -1
48 40 1
48 42 1
48 43 -1
48 44 1
48 45 1
48 46 1
48 59 1
49 9 1
49 10 1
49 13 1
49 23 1
49 27 1
49 32 1
49 36 1
49 51 -1
49 52 1
49 55 1
49 57 1
49 58 -1
49 59 -1
49 61 -1
49 62 1
49 63 1
50 1 -1
50 4 1
50 12 -1
50 14 1
50 23 1
50 29 1
50 53 1
50 54 1
50 55 1
50 56 -1
50 58 1
50 60 1
50 61 1
50 62 1
50 64 1
51 26 1
51 32 -1
51 33 1
51 35 1
51 39 1
51 42 1
51 45 -1
51 49 -1
51 52 -1
51 53 -1
51 54 1
51 57 1
51 58 1
51 59 1
51 60 1
51 62 1
52 14 -1
52 16 1
52 22 1
52 26 -1
52 35 1
52 49 1
52 51 -1
52 54 1
52 55 1
52 56 1
52 58 1
52 60 1
52 62 1
52 63 -1
53 15 -1
53 25 -1
53 37 1
53 39 -1
53 41 1
53 47 1
53 50 1
53 51 -1
53 56 -1
53 58 -1
53 60 1
53 61 -1
53 62 1
53 63 -1
53 64 1
54 12 1
54 14 1
54 16 -1
54 18 1
54 28 1
54 50 1
54 51 1
54 52 1
54 56 1
54 58 1
54 59 1
54 60 1
54 61 1
54 63 -1
55 5 -1
55 7 1
55 10 1
55 25 1
55 30 1
55 39 -1
55 43 1
55 49 1
55 50 1
55 52 1
55 56 1
55 57 1
55 58 -1
55 59 1
55 62 -1
55 64 1
56 2 1
56 3 -1
56 5 1
56 11 1
56 19 1
56 35 1
56 50 -1
56 52 1
56 53 -1
56 54 1
56 55 1
56 57 1
56 60 1
56 61 1
56 62 1
57 3 1
57 11 -1
57 25 1
57 27 1
57 31 1
57 43 -1
57 49 1
57 51 1
57 55 1
57 56 1
57 59 1
57 60 -1
57 61 1
57 63 1
57 64 1
58 7 1
58 8 -1
58 19 1
58 23 1
58 29 -1
58 49 -1
58 50 1
58 51 1
58 52 1
58 53 -1
58 54 1
58 55 -1
58 60 1
58 64 1
59 15 1
59 20 -1
59 24 1
59 34 1
59 40 -1
59 45 -1
59 48 1
59 49 -1
59 51 1
59 54 1
59 55 1
59 57 1
59 61 -1
59 62 1
59 63 1
59 64 1
60 1 1
60 6 1
60 21 1
60 35 1
60 39 1
60 47 1
60 50 1
60 51 1
60 52 1
60 53 1
60 54 1
60 56 1
60 57 -1
60 58 1
60 63 -1
61 4 1
61 17 -1
61 20 1
61 27 1
61 38 -1
61 45 -1
61 47 -1
61 49 -1
61 50 1
61 53 -1
61 54 1
61 56 1
61 57 1
61 59 -1
61 63 1
61 64 1
62 1 1
62 2 1
62 9 1
62 11 1
62 21 1
62 35 1
62 49 1
62 50 1
62 51 1
62 52 1
62 53 1
62 55 -1
62 56 1
62 59 1
62 64 1
63 6 1
63 7 -1
63 8 -1
63 31 1
63 34 -1
63 37 1
63 41 1
63 49 1
63 52 -1
63 53 -1
63 54 -1
63 57 1
63 59 1
63 60 -1
63 61 1
63 64 1
64 12 -1
64 14 1
64 21 1
64 23 1
64 29 1
64 39 1
64 50 1
64 53 1
64 55 1
64 57 1
64 58 1
64 59 1
64 61 1
64 62 1
64 63 1
