1 2 -1
1 4 1
1 6 -1
1 7 -1
1 8 1
1 10 -1
1 11 -1
1 13 -1
1 14 -1
1 26 1
1 41 1
1 45 1
1 47 -1
1 50 1
1 57 1
1 63 -1
2 1 -1
2 3 1
2 8 -1
2 9 1
2 10 1
2 12 1
2 14 -1
2 15 1
2 16 1
2 19 -1
2 26 1
2 27 -1
2 43 -1
2 48 1
2 56 1
2 61 1
3 2 1
3 4 1
3 6 -1
3 7 1
3 9 1
3 12 1
3 13 1
3 15 1
3 16 -1
3 35 1
3 39 1
3 46 -1
3 51 -1
3 55 1
3 59 -1
4 1 1
4 3 1
4 8 -1
4 10 1
4 11 1
4 12 -1
4 13 1
4 14 1
4 16 -1
4 18 -1
4 24 1
4 40 -1
4 44 -1
4 49 -1
4 50 1
4 61 -1
5 6 1
5 7 1
5 8 -1
5 9 1
5 11 -1
5 12 1
5 14 1
5 15 -1
5 16 1
5 22 1
5 26 1
5 29 -1
5 38 1
5 52 -1
5 58 -1
5 60 -1
6 1 -1
6 3 -1
6 5 1
6 7 1
6 8 -1
6 9 -1
6 10 1
6 13 1
6 15 1
6 17 -1
6 18 -1
6 27 -1
6 29 1
6 37 1
6 64 1
7 1 -1
7 3 1
7 5 1
7 6 1
7 10 -1
7 11 1
7 13 -1
7 14 1
7 15 1
7 28 -1
7 31 1
7 38 1
7 41 -1
7 53 1
7 58 -1
8 1 1
8 2 -1
8 4 -1
8 5 -1
8 6 -1
8 9 1
8 12 -1
8 15 1
8 16 1
8 17 -1
8 28 1
8 30 1
8 48 -1
8 52 -1
8 60 1
9 2 1
9 3 1
9 5 1
9 6 -1
9 8 1
9 10 1
9 11 1
9 12 -1
9 16 -1
9 23 1
9 35 1
9 36 -1
9 39 -1
9 52 1
10 1 -1
10 2 1
10 4 1
10 6 1
10 7 -1
10 9 1
10 12 -1
10 13 1
10 16 1
10 17 1
10 22 1
10 33 1
10 50 1
10 60 1
10 64 1
11 1 -1
11 4 1
11 5 -1
11 7 1
11 9 1
11 12 1
11 13 1
11 15 1
11 16 -1
11 19 1
11 27 1
11 30 1
11 43 -1
11 63 1
12 2 1
12 3 1
12 4 -1
12 5 1
12 8 -1
12 9 -1
12 10 -1
12 11 1
12 14 -1
12 32 1
12 33 1
12 36 1
12 40 -1
12 46 1
12 50 -1
12 57 1
13 1 -1
13 3 1
13 4 1
13 6 1
13 7 -1
13 10 1
13 11 1
13 14 -1
13 15 1
13 32 1
13 33 1
13 38 1
13 44 1
13 46 -1
13 48 1
13 52 1
14 1 -1
14 2 -1
14 4 1
14 5 1
14 7 1
14 12 -1
14 13 -1
14 15 1
14 16 -1
14 26 1
14 29 -1
14 33 -1
14 34 1
14 38 -1
14 55 1
14 59 -1
15 2 1
15 3 1
15 5 -1
15 6 1
15 7 1
15 8 1
15 11 1
15 13 1
15 14 1
15 19 -1
15 30 -1
15 32 1
15 33 -1
15 40 1
15 54 1
15 63 -1
16 2 1
16 3 -1
16 4 -1
16 5 1
16 8 1
16 9 -1
16 10 1
16 11 -1
16 14 -1
16 29 -1
16 32 1
16 38 -1
16 47 1
16 53 1
16 56 1
17 6 -1
17 8 -1
17 10 1
17 18 1
17 19 1
17 21 1
17 23 1
17 24 -1
17 25 1
17 29 1
17 30 -1
17 31 1
17 41 -1
17 47 -1
17 57 1
18 4 -1
18 6 -1
18 17 1
18 20 1
18 21 1
18 22 1
18 23 -1
18 25 -1
18 27 -1
18 28 1
18 30 -1
18 46 -1
18 48 1
18 56 1
18 62 -1
19 2 -1
19 11 1
19 15 -1
19 17 1
19 20 1
19 23 -1
19 24 1
19 25 1
19 28 -1
19 30 1
19 31 1
19 32 1
19 34 1
19 37 1
19 53 1
20 18 1
20 19 1
20 24 1
20 26 1
20 27 1
20 29 1
20 30 1
20 31 1
20 32 -1
20 35 1
20 49 1
20 51 1
20 57 1
20 59 1
20 63 1
21 17 1
21 18 1
21 24 1
21 27 1
21 28 1
21 29 1
21 30 1
21 31 1
21 32 1
21 34 -1
21 42 -1
21 50 1
21 53 -1
21 54 1
21 64 -1
22 5 1
22 10 1
22 18 1
22 23 -1
22 24 -1
22 25 -1
22 26 1
22 27 1
22 28 1
22 29 1
22 32 -1
22 35 -1
22 37 1
22 41 1
22 56 -1
22 59 -1
23 9 1
23 17 1
23 18 -1
23 19 -1
23 22 -1
23 26 1
23 27 -1
23 28 1
23 29 1
23 32 1
23 35 1
23 42 -1
23 44 1
23 54 1
23 56 1
23 62 1
24 4 1
24 17 -1
24 19 1
24 20 1
24 21 1
24 22 -1
24 25 1
24 26 1
24 29 -1
24 30 1
24 33 -1
24 44 1
24 54 -1
24 56 1
24 63 -1
25 17 1
25 18 -1
25 19 1
25 22 -1
25 24 1
25 27 1
25 28 1
25 31 -1
25 32 -1
25 40 1
25 44 1
25 49 -1
25 51 1
25 57 -1
25 61 -1
26 1 1
26 2 1
26 5 1
26 14 1
26 20 1
26 22 1
26 23 1
26 24 1
26 28 1
26 29 1
26 30 -1
26 31 1
26 32 -1
26 45 1
26 47 1
26 60 1
27 2 -1
27 6 -1
27 11 1
27 18 -1
27 20 1
27 21 1
27 22 1
27 23 -1
27 25 1
27 28 1
27 29 1
27 31 -1
27 42 1
27 43 -1
27 45 -1
28 7 -1
28 8 1
28 18 1
28 19 -1
28 21 1
28 22 1
28 23 1
28 25 1
28 26 1
28 27 1
28 31 -1
28 34 1
28 48 1
28 60 -1
28 62 1
29 5 -1
29 6 1
29 14 -1
29 16 -1
29 17 1
29 20 1
29 21 1
29 22 1
29 23 1
29 24 -1
29 26 1
29 27 1
29 30 -1
29 36 -1
29 46 -1
29 60 1
30 8 1
30 11 1
30 15 -1
30 17 -1
30 18 -1
30 19 1
30 20 1
30 21 1
30 24 1
30 26 -1
30 29 -1
30 32 -1
30 40 1
30 49 1
30 58 1
30 62 1
31 7 1
31 17 1
31 19 1
31 20 1
31 21 1
31 25 -1
31 26 1
31 27 -1
31 28 -1
31 32 1
31 35 -1
31 36 1
31 39 -1
31 42 1
31 47 1
31 53 1
32 12 1
32 13 1
32 15 1
32 16 1
32 19 1
32 20 -1
32 21 1
32 22 -1
32 23 1
32 25 -1
32 26 -1
32 30 -1
32 31 1
32 39 1
32 43 1
32 59 -1
33 10 1
33 12 1
33 13 1
33 14 -1
33 15 -1
33 24 -1
33 34 1
33 37 1
33 39 -1
33 40 1
33 41 -1
33 42 1
33 44 1
33 46 -1
33 47 1
34 14 1
34 19 1
34 21 -1
34 28 1
34 33 1
34 36 -1
34 39 1
34 40 -1
34 41 -1
34 42 -1
34 44 -1
34 45 1
34 48 1
34 54 1
34 63 1
35 3 1
35 9 1
35 20 1
35 22 -1
35 23 1
35 31 -1
35 36 -1
35 37 -1
35 38 -1
35 40 1
35 41 -1
35 42 1
35 43 1
35 45 -1
35 46 1
35 50 -1
36 9 -1
36 12 1
36 29 -1
36 31 1
36 34 -1
36 35 -1
36 37 1
36 39 1
36 41 1
36 43 1
36 45 1
36 47 1
36 48 1
36 49 1
36 61 1
37 6 1
37 19 1
37 22 1
37 33 1
37 35 -1
37 36 1
37 38 1
37 40 -1
37 41 1
37 43 1
37 44 1
37 46 1
37 49 -1
37 55 1
37 59 -1
37 61 1
38 5 1
38 7 1
38 13 1
38 14 -1
38 16 -1
38 35 -1
38 37 1
38 39 1
38 41 1
38 43 -1
38 44 1
38 45 -1
38 47 -1
38 48 -1
38 54 -1
39 3 1
39 9 -1
39 31 -1
39 32 1
39 33 -1
39 34 1
39 36 1
39 38 1
39 42 -1
39 43 1
39 44 -1
39 45 1
39 48 1
39 51 -1
39 52 1
39 64 1
40 4 -1
40 12 -1
40 15 1
40 25 1
40 30 1
40 33 1
40 34 -1
40 35 1
40 37 -1
40 41 -1
40 43 1
40 44 -1
40 46 1
40 48 1
40 54 1
40 62 1
41 1 1
41 7 -1
41 17 -1
41 22 1
41 33 -1
41 34 -1
41 35 -1
41 36 1
41 37 1
41 38 1
41 40 -1
41 45 -1
41 46 1
41 51 1
41 58 -1
41 64 1
42 21 -1
42 23 -1
42 27 1
42 31 1
42 33 1
42 34 -1
42 35 1
42 39 -1
42 43 1
42 45 -1
42 46 1
42 47 1
42 48 -1
42 59 -1
42 61 1
43 2 -1
43 11 -1
43 27 -1
43 32 1
43 35 1
43 36 1
43 37 1
43 38 -1
43 39 1
43 40 1
43 42 1
43 44 1
43 47 1
43 53 -1
43 57 -1
43 58 -1
44 4 -1
44 13 1
44 23 1
44 24 1
44 25 1
44 33 1
44 34 -1
44 37 1
44 38 1
44 39 -1
44 40 -1
44 43 1
44 46 1
44 47 1
44 58 1
44 62 -1
45 1 1
45 26 1
45 27 -1
45 34 1
45 35 -1
45 36 1
45 38 -1
45 39 1
45 41 -1
45 42 -1
45 47 1
45 48 1
45 50 1
45 55 -1
45 60 -1
45 64 -1
46 3 -1
46 12 1
46 13 -1
46 18 -1
46 29 -1
46 33 -1
46 35 1
46 37 1
46 40 1
46 41 1
46 42 1
46 44 1
46 47 -1
46 48 1
46 58 -1
46 62 -1
47 1 -1
47 16 1
47 17 -1
47 26 1
47 31 1
47 33 1
47 36 1
47 38 -1
47 42 1
47 43 1
47 44 1
47 45 1
47 46 -1
47 48 1
47 55 -1
48 2 1
48 8 -1
48 13 1
48 18 1
48 28 1
48 34 1
48 36 1
48 38 -1
48 39 1
48 40 1
48 42 -1
48 45 1
48 46 1
48 47 1
48 55 1
48 61 1
49 4 -1
49 20 1
49 25 -1
49 30 1
49 36 1
49 37 -1
49 50 1
49 52 1
49 53 -1
49 54 1
49 55 1
49 56 1
49 57 1
49 61 -1
49 62 1
50 1 1
50 4 1
50 10 1
50 12 -1
50 21 1
50 35 -1
50 45 1
50 49 1
50 51 -1
50 54 1
50 57 1
50 58 1
50 60 1
50 61 -1
50 62 1
50 64 1
51 3 -1
51 20 1
51 25 1
51 39 -1
51 41 1
51 50 -1
51 53 1
51 54 -1
51 57 -1
51 60 -1
51 61 1
51 62 1
51 63 -1
51 64 1
52 5 -1
52 8 -1
52 9 1
52 13 1
52 39 1
52 49 1
52 54 -1
52 55 1
52 56 -1
52 57 -1
52 59 1
52 62 1
52 63 -1
52 64 1
53 7 1
53 16 1
53 19 1
53 21 -1
53 31 1
53 43 -1
53 49 -1
53 51 1
53 55 -1
53 56 -1
53 57 -1
53 59 1
53 60 -1
53 62 1
53 63 1
54 15 1
54 21 1
54 23 1
54 24 -1
54 34 1
54 38 -1
54 40 1
54 49 1
54 50 1
54 51 -1
54 52 -1
54 55 -1
54 56 1
54 58 -1
54 60 -1
54 63 1
55 3 1
55 14 1
55 37 1
55 45 -1
55 47 -1
55 48 1
55 49 1
55 52 1
55 53 -1
55 54 -1
55 56 -1
55 58 -1
55 59 -1
55 60 -1
55 64 1
56 2 1
56 16 1
56 18 1
56 22 -1
56 23 1
56 24 1
56 49 1
56 52 -1
56 53 -1
56 54 1
56 55 -1
56 57 -1
56 58 1
56 59 1
56 62 -1
57 1 1
57 12 1
57 17 1
57 20 1
57 25 -1
57 43 -1
57 49 1
57 50 1
57 51 -1
57 52 -1
57 53 -1
57 56 -1
57 58 -1
57 59 -1
57 61 -1
58 5 -1
58 7 -1
58 30 1
58 41 -1
58 43 -1
58 44 1
58 46 -1
58 50 1
58 54 -1
58 55 -1
58 56 1
58 57 -1
58 60 1
58 61 1
58 62 1
58 63 -1
59 3 -1
59 14 -1
59 20 1
59 22 -1
59 32 -1
59 37 -1
59 42 -1
59 52 1
59 53 1
59 55 -1
59 56 1
59 57 -1
59 61 -1
59 62 -1
59 63 1
59 64 -1
60 5 -1
60 8 1
60 10 1
60 26 1
60 28 -1
60 29 1
60 45 -1
60 50 1
60 51 -1
60 53 -1
60 54 -1
60 55 -1
60 58 1
60 61 1
60 63 -1
60 64 -1
61 2 1
61 4 -1
61 25 -1
61 36 1
61 37 1
61 42 1
61 48 1
61 49 -1
61 50 -1
61 51 1
61 57 -1
61 58 1
61 59 -1
61 60 1
61 63 1
61 64 1
62 18 -1
62 23 1
62 28 1
62 30 1
62 40 1
62 44 -1
62 46 -1
62 49 1
62 50 1
62 51 1
62 52 1
62 53 1
62 56 -1
62 58 1
62 59 -1
62 64 1
63 1 -1
63 11 1
63 15 -1
63 20 1
63 24 -1
63 34 1
63 51 -1
63 52 -1
63 53 1
63 54 1
63 58 -1
63 59 1
63 60 -1
63 61 1
63 64 1
64 6 1
64 10 1
64 21 -1
64 39 1
64 41 1
64 45 -1
64 50 1
64 51 1
64 52 1
64 55 1
64 59 -1
64 60 -1
64 61 1
64 62 1
64 63 1
