1 3 1
1 4 1
1 6 1
1 7 1
1 8 1
1 9 1
1 10 1
1 11 1
1 12 -1
1 21 1
1 30 1
1 35 1
1 36 1
1 37 1
1 38 1
1 53 1
2 3 1
2 4 1
2 6 1
2 8 1
2 9 1
2 10 1
2 13 1
2 15 1
2 16 1
2 18 1
2 21 -1
2 40 1
2 42 1
2 52 1
2 54 1
3 1 1
3 2 1
3 7 1
3 8 1
3 9 1
3 10 1
3 13 1
3 15 -1
3 16 1
3 22 1
3 29 1
3 35 1
3 41 1
3 46 1
3 50 1
3 64 1
4 1 1
4 2 1
4 7 1
4 8 1
4 11 1
4 12 1
4 14 1
4 15 1
4 16 1
4 33 1
4 41 1
4 50 1
4 51 1
4 58 1
4 59 1
5 6 1
5 9 1
5 10 1
5 11 1
5 12 -1
5 13 1
5 14 -1
5 15 1
5 16 1
5 18 1
5 21 1
5 34 -1
5 40 1
5 47 1
5 52 1
5 62 1
6 1 1
6 2 1
6 5 1
6 7 1
6 8 -1
6 10 1
6 11 1
6 14 1
6 16 1
6 22 1
6 23 -1
6 24 1
6 32 1
6 46 1
6 48 1
6 62 1
7 1 1
7 3 1
7 4 1
7 6 1
7 8 1
7 9 1
7 11 1
7 12 1
7 13 1
7 45 1
7 48 1
7 54 1
7 55 1
7 56 1
7 57 1
7 59 1
8 1 1
8 2 1
8 3 1
8 4 1
8 6 -1
8 7 1
8 11 1
8 14 1
8 15 1
8 19 1
8 29 1
8 35 -1
8 38 1
8 44 1
8 47 1
8 54 1
9 1 1
9 2 1
9 3 1
9 5 1
9 7 1
9 12 -1
9 13 -1
9 14 1
9 16 1
9 17 1
9 26 1
9 42 -1
9 48 1
9 52 1
9 55 -1
9 56 1
10 1 1
10 2 1
10 3 1
10 5 1
10 6 1
10 11 1
10 13 -1
10 15 1
10 16 1
10 19 1
10 34 1
10 41 -1
10 48 1
10 52 1
10 54 1
10 60 1
11 1 1
11 4 1
11 5 1
11 6 1
11 7 1
11 8 1
11 10 1
11 12 1
11 14 1
11 20 1
11 22 1
11 23 1
11 29 1
11 47 1
11 64 1
12 1 -1
12 4 1
12 5 -1
12 7 1
12 9 -1
12 11 1
12 13 1
12 14 1
12 15 1
12 18 1
12 24 1
12 31 1
12 35 1
12 39 1
12 59 1
13 2 1
13 3 1
13 5 1
13 7 1
13 9 -1
13 10 -1
13 12 1
13 14 -1
13 16 1
13 27 1
13 30 1
13 32 1
13 37 -1
13 43 1
13 47 1
13 63 1
14 4 1
14 5 -1
14 6 1
14 8 1
14 9 1
14 11 1
14 12 1
14 13 -1
14 15 1
14 18 1
14 21 -1
14 24 1
14 26 1
14 39 1
14 50 1
14 57 1
15 2 1
15 3 -1
15 4 1
15 5 1
15 8 1
15 10 1
15 12 1
15 14 1
15 16 1
15 28 1
15 34 1
15 42 1
15 46 1
15 51 1
15 62 1
16 2 1
16 3 1
16 4 1
16 5 1
16 6 1
16 9 1
16 10 1
16 13 1
16 15 1
16 19 1
16 24 1
16 25 1
16 37 1
16 46 1
16 49 1
16 62 -1
17 9 1
17 18 1
17 20 1
17 22 1
17 24 -1
17 25 1
17 27 1
17 28 1
17 29 1
17 32 1
17 36 1
17 39 1
17 40 1
17 41 1
17 55 1
17 57 1
18 2 1
18 5 1
18 12 1
18 14 1
18 17 1
18 19 -1
18 20 1
18 21 1
18 23 1
18 25 1
18 27 1
18 29 -1
18 31 1
18 39 1
18 48 -1
18 57 1
19 8 1
19 10 1
19 16 1
19 18 -1
19 23 1
19 25 1
19 27 1
19 28 1
19 29 1
19 30 1
19 31 1
19 32 1
19 39 1
19 43 -1
19 49 1
19 55 1
20 11 1
20 17 1
20 18 1
20 22 1
20 25 1
20 26 1
20 27 1
20 28 1
20 29 1
20 30 1
20 41 1
20 46 1
20 53 1
20 54 1
20 56 1
20 61 1
21 1 1
21 2 -1
21 5 1
21 14 -1
21 18 1
21 22 1
21 24 -1
21 25 1
21 26 1
21 29 1
21 30 -1
21 31 1
21 32 1
21 36 1
21 50 1
21 53 1
22 3 1
22 6 1
22 11 1
22 17 1
22 20 1
22 21 1
22 23 1
22 24 1
22 25 1
22 30 1
22 31 1
22 32 1
22 45 1
22 53 1
22 58 1
23 6 -1
23 11 1
23 18 1
23 19 1
23 22 1
23 24 1
23 26 1
23 27 1
23 28 1
23 30 1
23 32 1
23 43 1
23 48 -1
23 59 1
23 61 1
24 6 1
24 12 1
24 14 1
24 16 1
24 17 -1
24 21 -1
24 22 1
24 23 1
24 25 1
24 26 1
24 27 1
24 29 -1
24 32 1
24 37 1
24 57 1
24 63 1
25 16 1
25 17 1
25 18 1
25 19 1
25 20 1
25 21 1
25 22 1
25 24 1
25 26 1
25 28 1
25 34 1
25 43 1
25 44 1
25 50 1
25 54 1
26 9 1
26 14 1
26 20 1
26 21 1
26 23 1
26 24 1
26 25 1
26 28 1
26 29 1
26 31 1
26 32 1
26 38 1
26 44 1
26 51 1
26 55 1
26 62 1
27 13 1
27 17 1
27 18 1
27 19 1
27 20 1
27 23 1
27 24 1
27 28 -1
27 30 1
27 31 1
27 35 -1
27 41 1
27 49 1
27 52 1
27 62 1
28 15 1
28 17 1
28 19 1
28 20 1
28 23 1
28 25 1
28 26 1
28 27 -1
28 30 1
28 31 1
28 34 1
28 38 1
28 60 1
28 64 1
29 3 1
29 8 1
29 11 1
29 17 1
29 18 -1
29 19 1
29 20 1
29 21 1
29 24 -1
29 26 1
29 30 -1
29 32 -1
29 37 1
29 43 -1
29 44 1
29 50 1
30 1 1
30 13 1
30 19 1
30 20 1
30 21 -1
30 22 1
30 23 1
30 27 1
30 28 1
30 29 -1
30 31 1
30 45 1
30 49 1
30 56 1
30 61 1
30 64 1
31 12 1
31 18 1
31 19 1
31 21 1
31 22 1
31 26 1
31 27 1
31 28 1
31 30 1
31 32 1
31 37 1
31 54 1
31 58 1
31 59 1
31 64 1
32 6 1
32 13 1
32 17 1
32 19 1
32 21 1
32 22 1
32 23 1
32 24 1
32 26 1
32 29 -1
32 31 1
32 33 1
32 36 1
32 47 1
32 60 1
32 64 1
33 4 1
33 32 1
33 36 1
33 37 -1
33 39 1
33 40 1
33 42 1
33 44 1
33 45 1
33 47 1
33 48 1
33 52 -1
33 53 -1
33 61 -1
33 63 1
34 5 -1
34 10 1
34 15 1
34 25 1
34 28 1
34 35 1
34 38 1
34 39 1
34 41 1
34 42 1
34 43 1
34 45 1
34 46 1
34 48 1
34 60 1
35 1 1
35 3 1
35 8 -1
35 12 1
35 27 -1
35 34 1
35 38 1
35 41 1
35 42 -1
35 44 1
35 45 1
35 46 1
35 47 1
35 48 1
35 56 1
36 1 1
36 17 1
36 21 1
36 32 1
36 33 1
36 38 1
36 39 1
36 40 1
36 41 1
36 42 1
36 45 1
36 47 1
36 48 1
36 58 1
36 60 1
37 1 1
37 13 -1
37 16 1
37 24 1
37 29 1
37 31 1
37 33 -1
37 38 1
37 39 1
37 40 1
37 41 1
37 42 1
37 43 1
37 44 1
37 48 1
37 61 1
38 1 1
38 8 1
38 26 1
38 28 1
38 34 1
38 35 1
38 36 1
38 37 1
38 39 1
38 40 1
38 44 1
38 46 1
38 47 1
38 49 1
38 56 1
38 58 -1
39 12 1
39 14 1
39 17 1
39 18 1
39 19 1
39 33 1
39 34 1
39 36 1
39 37 1
39 38 1
39 40 -1
39 41 1
39 46 1
39 47 1
39 62 1
40 2 1
40 5 1
40 17 1
40 33 1
40 36 1
40 37 1
40 38 1
40 39 -1
40 43 1
40 44 1
40 45 1
40 46 1
40 53 1
40 55 1
40 58 1
40 60 1
41 3 1
41 4 1
41 10 -1
41 17 1
41 20 1
41 27 1
41 34 1
41 35 1
41 36 1
41 37 1
41 39 1
41 42 -1
41 43 1
41 44 1
41 47 1
42 2 1
42 9 -1
42 15 1
42 33 1
42 34 1
42 35 -1
42 36 1
42 37 1
42 41 -1
42 43 1
42 44 1
42 46 1
42 49 1
42 51 1
42 63 1
43 13 1
43 19 -1
43 23 1
43 25 1
43 29 -1
43 34 1
43 37 1
43 40 1
43 41 1
43 42 1
43 45 1
43 46 1
43 47 -1
43 48 1
43 63 1
44 8 1
44 25 1
44 26 1
44 29 1
44 33 1
44 35 1
44 37 1
44 38 1
44 40 1
44 41 1
44 42 1
44 46 1
44 48 1
44 53 1
44 55 1
45 7 1
45 22 1
45 30 1
45 33 1
45 34 1
45 35 1
45 36 1
45 40 1
45 43 1
45 46 1
45 47 1
45 48 1
45 49 1
45 51 1
45 61 1
46 3 1
46 6 1
46 15 1
46 16 1
46 20 1
46 34 1
46 35 1
46 38 1
46 39 1
46 40 1
46 42 1
46 43 1
46 44 1
46 45 1
46 57 1
46 63 1
47 5 1
47 8 1
47 11 1
47 13 1
47 32 1
47 33 1
47 35 1
47 36 1
47 38 1
47 39 1
47 41 1
47 43 -1
47 45 1
47 48 1
47 50 1
47 63 1
48 6 1
48 7 1
48 9 1
48 10 1
48 18 -1
48 23 -1
48 33 1
48 34 1
48 35 1
48 36 1
48 37 1
48 43 1
48 44 1
48 45 1
48 47 1
48 57 1
49 16 1
49 19 1
49 27 1
49 30 1
49 38 1
49 42 1
49 45 1
49 50 -1
49 52 1
49 54 1
49 55 -1
49 56 1
49 57 1
49 60 1
49 61 1
49 62 1
50 3 1
50 4 1
50 14 1
50 21 1
50 25 1
50 29 1
50 47 1
50 49 -1
50 51 1
50 52 1
50 54 1
50 58 1
50 60 1
50 61 1
50 63 1
50 64 1
51 4 1
51 15 1
51 26 1
51 42 1
51 45 1
51 50 1
51 52 1
51 56 1
51 57 1
51 58 1
51 59 1
51 61 1
51 62 -1
51 63 1
52 2 1
52 5 1
52 9 1
52 10 1
52 27 1
52 33 -1
52 49 1
52 50 1
52 51 1
52 53 -1
52 55 1
52 58 1
52 59 1
52 60 1
52 64 1
53 1 1
53 20 1
53 21 1
53 22 1
53 33 -1
53 40 1
53 44 1
53 52 -1
53 54 1
53 55 1
53 56 1
53 57 1
53 58 1
53 59 1
53 62 1
53 64 1
54 2 1
54 7 1
54 8 1
54 10 1
54 20 1
54 25 1
54 31 1
54 49 1
54 50 1
54 53 1
54 56 1
54 57 -1
54 59 -1
54 61 1
54 62 1
54 64 1
55 7 1
55 9 -1
55 17 1
55 19 1
55 26 1
55 40 1
55 44 1
55 49 -1
55 52 1
55 53 1
55 57 1
55 59 1
55 60 1
55 62 -1
55 63 1
55 64 1
56 7 1
56 9 1
56 20 1
56 30 1
56 35 1
56 38 1
56 49 1
56 51 1
56 53 1
56 54 1
56 58 1
56 60 1
56 61 1
56 63 1
56 64 1
57 7 1
57 14 1
57 17 1
57 18 1
57 24 1
57 46 1
57 48 1
57 49 1
57 51 1
57 53 1
57 54 -1
57 55 1
57 59 1
57 61 1
57 63 1
57 64 1
58 4 1
58 22 1
58 31 1
58 36 1
58 38 -1
58 40 1
58 50 1
58 51 1
58 52 1
58 53 1
58 56 1
58 59 1
58 60 1
58 61 1
58 62 1
59 4 1
59 7 1
59 12 1
59 23 1
59 31 1
59 51 1
59 52 1
59 53 1
59 54 -1
59 55 1
59 57 1
59 58 1
59 62 1
59 63 1
60 10 1
60 28 1
60 32 1
60 34 1
60 36 1
60 40 1
60 49 1
60 50 1
60 52 1
60 55 1
60 56 1
60 58 1
60 61 1
60 62 1
60 63 1
61 20 1
61 23 1
61 30 1
61 33 -1
61 37 1
61 45 1
61 49 1
61 50 1
61 51 1
61 54 1
61 56 1
61 57 1
61 58 1
61 60 1
61 64 1
62 5 1
62 6 1
62 15 1
62 16 -1
62 26 1
62 27 1
62 39 1
62 49 1
62 51 -1
62 53 1
62 54 1
62 55 -1
62 58 1
62 59 1
62 60 1
62 63 1
63 13 1
63 24 1
63 33 1
63 42 1
63 43 1
63 46 1
63 47 1
63 50 1
63 51 1
63 55 1
63 56 1
63 57 1
63 59 1
63 60 1
63 62 1
63 64 1
64 3 1
64 11 1
64 28 1
64 30 1
64 31 1
64 32 1
64 50 1
64 52 1
64 53 1
64 54 1
64 55 1
64 56 1
64 57 1
64 61 1
64 63 1
