1 3 1
1 4 -1
1 6 -1
1 7 -1
1 10 -1
1 11 -1
1 12 -1
1 14 -1
1 15 -1
1 17 -1
1 21 1
1 39 -1
1 41 -1
1 48 1
1 50 1
2 4 1
2 5 1
2 6 1
2 8 1
2 9 -1
2 11 -1
2 13 -1
2 14 -1
2 16 1
2 18 -1
2 33 1
2 34 -1
2 35 -1
2 40 -1
2 44 -1
2 56 -1
3 1 1
3 4 1
3 5 -1
3 9 -1
3 10 -1
3 11 -1
3 13 -1
3 14 1
3 15 -1
3 23 1
3 29 -1
3 30 1
3 38 -1
3 39 -1
3 49 -1
3 64 -1
4 1 -1
4 2 1
4 3 1
4 5 -1
4 6 -1
4 9 1
4 13 -1
4 15 -1
4 16 -1
4 22 -1
4 26 -1
4 33 -1
4 38 -1
4 44 -1
4 46 -1
4 63 -1
5 2 1
5 3 -1
5 4 -1
5 6 1
5 8 -1
5 9 -1
5 12 -1
5 13 -1
5 15 -1
5 17 -1
5 19 -1
5 30 -1
5 44 -1
5 52 -1
5 57 -1
5 61 -1
6 1 -1
6 2 1
6 4 -1
6 5 1
6 7 -1
6 8 -1
6 9 -1
6 14 -1
6 16 -1
6 26 -1
6 28 -1
6 32 -1
6 37 -1
6 46 -1
6 47 -1
6 55 -1
7 1 -1
7 6 -1
7 10 -1
7 11 -1
7 12 -1
7 13 -1
7 14 -1
7 15 -1
7 16 -1
7 21 -1
7 24 -1
7 26 -1
7 32 1
7 49 -1
7 54 -1
7 63 -1
8 2 1
8 5 -1
8 6 -1
8 9 1
8 10 -1
8 11 1
8 12 -1
8 14 -1
8 16 -1
8 18 1
8 20 -1
8 23 -1
8 24 -1
8 34 -1
8 53 -1
8 57 -1
9 2 -1
9 3 -1
9 4 1
9 5 -1
9 6 -1
9 8 1
9 10 1
9 13 -1
9 14 -1
9 26 -1
9 32 -1
9 43 1
9 44 -1
9 46 1
9 55 -1
9 64 -1
10 1 -1
10 3 -1
10 7 -1
10 8 -1
10 9 1
10 11 1
10 14 -1
10 15 1
10 16 -1
10 19 -1
10 21 1
10 29 -1
10 30 -1
10 54 -1
10 56 -1
10 58 1
11 1 -1
11 2 -1
11 3 -1
11 7 -1
11 8 1
11 10 1
11 12 -1
11 13 1
11 16 -1
11 23 -1
11 26 -1
11 35 -1
11 37 -1
11 39 -1
11 53 -1
12 1 -1
12 5 -1
12 7 -1
12 8 -1
12 11 -1
12 13 1
12 14 1
12 15 -1
12 16 -1
12 20 -1
12 43 -1
12 59 -1
12 61 -1
13 2 -1
13 3 -1
13 4 -1
13 5 -1
13 7 -1
13 9 -1
13 11 1
13 12 1
13 15 -1
13 28 -1
13 31 -1
13 43 -1
13 44 -1
13 55 -1
13 62 -1
14 1 -1
14 2 -1
14 3 1
14 6 -1
14 7 -1
14 8 -1
14 9 -1
14 10 -1
14 12 1
14 20 -1
14 23 -1
14 34 -1
14 38 -1
14 50 -1
14 54 -1
14 63 -1
15 1 -1
15 3 -1
15 4 -1
15 5 -1
15 7 -1
15 10 1
15 12 -1
15 13 -1
15 16 1
15 17 -1
15 20 -1
15 38 -1
15 43 -1
15 46 -1
15 49 1
15 58 1
16 2 1
16 4 -1
16 6 -1
16 7 -1
16 8 -1
16 10 -1
16 11 -1
16 12 -1
16 15 1
16 22 -1
16 32 -1
16 38 -1
16 46 -1
16 54 -1
16 56 1
16 60 -1
17 1 -1
17 5 -1
17 15 -1
17 19 1
17 20 1
17 21 -1
17 24 -1
17 25 -1
17 27 1
17 28 -1
17 31 -1
17 32 1
17 33 -1
17 47 -1
17 51 -1
17 62 -1
18 2 -1
18 8 1
18 19 -1
18 20 -1
18 22 -1
18 25 1
18 26 -1
18 27 -1
18 29 -1
18 30 -1
18 31 -1
18 40 -1
18 41 -1
18 43 1
18 50 -1
18 52 -1
19 5 -1
19 10 -1
19 17 1
19 18 -1
19 21 -1
19 24 1
19 25 -1
19 28 -1
19 29 -1
19 30 -1
19 31 -1
19 42 -1
19 51 1
19 60 1
19 61 -1
19 62 -1
20 8 -1
20 12 -1
20 14 -1
20 15 -1
20 17 1
20 18 -1
20 23 -1
20 24 -1
20 26 -1
20 27 -1
20 28 -1
20 29 -1
20 32 -1
20 34 -1
20 50 -1
20 58 1
21 1 1
21 7 -1
21 10 1
21 17 -1
21 19 -1
21 22 1
21 24 -1
21 26 1
21 27 -1
21 28 -1
21 29 1
21 31 -1
21 45 1
21 53 -1
21 58 -1
22 4 -1
22 16 -1
22 18 -1
22 21 1
22 23 1
22 24 1
22 26 1
22 27 -1
22 28 -1
22 30 1
22 31 -1
22 36 -1
22 42 -1
22 48 -1
22 51 -1
23 3 1
23 8 -1
23 11 -1
23 14 -1
23 20 -1
23 22 1
23 25 -1
23 27 -1
23 28 -1
23 29 -1
23 30 -1
23 31 1
23 32 -1
23 44 -1
23 50 -1
23 64 -1
24 7 -1
24 8 -1
24 17 -1
24 19 1
24 20 -1
24 21 -1
24 22 1
24 25 -1
24 26 -1
24 30 -1
24 32 -1
24 34 -1
24 40 -1
24 42 -1
24 47 -1
24 48 -1
25 17 -1
25 18 1
25 19 -1
25 23 -1
25 24 -1
25 28 -1
25 29 -1
25 30 -1
25 31 -1
25 36 -1
25 37 -1
25 49 1
25 52 -1
25 64 -1
26 4 -1
26 6 -1
26 7 -1
26 9 -1
26 11 -1
26 18 -1
26 20 -1
26 21 1
26 22 1
26 24 -1
26 27 -1
26 29 -1
26 30 1
26 32 -1
26 40 -1
26 49 -1
27 17 1
27 18 -1
27 20 -1
27 21 -1
27 22 -1
27 23 -1
27 26 -1
27 29 -1
27 32 -1
27 45 1
27 49 -1
27 53 -1
27 55 1
27 56 -1
27 59 1
28 6 -1
28 13 -1
28 17 -1
28 19 -1
28 20 -1
28 21 -1
28 22 -1
28 23 -1
28 25 -1
28 31 -1
28 32 -1
28 39 -1
28 41 -1
28 59 1
28 63 -1
29 3 -1
29 10 -1
29 18 -1
29 19 -1
29 20 -1
29 21 1
29 23 -1
29 25 -1
29 26 -1
29 27 -1
29 30 -1
29 35 -1
29 40 -1
29 47 -1
29 54 -1
29 56 -1
30 3 1
30 5 -1
30 10 -1
30 18 -1
30 19 -1
30 22 1
30 23 -1
30 24 -1
30 25 -1
30 26 1
30 29 -1
30 32 -1
30 36 -1
30 48 -1
30 51 -1
30 55 -1
31 13 -1
31 17 -1
31 18 -1
31 19 -1
31 21 -1
31 22 -1
31 23 1
31 25 -1
31 28 -1
31 32 -1
31 40 -1
31 41 -1
31 48 -1
31 50 -1
31 59 -1
31 61 -1
32 6 -1
32 7 1
32 9 -1
32 16 -1
32 17 1
32 20 -1
32 23 -1
32 24 -1
32 26 -1
32 27 -1
32 28 -1
32 30 -1
32 31 -1
32 33 1
32 51 -1
32 59 1
33 2 1
33 4 -1
33 17 -1
33 32 1
33 35 -1
33 36 1
33 38 -1
33 41 -1
33 42 -1
33 45 -1
33 46 1
33 47 -1
33 48 1
33 51 -1
33 62 -1
33 63 1
34 2 -1
34 8 -1
34 14 -1
34 20 -1
34 24 -1
34 35 1
34 36 -1
34 37 1
34 38 1
34 39 -1
34 40 -1
34 43 -1
34 45 1
34 46 1
34 55 -1
34 60 -1
35 2 -1
35 11 -1
35 29 -1
35 33 -1
35 34 1
35 36 -1
35 37 1
35 39 1
35 44 -1
35 45 -1
35 47 1
35 48 -1
35 51 -1
35 52 -1
35 53 -1
35 58 -1
36 22 -1
36 25 -1
36 30 -1
36 33 1
36 34 -1
36 35 -1
36 37 -1
36 39 -1
36 40 -1
36 43 -1
36 47 -1
36 48 1
36 57 -1
36 60 -1
37 6 -1
37 11 -1
37 25 -1
37 34 1
37 35 1
37 36 -1
37 40 -1
37 41 -1
37 42 -1
37 43 -1
37 46 1
37 48 1
37 52 -1
37 58 1
37 64 -1
38 3 -1
38 4 -1
38 14 -1
38 15 -1
38 16 -1
38 33 -1
38 34 1
38 40 -1
38 42 -1
38 43 -1
38 44 -1
38 45 -1
38 46 -1
38 47 1
38 53 -1
38 61 -1
39 1 -1
39 3 -1
39 11 -1
39 28 -1
39 34 -1
39 35 1
39 36 -1
39 40 -1
39 41 -1
39 42 -1
39 43 -1
39 44 -1
39 46 -1
39 57 -1
39 59 -1
39 60 1
40 2 -1
40 18 -1
40 24 -1
40 26 -1
40 29 -1
40 31 -1
40 34 -1
40 36 -1
40 37 -1
40 38 -1
40 39 -1
40 41 -1
40 42 -1
40 44 -1
40 45 1
40 50 1
41 1 -1
41 18 -1
41 28 -1
41 31 -1
41 33 -1
41 37 -1
41 39 -1
41 40 -1
41 42 -1
41 43 1
41 45 -1
41 47 -1
41 48 -1
41 52 -1
41 57 -1
41 63 -1
42 19 -1
42 22 -1
42 24 -1
42 33 -1
42 37 -1
42 38 -1
42 39 -1
42 40 -1
42 41 -1
42 44 -1
42 47 -1
42 48 -1
42 56 -1
42 63 -1
43 9 1
43 12 -1
43 13 -1
43 15 -1
43 18 1
43 34 -1
43 36 -1
43 37 -1
43 38 -1
43 39 -1
43 41 1
43 45 1
43 46 1
43 48 -1
43 52 1
44 2 -1
44 4 -1
44 5 -1
44 9 -1
44 13 -1
44 23 -1
44 35 -1
44 38 -1
44 39 -1
44 40 -1
44 42 -1
44 45 1
44 46 -1
44 47 -1
44 48 -1
44 61 -1
45 21 1
45 27 1
45 33 -1
45 34 1
45 35 -1
45 38 -1
45 40 1
45 41 -1
45 43 1
45 44 1
45 47 1
45 54 1
45 60 -1
45 62 -1
46 4 -1
46 6 -1
46 9 1
46 15 -1
46 16 -1
46 33 1
46 34 1
46 37 1
46 38 -1
46 39 -1
46 43 1
46 44 -1
46 47 -1
46 48 -1
46 57 -1
47 6 -1
47 17 -1
47 24 -1
47 29 -1
47 33 -1
47 35 1
47 36 -1
47 38 1
47 41 -1
47 42 -1
47 44 -1
47 45 1
47 46 -1
47 54 -1
47 64 -1
48 1 1
48 22 -1
48 24 -1
48 30 -1
48 31 -1
48 33 1
48 35 -1
48 36 1
48 37 1
48 41 -1
48 42 -1
48 43 -1
48 44 -1
48 46 -1
48 55 -1
49 3 -1
49 7 -1
49 15 1
49 25 1
49 26 -1
49 27 -1
49 55 -1
49 56 -1
49 57 -1
49 58 -1
49 59 -1
49 60 -1
49 61 -1
49 63 -1
49 64 -1
50 1 1
50 14 -1
50 18 -1
50 20 -1
50 23 -1
50 31 -1
50 40 1
50 52 -1
50 53 -1
50 55 -1
50 57 -1
50 58 -1
50 59 1
50 60 -1
50 61 -1
50 63 -1
51 17 -1
51 19 1
51 22 -1
51 30 -1
51 32 -1
51 33 -1
51 35 -1
51 52 -1
51 53 -1
51 55 -1
51 57 -1
51 58 -1
51 61 -1
51 62 1
51 63 1
51 64 -1
52 5 -1
52 18 -1
52 25 -1
52 35 -1
52 37 -1
52 41 -1
52 43 1
52 50 -1
52 51 -1
52 54 -1
52 55 -1
52 57 1
52 59 1
52 61 -1
52 62 -1
52 63 -1
53 8 -1
53 11 -1
53 21 -1
53 27 -1
53 35 -1
53 38 -1
53 50 -1
53 51 -1
53 56 -1
53 57 -1
53 60 -1
53 61 -1
53 62 -1
53 63 1
53 64 1
54 7 -1
54 10 -1
54 14 -1
54 16 -1
54 29 -1
54 45 1
54 47 -1
54 52 -1
54 55 -1
54 56 -1
54 57 -1
54 59 -1
54 60 1
54 62 -1
54 63 -1
54 64 -1
55 6 -1
55 9 -1
55 13 -1
55 27 1
55 30 -1
55 34 -1
55 48 -1
55 49 -1
55 50 -1
55 51 -1
55 52 -1
55 54 -1
55 56 -1
55 58 -1
55 60 -1
55 64 -1
56 2 -1
56 10 -1
56 16 1
56 27 -1
56 29 -1
56 42 -1
56 49 -1
56 53 -1
56 54 -1
56 55 -1
56 57 1
56 58 1
56 60 -1
56 61 -1
56 62 -1
57 5 -1
57 8 -1
57 36 -1
57 39 -1
57 41 -1
57 46 -1
57 49 -1
57 50 -1
57 51 -1
57 52 1
57 53 -1
57 54 -1
57 56 1
57 59 -1
57 63 -1
58 10 1
58 15 1
58 20 1
58 21 -1
58 35 -1
58 37 1
58 49 -1
58 50 -1
58 51 -1
58 55 -1
58 56 1
58 59 -1
58 61 -1
58 62 -1
58 64 -1
59 12 -1
59 27 1
59 28 1
59 31 -1
59 32 1
59 39 -1
59 49 -1
59 50 1
59 52 1
59 54 -1
59 57 -1
59 58 -1
59 61 -1
59 63 -1
59 64 -1
60 16 -1
60 19 1
60 34 -1
60 36 -1
60 39 1
60 45 -1
60 49 -1
60 50 -1
60 53 -1
60 54 1
60 55 -1
60 56 -1
60 62 -1
60 63 -1
60 64 1
61 5 -1
61 12 -1
61 19 -1
61 31 -1
61 38 -1
61 44 -1
61 49 -1
61 50 -1
61 51 -1
61 52 -1
61 53 -1
61 56 -1
61 58 -1
61 59 -1
61 62 -1
62 13 -1
62 17 -1
62 19 -1
62 33 -1
62 45 -1
62 51 1
62 52 -1
62 53 -1
62 54 -1
62 56 -1
62 58 -1
62 60 -1
62 61 -1
62 64 -1
63 4 -1
63 7 -1
63 14 -1
63 28 -1
63 33 1
63 41 -1
63 42 -1
63 49 -1
63 50 -1
63 51 1
63 52 -1
63 53 1
63 54 -1
63 57 -1
63 59 -1
63 60 -1
64 3 -1
64 9 -1
64 23 -1
64 25 -1
64 37 -1
64 47 -1
64 49 -1
64 51 -1
64 53 1
64 54 -1
64 55 -1
64 58 -1
64 59 -1
64 60 1
64 62 -1
