1 3 -1
1 5 -1
1 7 -1
1 9 -1
1 11 1
1 12 -1
1 13 -1
1 14 1
1 16 1
1 25 1
1 29 -1
1 37 -1
1 40 1
1 51 -1
1 59 -1
1 64 -1
2 3 -1
2 4 1
2 6 -1
2 7 -1
2 8 1
2 12 -1
2 13 -1
2 15 1
2 16 1
2 30 -1
2 32 -1
2 38 -1
2 50 1
2 52 1
2 56 -1
2 58 1
3 1 -1
3 2 -1
3 6 -1
3 7 1
3 10 -1
3 11 -1
3 12 1
3 13 1
3 15 -1
3 23 -1
3 29 1
3 33 -1
3 41 -1
3 48 -1
3 51 -1
3 59 -1
4 2 1
4 5 1
4 6 -1
4 7 -1
4 8 -1
4 12 1
4 13 1
4 14 1
4 16 -1
4 27 -1
4 34 1
4 35 1
4 43 1
4 46 -1
4 57 -1
4 60 1
5 1 -1
5 4 1
5 7 1
5 8 1
5 9 -1
5 12 -1
5 14 -1
5 15 1
5 16 -1
5 22 -1
5 34 1
5 40 1
5 43 -1
5 53 1
5 56 1
5 63 -1
6 2 -1
6 3 -1
6 4 -1
6 7 -1
6 8 -1
6 9 1
6 10 -1
6 14 -1
6 15 1
6 28 -1
6 30 1
6 34 1
6 38 -1
6 48 -1
6 54 1
7 1 -1
7 2 -1
7 3 1
7 4 -1
7 5 1
7 6 -1
7 10 1
7 11 -1
7 14 -1
7 22 1
7 37 1
7 38 -1
7 48 -1
7 51 -1
7 58 -1
7 62 -1
8 2 1
8 4 -1
8 5 1
8 6 -1
8 9 -1
8 10 1
8 12 -1
8 13 -1
8 14 -1
8 18 1
8 25 -1
8 28 -1
8 41 -1
8 42 -1
8 45 -1
8 56 -1
9 1 -1
9 5 -1
9 6 1
9 8 -1
9 10 -1
9 12 1
9 13 1
9 15 1
9 16 1
9 17 1
9 24 1
9 26 -1
9 30 1
9 34 1
9 53 -1
10 3 -1
10 6 -1
10 7 1
10 8 1
10 9 -1
10 11 -1
10 13 1
10 15 -1
10 16 1
10 35 1
10 41 -1
10 49 -1
10 52 1
10 56 -1
10 57 1
10 59 -1
11 1 1
11 3 -1
11 7 -1
11 10 -1
11 12 1
11 13 -1
11 14 1
11 15 -1
11 16 -1
11 24 1
11 40 1
11 46 -1
11 48 -1
11 52 1
11 54 -1
11 64 1
12 1 -1
12 2 -1
12 3 1
12 4 1
12 5 -1
12 8 -1
12 9 1
12 11 1
12 15 -1
12 20 -1
12 28 1
12 33 1
12 52 1
12 55 1
12 64 1
13 1 -1
13 2 -1
13 3 1
13 4 1
13 8 -1
13 9 1
13 10 1
13 11 -1
13 14 -1
13 23 -1
13 27 1
13 34 -1
13 43 -1
13 51 -1
13 53 1
13 56 1
14 1 1
14 4 1
14 5 -1
14 6 -1
14 7 -1
14 8 -1
14 11 1
14 13 -1
14 16 -1
14 23 1
14 25 1
14 43 -1
14 47 -1
14 50 -1
14 51 -1
14 63 -1
15 2 1
15 3 -1
15 5 1
15 6 1
15 9 1
15 10 -1
15 11 -1
15 12 -1
15 16 -1
15 18 -1
15 19 -1
15 27 -1
15 40 -1
15 46 1
15 50 1
15 60 -1
16 1 1
16 2 1
16 4 -1
16 5 -1
16 9 1
16 10 1
16 11 -1
16 14 -1
16 15 -1
16 17 1
16 22 1
16 24 -1
16 32 1
16 48 -1
16 50 1
17 9 1
17 16 1
17 19 -1
17 22 1
17 25 1
17 26 -1
17 27 -1
17 28 1
17 30 -1
17 31 1
17 32 1
17 33 -1
17 45 1
17 53 -1
17 55 -1
17 60 -1
18 8 1
18 15 -1
18 19 -1
18 20 -1
18 21 1
18 23 1
18 26 -1
18 28 -1
18 29 -1
18 30 -1
18 31 1
18 42 -1
18 50 -1
18 54 1
18 64 -1
19 15 -1
19 17 -1
19 18 -1
19 20 -1
19 21 1
19 25 -1
19 26 -1
19 29 -1
19 31 -1
19 32 1
19 45 1
19 51 1
19 55 -1
19 57 1
19 59 1
20 12 -1
20 18 -1
20 19 -1
20 22 1
20 23 1
20 24 1
20 25 -1
20 26 -1
20 27 -1
20 32 -1
20 37 -1
20 55 -1
20 60 -1
20 61 1
20 62 -1
20 64 -1
21 18 1
21 19 1
21 23 1
21 24 1
21 25 -1
21 26 1
21 27 -1
21 28 -1
21 32 1
21 34 -1
21 37 -1
21 38 1
21 52 -1
21 56 1
21 62 -1
22 5 -1
22 7 1
22 16 1
22 17 1
22 20 1
22 23 1
22 24 -1
22 25 1
22 28 -1
22 29 1
22 30 1
22 31 -1
22 36 1
22 55 1
22 58 -1
23 3 -1
23 13 -1
23 14 1
23 18 1
23 20 1
23 21 1
23 22 1
23 27 1
23 28 -1
23 29 -1
23 31 -1
23 32 -1
23 37 -1
23 39 -1
23 42 -1
23 59 -1
24 9 1
24 11 1
24 16 -1
24 20 1
24 21 1
24 22 -1
24 25 -1
24 26 -1
24 27 -1
24 29 -1
24 30 -1
24 31 1
24 42 -1
24 46 1
24 50 1
24 63 1
25 1 1
25 8 -1
25 14 1
25 17 1
25 19 -1
25 20 -1
25 21 -1
25 22 1
25 24 -1
25 27 -1
25 30 -1
25 32 -1
25 47 1
25 49 1
25 54 1
25 57 1
26 9 -1
26 17 -1
26 18 -1
26 19 -1
26 20 -1
26 21 1
26 24 -1
26 30 -1
26 31 -1
26 32 1
26 33 -1
26 36 -1
26 39 1
26 44 1
26 46 -1
27 4 -1
27 13 1
27 15 -1
27 17 -1
27 20 -1
27 21 -1
27 23 1
27 24 -1
27 25 -1
27 28 -1
27 29 -1
27 31 -1
27 47 -1
27 54 -1
27 60 1
27 63 -1
28 6 -1
28 8 -1
28 12 1
28 17 1
28 18 -1
28 21 -1
28 22 -1
28 23 -1
28 27 -1
28 29 -1
28 30 -1
28 32 1
28 39 -1
28 45 -1
28 49 -1
28 61 1
29 1 -1
29 3 1
29 18 -1
29 19 -1
29 22 1
29 23 -1
29 24 -1
29 27 -1
29 28 -1
29 30 1
29 32 -1
29 39 -1
29 40 -1
29 42 1
29 47 -1
29 49 -1
30 2 -1
30 6 1
30 9 1
30 17 -1
30 18 -1
30 22 1
30 24 -1
30 25 -1
30 26 -1
30 28 -1
30 29 1
30 31 1
30 42 -1
30 44 -1
30 58 -1
31 17 1
31 18 1
31 19 -1
31 22 -1
31 23 -1
31 24 1
31 26 -1
31 27 -1
31 30 1
31 33 -1
31 35 -1
31 37 -1
31 39 -1
31 47 -1
31 63 1
32 2 -1
32 16 1
32 17 1
32 19 1
32 20 -1
32 21 1
32 23 -1
32 25 -1
32 26 1
32 28 1
32 29 -1
32 36 -1
32 44 -1
33 3 -1
33 12 1
33 17 -1
33 26 -1
33 31 -1
33 35 -1
33 36 -1
33 37 -1
33 39 1
33 40 1
33 41 1
33 42 -1
33 45 -1
33 47 1
33 52 -1
33 62 -1
34 4 1
34 5 1
34 6 1
34 9 1
34 13 -1
34 21 -1
34 35 -1
34 36 1
34 38 1
34 41 -1
34 42 1
34 43 -1
34 44 -1
34 45 1
34 46 1
35 4 1
35 10 1
35 31 -1
35 33 -1
35 34 -1
35 38 -1
35 40 -1
35 42 1
35 43 1
35 44 1
35 45 -1
35 46 -1
35 54 1
35 60 1
35 62 -1
36 22 1
36 26 -1
36 32 -1
36 33 -1
36 34 1
36 37 -1
36 39 1
36 43 -1
36 45 -1
36 46 -1
36 47 -1
36 48 1
36 57 -1
36 61 -1
37 1 -1
37 7 1
37 20 -1
37 21 -1
37 23 -1
37 31 -1
37 33 -1
37 36 -1
37 39 1
37 40 -1
37 42 -1
37 43 -1
37 44 -1
37 47 -1
37 48 -1
37 62 1
38 2 -1
38 6 -1
38 7 -1
38 21 1
38 34 1
38 35 -1
38 39 -1
38 40 1
38 41 -1
38 43 1
38 45 -1
38 46 1
38 48 1
38 61 -1
38 63 1
39 23 -1
39 26 1
39 28 -1
39 29 -1
39 31 -1
39 33 1
39 36 1
39 37 1
39 38 -1
39 41 -1
39 42 -1
39 46 -1
39 47 -1
39 48 -1
39 54 -1
39 62 -1
40 1 1
40 5 1
40 11 1
40 15 -1
40 29 -1
40 33 1
40 35 -1
40 37 -1
40 38 1
40 42 -1
40 43 1
40 45 -1
40 47 1
40 48 -1
40 49 1
40 51 -1
41 3 -1
41 8 -1
41 10 -1
41 33 1
41 34 -1
41 38 -1
41 39 -1
41 43 -1
41 44 1
41 45 -1
41 46 1
41 47 1
41 55 1
41 57 1
41 60 -1
41 61 -1
42 8 -1
42 18 -1
42 23 -1
42 24 -1
42 29 1
42 30 -1
42 33 -1
42 34 1
42 35 1
42 37 -1
42 39 -1
42 40 -1
42 43 1
42 44 -1
42 48 -1
42 59 -1
43 4 1
43 5 -1
43 13 -1
43 14 -1
43 34 -1
43 35 1
43 36 -1
43 37 -1
43 38 1
43 40 1
43 41 -1
43 42 1
43 44 1
43 57 -1
43 58 1
44 26 1
44 30 -1
44 32 -1
44 34 -1
44 35 1
44 37 -1
44 41 1
44 42 -1
44 43 1
44 45 1
44 47 -1
44 48 -1
44 61 1
45 8 -1
45 17 1
45 19 1
45 28 -1
45 33 -1
45 34 1
45 35 -1
45 36 -1
45 38 -1
45 40 -1
45 41 -1
45 44 1
45 46 1
45 49 -1
46 4 -1
46 11 -1
46 15 1
46 24 1
46 26 -1
46 34 1
46 35 -1
46 36 -1
46 38 1
46 39 -1
46 41 1
46 45 1
46 47 -1
46 48 -1
46 53 -1
47 14 -1
47 25 1
47 27 -1
47 29 -1
47 31 -1
47 33 1
47 36 -1
47 37 -1
47 39 -1
47 40 1
47 41 1
47 44 -1
47 46 -1
47 48 1
47 59 -1
47 64 1
48 3 -1
48 6 -1
48 7 -1
48 11 -1
48 16 -1
48 36 1
48 37 -1
48 38 1
48 39 -1
48 40 -1
48 42 -1
48 44 -1
48 46 -1
48 47 1
48 53 1
48 55 -1
49 10 -1
49 25 1
49 28 -1
49 29 -1
49 40 1
49 45 -1
49 50 1
49 51 -1
49 53 1
49 55 -1
49 56 1
49 58 1
49 59 -1
49 63 1
49 64 -1
50 2 1
50 14 -1
50 15 1
50 16 1
50 18 -1
50 24 1
50 49 1
50 51 1
50 52 1
50 55 -1
50 56 -1
50 57 -1
50 59 -1
50 61 -1
50 63 -1
51 1 -1
51 3 -1
51 7 -1
51 13 -1
51 14 -1
51 19 1
51 40 -1
51 49 -1
51 50 1
51 52 1
51 53 -1
51 54 1
51 55 1
51 56 1
51 62 -1
51 64 -1
52 2 1
52 10 1
52 11 1
52 12 1
52 21 -1
52 33 -1
52 50 1
52 51 1
52 54 1
52 56 -1
52 58 1
52 59 1
52 60 -1
52 62 -1
52 63 -1
53 5 1
53 9 -1
53 13 1
53 17 -1
53 46 -1
53 48 1
53 49 1
53 51 -1
53 55 1
53 57 1
53 58 -1
53 60 1
53 61 1
53 62 -1
53 63 -1
54 6 1
54 11 -1
54 18 1
54 25 1
54 27 -1
54 35 1
54 39 -1
54 51 1
54 52 1
54 55 -1
54 56 1
54 57 1
54 58 -1
54 60 -1
54 62 -1
54 64 -1
55 12 1
55 17 -1
55 19 -1
55 20 -1
55 22 1
55 41 1
55 48 -1
55 49 -1
55 50 -1
55 51 1
55 53 1
55 54 -1
55 56 -1
55 60 -1
55 63 1
55 64 -1
56 2 -1
56 5 1
56 8 -1
56 10 -1
56 13 1
56 21 1
56 49 1
56 50 -1
56 51 1
56 52 -1
56 54 1
56 55 -1
56 57 1
56 62 -1
56 63 1
57 4 -1
57 10 1
57 19 1
57 25 1
57 36 -1
57 41 1
57 43 -1
57 50 -1
57 53 1
57 54 1
57 56 1
57 58 -1
57 60 1
57 61 -1
57 62 -1
57 63 -1
58 2 1
58 7 -1
58 22 -1
58 30 -1
58 43 1
58 49 1
58 52 1
58 53 -1
58 54 -1
58 57 -1
58 59 1
58 60 -1
58 61 -1
58 64 -1
59 1 -1
59 3 -1
59 10 -1
59 19 1
59 23 -1
59 42 -1
59 47 -1
59 49 -1
59 50 -1
59 52 1
59 58 1
59 60 -1
59 61 1
59 62 -1
59 63 1
59 64 1
60 4 1
60 15 -1
60 17 -1
60 20 -1
60 27 1
60 35 1
60 41 -1
60 52 -1
60 53 1
60 54 -1
60 55 -1
60 57 1
60 58 -1
60 59 -1
60 61 -1
60 64 1
61 20 1
61 28 1
61 36 -1
61 38 -1
61 41 -1
61 44 1
61 50 -1
61 53 1
61 57 -1
61 58 -1
61 59 1
61 60 -1
61 62 -1
61 63 -1
61 64 1
62 7 -1
62 20 -1
62 21 -1
62 33 -1
62 35 -1
62 37 1
62 39 -1
62 51 -1
62 52 -1
62 53 -1
62 54 -1
62 56 -1
62 57 -1
62 59 -1
62 61 -1
62 64 1
63 5 -1
63 14 -1
63 24 1
63 27 -1
63 31 1
63 38 1
63 49 1
63 50 -1
63 52 -1
63 53 -1
63 55 1
63 56 1
63 57 -1
63 59 1
63 61 -1
64 1 -1
64 11 1
64 12 1
64 18 -1
64 20 -1
64 47 1
64 49 -1
64 51 -1
64 54 -1
64 55 -1
64 58 -1
64 59 1
64 60 1
64 61 1
64 62 1
