1 3 1
1 4 1
1 5 1
1 6 1
1 8 1
1 9 -1
1 10 1
1 11 1
1 16 -1
1 30 1
1 33 1
1 40 1
1 42 1
1 50 -1
1 58 1
2 5 1
2 6 1
2 7 1
2 8 1
2 9 1
2 10 1
2 11 1
2 13 1
2 15 1
2 17 1
2 19 -1
2 24 1
2 40 1
2 49 1
2 50 1
2 54 1
3 1 1
3 6 1
3 8 1
3 9 1
3 12 1
3 13 1
3 14 1
3 15 1
3 16 1
3 31 1
3 37 1
3 41 -1
3 46 1
3 51 -1
3 52 1
3 63 1
4 1 1
4 6 1
4 7 1
4 8 1
4 10 -1
4 11 1
4 12 1
4 14 1
4 15 1
4 19 1
4 34 -1
4 41 1
4 48 1
4 55 1
4 63 1
5 1 1
5 2 1
5 6 1
5 7 1
5 8 1
5 9 1
5 12 1
5 15 1
5 16 1
5 18 1
5 30 1
5 41 1
5 45 1
5 54 1
5 55 1
5 59 1
6 1 1
6 2 1
6 3 1
6 4 1
6 5 1
6 7 1
6 8 1
6 9 -1
6 13 1
6 32 1
6 34 1
6 43 1
6 48 1
6 52 1
6 58 1
7 2 1
7 4 1
7 5 1
7 6 1
7 8 1
7 9 1
7 10 1
7 11 1
7 14 1
7 28 1
7 29 1
7 33 1
7 35 1
7 39 1
7 51 1
7 55 1
8 1 1
8 2 1
8 3 1
8 4 1
8 5 1
8 6 1
8 7 1
8 13 1
8 16 1
8 21 1
8 23 1
8 29 1
8 47 -1
8 52 1
8 58 1
8 63 1
9 1 -1
9 2 1
9 3 1
9 5 1
9 6 -1
9 7 1
9 10 1
9 11 1
9 12 1
9 21 1
9 23 1
9 42 1
9 47 1
9 50 1
9 56 1
9 60 1
10 1 1
10 2 1
10 4 -1
10 7 1
10 9 1
10 11 1
10 14 1
10 15 -1
10 16 1
10 42 -1
10 49 1
10 56 1
10 60 -1
10 62 1
10 64 1
11 1 1
11 2 1
11 4 1
11 7 1
11 9 1
11 10 1
11 12 1
11 13 -1
11 14 1
11 24 1
11 41 1
11 44 1
11 48 1
11 50 1
11 57 1
12 3 1
12 4 1
12 5 1
12 9 1
12 11 1
12 13 1
12 14 1
12 15 1
12 16 1
12 31 1
12 38 1
12 45 1
12 47 1
12 57 -1
12 58 1
13 2 1
13 3 1
13 6 1
13 8 1
13 11 -1
13 12 1
13 14 1
13 15 1
13 16 1
13 17 1
13 20 1
13 30 1
13 39 -1
13 40 1
13 42 1
13 56 1
14 3 1
14 4 1
14 7 1
14 10 1
14 11 1
14 12 1
14 13 1
14 15 1
14 16 1
14 29 1
14 35 1
14 37 1
14 39 1
14 53 1
14 61 1
14 63 1
15 2 1
15 3 1
15 4 1
15 5 1
15 10 -1
15 12 1
15 13 1
15 14 1
15 16 -1
15 18 1
15 34 1
15 35 1
15 43 -1
15 45 1
15 59 -1
16 1 -1
16 3 1
16 5 1
16 8 1
16 10 1
16 12 1
16 13 1
16 14 1
16 15 -1
16 24 1
16 33 1
16 36 1
16 44 1
16 48 -1
16 55 1
16 64 1
17 2 1
17 13 1
17 18 1
17 19 -1
17 22 1
17 23 1
17 25 1
17 26 1
17 27 1
17 28 1
17 30 1
17 35 1
17 42 1
17 47 -1
17 56 1
17 64 1
18 5 1
18 15 1
18 17 1
18 20 1
18 21 1
18 22 1
18 25 1
18 26 1
18 27 1
18 28 1
18 31 1
18 34 1
18 40 1
18 48 1
18 60 1
19 2 -1
19 4 1
19 17 -1
19 20 -1
19 24 1
19 25 1
19 26 1
19 27 1
19 28 1
19 29 1
19 30 1
19 36 1
19 38 1
19 43 1
19 44 1
20 13 1
20 18 1
20 19 -1
20 21 1
20 23 1
20 24 1
20 26 1
20 29 -1
20 31 1
20 32 1
20 36 1
20 38 1
20 44 1
20 62 1
20 64 1
21 8 1
21 9 1
21 18 1
21 20 1
21 22 1
21 23 1
21 24 1
21 26 1
21 27 1
21 31 1
21 32 1
21 40 1
21 41 1
21 46 1
21 49 1
21 54 1
22 17 1
22 18 1
22 21 1
22 24 1
22 25 1
22 26 -1
22 28 1
22 29 -1
22 31 1
22 36 1
22 58 1
22 59 1
22 60 1
22 62 1
23 8 1
23 9 1
23 17 1
23 20 1
23 21 1
23 24 1
23 27 1
23 28 1
23 30 1
23 31 1
23 32 1
23 38 1
23 46 1
23 50 -1
23 55 1
24 2 1
24 11 1
24 16 1
24 19 1
24 20 1
24 21 1
24 22 1
24 23 1
24 25 1
24 27 1
24 29 -1
24 30 1
24 50 1
24 60 1
25 17 1
25 18 1
25 19 1
25 22 1
25 24 1
25 29 1
25 30 -1
25 31 1
25 32 1
25 42 1
25 52 -1
25 55 1
25 57 -1
25 61 1
25 62 1
26 17 1
26 18 1
26 19 1
26 20 1
26 21 1
26 22 -1
26 27 1
26 29 1
26 32 1
26 46 1
26 53 1
26 54 1
26 56 1
26 57 1
26 60 1
26 63 1
27 17 1
27 18 1
27 19 1
27 21 1
27 23 1
27 24 1
27 26 1
27 30 1
27 32 1
27 33 -1
27 41 1
27 45 1
27 51 1
27 63 1
28 7 1
28 17 1
28 18 1
28 19 1
28 22 1
28 23 1
28 29 1
28 30 1
28 31 1
28 32 1
28 44 1
28 46 1
28 49 1
28 53 1
28 54 1
29 7 1
29 8 1
29 14 1
29 19 1
29 20 -1
29 22 -1
29 24 -1
29 25 1
29 26 1
29 28 1
29 30 1
29 32 1
29 34 -1
29 37 1
29 52 1
29 61 1
30 1 1
30 5 1
30 13 1
30 17 1
30 19 1
30 23 1
30 24 1
30 25 -1
30 27 1
30 28 1
30 29 1
30 31 -1
30 39 -1
30 51 1
30 59 1
31 3 1
31 12 1
31 18 1
31 20 1
31 21 1
31 22 1
31 23 1
31 25 1
31 28 1
31 30 -1
31 32 1
31 33 1
31 36 1
31 38 1
31 43 1
31 57 1
32 6 1
32 20 1
32 21 1
32 23 1
32 25 1
32 26 1
32 27 1
32 28 1
32 29 1
32 31 1
32 37 1
32 44 1
32 46 1
32 51 1
32 54 1
33 1 1
33 7 1
33 16 1
33 27 -1
33 31 1
33 35 1
33 36 1
33 38 1
33 39 1
33 41 1
33 42 1
33 43 1
33 46 1
33 47 1
33 61 1
33 64 1
34 4 -1
34 6 1
34 15 1
34 18 1
34 29 -1
34 35 1
34 36 1
34 37 1
34 41 1
34 43 1
34 44 -1
34 45 1
34 46 1
34 47 1
34 53 1
35 7 1
35 14 1
35 15 1
35 17 1
35 33 1
35 34 1
35 38 1
35 39 1
35 41 1
35 42 -1
35 43 1
35 44 1
35 45 1
35 56 1
35 57 1
35 62 1
36 16 1
36 19 1
36 20 1
36 22 1
36 31 1
36 33 1
36 34 1
36 38 1
36 40 1
36 41 1
36 42 1
36 44 1
36 46 1
36 48 1
37 3 1
37 14 1
37 29 1
37 32 1
37 34 1
37 38 1
37 39 1
37 40 1
37 41 1
37 45 1
37 46 1
37 47 1
37 48 1
37 52 -1
37 60 1
37 64 1
38 12 1
38 19 1
38 20 1
38 23 1
38 31 1
38 33 1
38 35 1
38 36 1
38 37 1
38 39 1
38 40 1
38 43 1
38 47 1
38 48 1
38 53 1
39 7 1
39 13 -1
39 14 1
39 30 -1
39 33 1
39 35 1
39 37 1
39 38 1
39 40 1
39 41 -1
39 42 1
39 43 1
39 46 1
39 49 1
39 59 1
39 61 1
40 1 1
40 2 1
40 13 1
40 18 1
40 21 1
40 36 1
40 37 1
40 38 1
40 39 1
40 42 -1
40 44 1
40 46 1
40 47 1
40 48 -1
40 53 1
40 61 1
41 3 -1
41 4 1
41 5 1
41 11 1
41 21 1
41 27 1
41 33 1
41 34 1
41 35 1
41 36 1
41 37 1
41 39 -1
41 42 1
41 45 1
41 48 -1
41 62 1
42 1 1
42 9 1
42 10 -1
42 13 1
42 17 1
42 25 1
42 33 1
42 35 -1
42 36 1
42 39 1
42 40 -1
42 41 1
42 44 1
42 47 1
42 48 1
42 51 1
43 6 1
43 15 -1
43 19 1
43 31 1
43 33 1
43 34 1
43 35 1
43 38 1
43 39 1
43 44 1
43 45 1
43 46 1
43 48 1
43 53 1
43 57 1
43 64 1
44 11 1
44 16 1
44 19 1
44 20 1
44 28 1
44 32 1
44 34 -1
44 35 1
44 36 1
44 40 1
44 42 1
44 43 1
44 45 1
44 46 1
44 47 1
44 59 1
45 5 1
45 12 1
45 15 1
45 27 1
45 34 1
45 35 1
45 37 1
45 41 1
45 43 1
45 44 1
45 46 1
45 47 1
45 48 1
45 49 1
45 58 1
46 3 1
46 21 1
46 23 1
46 26 1
46 28 1
46 32 1
46 33 1
46 34 1
46 36 1
46 37 1
46 39 1
46 40 1
46 43 1
46 44 1
46 45 1
47 8 -1
47 9 1
47 12 1
47 17 -1
47 33 1
47 34 1
47 37 1
47 38 1
47 40 1
47 42 1
47 44 1
47 45 1
47 48 -1
47 49 1
47 52 1
47 59 1
48 4 1
48 6 1
48 11 1
48 16 -1
48 18 1
48 36 1
48 37 1
48 38 1
48 40 -1
48 41 -1
48 42 1
48 43 1
48 45 1
48 47 -1
48 61 1
49 2 1
49 10 1
49 21 1
49 28 1
49 39 1
49 45 1
49 47 1
49 50 1
49 51 1
49 52 1
49 56 1
49 57 1
49 58 1
49 59 1
49 62 1
49 64 1
50 1 -1
50 2 1
50 9 1
50 11 1
50 23 -1
50 24 1
50 49 1
50 51 -1
50 53 -1
50 54 1
50 55 1
50 59 1
50 60 1
50 63 1
50 64 1
51 3 -1
51 7 1
51 27 1
51 30 1
51 32 1
51 42 1
51 49 1
51 50 -1
51 54 1
51 56 1
51 57 1
51 58 1
51 59 1
51 62 1
51 63 -1
52 3 1
52 6 1
52 8 1
52 25 -1
52 29 1
52 37 -1
52 47 1
52 49 1
52 54 1
52 55 1
52 57 1
52 60 1
52 61 1
52 62 1
52 63 1
52 64 1
53 14 1
53 26 1
53 28 1
53 34 1
53 38 1
53 40 1
53 43 1
53 50 -1
53 54 1
53 55 1
53 57 1
53 59 1
53 60 1
53 61 1
53 62 1
53 63 -1
54 2 1
54 5 1
54 21 1
54 26 1
54 28 1
54 32 1
54 50 1
54 51 1
54 52 1
54 53 1
54 55 1
54 57 1
54 59 1
54 61 1
54 62 1
55 4 1
55 5 1
55 7 1
55 16 1
55 23 1
55 25 1
55 50 1
55 52 1
55 53 1
55 54 1
55 56 1
55 58 1
55 59 1
55 61 1
55 64 1
56 9 1
56 10 1
56 13 1
56 17 1
56 26 1
56 35 1
56 49 1
56 51 1
56 55 1
56 57 1
56 58 1
56 61 1
56 62 1
56 63 1
56 64 1
57 11 1
57 12 -1
57 25 -1
57 26 1
57 31 1
57 35 1
57 43 1
57 49 1
57 51 1
57 52 1
57 53 1
57 54 1
57 56 1
57 58 1
57 60 1
57 64 1
58 1 1
58 6 1
58 8 1
58 12 1
58 22 1
58 45 1
58 49 1
58 51 1
58 55 1
58 56 1
58 57 1
58 60 1
58 62 1
58 63 1
58 64 -1
59 5 1
59 15 -1
59 22 1
59 30 1
59 39 1
59 44 1
59 47 1
59 49 1
59 50 1
59 51 1
59 53 1
59 54 1
59 55 1
59 60 -1
59 61 1
59 63 1
60 9 1
60 10 -1
60 18 1
60 22 1
60 24 1
60 26 1
60 37 1
60 50 1
60 52 1
60 53 1
60 57 1
60 58 1
60 59 -1
60 62 1
60 63 1
60 64 1
61 14 1
61 25 1
61 29 1
61 33 1
61 39 1
61 40 1
61 48 1
61 52 1
61 53 1
61 54 1
61 55 1
61 56 1
61 59 1
61 62 1
61 63 1
61 64 1
62 10 1
62 20 1
62 22 1
62 25 1
62 35 1
62 41 1
62 49 1
62 51 1
62 52 1
62 53 1
62 54 1
62 56 1
62 58 1
62 60 1
62 61 1
63 3 1
63 4 1
63 8 1
63 14 1
63 26 1
63 27 1
63 50 1
63 51 -1
63 52 1
63 53 -1
63 56 1
63 58 1
63 59 1
63 60 1
63 61 1
64 10 1
64 16 1
64 17 1
64 20 1
64 33 1
64 37 1
64 43 1
64 49 1
64 50 1
64 52 1
64 55 1
64 56 1
64 57 1
64 58 -1
64 60 1
64 61 1
