1 2 1
1 3 -1
1 5 -1
1 10 -1
1 11 -1
1 13 -1
1 14 -1
1 15 -1
1 16 -1
1 17 1
1 19 -1
1 28 -1
1 39 -1
1 43 -1
1 46 1
1 57 -1
2 1 1
2 4 -1
2 6 1
2 7 -1
2 8 -1
2 9 -1
2 10 -1
2 13 -1
2 14 -1
2 26 -1
2 27 -1
2 32 -1
2 41 -1
2 44 -1
2 46 -1
3 1 -1
3 4 -1
3 9 -1
3 11 -1
3 12 -1
3 13 -1
3 14 -1
3 15 -1
3 16 1
3 17 -1
3 22 -1
3 36 -1
3 38 -1
3 40 -1
3 60 -1
3 62 -1
4 2 -1
4 3 -1
4 5 -1
4 6 -1
4 7 -1
4 8 -1
4 10 -1
4 11 -1
4 12 -1
4 23 -1
4 34 -1
4 42 1
4 51 -1
4 56 -1
4 60 -1
4 62 -1
5 1 -1
5 4 -1
5 6 -1
5 8 -1
5 10 -1
5 11 -1
5 12 -1
5 15 -1
5 16 -1
5 22 1
5 26 -1
5 38 -1
5 56 -1
5 61 -1
6 2 1
6 4 -1
6 5 -1
6 7 -1
6 8 -1
6 9 -1
6 12 -1
6 13 -1
6 16 -1
6 18 -1
6 20 -1
6 36 -1
6 42 -1
6 50 -1
7 2 -1
7 4 -1
7 6 -1
7 8 -1
7 9 -1
7 10 -1
7 11 -1
7 13 -1
7 15 -1
7 17 -1
7 25 -1
7 32 1
7 47 -1
7 54 -1
7 56 1
8 2 -1
8 4 -1
8 5 -1
8 6 -1
8 7 -1
8 10 -1
8 14 -1
8 15 -1
8 16 -1
8 25 -1
8 28 -1
8 33 -1
8 42 -1
8 49 -1
8 53 -1
9 2 -1
9 3 -1
9 6 -1
9 7 -1
9 11 -1
9 12 -1
9 14 -1
9 15 -1
9 16 -1
9 35 -1
9 43 -1
9 45 -1
9 53 -1
9 59 -1
9 63 -1
10 1 -1
10 2 -1
10 4 -1
10 5 -1
10 7 -1
10 8 -1
10 12 1
10 14 -1
10 16 -1
10 27 1
10 31 -1
10 42 -1
10 44 -1
10 57 -1
10 59 -1
10 61 -1
11 1 -1
11 3 -1
11 4 -1
11 5 -1
11 7 -1
11 9 -1
11 12 -1
11 14 -1
11 15 1
11 17 -1
11 24 -1
11 35 -1
11 36 -1
11 44 -1
11 51 1
12 3 -1
12 4 -1
12 5 -1
12 6 -1
12 9 -1
12 10 1
12 11 -1
12 13 -1
12 14 -1
12 19 -1
12 34 -1
12 46 -1
12 52 -1
12 53 -1
12 55 -1
12 56 -1
13 1 -1
13 2 -1
13 3 -1
13 6 -1
13 7 -1
13 12 -1
13 14 1
13 15 -1
13 16 -1
13 23 1
13 33 -1
13 40 -1
13 47 -1
13 51 -1
13 56 -1
13 59 -1
14 1 -1
14 2 -1
14 3 -1
14 8 -1
14 9 -1
14 10 -1
14 11 -1
14 12 -1
14 13 1
14 20 -1
14 29 -1
14 44 -1
14 52 -1
14 54 -1
14 55 -1
14 57 -1
15 1 -1
15 3 -1
15 5 -1
15 7 -1
15 8 -1
15 9 -1
15 11 1
15 13 -1
15 16 -1
15 21 -1
15 23 -1
15 27 -1
15 30 -1
15 39 1
15 42 -1
15 49 -1
16 1 -1
16 3 1
16 5 -1
16 6 -1
16 8 -1
16 9 -1
16 10 -1
16 13 -1
16 15 -1
16 23 -1
16 24 -1
16 42 -1
16 43 -1
16 46 -1
16 52 -1
16 54 -1
17 1 1
17 3 -1
17 7 -1
17 11 -1
17 19 -1
17 20 -1
17 21 -1
17 23 -1
17 25 1
17 27 -1
17 29 -1
17 31 1
17 32 -1
17 41 -1
17 43 -1
17 58 -1
18 6 -1
18 19 -1
18 22 -1
18 23 1
18 26 -1
18 27 -1
18 28 -1
18 29 -1
18 30 -1
18 31 -1
18 38 -1
18 49 -1
18 60 1
18 62 -1
18 64 -1
19 1 -1
19 12 -1
19 17 -1
19 18 -1
19 20 -1
19 21 -1
19 26 -1
19 27 -1
19 28 -1
19 30 -1
19 32 -1
19 34 -1
19 37 -1
19 40 -1
19 52 -1
19 53 -1
20 6 -1
20 14 -1
20 17 -1
20 19 -1
20 22 -1
20 23 -1
20 24 -1
20 25 -1
20 26 -1
20 27 -1
20 28 -1
20 38 -1
20 61 -1
20 62 -1
20 64 -1
21 15 -1
21 17 -1
21 19 -1
21 22 -1
21 24 -1
21 25 -1
21 26 -1
21 27 -1
21 29 -1
21 31 -1
21 41 1
21 46 -1
21 47 1
21 55 -1
21 57 -1
22 3 -1
22 5 1
22 18 -1
22 20 -1
22 21 -1
22 27 -1
22 28 -1
22 29 -1
22 30 -1
22 31 -1
22 32 -1
22 44 -1
22 48 -1
22 52 -1
22 58 -1
22 62 -1
23 4 -1
23 13 1
23 15 -1
23 16 -1
23 17 -1
23 18 1
23 20 -1
23 24 -1
23 26 -1
23 28 -1
23 30 -1
23 31 -1
23 32 -1
23 43 -1
23 54 -1
23 58 -1
24 11 -1
24 16 -1
24 20 -1
24 21 -1
24 23 -1
24 25 1
24 26 -1
24 27 -1
24 28 -1
24 29 -1
24 30 -1
24 37 -1
24 45 -1
24 53 -1
24 63 -1
24 64 -1
25 7 -1
25 8 -1
25 17 1
25 20 -1
25 21 -1
25 24 1
25 26 -1
25 28 -1
25 29 -1
25 31 -1
25 32 -1
25 39 -1
25 48 1
25 55 -1
25 60 -1
26 2 -1
26 5 -1
26 18 -1
26 19 -1
26 20 -1
26 21 -1
26 23 -1
26 24 -1
26 25 -1
26 29 -1
26 30 -1
26 33 -1
26 42 -1
26 53 -1
26 61 -1
27 2 -1
27 10 1
27 15 -1
27 17 -1
27 18 -1
27 19 -1
27 20 -1
27 21 -1
27 22 -1
27 24 -1
27 31 -1
27 32 -1
27 33 -1
27 36 -1
27 57 1
27 58 -1
28 1 -1
28 8 -1
28 18 -1
28 19 -1
28 20 -1
28 22 -1
28 23 -1
28 24 -1
28 25 -1
28 30 -1
28 32 1
28 40 -1
28 52 1
28 57 -1
28 58 -1
28 63 1
29 14 -1
29 17 -1
29 18 -1
29 21 -1
29 22 -1
29 24 -1
29 25 -1
29 26 -1
29 30 -1
29 31 -1
29 37 -1
29 39 -1
29 41 -1
29 48 -1
29 50 -1
29 60 -1
30 15 -1
30 18 -1
30 19 -1
30 22 -1
30 23 -1
30 24 -1
30 26 -1
30 28 -1
30 29 -1
30 32 -1
30 36 -1
30 44 -1
30 48 1
30 56 -1
30 58 -1
30 60 -1
31 10 -1
31 17 1
31 18 -1
31 21 -1
31 22 -1
31 23 -1
31 25 -1
31 27 -1
31 29 -1
31 32 -1
31 37 -1
31 41 -1
31 45 1
31 47 -1
31 48 -1
31 50 -1
32 2 -1
32 7 1
32 17 -1
32 19 -1
32 22 -1
32 23 -1
32 25 -1
32 27 -1
32 28 1
32 30 -1
32 31 -1
32 40 -1
32 48 -1
32 58 -1
32 62 -1
33 8 -1
33 13 -1
33 26 -1
33 27 -1
33 36 -1
33 37 -1
33 38 -1
33 39 -1
33 40 -1
33 41 -1
33 42 -1
33 47 -1
33 48 -1
33 59 -1
33 62 -1
34 4 -1
34 12 -1
34 19 -1
34 35 -1
34 36 -1
34 38 -1
34 40 -1
34 42 -1
34 45 -1
34 46 -1
34 47 -1
34 48 -1
34 57 1
34 60 -1
34 64 -1
35 9 -1
35 11 -1
35 34 -1
35 36 -1
35 38 -1
35 39 -1
35 40 -1
35 44 -1
35 45 -1
35 46 -1
35 48 -1
35 50 -1
35 51 -1
35 54 -1
36 3 -1
36 6 -1
36 11 -1
36 27 -1
36 30 -1
36 33 -1
36 34 -1
36 35 -1
36 39 -1
36 40 -1
36 42 -1
36 43 -1
36 44 -1
36 48 -1
36 51 -1
36 63 -1
37 19 -1
37 24 -1
37 29 -1
37 31 -1
37 33 -1
37 38 -1
37 39 1
37 40 -1
37 41 -1
37 44 1
37 45 -1
37 46 -1
37 47 -1
37 49 -1
37 50 -1
37 59 -1
38 3 -1
38 5 -1
38 18 -1
38 20 -1
38 33 -1
38 34 -1
38 35 -1
38 37 -1
38 42 -1
38 43 -1
38 44 -1
38 45 1
38 48 -1
38 49 1
38 51 1
39 1 -1
39 15 1
39 25 -1
39 29 -1
39 33 -1
39 35 -1
39 36 -1
39 37 1
39 41 -1
39 43 -1
39 44 -1
39 45 -1
39 47 -1
39 53 1
39 61 -1
39 63 -1
40 3 -1
40 13 -1
40 19 -1
40 28 -1
40 32 -1
40 33 -1
40 34 -1
40 35 -1
40 36 -1
40 37 -1
40 42 -1
40 43 -1
40 46 -1
40 47 -1
40 55 -1
40 64 -1
41 2 -1
41 17 -1
41 21 1
41 29 -1
41 31 -1
41 33 -1
41 37 -1
41 39 -1
41 42 -1
41 44 1
41 45 1
41 46 -1
41 47 -1
41 48 -1
41 59 -1
41 63 1
42 4 1
42 6 -1
42 8 -1
42 10 -1
42 15 -1
42 16 -1
42 26 -1
42 33 -1
42 34 -1
42 36 -1
42 38 -1
42 40 -1
42 41 -1
42 43 -1
42 44 1
42 46 -1
43 1 -1
43 9 -1
43 16 -1
43 17 -1
43 23 -1
43 36 -1
43 38 -1
43 39 -1
43 40 -1
43 42 -1
43 45 -1
43 46 -1
43 47 -1
43 48 -1
43 49 -1
43 61 -1
44 2 -1
44 10 -1
44 11 -1
44 14 -1
44 22 -1
44 30 -1
44 35 -1
44 36 -1
44 37 1
44 38 -1
44 39 -1
44 41 1
44 42 1
44 45 -1
44 47 -1
44 59 1
45 9 -1
45 24 -1
45 31 1
45 34 -1
45 35 -1
45 37 -1
45 38 1
45 39 -1
45 41 1
45 43 -1
45 44 -1
45 46 -1
45 51 -1
45 54 -1
45 63 -1
46 1 1
46 2 -1
46 12 -1
46 16 -1
46 21 -1
46 34 -1
46 35 -1
46 37 -1
46 40 -1
46 41 -1
46 42 -1
46 43 -1
46 45 -1
46 48 -1
46 55 -1
47 7 -1
47 13 -1
47 21 1
47 31 -1
47 33 -1
47 34 -1
47 37 -1
47 39 -1
47 40 -1
47 41 -1
47 43 -1
47 44 -1
47 48 -1
47 50 -1
47 52 -1
48 22 -1
48 25 1
48 29 -1
48 30 1
48 31 -1
48 32 -1
48 33 -1
48 34 -1
48 35 -1
48 36 -1
48 38 -1
48 41 -1
48 43 -1
48 46 -1
48 47 -1
48 49 -1
49 8 -1
49 15 -1
49 18 -1
49 37 -1
49 38 1
49 43 -1
49 48 -1
49 50 -1
49 52 1
49 54 -1
49 58 -1
49 59 1
49 60 -1
49 61 -1
49 63 -1
49 64 -1
50 6 -1
50 29 -1
50 31 -1
50 35 -1
50 37 -1
50 47 -1
50 49 -1
50 52 1
50 53 -1
50 54 -1
50 57 -1
50 60 -1
50 61 -1
50 62 -1
50 64 -1
51 4 -1
51 11 1
51 13 -1
51 35 -1
51 36 -1
51 38 1
51 45 -1
51 54 1
51 55 1
51 56 -1
51 57 -1
51 58 -1
51 60 -1
51 62 -1
51 63 -1
51 64 -1
52 12 -1
52 14 -1
52 16 -1
52 19 -1
52 22 -1
52 28 1
52 47 -1
52 49 1
52 50 1
52 53 -1
52 54 -1
52 55 -1
52 56 -1
52 57 -1
52 59 -1
52 62 -1
53 8 -1
53 9 -1
53 12 -1
53 19 -1
53 24 -1
53 26 -1
53 39 1
53 50 -1
53 52 -1
53 55 -1
53 56 -1
53 57 1
53 60 -1
53 61 -1
53 62 1
53 64 -1
54 7 -1
54 14 -1
54 16 -1
54 23 -1
54 35 -1
54 45 -1
54 49 -1
54 50 -1
54 51 1
54 52 -1
54 55 -1
54 57 -1
54 59 -1
54 60 -1
54 64 -1
55 12 -1
55 14 -1
55 21 -1
55 25 -1
55 40 -1
55 46 -1
55 51 1
55 52 -1
55 53 -1
55 54 -1
55 56 -1
55 57 -1
55 58 -1
55 63 -1
55 64 -1
56 4 -1
56 5 -1
56 7 1
56 12 -1
56 13 -1
56 30 -1
56 51 -1
56 52 -1
56 53 -1
56 55 -1
56 57 -1
56 58 -1
56 59 -1
56 61 1
56 63 -1
57 1 -1
57 10 -1
57 14 -1
57 21 -1
57 27 1
57 28 -1
57 34 1
57 50 -1
57 51 -1
57 52 -1
57 53 1
57 54 -1
57 55 -1
57 56 -1
57 61 -1
57 64 -1
58 17 -1
58 22 -1
58 23 -1
58 27 -1
58 28 -1
58 30 -1
58 32 -1
58 49 -1
58 51 -1
58 55 -1
58 56 -1
58 59 -1
58 60 -1
58 61 -1
58 62 -1
58 63 -1
59 9 -1
59 10 -1
59 13 -1
59 33 -1
59 37 -1
59 41 -1
59 44 1
59 49 1
59 52 -1
59 54 -1
59 56 -1
59 58 -1
59 60 -1
59 61 -1
59 62 -1
59 63 -1
60 3 -1
60 4 -1
60 18 1
60 25 -1
60 29 -1
60 30 -1
60 34 -1
60 49 -1
60 50 -1
60 51 -1
60 53 -1
60 54 -1
60 58 -1
60 59 -1
60 63 -1
60 64 -1
61 5 -1
61 10 -1
61 20 -1
61 26 -1
61 39 -1
61 43 -1
61 49 -1
61 50 -1
61 53 -1
61 56 1
61 57 -1
61 58 -1
61 59 -1
61 62 -1
61 63 -1
62 3 -1
62 4 -1
62 18 -1
62 20 -1
62 22 -1
62 32 -1
62 33 -1
62 50 -1
62 51 -1
62 52 -1
62 53 1
62 58 -1
62 59 -1
62 61 -1
62 63 -1
62 64 -1
63 9 -1
63 24 -1
63 28 1
63 36 -1
63 39 -1
63 41 1
63 45 -1
63 49 -1
63 51 -1
63 55 -1
63 56 -1
63 58 -1
63 59 -1
63 60 -1
63 61 -1
63 62 -1
64 18 -1
64 20 -1
64 24 -1
64 34 -1
64 40 -1
64 49 -1
64 50 -1
64 51 -1
64 53 -1
64 54 -1
64 55 -1
64 57 -1
64 60 -1
64 62 -1
