1 2 -1
1 3 1
1 8 1
1 9 1
1 10 -1
1 11 -1
1 12 1
1 13 1
1 15 -1
1 26 -1
1 28 -1
1 42 1
1 50 -1
1 54 -1
1 56 1
2 1 -1
2 3 1
2 5 1
2 6 1
2 9 1
2 12 1
2 14 -1
2 15 1
2 16 1
2 22 1
2 32 1
2 44 1
2 45 1
2 55 -1
2 56 -1
2 64 1
3 1 1
3 2 1
3 6 1
3 7 -1
3 8 1
3 10 1
3 11 -1
3 13 -1
3 16 1
3 32 1
3 33 -1
3 40 1
3 47 -1
3 49 1
3 57 1
3 63 1
4 5 -1
4 6 1
4 7 1
4 8 1
4 11 1
4 13 1
4 14 1
4 15 1
4 16 -1
4 27 1
4 29 1
4 30 -1
4 49 1
4 53 1
4 59 1
4 61 1
5 2 1
5 4 -1
5 7 1
5 8 1
5 10 -1
5 11 1
5 12 1
5 13 1
5 15 -1
5 18 -1
5 30 1
5 31 1
5 46 1
5 54 1
5 55 -1
6 2 1
6 3 1
6 4 1
6 7 1
6 8 -1
6 11 -1
6 12 1
6 14 1
6 16 -1
6 30 1
6 31 1
6 46 1
6 50 -1
6 53 1
6 57 1
6 61 1
7 3 -1
7 4 1
7 5 1
7 6 1
7 8 1
7 9 -1
7 12 1
7 14 -1
7 16 1
7 18 1
7 22 -1
7 29 1
7 36 1
7 42 -1
7 48 -1
7 60 1
8 1 1
8 3 1
8 4 1
8 5 1
8 6 -1
8 7 1
8 10 -1
8 11 -1
8 16 1
8 30 1
8 35 1
8 36 -1
8 39 -1
8 45 -1
8 48 1
8 62 1
9 1 1
9 2 1
9 7 -1
9 10 1
9 11 1
9 13 -1
9 14 1
9 15 1
9 16 1
9 20 1
9 25 -1
9 26 -1
9 32 -1
9 34 1
9 39 -1
9 62 -1
10 1 -1
10 3 1
10 5 -1
10 8 -1
10 9 1
10 11 -1
10 12 1
10 13 -1
10 15 1
10 18 1
10 28 1
10 35 1
10 38 1
10 47 1
10 49 -1
10 59 1
11 1 -1
11 3 -1
11 4 1
11 5 1
11 6 -1
11 8 -1
11 9 1
11 10 -1
11 14 1
11 44 -1
11 46 1
11 49 1
11 57 -1
11 62 -1
11 64 -1
12 1 1
12 2 1
12 5 1
12 6 1
12 7 1
12 10 1
12 13 1
12 14 1
12 15 1
12 24 1
12 39 1
12 40 1
12 50 1
12 54 -1
12 58 1
12 60 1
13 1 1
13 3 -1
13 4 1
13 5 1
13 9 -1
13 10 -1
13 12 1
13 14 1
13 16 -1
13 18 1
13 25 1
13 30 -1
13 31 1
13 39 1
13 47 1
13 61 -1
14 2 -1
14 4 1
14 6 1
14 7 -1
14 9 1
14 11 1
14 12 1
14 13 1
14 15 1
14 20 1
14 22 -1
14 24 1
14 30 -1
14 54 1
14 55 1
14 57 1
15 1 -1
15 2 1
15 4 1
15 5 -1
15 9 1
15 10 1
15 12 1
15 14 1
15 16 -1
15 18 1
15 25 -1
15 34 1
15 36 1
15 43 1
15 52 -1
15 56 1
16 2 1
16 3 1
16 4 -1
16 6 -1
16 7 1
16 8 1
16 9 1
16 13 -1
16 15 -1
16 33 1
16 36 -1
16 51 1
16 52 1
16 58 1
16 62 1
16 64 -1
17 18 1
17 19 1
17 20 -1
17 23 1
17 25 -1
17 26 1
17 27 -1
17 30 1
17 31 1
17 33 1
17 43 1
17 45 1
17 47 1
17 59 1
17 63 1
18 5 -1
18 7 1
18 10 1
18 13 1
18 15 1
18 17 1
18 19 1
18 20 1
18 21 -1
18 22 1
18 23 1
18 24 1
18 25 1
18 26 1
18 33 1
19 17 1
19 18 1
19 21 1
19 25 1
19 27 1
19 28 1
19 29 1
19 30 1
19 32 -1
19 35 -1
19 37 1
19 38 1
19 45 1
19 51 1
19 55 1
20 9 1
20 14 1
20 17 -1
20 18 1
20 21 1
20 23 -1
20 25 1
20 26 -1
20 27 -1
20 29 1
20 31 1
20 41 1
20 52 1
20 55 1
20 59 1
20 63 1
21 18 -1
21 19 1
21 20 1
21 22 1
21 24 1
21 26 1
21 29 1
21 30 1
21 31 1
21 33 1
21 34 1
21 35 -1
21 38 -1
21 44 1
21 51 -1
21 57 -1
22 2 1
22 7 -1
22 14 -1
22 18 1
22 21 1
22 25 -1
22 26 1
22 28 -1
22 29 1
22 30 -1
22 31 -1
22 32 -1
22 41 1
22 49 -1
22 53 1
22 59 -1
23 17 1
23 18 1
23 20 -1
23 24 1
23 26 1
23 28 1
23 29 -1
23 30 -1
23 32 1
23 34 1
23 35 -1
23 37 1
23 50 1
23 62 -1
24 12 1
24 14 1
24 18 1
24 21 1
24 23 1
24 26 1
24 27 1
24 28 1
24 30 -1
24 31 1
24 32 1
24 40 1
24 43 -1
24 48 1
24 58 1
25 9 -1
25 13 1
25 15 -1
25 17 -1
25 18 1
25 19 1
25 20 1
25 22 -1
25 27 1
25 28 -1
25 29 -1
25 31 1
25 37 1
25 41 1
25 48 1
25 54 1
26 1 -1
26 9 -1
26 17 1
26 18 1
26 20 -1
26 21 1
26 22 1
26 23 1
26 24 1
26 30 -1
26 32 -1
26 37 1
26 46 -1
26 51 1
26 58 1
26 63 1
27 4 1
27 17 -1
27 19 1
27 20 -1
27 24 1
27 25 1
27 28 1
27 30 1
27 31 -1
27 32 1
27 38 1
27 50 1
27 52 -1
27 54 1
27 56 1
27 61 1
28 1 -1
28 10 1
28 19 1
28 22 -1
28 23 1
28 24 1
28 25 -1
28 27 1
28 29 1
28 31 -1
28 32 -1
28 34 1
28 41 -1
28 42 -1
28 44 -1
28 56 1
29 4 1
29 7 1
29 19 1
29 20 1
29 21 1
29 22 1
29 23 -1
29 25 -1
29 28 1
29 31 1
29 32 1
29 40 -1
29 41 1
29 42 1
29 48 1
29 62 -1
30 4 -1
30 5 1
30 6 1
30 8 1
30 13 -1
30 14 -1
30 17 1
30 19 1
30 21 1
30 22 -1
30 23 -1
30 24 -1
30 26 -1
30 27 1
30 32 -1
30 63 1
31 5 1
31 6 1
31 13 1
31 17 1
31 20 1
31 21 1
31 22 -1
31 24 1
31 25 1
31 27 -1
31 28 -1
31 29 1
31 39 1
31 46 1
31 50 1
31 60 1
32 2 1
32 3 1
32 9 -1
32 19 -1
32 22 -1
32 23 1
32 24 1
32 26 -1
32 27 1
32 28 -1
32 29 1
32 30 -1
32 42 -1
32 49 1
32 51 1
32 59 1
33 3 -1
33 16 1
33 17 1
33 18 1
33 21 1
33 34 1
33 35 -1
33 36 1
33 37 1
33 39 1
33 40 -1
33 41 -1
33 44 -1
33 47 1
33 63 -1
33 64 1
34 9 1
34 15 1
34 21 1
34 23 1
34 28 1
34 33 1
34 35 1
34 38 1
34 42 -1
34 43 -1
34 44 1
34 45 1
34 47 -1
34 48 -1
34 51 1
35 8 1
35 10 1
35 19 -1
35 21 -1
35 23 -1
35 33 -1
35 34 1
35 36 1
35 37 1
35 38 1
35 39 -1
35 44 -1
35 45 1
35 48 -1
35 59 -1
35 60 1
36 7 1
36 8 -1
36 15 1
36 16 -1
36 33 1
36 35 1
36 37 1
36 38 1
36 39 1
36 40 1
36 42 1
36 46 1
36 47 1
36 52 1
36 56 1
36 64 1
37 19 1
37 23 1
37 25 1
37 26 1
37 33 1
37 35 1
37 36 1
37 39 -1
37 41 1
37 42 1
37 43 1
37 45 1
37 46 1
37 53 1
37 64 1
38 10 1
38 19 1
38 21 -1
38 27 1
38 34 1
38 35 1
38 36 1
38 39 1
38 40 1
38 41 1
38 43 1
38 47 1
38 48 1
38 51 1
38 52 1
38 58 1
39 8 -1
39 9 -1
39 12 1
39 13 1
39 31 1
39 33 1
39 35 -1
39 36 1
39 37 -1
39 38 1
39 43 1
39 46 1
39 47 -1
39 48 -1
39 60 1
39 64 1
40 3 1
40 12 1
40 24 1
40 29 -1
40 33 -1
40 36 1
40 38 1
40 41 1
40 42 1
40 43 1
40 44 1
40 45 1
40 48 1
40 53 1
40 55 -1
40 61 1
41 20 1
41 22 1
41 25 1
41 28 -1
41 29 1
41 33 -1
41 37 1
41 38 1
41 40 1
41 42 1
41 43 1
41 46 -1
41 47 1
41 48 1
41 53 1
41 60 1
42 1 1
42 7 -1
42 28 -1
42 29 1
42 32 -1
42 34 -1
42 36 1
42 37 1
42 40 1
42 41 1
42 43 1
42 44 -1
42 45 1
42 46 -1
42 52 1
42 61 1
43 15 1
43 17 1
43 24 -1
43 34 -1
43 37 1
43 38 1
43 39 1
43 40 1
43 41 1
43 42 1
43 45 1
43 48 -1
43 50 1
43 57 -1
43 60 1
44 2 1
44 11 -1
44 21 1
44 28 -1
44 33 -1
44 34 1
44 35 -1
44 40 1
44 42 -1
44 45 1
44 46 1
44 47 1
44 48 1
44 57 1
44 63 1
45 2 1
45 8 -1
45 17 1
45 19 1
45 34 1
45 35 1
45 37 1
45 40 1
45 42 1
45 43 1
45 44 1
45 46 1
45 47 1
45 56 1
46 5 1
46 6 1
46 11 1
46 26 -1
46 31 1
46 36 1
46 37 1
46 39 1
46 41 -1
46 42 -1
46 44 1
46 45 1
46 47 1
46 48 1
46 58 1
47 3 -1
47 10 1
47 13 1
47 17 1
47 33 1
47 34 -1
47 36 1
47 38 1
47 39 -1
47 41 1
47 44 1
47 45 1
47 46 1
47 49 -1
47 61 1
47 62 1
48 7 -1
48 8 1
48 24 1
48 25 1
48 29 1
48 34 -1
48 35 -1
48 38 1
48 39 -1
48 40 1
48 41 1
48 43 -1
48 44 1
48 46 1
48 53 1
48 55 1
49 3 1
49 4 1
49 10 -1
49 11 1
49 22 -1
49 32 1
49 47 -1
49 52 1
49 53 1
49 54 1
49 57 1
49 58 1
49 59 -1
49 61 1
49 62 1
49 64 -1
50 1 -1
50 6 -1
50 12 1
50 23 1
50 27 1
50 31 1
50 43 1
50 51 1
50 52 1
50 53 1
50 55 1
50 58 -1
50 59 -1
50 61 1
50 63 1
50 64 1
51 16 1
51 19 1
51 21 -1
51 26 1
51 32 1
51 34 1
51 38 1
51 50 1
51 53 1
51 54 -1
51 55 1
51 58 -1
51 59 1
51 60 -1
51 62 -1
51 63 1
52 15 -1
52 16 1
52 20 1
52 27 -1
52 36 1
52 38 1
52 42 1
52 49 1
52 50 1
52 54 1
52 56 1
52 57 1
52 60 -1
52 61 1
52 62 -1
52 63 1
53 4 1
53 6 1
53 22 1
53 37 1
53 40 1
53 41 1
53 48 1
53 49 1
53 50 1
53 51 1
53 54 -1
53 56 -1
53 59 -1
53 60 1
53 61 1
53 64 -1
54 1 -1
54 5 1
54 12 -1
54 14 1
54 25 1
54 27 1
54 49 1
54 51 -1
54 52 1
54 53 -1
54 55 1
54 56 -1
54 57 1
54 60 1
54 63 1
55 2 -1
55 5 -1
55 14 1
55 19 1
55 20 1
55 40 -1
55 48 1
55 50 1
55 51 1
55 54 1
55 56 -1
55 57 1
55 59 1
55 60 -1
55 61 1
55 62 1
56 1 1
56 2 -1
56 15 1
56 27 1
56 28 1
56 36 1
56 45 1
56 52 1
56 53 -1
56 54 -1
56 55 -1
56 57 -1
56 58 1
56 59 1
56 62 1
56 64 1
57 3 1
57 6 1
57 11 -1
57 14 1
57 21 -1
57 43 -1
57 44 1
57 49 1
57 52 1
57 54 1
57 55 1
57 56 -1
57 58 -1
57 60 1
57 63 -1
57 64 1
58 12 1
58 16 1
58 24 1
58 26 1
58 38 1
58 46 1
58 49 1
58 50 -1
58 51 -1
58 56 1
58 57 -1
58 59 1
58 61 1
58 63 -1
58 64 1
59 4 1
59 10 1
59 17 1
59 20 1
59 22 -1
59 32 1
59 35 -1
59 49 -1
59 50 -1
59 51 1
59 53 -1
59 55 1
59 56 1
59 58 1
59 63 -1
59 64 -1
60 7 1
60 12 1
60 31 1
60 35 1
60 39 1
60 41 1
60 43 1
60 51 -1
60 52 -1
60 53 1
60 54 1
60 55 -1
60 57 1
60 61 1
60 62 1
60 64 1
61 4 1
61 6 1
61 13 -1
61 27 1
61 40 1
61 42 1
61 47 1
61 49 1
61 50 1
61 52 1
61 53 1
61 55 1
61 58 1
61 60 1
61 62 1
61 63 -1
62 8 1
62 9 -1
62 11 -1
62 16 1
62 23 -1
62 29 -1
62 47 1
62 49 1
62 51 -1
62 52 -1
62 55 1
62 56 1
62 60 1
62 61 1
62 63 1
62 64 1
63 3 1
63 17 1
63 20 1
63 26 1
63 30 1
63 33 -1
63 44 1
63 50 1
63 51 1
63 52 1
63 54 1
63 57 -1
63 58 -1
63 59 -1
63 61 -1
63 62 1
64 2 1
64 11 -1
64 16 -1
64 33 1
64 36 1
64 37 1
64 39 1
64 49 -1
64 50 1
64 53 -1
64 56 1
64 57 1
64 58 1
64 59 -1
64 60 1
64 62 1
