1 2 1
1 3 1
1 6 1
1 8 1
1 9 1
1 10 1
1 11 1
1 12 -1
1 14 1
1 19 1
1 36 1
1 37 1
1 42 1
1 51 1
1 54 1
1 55 1
2 1 1
2 3 1
2 5 1
2 7 1
2 8 1
2 9 1
2 11 1
2 12 1
2 13 1
2 28 1
2 32 -1
2 34 1
2 40 -1
2 42 -1
2 62 -1
3 1 1
3 2 1
3 6 1
3 7 1
3 8 1
3 9 1
3 11 1
3 14 1
3 16 1
3 28 1
3 29 -1
3 33 -1
3 36 1
3 45 1
3 56 1
3 58 1
4 7 1
4 8 1
4 9 -1
4 10 1
4 11 1
4 12 1
4 14 1
4 15 1
4 16 1
4 25 1
4 37 -1
4 49 1
4 55 1
4 57 1
4 63 1
5 2 1
5 6 1
5 8 -1
5 10 -1
5 11 1
5 12 1
5 13 1
5 14 1
5 15 1
5 17 1
5 19 -1
5 37 1
5 45 1
5 47 1
5 56 -1
5 63 -1
6 1 1
6 3 1
6 5 1
6 7 1
6 8 -1
6 9 1
6 13 1
6 14 -1
6 15 1
6 21 1
6 23 1
6 27 1
6 33 -1
6 39 -1
6 47 1
6 63 1
7 2 1
7 3 1
7 4 1
7 6 1
7 9 1
7 10 1
7 13 1
7 14 1
7 16 1
7 25 1
7 31 1
7 35 1
7 42 1
7 46 1
7 60 1
8 1 1
8 2 1
8 3 1
8 4 1
8 5 -1
8 6 -1
8 10 1
8 12 -1
8 16 1
8 21 1
8 35 1
8 41 1
8 43 1
8 47 1
8 53 1
8 56 1
9 1 1
9 2 1
9 3 1
9 4 -1
9 6 1
9 7 1
9 11 1
9 13 1
9 14 -1
9 27 -1
9 31 1
9 33 1
9 37 1
9 59 1
10 1 1
10 4 1
10 5 -1
10 7 1
10 8 1
10 11 1
10 12 1
10 13 -1
10 15 1
10 25 1
10 35 1
10 39 1
10 43 1
10 59 -1
10 61 1
11 1 1
11 2 1
11 3 1
11 4 1
11 5 1
11 9 1
11 10 1
11 15 1
11 16 -1
11 19 1
11 23 1
11 27 1
11 29 1
11 41 1
11 50 1
12 1 -1
12 2 1
12 4 1
12 5 1
12 8 -1
12 10 1
12 13 -1
12 15 1
12 16 1
12 24 1
12 29 -1
12 40 1
12 50 1
12 57 1
12 61 1
12 64 1
13 2 1
13 5 1
13 6 1
13 7 1
13 9 1
13 10 -1
13 12 -1
13 15 1
13 16 1
13 21 -1
13 22 -1
13 34 1
13 39 1
13 48 1
13 56 1
13 60 1
14 1 1
14 3 1
14 4 1
14 5 1
14 6 -1
14 7 1
14 9 -1
14 15 1
14 16 1
14 21 1
14 25 -1
14 43 -1
14 45 1
14 55 1
14 61 1
15 4 1
15 5 1
15 6 1
15 10 1
15 11 1
15 12 1
15 13 1
15 14 1
15 16 1
15 19 -1
15 20 1
15 36 1
15 41 1
15 49 1
15 52 1
15 54 -1
16 3 1
16 4 1
16 7 1
16 8 1
16 11 -1
16 12 1
16 13 1
16 14 1
16 15 1
16 20 -1
16 26 -1
16 40 1
16 50 -1
16 54 1
16 64 -1
17 5 1
17 18 1
17 19 1
17 20 1
17 22 1
17 23 -1
17 24 1
17 27 -1
17 28 -1
17 32 -1
17 42 1
17 45 1
17 55 1
17 60 -1
17 61 1
18 17 1
18 20 1
18 22 1
18 23 1
18 24 1
18 25 1
18 28 -1
18 30 1
18 32 1
18 43 -1
18 47 1
18 52 1
18 57 1
18 58 1
18 62 1
18 63 1
19 1 1
19 5 -1
19 11 1
19 15 -1
19 17 1
19 21 1
19 23 1
19 24 -1
19 26 1
19 27 1
19 30 1
19 31 1
19 32 -1
19 35 1
19 41 1
19 50 1
20 15 1
20 16 -1
20 17 1
20 18 1
20 21 1
20 25 1
20 26 1
20 27 1
20 28 1
20 29 1
20 30 1
20 38 1
20 54 1
20 59 1
20 64 1
21 6 1
21 8 1
21 13 -1
21 14 1
21 19 1
21 20 1
21 22 1
21 23 -1
21 25 1
21 26 1
21 28 1
21 29 1
21 32 1
21 36 1
22 13 -1
22 17 1
22 18 1
22 21 1
22 23 -1
22 25 1
22 26 1
22 29 1
22 30 1
22 31 1
22 36 1
22 42 1
22 44 1
22 48 1
22 49 1
22 56 -1
23 6 1
23 11 1
23 17 -1
23 18 1
23 19 1
23 21 -1
23 22 -1
23 24 1
23 26 1
23 29 1
23 31 1
23 35 1
23 45 -1
23 46 -1
23 49 -1
24 12 1
24 17 1
24 18 1
24 19 -1
24 23 1
24 25 1
24 27 1
24 28 -1
24 29 1
24 32 -1
24 37 -1
24 45 1
24 48 -1
24 58 -1
24 59 -1
25 4 1
25 7 1
25 10 1
25 14 -1
25 18 1
25 20 1
25 21 1
25 22 1
25 24 1
25 26 -1
25 28 -1
25 30 1
25 31 1
25 40 1
25 55 1
25 60 1
26 16 -1
26 19 1
26 20 1
26 21 1
26 22 1
26 23 1
26 25 -1
26 30 -1
26 31 1
26 32 -1
26 33 1
26 39 -1
26 40 1
26 50 -1
26 64 -1
27 6 1
27 9 -1
27 11 1
27 17 -1
27 19 1
27 20 1
27 24 1
27 28 -1
27 29 1
27 30 1
27 31 1
27 32 1
27 34 1
27 44 1
27 53 1
28 2 1
28 3 1
28 17 -1
28 18 -1
28 20 1
28 21 1
28 24 -1
28 25 -1
28 27 -1
28 29 1
28 31 1
28 47 1
28 48 1
28 51 1
28 58 1
29 3 -1
29 11 1
29 12 -1
29 20 1
29 21 1
29 22 1
29 23 1
29 24 1
29 27 1
29 28 1
29 30 1
29 31 1
29 35 1
29 48 1
29 50 1
29 64 1
30 18 1
30 19 1
30 20 1
30 22 1
30 25 1
30 26 -1
30 27 1
30 29 1
30 32 1
30 51 1
30 52 1
30 53 1
30 54 1
30 57 1
30 62 1
31 7 1
31 9 1
31 19 1
31 22 1
31 23 1
31 25 1
31 26 1
31 27 1
31 28 1
31 29 1
31 32 1
31 46 -1
31 47 1
31 57 1
31 60 1
31 61 1
32 2 -1
32 17 -1
32 18 1
32 19 -1
32 21 1
32 24 -1
32 26 -1
32 27 1
32 30 1
32 31 1
32 48 1
32 50 -1
32 52 1
32 62 -1
33 3 -1
33 6 -1
33 9 1
33 26 1
33 35 1
33 36 1
33 38 1
33 39 1
33 41 1
33 43 -1
33 44 1
33 46 1
33 47 1
33 57 1
33 60 1
34 2 1
34 13 1
34 27 1
34 35 1
34 36 1
34 37 1
34 38 1
34 40 1
34 41 1
34 42 1
34 43 -1
34 48 1
34 49 -1
34 51 -1
34 53 1
34 63 1
35 7 1
35 8 1
35 10 1
35 19 1
35 23 1
35 29 1
35 33 1
35 34 1
35 40 1
35 41 1
35 43 1
35 44 1
35 45 1
35 46 1
35 47 -1
35 63 -1
36 1 1
36 3 1
36 15 1
36 21 1
36 22 1
36 33 1
36 34 1
36 37 -1
36 39 -1
36 40 1
36 41 1
36 43 1
36 45 1
36 48 1
36 53 1
37 1 1
37 4 -1
37 5 1
37 9 1
37 24 -1
37 34 1
37 36 -1
37 38 1
37 39 1
37 42 1
37 43 1
37 44 1
37 46 1
37 48 -1
37 49 1
38 20 1
38 33 1
38 34 1
38 37 1
38 41 1
38 43 1
38 45 1
38 46 1
38 47 1
38 48 1
38 53 1
38 54 1
38 55 1
38 56 1
38 62 -1
39 6 -1
39 10 1
39 13 1
39 26 -1
39 33 1
39 36 -1
39 37 1
39 41 1
39 42 1
39 44 1
39 45 1
39 46 -1
39 47 1
39 58 1
39 64 1
40 2 -1
40 12 1
40 16 1
40 25 1
40 26 1
40 34 1
40 35 1
40 36 1
40 41 -1
40 42 1
40 43 1
40 44 1
40 46 -1
40 48 -1
40 59 1
41 8 1
41 11 1
41 15 1
41 19 1
41 33 1
41 34 1
41 35 1
41 36 1
41 38 1
41 39 1
41 40 -1
41 42 1
41 45 1
41 51 1
41 62 1
41 63 1
42 1 1
42 2 -1
42 7 1
42 17 1
42 22 1
42 34 1
42 37 1
42 39 1
42 40 1
42 41 1
42 44 -1
42 46 1
42 47 1
42 48 1
42 57 1
43 8 1
43 10 1
43 14 -1
43 18 -1
43 33 -1
43 34 -1
43 35 1
43 36 1
43 37 1
43 38 1
43 40 1
43 45 1
43 47 1
43 51 -1
43 58 1
43 61 1
44 22 1
44 27 1
44 33 1
44 35 1
44 37 1
44 39 1
44 40 1
44 42 -1
44 45 1
44 46 1
44 47 1
44 51 1
44 52 1
44 61 1
45 3 1
45 5 1
45 14 1
45 17 1
45 23 -1
45 24 1
45 35 1
45 36 1
45 38 1
45 39 1
45 41 1
45 43 1
45 44 1
45 47 1
45 48 1
45 59 1
46 7 1
46 23 -1
46 31 -1
46 33 1
46 35 1
46 37 1
46 38 1
46 39 -1
46 40 -1
46 42 1
46 44 1
46 48 1
46 49 1
46 58 1
47 5 1
47 6 1
47 8 1
47 18 1
47 28 1
47 31 1
47 33 1
47 35 -1
47 38 1
47 39 1
47 42 1
47 43 1
47 44 1
47 45 1
47 48 1
47 60 1
48 13 1
48 22 1
48 24 -1
48 28 1
48 29 1
48 32 1
48 34 1
48 36 1
48 37 -1
48 38 1
48 40 -1
48 42 1
48 45 1
48 46 1
48 47 1
49 4 1
49 15 1
49 22 1
49 23 -1
49 34 -1
49 37 1
49 46 1
49 50 1
49 51 1
49 52 1
49 54 -1
49 56 1
49 57 1
49 61 -1
49 63 1
49 64 -1
50 11 1
50 12 1
50 16 -1
50 19 1
50 26 -1
50 29 1
50 32 -1
50 49 1
50 52 1
50 54 1
50 55 1
50 58 1
50 59 1
50 60 1
50 61 1
50 62 1
51 1 1
51 28 1
51 30 1
51 34 -1
51 41 1
51 43 -1
51 44 1
51 49 1
51 52 1
51 53 1
51 54 1
51 55 -1
51 57 1
51 59 -1
51 60 1
51 64 1
52 15 1
52 18 1
52 30 1
52 32 1
52 44 1
52 49 1
52 50 1
52 51 1
52 53 1
52 54 1
52 58 -1
52 61 1
52 62 1
52 64 1
53 8 1
53 27 1
53 30 1
53 34 1
53 36 1
53 38 1
53 51 1
53 52 1
53 56 1
53 58 -1
53 59 1
53 60 1
53 62 1
53 63 1
53 64 1
54 1 1
54 15 -1
54 16 1
54 20 1
54 30 1
54 38 1
54 49 -1
54 50 1
54 51 1
54 52 1
54 56 1
54 57 1
54 58 -1
54 60 1
54 63 1
55 1 1
55 4 1
55 14 1
55 17 1
55 25 1
55 38 1
55 50 1
55 51 -1
55 58 1
55 59 1
55 60 1
55 61 1
55 62 -1
55 63 1
55 64 1
56 3 1
56 5 -1
56 8 1
56 13 1
56 22 -1
56 38 1
56 49 1
56 53 1
56 54 1
56 57 -1
56 58 1
56 59 -1
56 60 1
56 61 1
56 62 1
57 4 1
57 12 1
57 18 1
57 30 1
57 31 1
57 33 1
57 42 1
57 49 1
57 51 1
57 54 1
57 56 -1
57 58 -1
57 60 -1
57 62 1
57 63 1
57 64 1
58 3 1
58 18 1
58 24 -1
58 28 1
58 39 1
58 43 1
58 46 1
58 50 1
58 52 -1
58 53 -1
58 54 -1
58 55 1
58 56 1
58 57 -1
58 59 1
58 60 -1
59 9 1
59 10 -1
59 20 1
59 24 -1
59 40 1
59 45 1
59 50 1
59 51 -1
59 53 1
59 55 1
59 56 -1
59 58 1
59 61 1
59 63 1
59 64 1
60 7 1
60 13 1
60 17 -1
60 25 1
60 31 1
60 33 1
60 47 1
60 50 1
60 51 1
60 53 1
60 54 1
60 55 1
60 56 1
60 57 -1
60 58 -1
60 63 1
61 10 1
61 12 1
61 14 1
61 17 1
61 31 1
61 43 1
61 44 1
61 49 -1
61 50 1
61 52 1
61 55 1
61 56 1
61 59 1
61 62 1
61 63 1
61 64 1
62 2 -1
62 18 1
62 30 1
62 32 -1
62 38 -1
62 41 1
62 50 1
62 52 1
62 53 1
62 55 -1
62 56 1
62 57 1
62 61 1
62 63 1
62 64 1
63 4 1
63 5 -1
63 6 1
63 18 1
63 34 1
63 35 -1
63 41 1
63 49 1
63 53 1
63 54 1
63 55 1
63 57 1
63 59 1
63 60 1
63 61 1
63 62 1
64 12 1
64 16 -1
64 20 1
64 26 -1
64 29 1
64 39 1
64 49 -1
64 51 1
64 52 1
64 53 1
64 55 1
64 57 1
64 59 1
64 61 1
64 62 1
