1 3 1
1 5 -1
1 6 -1
1 7 1
1 9 1
1 11 -1
1 14 -1
1 15 -1
1 16 -1
1 24 -1
1 29 -1
1 35 1
1 40 1
1 49 1
1 50 1
1 60 -1
2 3 -1
2 7 -1
2 8 1
2 9 1
2 10 1
2 11 -1
2 13 -1
2 15 -1
2 16 -1
2 17 1
2 36 -1
2 43 -1
2 51 1
2 60 1
2 62 -1
3 1 1
3 2 -1
3 4 1
3 10 1
3 12 1
3 13 1
3 14 -1
3 15 1
3 16 1
3 27 -1
3 28 1
3 30 1
3 33 -1
3 46 -1
3 47 1
3 62 1
4 3 1
4 5 1
4 7 -1
4 8 -1
4 9 1
4 10 -1
4 11 -1
4 13 -1
4 15 1
4 18 1
4 20 1
4 21 1
4 30 1
4 31 -1
4 61 1
5 1 -1
5 4 1
5 6 -1
5 7 1
5 9 -1
5 10 1
5 12 -1
5 13 -1
5 15 -1
5 25 -1
5 26 1
5 43 -1
5 44 1
5 46 1
6 1 -1
6 5 -1
6 8 1
6 9 1
6 10 -1
6 11 1
6 12 1
6 14 1
6 15 -1
6 29 1
6 39 -1
6 47 -1
6 48 -1
6 50 -1
6 51 -1
7 1 1
7 2 -1
7 4 -1
7 5 1
7 8 -1
7 9 1
7 12 -1
7 13 1
7 16 1
7 20 1
7 47 1
7 52 1
7 56 1
7 62 -1
7 64 1
8 2 1
8 4 -1
8 6 1
8 7 -1
8 10 1
8 11 1
8 14 -1
8 15 -1
8 16 1
8 32 1
8 35 -1
8 38 -1
8 39 1
8 43 1
8 44 1
8 54 -1
9 1 1
9 2 1
9 4 1
9 5 -1
9 6 1
9 7 1
9 10 1
9 11 -1
9 12 -1
9 20 -1
9 21 1
9 29 1
9 35 -1
9 36 -1
9 41 1
9 48 1
10 2 1
10 3 1
10 4 -1
10 5 1
10 6 -1
10 8 1
10 9 1
10 14 -1
10 15 -1
10 31 -1
10 40 -1
10 44 1
10 50 1
10 51 1
10 53 -1
10 60 -1
11 1 -1
11 2 -1
11 4 -1
11 6 1
11 8 1
11 9 -1
11 12 -1
11 14 1
11 16 1
11 19 -1
11 23 -1
11 32 -1
11 34 -1
11 52 -1
11 58 -1
12 3 1
12 5 -1
12 6 1
12 7 -1
12 9 -1
12 11 -1
12 13 -1
12 14 1
12 16 -1
12 26 1
12 38 -1
12 44 -1
12 47 1
12 50 -1
12 52 1
12 62 1
13 2 -1
13 3 1
13 4 -1
13 5 -1
13 7 1
13 12 -1
13 14 1
13 15 -1
13 16 1
13 19 -1
13 27 1
13 29 -1
13 32 1
13 60 -1
13 63 -1
14 1 -1
14 3 -1
14 6 1
14 8 -1
14 10 -1
14 11 1
14 12 1
14 13 1
14 16 -1
14 26 1
14 35 1
14 39 -1
14 44 1
14 52 1
14 57 1
14 61 -1
15 1 -1
15 2 -1
15 3 1
15 4 1
15 5 -1
15 6 -1
15 8 -1
15 10 -1
15 13 -1
15 17 1
15 19 -1
15 20 -1
15 26 -1
15 53 -1
15 59 -1
16 1 -1
16 2 -1
16 3 1
16 7 1
16 8 1
16 11 1
16 12 -1
16 13 1
16 14 -1
16 24 -1
16 32 1
16 36 1
16 38 1
16 56 -1
16 61 -1
16 64 1
17 2 1
17 15 1
17 18 1
17 20 1
17 21 -1
17 25 -1
17 28 -1
17 29 -1
17 30 -1
17 31 -1
17 32 1
17 37 -1
17 54 1
17 64 1
18 4 1
18 17 1
18 19 -1
18 22 1
18 24 1
18 25 1
18 29 1
18 30 -1
18 31 -1
18 32 1
18 33 -1
18 37 -1
18 38 1
18 45 1
18 49 1
19 11 -1
19 13 -1
19 15 -1
19 18 -1
19 21 1
19 22 1
19 23 -1
19 25 -1
19 26 -1
19 27 1
19 28 -1
19 32 1
19 37 -1
19 52 -1
19 54 1
20 4 1
20 7 1
20 9 -1
20 15 -1
20 17 1
20 22 1
20 25 -1
20 26 -1
20 27 -1
20 28 -1
20 29 1
20 30 1
20 32 1
20 41 -1
20 63 -1
20 64 1
21 4 1
21 9 1
21 17 -1
21 19 1
21 23 -1
21 24 -1
21 25 -1
21 27 -1
21 28 -1
21 29 -1
21 31 -1
21 33 1
21 34 -1
21 42 -1
21 55 -1
21 64 -1
22 18 1
22 19 1
22 20 1
22 24 1
22 26 1
22 27 1
22 28 -1
22 29 1
22 31 -1
22 37 1
22 39 1
22 41 -1
22 46 -1
22 51 1
22 58 1
23 11 -1
23 19 -1
23 21 -1
23 25 -1
23 27 1
23 28 -1
23 29 -1
23 30 -1
23 31 -1
23 32 1
23 33 1
23 42 1
23 43 1
23 46 -1
23 48 1
23 57 -1
24 1 -1
24 16 -1
24 18 1
24 21 -1
24 22 1
24 26 1
24 27 -1
24 29 -1
24 30 1
24 31 -1
24 32 1
24 37 1
24 48 1
24 50 -1
24 56 1
25 5 -1
25 17 -1
25 18 1
25 19 -1
25 20 -1
25 21 -1
25 23 -1
25 26 -1
25 28 -1
25 31 -1
25 42 -1
25 45 -1
25 46 -1
25 48 1
25 51 1
25 58 1
26 5 1
26 12 1
26 14 1
26 15 -1
26 19 -1
26 20 -1
26 22 1
26 24 1
26 25 -1
26 27 -1
26 29 1
26 30 -1
26 32 -1
26 33 -1
26 55 1
27 3 -1
27 13 1
27 19 1
27 20 -1
27 21 -1
27 22 1
27 23 1
27 24 -1
27 26 -1
27 30 -1
27 31 -1
27 33 -1
27 40 1
27 45 1
27 54 1
27 59 -1
28 3 1
28 17 -1
28 19 -1
28 20 -1
28 21 -1
28 22 -1
28 23 -1
28 25 -1
28 31 1
28 32 -1
28 36 1
28 50 -1
28 54 1
28 60 1
28 62 1
28 63 -1
29 1 -1
29 6 1
29 9 1
29 13 -1
29 17 -1
29 18 1
29 20 1
29 21 -1
29 22 1
29 23 -1
29 24 -1
29 26 1
29 30 1
29 42 -1
29 51 -1
30 3 1
30 4 1
30 17 -1
30 18 -1
30 20 1
30 23 -1
30 24 1
30 26 -1
30 27 -1
30 29 1
30 32 1
30 36 1
30 38 -1
30 41 -1
30 56 -1
30 64 1
31 4 -1
31 10 -1
31 17 -1
31 18 -1
31 21 -1
31 22 -1
31 23 -1
31 24 -1
31 25 -1
31 27 -1
31 28 1
31 50 -1
31 52 1
31 58 1
31 60 -1
31 63 -1
32 8 1
32 11 -1
32 13 1
32 16 1
32 17 1
32 18 1
32 19 1
32 20 1
32 23 1
32 24 1
32 26 -1
32 28 -1
32 30 1
32 56 1
32 60 -1
33 3 -1
33 18 -1
33 21 1
33 23 1
33 26 -1
33 27 -1
33 36 -1
33 38 1
33 39 -1
33 41 -1
33 42 1
33 43 1
33 46 1
33 47 1
33 48 -1
33 57 1
34 11 -1
34 21 -1
34 35 1
34 37 -1
34 40 1
34 41 1
34 42 -1
34 44 1
34 45 -1
34 47 1
34 48 -1
34 49 -1
34 53 1
34 55 1
34 57 -1
34 63 -1
35 1 1
35 8 -1
35 9 -1
35 14 1
35 34 1
35 36 1
35 38 1
35 39 1
35 40 -1
35 43 1
35 45 -1
35 46 -1
35 47 -1
35 55 1
35 63 1
35 64 -1
36 2 -1
36 9 -1
36 16 1
36 28 1
36 30 1
36 33 -1
36 35 1
36 38 -1
36 39 -1
36 42 -1
36 43 1
36 44 -1
36 45 1
36 46 1
36 52 1
36 59 1
37 17 -1
37 18 -1
37 19 -1
37 22 1
37 24 1
37 34 -1
37 38 1
37 39 1
37 40 -1
37 41 -1
37 42 -1
37 44 1
37 47 1
37 48 1
37 55 1
37 58 -1
38 8 -1
38 12 -1
38 16 1
38 18 1
38 30 -1
38 33 1
38 35 1
38 36 -1
38 37 1
38 40 -1
38 41 -1
38 43 -1
38 46 -1
38 48 -1
38 63 -1
39 6 -1
39 8 1
39 14 -1
39 22 1
39 33 -1
39 35 1
39 36 -1
39 37 1
39 40 -1
39 43 1
39 44 -1
39 45 -1
39 47 -1
39 53 1
39 55 1
40 1 1
40 10 -1
40 27 1
40 34 1
40 35 -1
40 37 -1
40 38 -1
40 39 -1
40 41 1
40 42 -1
40 43 -1
40 45 1
40 56 -1
40 57 1
41 9 1
41 20 -1
41 22 -1
41 30 -1
41 33 -1
41 34 1
41 37 -1
41 38 -1
41 40 1
41 42 1
41 43 1
41 44 1
41 48 -1
41 49 1
41 59 -1
42 21 -1
42 23 1
42 25 -1
42 29 -1
42 33 1
42 34 -1
42 36 -1
42 37 -1
42 40 -1
42 41 1
42 44 -1
42 46 -1
42 47 1
42 51 1
42 53 -1
43 2 -1
43 5 -1
43 8 1
43 23 1
43 33 1
43 35 1
43 36 1
43 38 -1
43 39 1
43 40 -1
43 41 1
43 45 -1
43 48 1
43 62 1
44 5 1
44 8 1
44 10 1
44 12 -1
44 14 1
44 34 1
44 36 -1
44 37 1
44 39 -1
44 41 1
44 42 -1
44 45 1
44 46 1
44 47 1
44 49 -1
44 53 1
45 18 1
45 25 -1
45 27 1
45 34 -1
45 35 -1
45 36 1
45 39 -1
45 40 1
45 43 -1
45 44 1
45 46 1
45 48 1
45 49 1
45 57 -1
45 59 -1
45 61 -1
46 3 -1
46 5 1
46 22 -1
46 23 -1
46 25 -1
46 33 1
46 35 -1
46 36 1
46 38 -1
46 42 -1
46 44 1
46 45 1
46 47 1
46 48 1
46 49 1
46 61 1
47 3 1
47 6 -1
47 7 1
47 12 1
47 33 1
47 34 1
47 35 -1
47 37 1
47 39 -1
47 42 1
47 44 1
47 46 1
47 48 -1
47 58 1
47 59 -1
48 6 -1
48 9 1
48 23 1
48 24 1
48 25 1
48 33 -1
48 34 -1
48 37 1
48 38 -1
48 41 -1
48 43 1
48 45 1
48 46 1
48 47 -1
48 61 1
49 1 1
49 18 1
49 34 -1
49 41 1
49 44 -1
49 45 1
49 46 1
49 50 -1
49 51 -1
49 54 1
49 56 1
49 60 -1
49 61 -1
49 62 1
49 63 -1
49 64 -1
50 1 1
50 6 -1
50 10 1
50 12 -1
50 24 -1
50 28 -1
50 31 -1
50 49 -1
50 52 -1
50 53 1
50 55 -1
50 56 -1
50 57 1
50 58 -1
50 60 -1
50 63 1
51 2 1
51 6 -1
51 10 1
51 22 1
51 25 1
51 29 -1
51 42 1
51 49 -1
51 52 1
51 53 -1
51 55 1
51 57 1
51 59 -1
51 60 -1
51 62 1
51 64 1
52 7 1
52 11 -1
52 12 1
52 14 1
52 19 -1
52 31 1
52 36 1
52 50 -1
52 51 1
52 53 1
52 54 -1
52 56 1
52 57 -1
52 59 1
52 60 1
52 63 1
53 10 -1
53 15 -1
53 34 1
53 39 1
53 42 -1
53 44 1
53 50 1
53 51 -1
53 52 1
53 56 1
53 57 1
53 58 1
53 59 1
53 61 -1
53 64 -1
54 8 -1
54 17 1
54 19 1
54 27 1
54 28 1
54 49 1
54 52 -1
54 56 -1
54 58 -1
54 59 -1
54 61 1
54 62 1
54 63 -1
54 64 -1
55 21 -1
55 26 1
55 34 1
55 35 1
55 37 1
55 39 1
55 50 -1
55 51 1
55 56 -1
55 57 1
55 58 1
55 59 1
55 60 1
55 61 1
55 63 1
56 7 1
56 16 -1
56 24 1
56 30 -1
56 32 1
56 40 -1
56 49 1
56 50 -1
56 52 1
56 53 1
56 54 -1
56 55 -1
56 57 -1
56 59 1
56 62 1
57 14 1
57 23 -1
57 33 1
57 34 -1
57 40 1
57 45 -1
57 50 1
57 51 1
57 52 -1
57 53 1
57 55 1
57 56 -1
57 58 1
57 59 -1
57 61 -1
58 11 -1
58 22 1
58 25 1
58 31 1
58 37 -1
58 47 1
58 50 -1
58 53 1
58 54 -1
58 55 1
58 57 1
58 61 1
58 62 1
58 63 1
58 64 -1
59 15 -1
59 27 -1
59 36 1
59 41 -1
59 45 -1
59 47 -1
59 51 -1
59 52 1
59 53 1
59 54 -1
59 55 1
59 56 1
59 57 -1
59 61 -1
59 64 1
60 1 -1
60 2 1
60 10 -1
60 13 -1
60 28 1
60 31 -1
60 32 -1
60 49 -1
60 50 -1
60 51 -1
60 52 1
60 55 1
60 61 1
60 62 1
60 63 1
60 64 -1
61 4 1
61 14 -1
61 16 -1
61 45 -1
61 46 1
61 48 1
61 49 -1
61 53 -1
61 54 1
61 55 1
61 57 -1
61 58 1
61 59 -1
61 60 1
61 62 -1
62 2 -1
62 3 1
62 7 -1
62 12 1
62 28 1
62 43 1
62 49 1
62 51 1
62 54 1
62 56 1
62 58 1
62 60 1
62 61 -1
62 63 1
62 64 1
63 13 -1
63 20 -1
63 28 -1
63 31 -1
63 34 -1
63 35 1
63 38 -1
63 49 -1
63 50 1
63 52 1
63 54 -1
63 55 1
63 58 1
63 60 1
63 62 1
63 64 -1
64 7 1
64 16 1
64 17 1
64 20 1
64 21 -1
64 30 1
64 35 -1
64 49 -1
64 51 1
64 53 -1
64 54 -1
64 58 -1
64 59 1
64 60 -1
64 62 1
64 63 -1
