1 4 -1
1 6 -1
1 7 -1
1 8 1
1 10 -1
1 12 1
1 13 -1
1 14 -1
1 15 -1
1 19 -1
1 21 -1
1 24 -1
1 29 -1
1 33 -1
1 37 -1
1 63 -1
2 3 -1
2 5 -1
2 6 1
2 9 -1
2 10 -1
2 11 -1
2 13 1
2 15 -1
2 16 -1
2 21 -1
2 26 -1
2 31 -1
2 33 -1
2 48 -1
2 49 -1
2 51 -1
3 2 -1
3 4 1
3 9 -1
3 10 -1
3 11 -1
3 12 -1
3 13 -1
3 15 1
3 16 -1
3 17 -1
3 22 -1
3 31 1
3 35 -1
3 37 -1
3 45 -1
3 64 -1
4 1 -1
4 3 1
4 6 -1
4 7 -1
4 9 -1
4 12 -1
4 13 -1
4 15 -1
4 16 -1
4 17 -1
4 23 -1
4 28 -1
4 36 -1
4 44 -1
4 55 -1
4 58 -1
5 2 -1
5 7 -1
5 8 1
5 9 1
5 10 -1
5 11 -1
5 12 -1
5 14 -1
5 16 -1
5 17 -1
5 26 -1
5 32 -1
5 42 -1
5 46 -1
5 50 -1
5 54 -1
6 1 -1
6 2 1
6 4 -1
6 7 -1
6 9 -1
6 11 -1
6 13 -1
6 14 -1
6 16 -1
6 29 -1
6 38 -1
6 49 -1
6 53 -1
6 56 -1
6 59 -1
7 1 -1
7 4 -1
7 5 -1
7 6 -1
7 8 -1
7 10 -1
7 11 -1
7 12 -1
7 14 -1
7 18 1
7 19 1
7 21 -1
7 23 1
7 35 1
7 37 -1
7 49 -1
8 1 1
8 5 1
8 7 -1
8 9 -1
8 10 -1
8 11 -1
8 12 -1
8 13 -1
8 15 -1
8 35 -1
8 43 -1
8 53 -1
8 55 -1
8 59 -1
8 63 -1
9 2 -1
9 3 -1
9 4 -1
9 5 1
9 6 -1
9 8 -1
9 10 -1
9 12 1
9 15 -1
9 25 1
9 42 -1
9 44 -1
9 52 -1
9 58 -1
10 1 -1
10 2 -1
10 3 -1
10 5 -1
10 7 -1
10 8 -1
10 9 -1
10 11 -1
10 16 -1
10 20 -1
10 26 -1
10 28 -1
10 31 -1
10 39 -1
10 40 -1
10 46 -1
11 2 -1
11 3 -1
11 5 -1
11 6 -1
11 7 -1
11 8 -1
11 10 -1
11 14 -1
11 16 -1
11 30 -1
11 33 -1
11 39 -1
11 46 1
11 50 -1
11 58 -1
11 62 -1
12 1 1
12 3 -1
12 4 -1
12 5 -1
12 7 -1
12 8 -1
12 9 1
12 14 -1
12 15 -1
12 28 -1
12 33 -1
12 34 -1
12 37 -1
12 43 -1
12 57 1
12 64 -1
13 1 -1
13 2 1
13 3 -1
13 4 -1
13 6 -1
13 8 -1
13 14 -1
13 15 -1
13 16 -1
13 17 1
13 19 -1
13 23 -1
13 29 -1
13 45 -1
13 57 1
14 1 -1
14 5 -1
14 6 -1
14 7 -1
14 11 -1
14 12 -1
14 13 -1
14 15 -1
14 16 -1
14 18 -1
14 24 -1
14 30 -1
14 49 -1
14 51 -1
14 58 -1
14 62 -1
15 1 -1
15 2 -1
15 3 1
15 4 -1
15 8 -1
15 9 -1
15 12 -1
15 13 -1
15 14 -1
15 24 -1
15 37 -1
15 40 -1
15 54 -1
15 62 -1
15 63 1
16 2 -1
16 3 -1
16 4 -1
16 5 -1
16 6 -1
16 10 -1
16 11 -1
16 13 -1
16 14 -1
16 31 -1
16 42 -1
16 44 -1
16 46 -1
16 58 -1
16 60 -1
17 3 -1
17 4 -1
17 5 -1
17 13 1
17 19 -1
17 20 -1
17 21 -1
17 23 -1
17 24 -1
17 25 -1
17 30 -1
17 31 -1
17 32 -1
17 50 -1
17 63 -1
18 7 1
18 14 -1
18 21 -1
18 22 1
18 24 -1
18 26 -1
18 27 1
18 28 -1
18 29 -1
18 31 -1
18 32 -1
18 42 -1
18 46 1
18 48 -1
18 49 1
18 56 -1
19 1 -1
19 7 1
19 13 -1
19 17 -1
19 22 -1
19 23 -1
19 25 -1
19 26 -1
19 27 -1
19 30 -1
19 31 -1
19 32 -1
19 43 -1
19 54 -1
19 55 -1
19 63 -1
20 10 -1
20 17 -1
20 23 -1
20 24 -1
20 25 -1
20 26 1
20 28 -1
20 29 1
20 30 -1
20 31 -1
20 33 -1
20 35 -1
20 49 -1
20 51 -1
20 55 -1
20 57 -1
21 1 -1
21 2 -1
21 7 -1
21 17 -1
21 18 -1
21 22 1
21 25 -1
21 26 -1
21 27 -1
21 28 -1
21 31 1
21 32 -1
21 39 -1
21 54 -1
21 61 -1
21 64 -1
22 3 -1
22 18 1
22 19 -1
22 21 1
22 23 -1
22 27 -1
22 29 -1
22 30 -1
22 31 -1
22 32 -1
22 33 -1
22 35 -1
22 39 1
22 41 -1
22 43 -1
22 61 1
23 4 -1
23 7 1
23 13 -1
23 17 -1
23 19 -1
23 20 -1
23 22 -1
23 24 -1
23 25 -1
23 26 -1
23 29 -1
23 30 -1
23 37 -1
23 40 -1
23 53 -1
23 57 -1
24 1 -1
24 14 -1
24 15 -1
24 17 -1
24 18 -1
24 20 -1
24 23 -1
24 26 -1
24 27 -1
24 28 -1
24 29 -1
24 30 -1
24 34 -1
24 53 -1
24 54 -1
25 9 1
25 17 -1
25 19 -1
25 20 -1
25 21 -1
25 23 -1
25 27 -1
25 28 -1
25 29 1
25 32 1
25 45 -1
25 51 -1
25 55 -1
25 60 -1
26 2 -1
26 5 -1
26 10 -1
26 18 -1
26 19 -1
26 20 1
26 21 -1
26 23 -1
26 24 -1
26 27 -1
26 29 -1
26 32 -1
26 41 -1
26 51 -1
26 53 -1
27 18 1
27 19 -1
27 21 -1
27 22 -1
27 24 -1
27 25 -1
27 26 -1
27 28 -1
27 31 -1
27 34 -1
27 35 -1
27 36 -1
27 48 1
27 61 -1
27 62 -1
28 4 -1
28 10 -1
28 12 -1
28 18 -1
28 20 -1
28 21 -1
28 24 -1
28 25 -1
28 27 -1
28 30 -1
28 31 -1
28 32 -1
28 44 -1
28 47 -1
28 50 -1
28 57 -1
29 1 -1
29 6 -1
29 13 -1
29 18 -1
29 20 1
29 22 -1
29 23 -1
29 24 -1
29 25 1
29 26 -1
29 30 1
29 32 -1
29 43 -1
29 47 -1
29 48 -1
30 11 -1
30 14 -1
30 17 -1
30 19 -1
30 20 -1
30 22 -1
30 23 -1
30 24 -1
30 28 -1
30 29 1
30 31 -1
30 38 1
30 40 -1
30 47 -1
30 60 -1
31 2 -1
31 3 1
31 10 -1
31 16 -1
31 17 -1
31 18 -1
31 19 -1
31 20 -1
31 21 1
31 22 -1
31 27 -1
31 28 -1
31 30 -1
31 37 -1
31 39 -1
31 56 -1
32 5 -1
32 17 -1
32 18 -1
32 19 -1
32 21 -1
32 22 -1
32 25 1
32 26 -1
32 28 -1
32 29 -1
32 33 -1
32 41 -1
32 42 -1
32 44 -1
32 51 -1
32 62 -1
33 1 -1
33 2 -1
33 11 -1
33 12 -1
33 20 -1
33 22 -1
33 32 -1
33 34 -1
33 36 -1
33 38 -1
33 42 -1
33 43 -1
33 44 -1
33 45 -1
33 47 -1
33 48 -1
34 12 -1
34 24 -1
34 27 -1
34 33 -1
34 35 -1
34 37 -1
34 38 -1
34 40 -1
34 41 -1
34 43 -1
34 47 -1
34 48 -1
34 50 -1
34 55 -1
34 59 -1
34 62 -1
35 3 -1
35 7 1
35 8 -1
35 20 -1
35 22 -1
35 27 -1
35 34 -1
35 39 -1
35 40 -1
35 41 1
35 42 -1
35 43 -1
35 44 -1
35 45 -1
35 47 -1
35 58 -1
36 4 -1
36 27 -1
36 33 -1
36 37 -1
36 38 -1
36 39 -1
36 41 -1
36 42 -1
36 44 -1
36 45 -1
36 48 -1
36 49 -1
36 56 -1
36 57 -1
36 60 -1
36 64 -1
37 1 -1
37 3 -1
37 7 -1
37 12 -1
37 15 -1
37 23 -1
37 31 -1
37 34 -1
37 36 -1
37 39 -1
37 40 -1
37 41 -1
37 43 -1
37 44 -1
37 46 -1
37 48 -1
38 6 -1
38 30 1
38 33 -1
38 34 -1
38 36 -1
38 39 -1
38 40 -1
38 42 -1
38 43 -1
38 45 -1
38 48 -1
38 56 -1
38 60 -1
38 64 -1
39 10 -1
39 11 -1
39 21 -1
39 22 1
39 31 -1
39 35 -1
39 36 -1
39 37 -1
39 38 -1
39 40 1
39 42 -1
39 43 1
39 46 -1
39 47 -1
39 54 -1
39 59 -1
40 10 -1
40 15 -1
40 23 -1
40 30 -1
40 34 -1
40 35 -1
40 37 -1
40 38 -1
40 39 1
40 45 -1
40 46 -1
40 47 -1
40 48 -1
40 52 -1
40 60 -1
40 64 -1
41 22 -1
41 26 -1
41 32 -1
41 34 -1
41 35 1
41 36 -1
41 37 -1
41 42 -1
41 44 -1
41 46 -1
41 47 1
41 48 -1
41 52 -1
41 56 -1
41 57 -1
41 62 -1
42 5 -1
42 9 -1
42 16 -1
42 18 -1
42 32 -1
42 33 -1
42 35 -1
42 36 -1
42 38 -1
42 39 -1
42 41 -1
42 43 -1
42 45 -1
42 46 -1
42 52 -1
42 64 -1
43 8 -1
43 12 -1
43 19 -1
43 22 -1
43 29 -1
43 33 -1
43 34 -1
43 35 -1
43 37 -1
43 38 -1
43 39 1
43 42 -1
43 44 -1
43 46 -1
43 50 -1
44 4 -1
44 9 -1
44 16 -1
44 28 -1
44 32 -1
44 33 -1
44 35 -1
44 36 -1
44 37 -1
44 41 -1
44 43 -1
44 45 -1
44 47 -1
44 48 -1
44 52 -1
45 3 -1
45 13 -1
45 25 -1
45 33 -1
45 35 -1
45 36 -1
45 38 -1
45 40 -1
45 42 -1
45 44 -1
45 46 -1
45 47 -1
45 61 -1
45 63 -1
46 5 -1
46 10 -1
46 11 1
46 16 -1
46 18 1
46 37 -1
46 39 -1
46 40 -1
46 41 -1
46 42 -1
46 43 -1
46 45 -1
46 47 1
46 48 -1
46 51 -1
46 61 1
47 28 -1
47 29 -1
47 30 -1
47 33 -1
47 34 -1
47 35 -1
47 39 -1
47 40 -1
47 41 1
47 44 -1
47 45 -1
47 46 1
47 55 -1
47 59 1
47 61 1
48 2 -1
48 18 -1
48 27 1
48 29 -1
48 33 -1
48 34 -1
48 36 -1
48 37 -1
48 38 -1
48 40 -1
48 41 -1
48 44 -1
48 46 -1
48 63 -1
49 2 -1
49 6 -1
49 7 -1
49 14 -1
49 18 1
49 20 -1
49 36 -1
49 50 1
49 51 -1
49 52 -1
49 56 -1
49 59 -1
49 60 -1
49 62 -1
49 63 -1
49 64 -1
50 5 -1
50 11 -1
50 17 -1
50 28 -1
50 34 -1
50 43 -1
50 49 1
50 51 -1
50 53 -1
50 54 -1
50 55 -1
50 57 -1
50 58 -1
50 60 -1
50 62 -1
51 2 -1
51 14 -1
51 20 -1
51 25 -1
51 26 -1
51 32 -1
51 46 -1
51 49 -1
51 50 -1
51 52 -1
51 53 1
51 55 -1
51 56 -1
51 59 -1
51 62 -1
51 63 -1
52 9 -1
52 40 -1
52 41 -1
52 42 -1
52 44 -1
52 49 -1
52 51 -1
52 53 1
52 54 -1
52 57 -1
52 59 1
52 60 -1
52 61 -1
52 63 -1
53 6 -1
53 8 -1
53 23 -1
53 24 -1
53 26 -1
53 50 -1
53 51 1
53 52 1
53 54 -1
53 56 -1
53 58 -1
53 60 -1
53 61 -1
53 63 -1
54 5 -1
54 15 -1
54 19 -1
54 21 -1
54 24 -1
54 39 -1
54 50 -1
54 52 -1
54 53 -1
54 58 -1
54 59 -1
54 60 -1
54 61 -1
54 62 1
54 64 -1
55 4 -1
55 8 -1
55 19 -1
55 20 -1
55 25 -1
55 34 -1
55 47 -1
55 50 -1
55 51 -1
55 56 -1
55 57 -1
55 58 1
55 59 -1
55 60 -1
55 63 -1
55 64 -1
56 6 -1
56 18 -1
56 31 -1
56 36 -1
56 38 -1
56 41 -1
56 49 -1
56 51 -1
56 53 -1
56 55 -1
56 57 -1
56 58 -1
56 60 -1
56 63 -1
56 64 -1
57 12 1
57 13 1
57 20 -1
57 23 -1
57 28 -1
57 36 -1
57 41 -1
57 50 -1
57 52 -1
57 55 -1
57 56 -1
57 58 -1
57 61 -1
57 62 -1
57 63 1
57 64 -1
58 4 -1
58 9 -1
58 11 -1
58 14 -1
58 16 -1
58 35 -1
58 50 -1
58 53 -1
58 54 -1
58 55 1
58 56 -1
58 57 -1
58 61 -1
58 62 -1
58 64 -1
59 6 -1
59 8 -1
59 34 -1
59 39 -1
59 47 1
59 49 -1
59 51 -1
59 52 1
59 54 -1
59 55 -1
59 60 -1
59 61 -1
59 62 -1
59 64 -1
60 16 -1
60 25 -1
60 30 -1
60 36 -1
60 38 -1
60 40 -1
60 49 -1
60 50 -1
60 52 -1
60 53 -1
60 54 -1
60 55 -1
60 56 -1
60 59 -1
60 61 -1
61 21 -1
61 22 1
61 27 -1
61 45 -1
61 46 1
61 47 1
61 52 -1
61 53 -1
61 54 -1
61 57 -1
61 58 -1
61 59 -1
61 60 -1
61 62 -1
61 63 -1
62 11 -1
62 14 -1
62 15 -1
62 27 -1
62 32 -1
62 34 -1
62 41 -1
62 49 -1
62 50 -1
62 51 -1
62 54 1
62 57 -1
62 58 -1
62 59 -1
62 61 -1
62 64 -1
63 1 -1
63 8 -1
63 15 1
63 17 -1
63 19 -1
63 45 -1
63 48 -1
63 49 -1
63 51 -1
63 52 -1
63 53 -1
63 55 -1
63 56 -1
63 57 1
63 61 -1
63 64 -1
64 3 -1
64 12 -1
64 21 -1
64 36 -1
64 38 -1
64 40 -1
64 42 -1
64 49 -1
64 54 -1
64 55 -1
64 56 -1
64 57 -1
64 58 -1
64 59 -1
64 62 -1
64 63 -1
