1 2 -1
1 3 -1
1 4 1
1 8 -1
1 10 1
1 11 -1
1 14 -1
1 15 -1
1 16 -1
1 20 1
1 23 -1
1 29 1
1 39 -1
1 45 -1
1 64 -1
2 1 -1
2 5 -1
2 6 -1
2 7 -1
2 8 -1
2 10 -1
2 14 -1
2 15 -1
2 16 -1
2 17 -1
2 19 -1
2 23 -1
2 25 -1
2 46 -1
2 60 -1
2 64 -1
3 1 -1
3 7 -1
3 8 -1
3 9 -1
3 11 -1
3 12 -1
3 14 1
3 15 -1
3 16 -1
3 20 -1
3 40 1
3 48 1
3 58 1
3 62 -1
3 64 -1
4 1 1
4 5 -1
4 6 -1
4 8 -1
4 9 -1
4 10 -1
4 11 1
4 13 -1
4 16 -1
4 18 -1
4 20 -1
4 43 -1
4 47 1
4 55 -1
4 61 -1
4 62 1
5 2 -1
5 4 -1
5 7 -1
5 8 -1
5 9 -1
5 12 1
5 13 -1
5 14 -1
5 15 -1
5 24 -1
5 31 -1
5 33 -1
5 38 1
5 46 -1
5 47 -1
5 56 -1
6 2 -1
6 4 -1
6 7 1
6 9 -1
6 10 -1
6 11 -1
6 12 -1
6 13 1
6 15 -1
6 17 -1
6 26 -1
6 28 -1
6 30 -1
6 32 -1
6 56 -1
6 57 -1
7 2 -1
7 3 -1
7 5 -1
7 6 1
7 9 -1
7 10 -1
7 11 -1
7 12 -1
7 16 1
7 18 -1
7 19 -1
7 35 -1
7 48 -1
7 55 -1
7 58 -1
8 1 -1
8 2 -1
8 3 -1
8 4 -1
8 5 -1
8 10 -1
8 11 -1
8 13 -1
8 14 -1
8 34 -1
8 35 -1
8 39 -1
8 43 -1
8 44 -1
8 46 -1
8 52 -1
9 3 -1
9 4 -1
9 5 -1
9 6 -1
9 7 -1
9 12 -1
9 14 -1
9 15 -1
9 16 -1
9 21 -1
9 32 -1
9 33 -1
9 41 1
9 57 1
9 61 -1
9 63 -1
10 1 1
10 2 -1
10 4 -1
10 6 -1
10 7 -1
10 8 -1
10 11 -1
10 12 -1
10 13 -1
10 19 -1
10 21 -1
10 30 -1
10 32 1
10 42 -1
10 43 -1
10 53 -1
11 1 -1
11 3 -1
11 4 1
11 6 -1
11 7 -1
11 8 -1
11 10 -1
11 12 -1
11 13 -1
11 19 -1
11 28 -1
11 31 1
11 38 1
11 39 1
11 58 -1
11 64 -1
12 3 -1
12 5 1
12 6 -1
12 7 -1
12 9 -1
12 10 -1
12 11 -1
12 13 -1
12 15 1
12 23 -1
12 25 -1
12 51 -1
12 56 -1
12 59 -1
12 63 -1
13 4 -1
13 5 -1
13 6 1
13 8 -1
13 10 -1
13 11 -1
13 12 -1
13 14 -1
13 16 -1
13 17 -1
13 19 -1
13 21 1
13 32 -1
13 45 -1
13 51 -1
13 55 -1
14 1 -1
14 2 -1
14 3 1
14 5 -1
14 8 -1
14 9 -1
14 13 -1
14 15 -1
14 16 -1
14 22 -1
14 25 -1
14 27 1
14 30 1
14 49 -1
14 55 -1
14 60 -1
15 1 -1
15 2 -1
15 3 -1
15 5 -1
15 6 -1
15 9 -1
15 12 1
15 14 -1
15 16 -1
15 24 -1
15 31 1
15 42 -1
15 46 1
15 49 -1
15 51 -1
15 59 -1
16 1 -1
16 2 -1
16 3 -1
16 4 -1
16 7 1
16 9 -1
16 13 -1
16 14 -1
16 15 -1
16 27 -1
16 31 1
16 35 -1
16 36 -1
16 50 1
16 55 -1
16 57 -1
17 2 -1
17 6 -1
17 13 -1
17 19 -1
17 20 1
17 21 1
17 22 -1
17 26 1
17 28 1
17 29 -1
17 31 -1
17 32 1
17 36 1
17 47 1
17 48 -1
17 52 -1
18 4 -1
18 7 -1
18 19 -1
18 20 -1
18 21 -1
18 22 -1
18 24 -1
18 25 1
18 27 -1
18 28 1
18 32 -1
18 41 -1
18 44 -1
18 45 -1
18 50 -1
18 56 1
19 2 -1
19 7 -1
19 10 -1
19 11 -1
19 13 -1
19 17 -1
19 18 -1
19 23 -1
19 24 1
19 25 -1
19 27 1
19 29 -1
19 30 1
19 32 -1
19 36 1
19 53 -1
20 1 1
20 3 -1
20 4 -1
20 17 1
20 18 -1
20 24 -1
20 25 1
20 26 -1
20 27 1
20 28 -1
20 30 -1
20 32 -1
20 35 1
20 41 -1
20 43 -1
20 45 -1
21 9 -1
21 10 -1
21 13 1
21 17 1
21 18 -1
21 23 -1
21 24 -1
21 26 -1
21 27 -1
21 28 -1
21 29 -1
21 31 -1
21 44 -1
21 45 -1
21 56 1
21 61 -1
22 14 -1
22 17 -1
22 18 -1
22 23 -1
22 24 1
22 25 -1
22 26 -1
22 28 -1
22 31 -1
22 32 -1
22 35 -1
22 37 -1
22 39 -1
22 53 1
22 54 -1
22 61 -1
23 1 -1
23 2 -1
23 12 -1
23 19 -1
23 21 -1
23 22 -1
23 25 -1
23 26 -1
23 27 -1
23 28 1
23 30 -1
23 32 -1
23 36 -1
23 40 -1
23 54 -1
23 56 -1
24 5 -1
24 15 -1
24 18 -1
24 19 1
24 20 -1
24 21 -1
24 22 1
24 27 -1
24 28 -1
24 30 -1
24 31 -1
24 40 -1
24 43 -1
24 51 1
24 52 1
24 53 1
25 2 -1
25 12 -1
25 14 -1
25 18 1
25 19 -1
25 20 1
25 22 -1
25 23 -1
25 27 -1
25 29 1
25 31 -1
25 32 -1
25 37 -1
25 42 -1
25 58 1
26 6 -1
26 17 1
26 20 -1
26 21 -1
26 22 -1
26 23 -1
26 29 -1
26 30 -1
26 31 -1
26 32 -1
26 38 -1
26 40 1
26 46 -1
26 48 -1
26 50 -1
27 14 1
27 16 -1
27 18 -1
27 19 1
27 20 1
27 21 -1
27 23 -1
27 24 -1
27 25 -1
27 29 1
27 31 -1
27 41 -1
27 42 -1
27 55 -1
27 62 -1
28 6 -1
28 11 -1
28 17 1
28 18 1
28 20 -1
28 21 -1
28 22 -1
28 23 1
28 24 -1
28 29 -1
28 30 -1
28 39 1
28 47 -1
28 55 1
28 57 -1
28 63 -1
29 1 1
29 17 -1
29 19 -1
29 21 -1
29 25 1
29 26 -1
29 27 1
29 28 -1
29 30 -1
29 31 -1
29 33 -1
29 38 1
29 43 -1
29 45 1
29 59 -1
30 6 -1
30 10 -1
30 14 1
30 19 1
30 20 -1
30 23 -1
30 24 -1
30 26 -1
30 28 -1
30 29 -1
30 31 -1
30 32 -1
30 35 -1
30 54 -1
30 57 -1
30 62 -1
31 5 -1
31 11 1
31 15 1
31 16 1
31 17 -1
31 21 -1
31 22 -1
31 24 -1
31 25 -1
31 26 -1
31 27 -1
31 29 -1
31 30 -1
31 33 1
31 44 -1
31 60 -1
32 6 -1
32 9 -1
32 10 1
32 13 -1
32 17 1
32 18 -1
32 19 -1
32 20 -1
32 22 -1
32 23 -1
32 25 -1
32 26 -1
32 30 -1
32 49 1
32 56 -1
32 63 -1
33 5 -1
33 9 -1
33 29 -1
33 31 1
33 34 -1
33 38 -1
33 39 -1
33 41 -1
33 42 -1
33 44 1
33 46 1
33 47 1
33 48 -1
33 54 -1
33 59 -1
33 64 -1
34 8 -1
34 33 -1
34 36 1
34 38 -1
34 39 -1
34 40 -1
34 41 -1
34 45 -1
34 46 1
34 48 1
34 49 -1
34 50 -1
34 61 -1
34 62 -1
34 63 1
35 7 -1
35 8 -1
35 16 -1
35 20 1
35 22 -1
35 30 -1
35 37 -1
35 38 -1
35 39 1
35 42 -1
35 43 -1
35 44 1
35 46 -1
35 47 -1
35 48 -1
35 49 -1
36 16 -1
36 17 1
36 19 1
36 23 -1
36 34 1
36 38 1
36 39 -1
36 40 -1
36 42 -1
36 43 1
36 45 -1
36 47 -1
36 48 1
36 54 1
36 62 -1
37 22 -1
37 25 -1
37 35 -1
37 39 -1
37 41 -1
37 43 -1
37 44 -1
37 45 -1
37 46 1
37 47 1
37 48 1
37 49 -1
37 58 -1
37 59 1
37 61 -1
37 63 -1
38 5 1
38 11 1
38 26 -1
38 29 1
38 33 -1
38 34 -1
38 35 -1
38 36 1
38 40 -1
38 42 -1
38 45 -1
38 46 -1
38 47 1
38 50 -1
38 60 -1
38 62 -1
39 1 -1
39 8 -1
39 11 1
39 22 -1
39 28 1
39 33 -1
39 34 -1
39 35 1
39 36 -1
39 37 -1
39 40 1
39 44 -1
39 45 -1
39 46 -1
39 50 -1
39 57 -1
40 3 1
40 23 -1
40 24 -1
40 26 1
40 34 -1
40 36 -1
40 38 -1
40 39 1
40 41 -1
40 44 -1
40 45 1
40 46 -1
40 48 1
40 51 -1
40 54 -1
41 9 1
41 18 -1
41 20 -1
41 27 -1
41 33 -1
41 34 -1
41 37 -1
41 40 -1
41 42 -1
41 43 -1
41 44 -1
41 46 1
41 47 -1
41 52 -1
41 57 -1
42 10 -1
42 15 -1
42 25 -1
42 27 -1
42 33 -1
42 35 -1
42 36 -1
42 38 -1
42 41 -1
42 43 1
42 45 -1
42 47 -1
42 48 -1
42 49 -1
42 59 -1
42 60 -1
43 4 -1
43 8 -1
43 10 -1
43 20 -1
43 24 -1
43 29 -1
43 35 -1
43 36 1
43 37 -1
43 41 -1
43 42 1
43 44 -1
43 45 -1
43 46 -1
43 47 -1
43 53 -1
44 8 -1
44 18 -1
44 21 -1
44 31 -1
44 33 1
44 35 1
44 37 -1
44 39 -1
44 40 -1
44 41 -1
44 43 -1
44 47 1
44 48 -1
44 52 -1
44 60 -1
45 1 -1
45 13 -1
45 18 -1
45 20 -1
45 21 -1
45 29 1
45 34 -1
45 36 -1
45 37 -1
45 38 -1
45 39 -1
45 40 1
45 42 -1
45 43 -1
45 48 1
45 53 -1
46 2 -1
46 5 -1
46 8 -1
46 15 1
46 26 -1
46 33 1
46 34 1
46 35 -1
46 37 1
46 38 -1
46 39 -1
46 40 -1
46 41 1
46 43 -1
46 52 1
46 60 -1
47 4 1
47 5 -1
47 17 1
47 28 -1
47 33 1
47 35 -1
47 36 -1
47 37 1
47 38 1
47 41 -1
47 42 -1
47 43 -1
47 44 1
47 53 -1
47 58 -1
47 63 -1
48 3 1
48 7 -1
48 17 -1
48 26 -1
48 33 -1
48 34 1
48 35 -1
48 36 1
48 37 1
48 40 1
48 42 -1
48 44 -1
48 45 1
48 51 -1
48 61 -1
49 14 -1
49 15 -1
49 32 1
49 34 -1
49 35 -1
49 37 -1
49 42 -1
49 51 1
49 52 -1
49 54 -1
49 58 1
49 59 1
49 61 -1
49 62 -1
49 63 -1
49 64 -1
50 16 1
50 18 -1
50 26 -1
50 34 -1
50 38 -1
50 39 -1
50 51 -1
50 54 -1
50 55 -1
50 56 -1
50 58 -1
50 59 1
50 60 -1
50 61 -1
50 64 -1
51 12 -1
51 13 -1
51 15 -1
51 24 1
51 40 -1
51 48 -1
51 49 1
51 50 -1
51 56 -1
51 58 -1
51 59 -1
51 60 -1
51 61 -1
51 63 -1
51 64 -1
52 8 -1
52 17 -1
52 24 1
52 41 -1
52 44 -1
52 46 1
52 49 -1
52 54 -1
52 55 -1
52 56 -1
52 59 -1
52 60 1
52 61 -1
52 62 -1
52 63 -1
53 10 -1
53 19 -1
53 22 1
53 24 1
53 43 -1
53 45 -1
53 47 -1
53 54 1
53 55 -1
53 56 -1
53 57 1
53 58 -1
53 59 -1
53 60 -1
53 62 -1
53 63 -1
54 22 -1
54 23 -1
54 30 -1
54 33 -1
54 36 1
54 40 -1
54 49 -1
54 50 -1
54 52 -1
54 53 1
54 55 -1
54 56 -1
54 57 -1
54 62 1
54 64 -1
55 4 -1
55 7 -1
55 13 -1
55 14 -1
55 16 -1
55 27 -1
55 28 1
55 50 -1
55 52 -1
55 53 -1
55 54 -1
55 56 -1
55 57 -1
55 60 1
55 61 -1
55 62 -1
56 5 -1
56 6 -1
56 12 -1
56 18 1
56 21 1
56 23 -1
56 32 -1
56 50 -1
56 51 -1
56 52 -1
56 53 -1
56 54 -1
56 55 -1
56 57 -1
56 59 -1
56 64 -1
57 6 -1
57 9 1
57 16 -1
57 28 -1
57 30 -1
57 39 -1
57 41 -1
57 53 1
57 54 -1
57 55 -1
57 56 -1
57 60 -1
57 61 -1
57 62 -1
57 63 -1
57 64 -1
58 3 1
58 7 -1
58 11 -1
58 25 1
58 37 -1
58 47 -1
58 49 1
58 50 -1
58 51 -1
58 53 -1
58 59 -1
58 61 -1
58 62 -1
58 63 -1
58 64 -1
59 12 -1
59 15 -1
59 29 -1
59 33 -1
59 37 1
59 42 -1
59 49 1
59 50 1
59 51 -1
59 52 -1
59 53 -1
59 56 -1
59 58 -1
59 60 -1
59 63 -1
60 2 -1
60 14 -1
60 31 -1
60 38 -1
60 42 -1
60 44 -1
60 46 -1
60 50 -1
60 51 -1
60 52 1
60 53 -1
60 55 1
60 57 -1
60 59 -1
60 61 -1
60 64 -1
61 4 -1
61 9 -1
61 21 -1
61 22 -1
61 34 -1
61 37 -1
61 48 -1
61 49 -1
61 50 -1
61 51 -1
61 52 -1
61 55 -1
61 57 -1
61 58 -1
61 60 -1
61 63 1
62 3 -1
62 4 1
62 27 -1
62 30 -1
62 34 -1
62 36 -1
62 38 -1
62 49 -1
62 52 -1
62 53 -1
62 54 1
62 55 -1
62 57 -1
62 58 -1
62 63 1
62 64 -1
63 9 -1
63 12 -1
63 28 -1
63 32 -1
63 34 1
63 37 -1
63 47 -1
63 49 -1
63 51 -1
63 52 -1
63 53 -1
63 57 -1
63 58 -1
63 59 -1
63 61 1
63 62 1
64 1 -1
64 2 -1
64 3 -1
64 11 -1
64 33 -1
64 49 -1
64 50 -1
64 51 -1
64 54 -1
64 56 -1
64 57 -1
64 58 -1
64 60 -1
64 62 -1
