1 2 1
1 3 1
1 7 1
1 11 -1
1 12 1
1 13 -1
1 14 1
1 15 1
1 16 -1
1 18 -1
1 19 1
1 24 1
1 34 1
1 39 1
1 43 1
1 44 1
2 1 1
2 3 -1
2 4 -1
2 5 1
2 10 1
2 11 1
2 13 -1
2 15 1
2 16 -1
2 20 1
2 32 1
2 47 1
2 50 1
2 56 1
2 63 -1
3 1 1
3 2 -1
3 5 1
3 8 1
3 10 1
3 11 1
3 14 1
3 15 1
3 16 1
3 19 1
3 30 1
3 32 -1
3 33 1
3 46 1
3 51 1
3 58 1
4 2 -1
4 5 -1
4 6 -1
4 7 1
4 8 1
4 9 -1
4 10 -1
4 15 1
4 16 1
4 19 1
4 33 1
4 37 -1
4 40 1
4 41 1
4 42 1
5 2 1
5 3 1
5 4 -1
5 6 -1
5 9 1
5 11 1
5 12 1
5 14 -1
5 15 1
5 17 -1
5 20 -1
5 33 1
5 54 -1
5 59 1
6 4 -1
6 5 -1
6 7 1
6 8 -1
6 10 1
6 11 1
6 12 1
6 13 1
6 14 -1
6 21 1
6 30 -1
6 42 1
6 44 -1
6 54 -1
6 61 1
6 62 1
7 1 1
7 4 1
7 6 1
7 8 -1
7 9 1
7 10 -1
7 12 -1
7 14 1
7 15 1
7 17 1
7 28 1
7 45 -1
7 58 1
7 60 1
7 62 1
8 3 1
8 4 1
8 6 -1
8 7 -1
8 9 -1
8 10 -1
8 11 1
8 13 1
8 16 1
8 23 1
8 31 -1
8 34 -1
8 42 1
8 51 -1
8 57 1
8 63 1
9 4 -1
9 5 1
9 7 1
9 8 -1
9 11 1
9 12 1
9 13 1
9 14 1
9 16 1
9 37 1
9 41 -1
9 43 -1
9 47 -1
9 49 1
9 53 1
9 57 -1
10 2 1
10 3 1
10 4 -1
10 6 1
10 7 -1
10 8 -1
10 11 1
10 12 -1
10 15 -1
10 22 1
10 25 1
10 35 1
10 38 1
10 57 1
10 58 1
10 61 1
11 1 -1
11 2 1
11 3 1
11 5 1
11 6 1
11 8 1
11 9 1
11 10 1
11 16 -1
11 23 1
11 34 1
11 49 1
11 52 1
11 53 1
11 61 1
11 64 -1
12 1 1
12 5 1
12 6 1
12 7 -1
12 9 1
12 10 -1
12 13 1
12 14 1
12 16 1
12 18 -1
12 21 1
12 25 -1
12 27 1
12 33 1
12 37 -1
12 48 -1
13 1 -1
13 2 -1
13 6 1
13 8 1
13 9 1
13 12 1
13 14 1
13 15 1
13 16 -1
13 17 -1
13 21 -1
13 33 1
13 36 1
13 49 -1
13 54 -1
13 60 -1
14 1 1
14 3 1
14 5 -1
14 6 -1
14 7 1
14 9 1
14 12 1
14 13 1
14 15 -1
14 23 1
14 25 1
14 31 1
14 41 -1
14 46 1
14 50 -1
14 56 -1
15 1 1
15 2 1
15 3 1
15 4 1
15 5 1
15 7 1
15 10 -1
15 13 1
15 14 -1
15 27 1
15 35 1
15 36 1
15 48 1
15 54 1
15 58 1
15 62 1
16 1 -1
16 2 -1
16 3 1
16 4 1
16 8 1
16 9 1
16 11 -1
16 12 1
16 13 -1
16 24 -1
16 25 1
16 32 1
16 49 1
16 59 -1
16 62 -1
17 5 -1
17 7 1
17 13 -1
17 18 1
17 20 1
17 21 -1
17 23 1
17 24 -1
17 25 1
17 26 1
17 28 1
17 32 1
17 38 1
17 39 1
17 42 -1
18 1 -1
18 12 -1
18 17 1
18 19 1
18 21 1
18 23 1
18 24 -1
18 28 1
18 29 1
18 31 1
18 32 1
18 33 -1
18 40 1
18 44 1
18 46 1
18 48 1
19 1 1
19 3 1
19 4 1
19 18 1
19 20 -1
19 22 -1
19 24 1
19 25 -1
19 27 1
19 30 1
19 31 1
19 32 1
19 38 1
19 40 1
19 50 1
19 64 -1
20 2 1
20 5 -1
20 17 1
20 19 -1
20 21 1
20 24 1
20 25 -1
20 26 1
20 27 1
20 29 -1
20 31 1
20 37 -1
20 48 1
20 49 1
20 59 1
21 6 1
21 12 1
21 13 -1
21 17 -1
21 18 1
21 20 1
21 22 1
21 24 1
21 25 1
21 26 1
21 28 1
21 30 1
21 36 1
21 38 1
21 57 -1
21 62 -1
22 10 1
22 19 -1
22 21 1
22 23 -1
22 25 1
22 27 -1
22 28 1
22 29 -1
22 30 1
22 32 1
22 40 1
22 41 1
22 44 -1
22 51 -1
22 57 -1
23 8 1
23 11 1
23 14 1
23 17 1
23 18 1
23 22 -1
23 25 1
23 27 1
23 28 -1
23 29 1
23 30 1
23 32 1
23 35 1
23 47 1
23 58 1
24 1 1
24 16 -1
24 17 -1
24 18 -1
24 19 1
24 20 1
24 21 1
24 25 1
24 28 -1
24 30 1
24 31 -1
24 40 1
24 43 1
24 59 1
24 61 -1
24 64 1
25 10 1
25 12 -1
25 14 1
25 16 1
25 17 1
25 19 -1
25 20 -1
25 21 1
25 22 1
25 23 1
25 24 1
25 26 -1
25 31 1
25 43 1
25 55 1
25 58 1
26 17 1
26 20 1
26 21 1
26 25 -1
26 27 1
26 28 -1
26 29 1
26 31 -1
26 32 1
26 36 1
26 45 1
26 50 -1
26 61 -1
26 62 1
26 64 1
27 12 1
27 15 1
27 19 1
27 20 1
27 22 -1
27 23 1
27 26 1
27 28 1
27 29 -1
27 30 -1
27 31 1
27 43 1
27 45 1
27 47 -1
27 55 1
27 60 1
28 7 1
28 17 1
28 18 1
28 21 1
28 22 1
28 23 -1
28 24 -1
28 26 -1
28 27 1
28 29 1
28 39 1
28 40 1
28 45 1
28 52 -1
28 64 -1
29 18 1
29 20 -1
29 22 -1
29 23 1
29 26 1
29 27 -1
29 28 1
29 30 1
29 32 1
29 36 1
29 43 1
29 44 1
29 49 1
29 52 1
29 60 1
29 63 1
30 3 1
30 6 -1
30 19 1
30 21 1
30 22 1
30 23 1
30 24 1
30 27 -1
30 29 1
30 31 1
30 32 1
30 36 1
30 38 -1
30 52 -1
30 62 -1
30 63 1
31 8 -1
31 14 1
31 18 1
31 19 1
31 20 1
31 24 -1
31 25 1
31 26 -1
31 27 1
31 30 1
31 32 1
31 34 -1
31 36 1
31 49 1
31 53 1
31 58 1
32 2 1
32 3 -1
32 16 1
32 17 1
32 18 1
32 19 1
32 22 1
32 23 1
32 26 1
32 29 1
32 30 1
32 31 1
32 44 -1
32 53 -1
32 55 1
32 60 1
33 3 1
33 4 1
33 5 1
33 12 1
33 13 1
33 18 -1
33 34 1
33 35 -1
33 37 1
33 38 1
33 39 1
33 40 -1
33 45 1
33 46 1
33 47 1
34 1 1
34 8 -1
34 11 1
34 31 -1
34 33 1
34 35 -1
34 36 -1
34 38 1
34 39 1
34 43 1
34 44 -1
34 46 1
34 47 1
34 51 1
34 52 -1
34 57 1
35 10 1
35 15 1
35 23 1
35 33 -1
35 34 -1
35 36 1
35 40 1
35 41 1
35 42 1
35 45 1
35 47 -1
35 48 1
35 50 1
35 51 1
35 59 -1
35 64 1
36 13 1
36 15 1
36 21 1
36 26 1
36 29 1
36 30 1
36 31 1
36 34 -1
36 35 1
36 40 1
36 42 -1
36 43 1
36 44 1
36 45 1
36 47 1
36 48 1
37 4 -1
37 9 1
37 12 -1
37 20 -1
37 33 1
37 39 -1
37 40 1
37 41 1
37 42 1
37 43 -1
37 44 1
37 46 -1
37 47 1
37 53 1
37 56 1
37 61 1
38 10 1
38 17 1
38 19 1
38 21 1
38 30 -1
38 33 1
38 34 1
38 40 1
38 41 -1
38 42 1
38 44 1
38 45 -1
38 46 -1
38 48 -1
38 53 1
38 60 1
39 1 1
39 17 1
39 28 1
39 33 1
39 34 1
39 37 -1
39 41 1
39 42 1
39 43 1
39 44 1
39 46 1
39 47 -1
39 52 1
39 54 1
39 63 -1
40 4 1
40 18 1
40 19 1
40 22 1
40 24 1
40 28 1
40 33 -1
40 35 1
40 36 1
40 37 1
40 38 1
40 42 1
40 44 1
40 47 1
40 48 -1
41 4 1
41 9 -1
41 14 -1
41 22 1
41 35 1
41 37 1
41 38 -1
41 39 1
41 43 -1
41 45 1
41 46 1
41 47 1
41 48 -1
41 55 1
41 56 1
41 64 -1
42 4 1
42 6 1
42 8 1
42 17 -1
42 35 1
42 36 -1
42 37 1
42 38 1
42 39 1
42 40 1
42 43 1
42 44 1
42 45 -1
42 59 1
42 63 1
43 1 1
43 9 -1
43 24 1
43 25 1
43 27 1
43 29 1
43 34 1
43 36 1
43 37 -1
43 39 1
43 41 -1
43 42 1
43 46 -1
43 47 1
43 48 -1
43 53 1
44 1 1
44 6 -1
44 18 1
44 22 -1
44 29 1
44 32 -1
44 34 -1
44 36 1
44 37 1
44 38 1
44 39 1
44 40 1
44 42 1
44 45 1
44 48 -1
45 7 -1
45 26 1
45 27 1
45 28 1
45 33 1
45 35 1
45 36 1
45 38 -1
45 41 1
45 42 -1
45 44 1
45 46 -1
45 48 1
45 50 1
45 52 -1
45 54 1
46 3 1
46 14 1
46 18 1
46 33 1
46 34 1
46 37 -1
46 38 -1
46 39 1
46 41 1
46 43 -1
46 45 -1
46 48 -1
46 51 1
46 55 1
46 56 -1
47 2 1
47 9 -1
47 23 1
47 27 -1
47 33 1
47 34 1
47 35 -1
47 36 1
47 37 1
47 39 -1
47 40 1
47 41 1
47 43 1
47 51 1
47 57 1
48 12 -1
48 15 1
48 18 1
48 20 1
48 35 1
48 36 1
48 38 -1
48 40 -1
48 41 -1
48 43 -1
48 44 -1
48 45 1
48 46 -1
48 55 1
48 61 1
49 9 1
49 11 1
49 13 -1
49 16 1
49 20 1
49 29 1
49 31 1
49 50 1
49 51 1
49 52 -1
49 54 -1
49 55 1
49 56 -1
49 60 1
49 62 1
49 63 -1
50 2 1
50 14 -1
50 19 1
50 26 -1
50 35 1
50 45 1
50 49 1
50 52 1
50 53 1
50 56 -1
50 57 1
50 61 -1
50 62 1
50 63 1
50 64 1
51 3 1
51 8 -1
51 22 -1
51 34 1
51 35 1
51 46 1
51 47 1
51 49 1
51 52 1
51 53 -1
51 54 1
51 56 1
51 57 1
51 58 1
51 61 1
51 63 1
52 11 1
52 28 -1
52 29 1
52 30 -1
52 34 -1
52 39 1
52 45 -1
52 49 -1
52 50 1
52 51 1
52 55 1
52 57 1
52 58 1
52 59 1
52 62 1
52 64 1
53 9 1
53 11 1
53 31 1
53 32 -1
53 37 1
53 38 1
53 43 1
53 50 1
53 51 -1
53 54 1
53 55 1
53 58 1
53 59 -1
53 60 -1
53 62 -1
53 64 -1
54 5 -1
54 6 -1
54 13 -1
54 15 1
54 39 1
54 45 1
54 49 -1
54 51 1
54 53 1
54 55 1
54 57 1
54 60 1
54 61 1
54 63 1
54 64 1
55 25 1
55 27 1
55 32 1
55 41 1
55 46 1
55 48 1
55 49 1
55 52 1
55 53 1
55 54 1
55 56 -1
55 57 -1
55 58 1
55 59 1
55 64 -1
56 2 1
56 14 -1
56 37 1
56 41 1
56 46 -1
56 49 -1
56 50 -1
56 51 1
56 55 -1
56 58 1
56 59 -1
56 61 -1
56 62 1
56 64 -1
57 8 1
57 9 -1
57 10 1
57 21 -1
57 22 -1
57 34 1
57 47 1
57 50 1
57 51 1
57 52 1
57 54 1
57 55 -1
57 59 1
57 62 1
57 63 1
57 64 1
58 3 1
58 7 1
58 10 1
58 15 1
58 23 1
58 25 1
58 31 1
58 51 1
58 52 1
58 53 1
58 55 1
58 56 1
58 59 1
58 60 -1
58 62 1
58 63 1
59 5 1
59 16 -1
59 20 1
59 24 1
59 35 -1
59 42 1
59 52 1
59 53 -1
59 55 1
59 56 -1
59 57 1
59 58 1
59 60 1
59 61 1
59 63 1
60 7 1
60 13 -1
60 27 1
60 29 1
60 32 1
60 38 1
60 49 1
60 53 -1
60 54 1
60 58 -1
60 59 1
60 61 1
60 62 1
60 63 -1
60 64 1
61 6 1
61 10 1
61 11 1
61 24 -1
61 26 -1
61 37 1
61 48 1
61 50 -1
61 51 1
61 54 1
61 56 -1
61 59 1
61 60 1
61 62 1
61 63 -1
61 64 1
62 6 1
62 7 1
62 15 1
62 16 -1
62 21 -1
62 26 1
62 30 -1
62 49 1
62 50 1
62 52 1
62 53 -1
62 56 1
62 57 1
62 58 1
62 60 1
62 61 1
63 2 -1
63 8 1
63 29 1
63 30 1
63 39 -1
63 42 1
63 49 -1
63 50 1
63 51 1
63 54 1
63 57 1
63 58 1
63 59 1
63 60 -1
63 61 -1
64 11 -1
64 19 -1
64 24 1
64 26 1
64 28 -1
64 35 1
64 41 -1
64 50 1
64 52 1
64 53 -1
64 54 1
64 55 -1
64 56 -1
64 57 1
64 60 1
64 61 1
