1 2 1
1 3 1
1 4 1
1 5 1
1 6 1
1 8 1
1 12 -1
1 14 -1
1 16 1
1 18 1
1 21 1
1 25 1
1 39 1
1 49 1
1 50 1
2 1 1
2 5 1
2 7 1
2 8 1
2 10 -1
2 11 1
2 12 1
2 15 1
2 16 -1
2 17 -1
2 36 1
2 44 1
2 46 1
2 52 -1
2 62 1
3 1 1
3 4 1
3 8 1
3 9 -1
3 11 1
3 12 1
3 13 1
3 14 -1
3 15 1
3 17 1
3 24 1
3 28 1
3 52 1
3 56 1
3 58 1
3 62 1
4 1 1
4 3 1
4 5 1
4 6 1
4 7 1
4 9 1
4 10 1
4 13 1
4 15 1
4 17 1
4 23 1
4 24 1
4 33 -1
4 41 1
4 59 1
5 1 1
5 2 1
5 4 1
5 6 1
5 7 1
5 9 -1
5 10 1
5 11 1
5 16 1
5 18 1
5 19 -1
5 37 1
5 39 1
5 44 1
5 64 1
6 1 1
6 4 1
6 5 1
6 7 1
6 8 1
6 9 1
6 10 1
6 14 1
6 15 1
6 24 -1
6 34 1
6 44 1
6 54 1
6 55 -1
6 64 1
7 2 1
7 4 1
7 5 1
7 6 1
7 9 1
7 10 1
7 11 1
7 12 1
7 16 1
7 19 1
7 26 1
7 27 1
7 44 1
7 50 1
7 55 1
7 64 1
8 1 1
8 2 1
8 3 1
8 6 1
8 9 1
8 12 1
8 13 1
8 14 1
8 16 1
8 26 1
8 28 1
8 29 1
8 35 1
8 48 1
8 52 1
8 63 1
9 3 -1
9 4 1
9 5 -1
9 6 1
9 7 1
9 8 1
9 11 1
9 13 1
9 14 1
9 20 1
9 27 1
9 33 1
9 40 1
9 53 1
9 55 1
9 57 1
10 2 -1
10 4 1
10 5 1
10 6 1
10 7 1
10 13 1
10 14 1
10 15 1
10 16 1
10 30 1
10 34 -1
10 39 1
10 49 1
10 56 1
10 63 1
10 64 1
11 2 1
11 3 1
11 5 1
11 7 1
11 9 1
11 12 1
11 13 1
11 14 1
11 15 1
11 24 1
11 29 1
11 39 1
11 45 -1
11 51 1
11 52 1
11 55 1
12 1 -1
12 2 1
12 3 1
12 7 1
12 8 1
12 11 1
12 13 1
12 14 1
12 16 1
12 20 1
12 25 1
12 28 1
12 43 1
12 45 1
12 48 1
12 59 1
13 3 1
13 4 1
13 8 1
13 9 1
13 10 1
13 11 1
13 12 1
13 15 1
13 16 1
13 25 1
13 29 1
13 35 1
13 41 -1
13 55 -1
13 57 1
14 1 -1
14 3 -1
14 6 1
14 8 1
14 9 1
14 10 1
14 11 1
14 12 1
14 15 -1
14 17 1
14 20 -1
14 31 1
14 32 1
14 38 1
14 39 1
14 59 1
15 2 1
15 3 1
15 4 1
15 6 1
15 10 1
15 11 1
15 13 1
15 14 -1
15 16 -1
15 25 -1
15 26 1
15 36 1
15 40 1
15 58 1
15 59 1
15 61 1
16 1 1
16 2 -1
16 5 1
16 7 1
16 8 1
16 10 1
16 12 1
16 13 1
16 15 -1
16 19 1
16 21 1
16 40 1
16 47 -1
16 48 1
16 52 1
16 57 1
17 2 -1
17 3 1
17 4 1
17 14 1
17 18 1
17 19 1
17 20 1
17 23 1
17 24 1
17 26 1
17 27 1
17 28 1
17 31 1
17 56 1
17 64 1
18 1 1
18 5 1
18 17 1
18 19 1
18 20 1
18 21 1
18 22 1
18 24 1
18 28 1
18 30 1
18 32 1
18 35 1
18 37 1
18 53 1
18 55 1
18 63 1
19 5 -1
19 7 1
19 16 1
19 17 1
19 18 1
19 24 1
19 26 1
19 27 1
19 28 1
19 29 1
19 30 -1
19 32 1
19 38 1
19 51 1
19 54 1
19 64 1
20 9 1
20 12 1
20 14 -1
20 17 1
20 18 1
20 21 1
20 22 1
20 25 1
20 26 1
20 27 1
20 29 -1
20 31 1
20 36 1
20 42 1
21 1 1
21 16 1
21 18 1
21 20 1
21 22 1
21 23 -1
21 24 -1
21 25 -1
21 26 1
21 30 1
21 31 1
21 38 1
21 46 1
21 55 1
21 56 1
21 60 1
22 18 1
22 20 1
22 21 1
22 23 1
22 27 1
22 29 1
22 30 1
22 31 1
22 32 1
22 36 1
22 37 -1
22 38 1
22 43 1
22 46 1
22 48 -1
22 53 1
23 4 1
23 17 1
23 21 -1
23 22 1
23 24 1
23 25 -1
23 26 1
23 28 1
23 29 -1
23 30 1
23 35 -1
23 45 -1
23 49 1
23 52 1
23 61 1
24 3 1
24 4 1
24 6 -1
24 11 1
24 17 1
24 18 1
24 19 1
24 21 -1
24 23 1
24 25 1
24 27 1
24 30 1
24 32 1
24 45 1
24 49 1
24 61 1
25 1 1
25 12 1
25 13 1
25 15 -1
25 20 1
25 21 -1
25 23 -1
25 24 1
25 27 1
25 28 1
25 30 1
25 31 1
25 32 1
25 35 1
25 38 1
26 7 1
26 8 1
26 15 1
26 17 1
26 19 1
26 20 1
26 21 1
26 23 1
26 28 1
26 29 1
26 31 1
26 32 1
26 40 -1
26 43 1
26 47 1
27 7 1
27 9 1
27 17 1
27 19 1
27 20 1
27 22 1
27 24 1
27 25 1
27 28 1
27 29 1
27 32 1
27 41 1
27 42 1
27 48 1
27 60 -1
27 63 -1
28 3 1
28 8 1
28 12 1
28 17 1
28 18 1
28 19 1
28 23 1
28 25 1
28 26 1
28 27 1
28 31 1
28 32 1
28 33 1
28 38 1
28 42 1
29 8 1
29 11 1
29 13 1
29 19 1
29 20 -1
29 22 1
29 23 -1
29 26 1
29 27 1
29 30 1
29 31 1
29 32 1
29 52 1
29 63 1
29 64 1
30 10 1
30 18 1
30 19 -1
30 21 1
30 22 1
30 23 1
30 24 1
30 25 1
30 29 1
30 31 1
30 40 1
30 41 1
30 42 1
30 50 1
30 56 1
30 62 -1
31 14 1
31 17 1
31 20 1
31 21 1
31 22 1
31 25 1
31 26 1
31 28 1
31 29 1
31 30 1
31 44 1
31 49 1
31 51 1
31 53 1
31 56 1
31 60 1
32 14 1
32 18 1
32 19 1
32 22 1
32 24 1
32 25 1
32 26 1
32 27 1
32 28 1
32 29 1
32 40 1
32 42 1
32 50 1
32 54 1
32 62 1
33 4 -1
33 9 1
33 28 1
33 34 1
33 35 1
33 37 1
33 38 1
33 41 1
33 42 1
33 43 1
33 46 1
33 47 1
33 57 1
33 59 1
33 62 1
34 6 1
34 10 -1
34 33 1
34 36 1
34 39 1
34 40 1
34 41 1
34 43 1
34 44 1
34 45 1
34 47 1
34 49 1
34 53 1
34 61 1
35 8 1
35 13 1
35 18 1
35 23 -1
35 25 1
35 33 1
35 37 -1
35 38 1
35 39 1
35 40 1
35 41 1
35 44 1
35 46 1
35 48 1
35 51 1
35 58 1
36 2 1
36 15 1
36 20 1
36 22 1
36 34 1
36 37 1
36 39 1
36 40 1
36 41 1
36 42 1
36 43 1
36 45 1
36 48 1
36 49 1
37 5 1
37 18 1
37 22 -1
37 33 1
37 35 -1
37 36 1
37 39 1
37 42 1
37 43 1
37 44 1
37 46 1
37 47 1
37 51 1
37 60 1
37 61 1
38 14 1
38 19 1
38 21 1
38 22 1
38 25 1
38 28 1
38 33 1
38 35 1
38 40 1
38 41 1
38 42 1
38 44 1
38 46 1
38 47 1
38 48 1
38 51 1
39 1 1
39 5 1
39 10 1
39 11 1
39 14 1
39 34 1
39 35 1
39 36 1
39 37 1
39 42 1
39 43 1
39 45 1
39 46 1
39 47 1
39 58 1
39 63 1
40 9 1
40 15 1
40 16 1
40 26 -1
40 30 1
40 32 1
40 34 1
40 35 1
40 36 1
40 38 1
40 41 1
40 42 1
40 43 1
40 45 1
40 46 1
40 59 1
41 4 1
41 13 -1
41 27 1
41 30 1
41 33 1
41 34 1
41 35 1
41 36 1
41 38 1
41 40 1
41 43 1
41 44 1
41 48 1
41 53 1
41 54 1
41 58 1
42 20 1
42 27 1
42 28 1
42 30 1
42 32 1
42 33 1
42 36 1
42 37 1
42 38 1
42 39 1
42 40 1
42 44 1
42 45 -1
42 47 1
42 50 1
43 12 1
43 22 1
43 26 1
43 33 1
43 34 1
43 36 1
43 37 1
43 39 1
43 40 1
43 41 1
43 45 -1
43 48 1
43 53 -1
43 57 1
43 60 1
43 63 -1
44 2 1
44 5 1
44 6 1
44 7 1
44 31 1
44 34 1
44 35 1
44 37 1
44 38 1
44 41 1
44 42 1
44 46 1
44 47 1
44 48 1
44 51 1
44 61 1
45 11 -1
45 12 1
45 23 -1
45 24 1
45 34 1
45 36 1
45 39 1
45 40 1
45 42 -1
45 43 -1
45 46 -1
45 47 1
45 48 1
45 58 -1
45 60 1
46 2 1
46 21 1
46 22 1
46 33 1
46 35 1
46 37 1
46 38 1
46 39 1
46 40 1
46 44 1
46 45 -1
46 48 1
46 50 1
46 54 1
46 62 1
47 16 -1
47 26 1
47 33 1
47 34 1
47 37 1
47 38 1
47 39 1
47 42 1
47 44 1
47 45 1
47 48 -1
47 50 1
47 57 1
47 58 1
47 60 1
48 8 1
48 12 1
48 16 1
48 22 -1
48 27 1
48 35 1
48 36 1
48 38 1
48 41 1
48 43 1
48 44 1
48 45 1
48 46 1
48 47 -1
48 57 1
48 59 1
49 1 1
49 10 1
49 23 1
49 24 1
49 31 1
49 34 1
49 36 1
49 50 1
49 51 1
49 52 1
49 53 1
49 57 1
49 58 1
49 60 1
49 62 1
49 63 1
50 1 1
50 7 1
50 30 1
50 32 1
50 42 1
50 46 1
50 47 1
50 49 1
50 51 1
50 52 1
50 53 1
50 55 1
50 56 1
50 57 -1
50 59 1
50 60 1
51 11 1
51 19 1
51 31 1
51 35 1
51 37 1
51 38 1
51 44 1
51 49 1
51 50 1
51 53 1
51 54 -1
51 55 1
51 58 1
51 59 1
51 61 1
51 64 1
52 2 -1
52 3 1
52 8 1
52 11 1
52 16 1
52 23 1
52 29 1
52 49 1
52 50 1
52 54 -1
52 55 1
52 58 1
52 59 1
52 60 1
52 61 1
52 63 1
53 9 1
53 18 1
53 22 1
53 31 1
53 34 1
53 41 1
53 43 -1
53 49 1
53 50 1
53 51 1
53 54 1
53 55 1
53 56 1
53 59 1
53 61 1
53 64 1
54 6 1
54 19 1
54 32 1
54 41 1
54 46 1
54 51 -1
54 52 -1
54 53 1
54 55 1
54 56 1
54 60 1
54 62 1
54 63 1
54 64 1
55 6 -1
55 7 1
55 9 1
55 11 1
55 13 -1
55 18 1
55 21 1
55 50 1
55 51 1
55 52 1
55 53 1
55 54 1
55 57 1
55 58 1
55 60 1
55 62 1
56 3 1
56 10 1
56 17 1
56 21 1
56 30 1
56 31 1
56 50 1
56 53 1
56 54 1
56 59 1
56 60 1
56 61 1
56 62 1
56 63 1
56 64 1
57 9 1
57 13 1
57 16 1
57 33 1
57 43 1
57 47 1
57 48 1
57 49 1
57 50 -1
57 55 1
57 58 1
57 59 1
57 60 1
57 61 1
57 62 1
57 64 1
58 3 1
58 15 1
58 35 1
58 39 1
58 41 1
58 45 -1
58 47 1
58 49 1
58 51 1
58 52 1
58 55 1
58 57 1
58 61 1
58 62 1
58 63 1
58 64 1
59 4 1
59 12 1
59 14 1
59 15 1
59 33 1
59 40 1
59 48 1
59 50 1
59 51 1
59 52 1
59 53 1
59 56 1
59 57 1
59 61 1
59 63 1
59 64 1
60 21 1
60 27 -1
60 31 1
60 37 1
60 43 1
60 45 1
60 47 1
60 49 1
60 50 1
60 52 1
60 54 1
60 55 1
60 56 1
60 57 1
60 61 1
60 62 -1
61 15 1
61 23 1
61 24 1
61 34 1
61 37 1
61 44 1
61 51 1
61 52 1
61 53 1
61 56 1
61 57 1
61 58 1
61 59 1
61 60 1
61 63 1
62 2 1
62 3 1
62 30 -1
62 32 1
62 33 1
62 46 1
62 49 1
62 54 1
62 55 1
62 56 1
62 57 1
62 58 1
62 60 -1
62 63 1
62 64 1
63 8 1
63 10 1
63 18 1
63 27 -1
63 29 1
63 39 1
63 43 -1
63 49 1
63 52 1
63 54 1
63 56 1
63 58 1
63 59 1
63 61 1
63 62 1
63 64 1
64 5 1
64 6 1
64 7 1
64 10 1
64 17 1
64 19 1
64 29 1
64 51 1
64 53 1
64 54 1
64 56 1
64 57 1
64 58 1
64 59 1
64 62 1
64 63 1
