1 2 1
1 3 1
1 4 1
1 5 -1
1 7 1
1 8 1
1 10 1
1 12 1
1 14 1
1 17 1
1 23 1
1 25 1
1 29 1
1 37 1
1 39 -1
1 49 1
2 1 1
2 4 1
2 6 1
2 7 1
2 8 1
2 9 1
2 11 1
2 13 1
2 16 -1
2 17 1
2 23 1
2 34 1
2 35 1
2 50 1
2 53 1
2 61 1
3 1 1
3 6 1
3 7 1
3 10 1
3 11 1
3 12 1
3 13 1
3 14 1
3 15 1
3 25 1
3 34 1
3 36 1
3 38 -1
3 46 1
3 59 1
4 1 1
4 2 1
4 5 1
4 6 1
4 7 1
4 10 1
4 13 -1
4 14 1
4 15 1
4 27 1
4 43 1
4 44 1
4 47 1
4 50 1
4 62 1
5 1 -1
5 4 1
5 6 1
5 9 1
5 10 1
5 12 1
5 13 1
5 15 1
5 16 1
5 17 1
5 22 1
5 30 -1
5 42 1
5 56 1
5 57 1
6 2 1
6 3 1
6 4 1
6 5 1
6 9 1
6 10 1
6 13 1
6 15 1
6 16 -1
6 23 1
6 24 1
6 34 1
6 47 1
6 53 1
6 56 1
6 58 1
7 1 1
7 2 1
7 3 1
7 4 1
7 8 1
7 10 -1
7 12 1
7 14 1
7 16 -1
7 21 1
7 25 1
7 30 1
7 35 -1
7 40 1
7 41 1
7 48 1
8 1 1
8 2 1
8 7 1
8 9 1
8 10 1
8 11 1
8 13 1
8 14 1
8 16 1
8 23 1
8 33 1
8 39 1
8 40 1
8 46 1
8 53 1
8 54 1
9 2 1
9 5 1
9 6 1
9 8 1
9 10 -1
9 11 1
9 12 1
9 15 1
9 16 1
9 28 1
9 39 1
9 51 1
9 63 1
9 64 1
10 1 1
10 3 1
10 4 1
10 5 1
10 6 1
10 7 -1
10 8 1
10 9 -1
10 12 1
10 26 1
10 41 1
10 44 1
10 50 -1
10 58 1
10 60 1
11 2 1
11 3 1
11 8 1
11 9 1
11 12 -1
11 13 1
11 14 1
11 15 -1
11 16 1
11 19 1
11 21 1
11 25 1
11 26 1
11 52 1
11 56 1
11 63 1
12 1 1
12 3 1
12 5 1
12 7 1
12 9 1
12 10 1
12 11 -1
12 14 1
12 16 1
12 17 1
12 23 1
12 29 1
12 36 1
12 48 1
12 54 1
12 62 1
13 2 1
13 3 1
13 4 -1
13 5 1
13 6 1
13 8 1
13 11 1
13 14 1
13 15 1
13 37 1
13 38 1
13 40 1
13 42 1
13 54 1
13 59 1
13 61 1
14 1 1
14 3 1
14 4 1
14 7 1
14 8 1
14 11 1
14 12 1
14 13 1
14 15 1
14 18 1
14 40 1
14 42 1
14 50 1
14 52 1
14 63 1
15 3 1
15 4 1
15 5 1
15 6 1
15 9 1
15 11 -1
15 13 1
15 14 1
15 16 -1
15 20 1
15 24 1
15 45 1
15 54 -1
15 58 -1
15 61 1
15 63 1
16 2 -1
16 5 1
16 6 -1
16 7 -1
16 8 1
16 9 1
16 11 1
16 12 1
16 15 -1
16 22 1
16 29 1
16 38 1
16 41 1
16 44 1
16 55 1
16 58 1
17 1 1
17 2 1
17 5 1
17 12 1
17 19 1
17 21 1
17 23 1
17 25 1
17 26 -1
17 27 1
17 28 1
17 30 1
17 31 1
17 52 -1
17 55 1
17 56 -1
18 14 1
18 20 1
18 21 1
18 22 -1
18 23 1
18 26 1
18 27 1
18 28 1
18 29 1
18 30 1
18 38 1
18 44 1
18 52 1
18 59 1
18 60 1
18 61 1
19 11 1
19 17 1
19 20 1
19 21 1
19 22 1
19 25 1
19 29 1
19 30 1
19 31 1
19 32 1
19 33 1
19 38 1
19 41 1
19 46 1
19 48 1
19 58 1
20 15 1
20 18 1
20 19 1
20 21 1
20 22 1
20 23 1
20 24 1
20 25 1
20 27 1
20 32 1
20 35 1
20 37 1
20 43 1
20 45 1
20 49 1
21 7 1
21 11 1
21 17 1
21 18 1
21 19 1
21 20 1
21 25 -1
21 26 -1
21 28 1
21 29 1
21 31 1
21 40 1
21 45 1
21 49 1
21 53 1
21 59 1
22 5 1
22 16 1
22 18 -1
22 19 1
22 20 1
22 24 1
22 26 -1
22 27 1
22 30 1
22 31 1
22 32 1
22 38 1
22 52 1
22 56 -1
22 60 1
22 62 1
23 1 1
23 2 1
23 6 1
23 8 1
23 12 1
23 17 1
23 18 1
23 20 1
23 24 1
23 25 1
23 27 1
23 29 -1
23 31 1
23 32 -1
23 34 1
23 49 -1
24 6 1
24 15 1
24 20 1
24 22 1
24 23 1
24 25 1
24 26 1
24 27 1
24 28 1
24 29 1
24 32 -1
24 37 1
24 38 1
24 40 1
24 52 1
24 59 1
25 1 1
25 3 1
25 7 1
25 11 1
25 17 1
25 19 1
25 20 1
25 21 -1
25 23 1
25 24 1
25 27 -1
25 29 1
25 30 1
25 48 1
25 51 1
25 64 1
26 10 1
26 11 1
26 17 -1
26 18 1
26 21 -1
26 22 -1
26 24 1
26 29 1
26 30 1
26 31 1
26 32 1
26 40 1
26 41 1
26 47 -1
26 48 -1
26 62 1
27 4 1
27 17 1
27 18 1
27 20 1
27 22 1
27 23 1
27 24 1
27 25 -1
27 28 1
27 29 1
27 36 1
27 37 1
27 51 1
27 58 1
27 60 1
27 64 1
28 9 1
28 17 1
28 18 1
28 21 1
28 24 1
28 27 1
28 29 1
28 30 1
28 31 1
28 32 -1
28 33 1
28 42 1
28 48 1
28 53 1
28 60 1
28 62 1
29 1 1
29 12 1
29 16 1
29 18 1
29 19 1
29 21 1
29 23 -1
29 24 1
29 25 1
29 26 1
29 27 1
29 28 1
29 39 1
29 49 1
29 50 1
30 5 -1
30 7 1
30 17 1
30 18 1
30 19 1
30 22 1
30 25 1
30 26 1
30 28 1
30 31 1
30 32 1
30 43 1
30 53 1
30 55 1
30 59 1
31 17 1
31 19 1
31 21 1
31 22 1
31 23 1
31 26 1
31 28 1
31 30 1
31 32 1
31 33 1
31 37 1
31 45 1
31 51 1
31 56 -1
31 57 1
31 59 -1
32 19 1
32 20 1
32 22 1
32 23 -1
32 24 -1
32 26 1
32 28 -1
32 30 1
32 31 1
32 35 1
32 36 1
32 62 1
33 8 1
33 19 1
33 28 1
33 31 1
33 34 1
33 35 1
33 36 1
33 37 1
33 38 1
33 43 1
33 44 1
33 46 1
33 47 1
33 50 1
33 54 -1
33 64 1
34 2 1
34 3 1
34 6 1
34 23 1
34 33 1
34 35 1
34 36 1
34 37 1
34 40 -1
34 41 1
34 43 1
34 46 1
34 48 -1
34 55 1
34 57 1
35 2 1
35 7 -1
35 20 1
35 32 1
35 33 1
35 34 1
35 38 1
35 39 -1
35 40 1
35 41 1
35 42 1
35 45 1
35 48 1
35 61 1
35 63 1
35 64 1
36 3 1
36 12 1
36 27 1
36 32 1
36 33 1
36 34 1
36 37 1
36 39 1
36 41 1
36 44 1
36 46 1
36 47 1
36 48 1
37 1 1
37 13 1
37 20 1
37 24 1
37 27 1
37 31 1
37 33 1
37 34 1
37 36 1
37 40 1
37 42 1
37 44 1
37 46 1
37 47 1
37 48 1
37 57 1
38 3 -1
38 13 1
38 16 1
38 18 1
38 19 1
38 22 1
38 24 1
38 33 1
38 35 1
38 39 1
38 40 1
38 42 1
38 45 1
38 46 1
38 47 1
38 48 1
39 1 -1
39 8 1
39 9 1
39 29 1
39 35 -1
39 36 1
39 38 1
39 40 1
39 41 1
39 43 1
39 44 1
39 46 1
39 47 1
39 49 1
39 60 1
40 7 1
40 8 1
40 13 1
40 14 1
40 21 1
40 24 1
40 26 1
40 34 -1
40 35 1
40 37 1
40 38 1
40 39 1
40 41 1
40 42 1
40 43 1
40 45 -1
41 7 1
41 10 1
41 16 1
41 19 1
41 26 1
41 34 1
41 35 1
41 36 1
41 39 1
41 40 1
41 43 1
41 45 1
41 46 1
41 47 1
41 51 1
41 52 1
42 5 1
42 13 1
42 14 1
42 28 1
42 35 1
42 37 1
42 38 1
42 40 1
42 43 1
42 44 1
42 45 1
42 46 -1
42 47 1
42 57 1
42 61 1
43 4 1
43 20 1
43 30 1
43 33 1
43 34 1
43 39 1
43 40 1
43 41 1
43 42 1
43 44 1
43 45 1
43 48 1
43 58 1
44 4 1
44 10 1
44 16 1
44 18 1
44 33 1
44 36 1
44 37 1
44 39 1
44 42 1
44 43 1
44 45 -1
44 47 1
44 48 1
44 51 1
44 61 1
44 63 1
45 15 1
45 20 1
45 21 1
45 31 1
45 35 1
45 38 1
45 40 -1
45 41 1
45 42 1
45 43 1
45 44 -1
45 47 1
45 48 1
45 55 1
45 56 1
45 64 1
46 3 1
46 8 1
46 19 1
46 33 1
46 34 1
46 36 1
46 37 1
46 38 1
46 39 1
46 41 1
46 42 -1
46 48 -1
46 53 1
46 55 1
46 57 1
47 4 1
47 6 1
47 26 -1
47 33 1
47 36 1
47 37 1
47 38 1
47 39 1
47 41 1
47 42 1
47 44 1
47 45 1
47 49 1
47 54 1
47 57 1
48 7 1
48 12 1
48 19 1
48 25 1
48 26 -1
48 28 1
48 34 -1
48 35 1
48 36 1
48 37 1
48 38 1
48 43 1
48 44 1
48 45 1
48 46 -1
48 51 1
49 1 1
49 20 1
49 21 1
49 23 -1
49 29 1
49 39 1
49 47 1
49 50 1
49 51 1
49 52 1
49 54 1
49 56 1
49 57 1
49 58 1
49 61 1
49 63 1
50 2 1
50 4 1
50 10 -1
50 14 1
50 29 1
50 33 1
50 49 1
50 52 1
50 54 1
50 55 1
50 56 -1
50 57 -1
50 58 1
50 61 1
50 62 1
51 9 1
51 25 1
51 27 1
51 31 1
51 41 1
51 44 1
51 48 1
51 49 1
51 53 1
51 54 1
51 55 1
51 58 1
51 59 1
51 62 1
51 63 1
51 64 1
52 11 1
52 14 1
52 17 -1
52 18 1
52 22 1
52 24 1
52 41 1
52 49 1
52 50 1
52 53 1
52 54 1
52 55 1
52 57 1
52 59 1
52 62 1
52 63 1
53 2 1
53 6 1
53 8 1
53 21 1
53 28 1
53 30 1
53 46 1
53 51 1
53 52 1
53 55 1
53 56 1
53 58 1
53 59 1
53 60 1
53 62 1
53 64 1
54 8 1
54 12 1
54 13 1
54 15 -1
54 33 -1
54 47 1
54 49 1
54 50 1
54 51 1
54 52 1
54 55 1
54 58 1
54 60 1
54 62 1
54 64 1
55 16 1
55 17 1
55 30 1
55 34 1
55 45 1
55 46 1
55 50 1
55 51 1
55 52 1
55 53 1
55 54 1
55 56 1
55 57 1
55 59 1
55 63 1
56 5 1
56 6 1
56 11 1
56 17 -1
56 22 -1
56 31 -1
56 45 1
56 49 1
56 50 -1
56 53 1
56 55 1
56 57 -1
56 59 1
56 61 -1
56 62 1
56 64 -1
57 5 1
57 31 1
57 34 1
57 37 1
57 42 1
57 46 1
57 47 1
57 49 1
57 50 -1
57 52 1
57 55 1
57 56 -1
57 60 1
57 61 1
57 62 1
57 64 1
58 6 1
58 10 1
58 15 -1
58 16 1
58 19 1
58 27 1
58 43 1
58 49 1
58 50 1
58 51 1
58 53 1
58 54 1
58 60 1
58 61 1
58 63 1
58 64 1
59 3 1
59 13 1
59 18 1
59 21 1
59 24 1
59 30 1
59 31 -1
59 51 1
59 52 1
59 53 1
59 55 1
59 56 1
59 60 -1
59 61 1
59 62 1
59 63 1
60 10 1
60 18 1
60 22 1
60 27 1
60 28 1
60 39 1
60 53 1
60 54 1
60 57 1
60 58 1
60 59 -1
60 61 1
60 62 1
60 63 1
60 64 1
61 2 1
61 13 1
61 15 1
61 18 1
61 35 1
61 42 1
61 44 1
61 49 1
61 50 1
61 56 -1
61 57 1
61 58 1
61 59 1
61 60 1
61 63 1
61 64 1
62 4 1
62 12 1
62 22 1
62 26 1
62 28 1
62 32 1
62 50 1
62 51 1
62 52 1
62 53 1
62 54 1
62 56 1
62 57 1
62 59 1
62 60 1
63 9 1
63 11 1
63 14 1
63 15 1
63 35 1
63 44 1
63 49 1
63 51 1
63 52 1
63 55 1
63 58 1
63 59 1
63 60 1
63 61 1
63 64 1
64 9 1
64 25 1
64 27 1
64 33 1
64 35 1
64 45 1
64 51 1
64 53 1
64 54 1
64 56 -1
64 57 1
64 58 1
64 60 1
64 61 1
64 63 1
