1 3 -1
1 7 -1
1 8 -1
1 10 -1
1 12 -1
1 13 -1
1 14 1
1 15 -1
1 16 -1
1 19 -1
1 34 -1
1 39 -1
1 44 -1
1 50 -1
1 55 -1
2 4 -1
2 5 -1
2 7 1
2 8 -1
2 9 -1
2 10 -1
2 11 -1
2 14 -1
2 15 -1
2 17 -1
2 21 1
2 23 -1
2 39 -1
2 56 -1
2 59 -1
2 64 -1
3 1 -1
3 4 1
3 7 -1
3 9 -1
3 10 -1
3 11 -1
3 12 -1
3 15 -1
3 16 -1
3 19 -1
3 31 -1
3 50 -1
3 55 -1
3 57 -1
3 59 -1
3 61 -1
4 2 -1
4 3 1
4 9 -1
4 10 -1
4 11 -1
4 12 -1
4 13 1
4 14 1
4 15 -1
4 30 -1
4 32 -1
4 38 -1
4 48 1
4 56 -1
4 60 -1
4 64 -1
5 2 -1
5 6 -1
5 7 -1
5 8 1
5 10 -1
5 12 -1
5 13 -1
5 14 -1
5 15 -1
5 24 -1
5 43 -1
5 45 -1
5 46 -1
5 50 -1
5 52 -1
5 62 -1
6 5 -1
6 8 -1
6 9 -1
6 10 -1
6 11 -1
6 12 1
6 13 -1
6 15 -1
6 16 -1
6 23 -1
6 44 -1
6 57 -1
6 58 -1
6 60 -1
6 61 -1
6 62 -1
7 1 -1
7 2 1
7 3 -1
7 5 -1
7 8 -1
7 10 -1
7 11 -1
7 13 -1
7 16 -1
7 26 -1
7 27 -1
7 30 -1
7 40 -1
7 41 -1
7 46 -1
7 56 -1
8 1 -1
8 2 -1
8 5 1
8 6 -1
8 7 -1
8 9 -1
8 10 -1
8 15 -1
8 16 -1
8 20 -1
8 28 -1
8 30 -1
8 40 1
8 44 -1
8 45 -1
9 2 -1
9 3 -1
9 4 -1
9 6 -1
9 8 -1
9 11 -1
9 13 -1
9 14 -1
9 16 -1
9 26 -1
9 33 -1
9 49 -1
9 51 -1
9 53 -1
9 61 -1
9 62 -1
10 1 -1
10 2 -1
10 3 -1
10 4 -1
10 5 -1
10 6 -1
10 7 -1
10 8 -1
10 13 1
10 31 1
10 47 -1
10 48 -1
10 52 1
10 62 -1
10 64 -1
11 2 -1
11 3 -1
11 4 -1
11 6 -1
11 7 -1
11 9 -1
11 14 -1
11 15 -1
11 16 1
11 17 -1
11 22 -1
11 28 -1
11 33 -1
11 34 -1
11 36 -1
11 55 -1
12 1 -1
12 3 -1
12 4 -1
12 5 -1
12 6 1
12 13 -1
12 14 -1
12 15 -1
12 16 -1
12 27 -1
12 46 -1
12 48 -1
12 59 1
12 64 -1
13 1 -1
13 4 1
13 5 -1
13 6 -1
13 7 -1
13 9 -1
13 10 1
13 12 -1
13 14 -1
13 26 -1
13 39 -1
13 45 -1
13 46 1
13 53 -1
13 54 -1
13 57 -1
14 1 1
14 2 -1
14 4 1
14 5 -1
14 9 -1
14 11 -1
14 12 -1
14 13 -1
14 16 -1
14 20 -1
14 28 -1
14 30 -1
14 31 -1
14 33 -1
14 45 -1
14 57 -1
15 1 -1
15 2 -1
15 3 -1
15 4 -1
15 5 -1
15 6 -1
15 8 -1
15 11 -1
15 12 -1
15 22 1
15 43 -1
15 51 -1
15 53 -1
15 56 1
15 60 -1
15 63 -1
16 1 -1
16 3 -1
16 6 -1
16 7 -1
16 8 -1
16 9 -1
16 11 1
16 12 -1
16 14 -1
16 30 -1
16 41 -1
16 42 -1
16 44 -1
16 46 -1
16 48 -1
16 62 1
17 2 -1
17 11 -1
17 20 1
17 21 -1
17 23 -1
17 24 -1
17 26 -1
17 27 -1
17 28 -1
17 29 -1
17 31 -1
17 42 -1
17 50 -1
17 58 -1
17 60 -1
17 63 1
18 19 -1
18 20 -1
18 22 -1
18 23 -1
18 26 -1
18 27 -1
18 29 -1
18 30 -1
18 31 -1
18 34 1
18 35 -1
18 37 -1
18 42 1
18 50 -1
18 51 -1
19 1 -1
19 3 -1
19 18 -1
19 20 -1
19 21 -1
19 22 -1
19 23 -1
19 24 -1
19 27 1
19 28 -1
19 32 -1
19 37 1
19 58 -1
19 60 -1
19 63 1
20 8 -1
20 14 -1
20 17 1
20 18 -1
20 19 -1
20 24 -1
20 25 -1
20 28 -1
20 29 -1
20 30 -1
20 32 -1
20 38 -1
20 40 -1
20 46 1
20 52 -1
20 62 -1
21 2 1
21 17 -1
21 19 -1
21 24 -1
21 25 -1
21 26 -1
21 27 -1
21 29 -1
21 30 -1
21 32 -1
21 33 -1
21 35 -1
21 38 -1
21 43 -1
21 52 -1
22 11 -1
22 15 1
22 18 -1
22 19 -1
22 23 -1
22 24 -1
22 26 -1
22 28 -1
22 30 -1
22 31 -1
22 32 -1
22 37 1
22 48 -1
22 49 -1
22 50 -1
22 51 -1
23 2 -1
23 6 -1
23 17 -1
23 18 -1
23 19 -1
23 22 -1
23 25 -1
23 27 -1
23 30 -1
23 31 -1
23 32 -1
23 35 -1
23 43 -1
23 45 -1
23 54 -1
23 60 -1
24 5 -1
24 17 -1
24 19 -1
24 20 -1
24 21 -1
24 22 -1
24 25 -1
24 28 -1
24 30 1
24 31 -1
24 36 -1
24 40 -1
24 46 -1
24 54 -1
24 55 -1
24 62 -1
25 20 -1
25 21 -1
25 23 -1
25 24 -1
25 26 -1
25 27 -1
25 29 -1
25 30 -1
25 31 -1
25 40 -1
25 42 -1
25 45 -1
25 47 -1
25 48 -1
25 56 -1
26 7 -1
26 9 -1
26 13 -1
26 17 -1
26 18 -1
26 21 -1
26 22 -1
26 25 -1
26 27 -1
26 28 -1
26 29 -1
26 32 -1
26 35 -1
26 41 -1
26 49 -1
26 51 -1
27 7 -1
27 12 -1
27 17 -1
27 18 -1
27 19 1
27 21 -1
27 23 -1
27 25 -1
27 26 -1
27 28 1
27 31 -1
27 44 -1
27 54 1
27 56 -1
27 57 -1
28 8 -1
28 11 -1
28 14 -1
28 17 -1
28 19 -1
28 20 -1
28 22 -1
28 24 -1
28 26 -1
28 27 1
28 29 -1
28 32 -1
28 34 -1
28 47 -1
28 64 -1
29 17 -1
29 18 -1
29 20 -1
29 21 -1
29 25 -1
29 26 -1
29 28 -1
29 30 -1
29 32 -1
29 33 -1
29 34 -1
29 52 1
29 53 -1
29 54 -1
29 61 -1
30 4 -1
30 7 -1
30 8 -1
30 14 -1
30 16 -1
30 18 -1
30 20 -1
30 21 -1
30 22 -1
30 23 -1
30 24 1
30 25 -1
30 29 -1
30 31 -1
30 35 -1
30 45 -1
31 3 -1
31 10 1
31 14 -1
31 17 -1
31 18 -1
31 22 -1
31 23 -1
31 24 -1
31 25 -1
31 27 -1
31 30 -1
31 32 -1
31 35 -1
31 59 -1
31 61 -1
32 4 -1
32 19 -1
32 20 -1
32 21 -1
32 22 -1
32 23 -1
32 26 -1
32 28 -1
32 29 -1
32 31 -1
32 34 -1
32 36 1
33 9 -1
33 11 -1
33 14 -1
33 21 -1
33 29 -1
33 35 -1
33 37 -1
33 38 -1
33 39 -1
33 40 -1
33 43 -1
33 44 -1
33 46 -1
33 47 -1
33 58 -1
33 64 -1
34 1 -1
34 11 -1
34 18 1
34 28 -1
34 29 -1
34 32 -1
34 35 1
34 36 -1
34 41 -1
34 42 1
34 43 -1
34 45 -1
34 46 -1
34 47 -1
34 48 -1
35 18 -1
35 21 -1
35 23 -1
35 26 -1
35 30 -1
35 31 -1
35 33 -1
35 34 1
35 37 -1
35 39 1
35 42 -1
35 44 -1
35 45 1
35 46 -1
35 47 -1
35 58 1
36 11 -1
36 24 -1
36 32 1
36 34 -1
36 37 -1
36 40 -1
36 41 -1
36 43 -1
36 44 -1
36 45 -1
36 46 -1
36 48 -1
36 61 -1
37 18 -1
37 19 1
37 22 1
37 33 -1
37 35 -1
37 36 -1
37 39 -1
37 40 -1
37 42 -1
37 43 -1
37 44 -1
37 48 -1
37 49 -1
37 51 -1
37 57 -1
37 63 -1
38 4 -1
38 20 -1
38 21 -1
38 33 -1
38 39 1
38 40 -1
38 41 -1
38 43 1
38 44 1
38 45 -1
38 47 -1
38 48 -1
38 49 -1
38 63 -1
39 1 -1
39 2 -1
39 13 -1
39 33 -1
39 35 1
39 37 -1
39 38 1
39 40 -1
39 42 -1
39 43 1
39 44 -1
39 48 -1
39 49 1
39 53 -1
39 55 -1
39 56 -1
40 7 -1
40 8 1
40 20 -1
40 24 -1
40 25 -1
40 33 -1
40 36 -1
40 37 -1
40 38 -1
40 39 -1
40 41 1
40 45 -1
40 47 -1
40 48 -1
40 53 -1
41 7 -1
41 16 -1
41 26 -1
41 34 -1
41 36 -1
41 38 -1
41 40 1
41 42 -1
41 44 -1
41 45 -1
41 46 -1
41 47 1
41 52 -1
41 55 -1
41 60 -1
41 63 -1
42 16 -1
42 17 -1
42 18 1
42 25 -1
42 34 1
42 35 -1
42 37 -1
42 39 -1
42 41 -1
42 43 -1
42 45 -1
42 46 -1
42 48 1
42 55 -1
42 61 -1
43 5 -1
43 15 -1
43 21 -1
43 23 -1
43 33 -1
43 34 -1
43 36 -1
43 37 -1
43 38 1
43 39 1
43 42 -1
43 44 -1
43 46 -1
43 54 -1
43 58 -1
44 1 -1
44 6 -1
44 8 -1
44 16 -1
44 27 -1
44 33 -1
44 35 -1
44 36 -1
44 37 -1
44 38 1
44 39 -1
44 41 -1
44 43 -1
44 48 -1
44 57 -1
45 5 -1
45 8 -1
45 13 -1
45 14 -1
45 23 -1
45 25 -1
45 30 -1
45 34 -1
45 35 1
45 36 -1
45 38 -1
45 40 -1
45 41 -1
45 42 -1
45 46 -1
45 47 -1
46 5 -1
46 7 -1
46 12 -1
46 13 1
46 16 -1
46 20 1
46 24 -1
46 33 -1
46 34 -1
46 35 -1
46 36 -1
46 41 -1
46 42 -1
46 43 -1
46 45 -1
46 47 -1
47 10 -1
47 25 -1
47 28 -1
47 33 -1
47 34 -1
47 35 -1
47 38 -1
47 40 -1
47 41 1
47 45 -1
47 46 -1
47 48 -1
47 50 -1
47 52 -1
47 63 -1
47 64 -1
48 4 1
48 10 -1
48 12 -1
48 16 -1
48 22 -1
48 25 -1
48 34 -1
48 36 -1
48 37 -1
48 38 -1
48 39 -1
48 40 -1
48 42 1
48 44 -1
48 47 -1
49 9 -1
49 22 -1
49 26 -1
49 37 -1
49 38 -1
49 39 1
49 52 -1
49 55 -1
49 56 -1
49 57 1
49 58 -1
49 60 -1
49 61 -1
49 63 -1
49 64 -1
50 1 -1
50 3 -1
50 5 -1
50 17 -1
50 18 -1
50 22 -1
50 47 -1
50 51 -1
50 52 1
50 53 -1
50 54 -1
50 58 -1
50 59 -1
50 60 -1
50 62 -1
50 64 -1
51 9 -1
51 15 -1
51 18 -1
51 22 -1
51 26 -1
51 37 -1
51 50 -1
51 52 -1
51 54 -1
51 56 -1
51 57 -1
51 60 -1
51 62 -1
51 63 -1
51 64 -1
52 5 -1
52 10 1
52 20 -1
52 21 -1
52 29 1
52 41 -1
52 47 -1
52 49 -1
52 50 1
52 51 -1
52 53 -1
52 56 -1
52 57 -1
52 59 -1
52 61 -1
52 62 -1
53 9 -1
53 13 -1
53 15 -1
53 29 -1
53 39 -1
53 40 -1
53 50 -1
53 52 -1
53 55 -1
53 56 -1
53 57 -1
53 58 -1
53 59 -1
53 61 -1
53 64 -1
54 13 -1
54 23 -1
54 24 -1
54 27 1
54 29 -1
54 43 -1
54 50 -1
54 51 -1
54 55 1
54 56 -1
54 57 -1
54 61 -1
54 62 -1
54 63 -1
54 64 -1
55 1 -1
55 3 -1
55 11 -1
55 24 -1
55 39 -1
55 41 -1
55 42 -1
55 49 -1
55 53 -1
55 54 1
55 56 -1
55 57 -1
55 60 -1
55 61 -1
55 62 -1
55 64 -1
56 2 -1
56 4 -1
56 7 -1
56 15 1
56 25 -1
56 27 -1
56 39 -1
56 49 -1
56 51 -1
56 52 -1
56 53 -1
56 54 -1
56 55 -1
56 58 -1
56 59 -1
56 60 -1
57 3 -1
57 6 -1
57 13 -1
57 14 -1
57 27 -1
57 37 -1
57 44 -1
57 49 1
57 51 -1
57 52 -1
57 53 -1
57 54 -1
57 55 -1
57 59 -1
57 60 -1
57 63 -1
58 6 -1
58 17 -1
58 19 -1
58 33 -1
58 35 1
58 43 -1
58 49 -1
58 50 -1
58 53 -1
58 56 -1
58 59 1
58 60 -1
58 62 -1
58 63 -1
58 64 -1
59 2 -1
59 3 -1
59 12 1
59 31 -1
59 50 -1
59 52 -1
59 53 -1
59 56 -1
59 57 -1
59 58 1
59 61 -1
59 62 -1
59 63 -1
60 4 -1
60 6 -1
60 15 -1
60 17 -1
60 19 -1
60 23 -1
60 41 -1
60 49 -1
60 50 -1
60 51 -1
60 55 -1
60 56 -1
60 57 -1
60 58 -1
60 61 -1
60 63 -1
61 3 -1
61 6 -1
61 9 -1
61 29 -1
61 31 -1
61 36 -1
61 42 -1
61 49 -1
61 52 -1
61 53 -1
61 54 -1
61 55 -1
61 59 -1
61 60 -1
61 62 -1
61 64 -1
62 5 -1
62 6 -1
62 9 -1
62 10 -1
62 16 1
62 20 -1
62 24 -1
62 50 -1
62 51 -1
62 52 -1
62 54 -1
62 55 -1
62 58 -1
62 59 -1
62 61 -1
62 63 -1
63 15 -1
63 17 1
63 19 1
63 37 -1
63 38 -1
63 41 -1
63 47 -1
63 49 -1
63 51 -1
63 54 -1
63 57 -1
63 58 -1
63 59 -1
63 60 -1
63 62 -1
63 64 -1
64 2 -1
64 4 -1
64 10 -1
64 12 -1
64 28 -1
64 33 -1
64 47 -1
64 49 -1
64 50 -1
64 51 -1
64 53 -1
64 54 -1
64 55 -1
64 58 -1
64 61 -1
64 63 -1
