1 5 -1
1 7 1
1 8 1
1 9 1
1 11 -1
1 12 -1
1 13 -1
1 15 -1
1 16 -1
1 32 1
1 33 -1
1 47 -1
1 49 -1
1 53 -1
1 63 -1
1 64 -1
2 4 -1
2 5 1
2 6 -1
2 8 1
2 9 1
2 10 -1
2 12 1
2 15 1
2 16 -1
2 37 1
2 44 -1
2 46 1
2 54 1
2 56 -1
2 58 1
2 62 -1
3 5 -1
3 6 -1
3 7 1
3 8 -1
3 10 1
3 12 -1
3 13 -1
3 15 1
3 16 1
3 19 1
3 27 -1
3 31 1
3 51 1
3 55 1
3 58 -1
4 2 -1
4 5 1
4 6 1
4 7 -1
4 8 1
4 11 -1
4 12 1
4 13 -1
4 14 -1
4 17 1
4 18 1
4 26 -1
4 40 1
4 44 -1
4 48 -1
4 53 -1
5 1 -1
5 2 1
5 3 -1
5 4 1
5 7 -1
5 8 1
5 9 -1
5 11 -1
5 12 -1
5 20 1
5 21 -1
5 27 -1
5 35 1
5 41 -1
5 52 -1
6 2 -1
6 3 -1
6 4 1
6 7 1
6 10 1
6 13 1
6 14 -1
6 15 1
6 16 -1
6 23 -1
6 35 1
6 40 -1
6 43 -1
6 45 -1
6 62 1
7 1 1
7 3 1
7 4 -1
7 5 -1
7 6 1
7 9 -1
7 13 1
7 14 -1
7 16 1
7 28 -1
7 37 -1
7 42 1
7 44 1
7 53 -1
7 56 1
7 61 1
8 1 1
8 2 1
8 3 -1
8 4 1
8 5 1
8 9 1
8 10 -1
8 12 1
8 14 1
8 35 -1
8 46 1
8 55 1
8 61 -1
8 64 1
9 1 1
9 2 1
9 5 -1
9 7 -1
9 8 1
9 11 1
9 14 -1
9 15 -1
9 16 1
9 24 -1
9 28 1
9 30 1
9 40 -1
9 50 -1
9 64 -1
10 2 -1
10 3 1
10 6 1
10 8 -1
10 11 -1
10 13 -1
10 14 -1
10 15 -1
10 16 -1
10 19 -1
10 32 -1
10 36 1
10 39 -1
10 41 -1
10 47 -1
10 58 -1
11 1 -1
11 4 -1
11 5 -1
11 9 1
11 10 -1
11 12 -1
11 13 -1
11 14 -1
11 16 1
11 20 -1
11 27 -1
11 37 -1
11 46 1
11 55 1
11 57 -1
11 58 1
12 1 -1
12 2 1
12 3 -1
12 4 1
12 5 -1
12 8 1
12 11 -1
12 13 -1
12 14 1
12 19 -1
12 32 1
12 42 1
12 49 1
12 54 -1
12 60 1
12 61 1
13 1 -1
13 3 -1
13 4 -1
13 6 1
13 7 1
13 10 -1
13 11 -1
13 12 -1
13 15 -1
13 29 -1
13 30 -1
13 34 1
13 43 -1
13 50 -1
13 61 1
13 64 1
14 4 -1
14 6 -1
14 7 -1
14 8 1
14 9 -1
14 10 -1
14 11 -1
14 12 1
14 15 -1
14 17 1
14 25 -1
14 29 -1
14 33 1
14 51 -1
14 63 -1
15 1 -1
15 2 1
15 3 1
15 6 1
15 9 -1
15 10 -1
15 13 -1
15 14 -1
15 16 1
15 20 -1
15 28 -1
15 39 -1
15 42 -1
15 46 -1
15 52 1
15 60 -1
16 1 -1
16 2 -1
16 3 1
16 6 -1
16 7 1
16 9 1
16 10 -1
16 11 1
16 15 1
16 21 -1
16 26 -1
16 30 -1
16 34 -1
16 45 -1
16 56 1
17 4 1
17 14 1
17 18 -1
17 20 -1
17 22 1
17 25 -1
17 26 1
17 27 1
17 28 1
17 31 -1
17 32 -1
17 34 -1
17 43 1
17 44 1
17 45 -1
17 55 -1
18 4 1
18 17 -1
18 19 1
18 20 -1
18 22 1
18 23 -1
18 24 1
18 26 -1
18 28 1
18 29 -1
18 33 -1
18 34 1
18 48 -1
18 52 -1
18 64 -1
19 3 1
19 10 -1
19 12 -1
19 18 1
19 21 1
19 22 -1
19 23 1
19 26 1
19 28 -1
19 30 -1
19 31 -1
19 32 -1
19 39 -1
19 43 1
19 44 -1
19 57 -1
20 5 1
20 11 -1
20 15 -1
20 17 -1
20 18 -1
20 21 -1
20 22 -1
20 23 -1
20 24 1
20 25 1
20 27 1
20 32 -1
20 53 -1
20 59 -1
20 60 -1
21 5 -1
21 16 -1
21 19 1
21 20 -1
21 23 1
21 24 -1
21 27 -1
21 28 -1
21 29 1
21 30 -1
21 32 -1
21 33 -1
21 45 1
21 52 -1
21 60 1
22 17 1
22 18 1
22 19 -1
22 20 -1
22 25 -1
22 27 1
22 29 1
22 30 -1
22 31 -1
22 43 -1
22 48 -1
22 50 1
22 51 1
22 57 1
22 58 1
22 64 -1
23 6 -1
23 18 -1
23 19 1
23 20 -1
23 21 1
23 25 -1
23 26 -1
23 28 -1
23 30 -1
23 32 1
23 33 -1
23 37 -1
23 49 -1
23 53 1
23 55 1
23 59 -1
24 9 -1
24 18 1
24 20 1
24 21 -1
24 26 -1
24 28 -1
24 29 -1
24 30 -1
24 31 -1
24 32 1
24 33 -1
24 44 -1
24 45 1
24 48 1
24 53 -1
24 54 1
25 14 -1
25 17 -1
25 20 1
25 22 -1
25 23 -1
25 26 -1
25 27 -1
25 29 -1
25 30 1
25 31 -1
25 40 -1
25 46 -1
25 50 -1
25 52 -1
26 4 -1
26 16 -1
26 17 1
26 18 -1
26 19 1
26 23 -1
26 24 -1
26 25 -1
26 27 -1
26 28 1
26 31 1
26 47 -1
26 49 -1
26 57 -1
26 61 1
26 62 -1
27 3 -1
27 5 -1
27 11 -1
27 17 1
27 20 1
27 21 -1
27 22 1
27 25 -1
27 26 -1
27 29 1
27 31 -1
27 32 -1
27 39 1
27 40 -1
27 46 1
27 64 -1
28 7 -1
28 9 1
28 15 -1
28 17 1
28 18 1
28 19 -1
28 21 -1
28 23 -1
28 24 -1
28 26 1
28 29 1
28 30 -1
28 39 1
28 43 -1
28 47 -1
28 59 1
29 13 -1
29 14 -1
29 18 -1
29 21 1
29 22 1
29 24 -1
29 25 -1
29 27 1
29 28 1
29 31 -1
29 32 -1
29 35 1
29 37 -1
29 42 -1
29 55 -1
29 63 -1
30 9 1
30 13 -1
30 16 -1
30 19 -1
30 21 -1
30 22 -1
30 23 -1
30 24 -1
30 25 1
30 28 -1
30 31 1
30 32 -1
30 36 -1
30 38 -1
30 54 1
31 3 1
31 17 -1
31 19 -1
31 22 -1
31 24 -1
31 25 -1
31 26 1
31 27 -1
31 29 -1
31 30 1
31 40 1
31 45 -1
31 46 -1
31 48 1
31 51 1
31 63 1
32 1 1
32 10 -1
32 12 1
32 17 -1
32 19 -1
32 20 -1
32 21 -1
32 23 1
32 24 1
32 27 -1
32 29 -1
32 30 -1
32 35 1
32 41 1
32 57 1
33 1 -1
33 14 1
33 18 -1
33 21 -1
33 23 -1
33 24 -1
33 34 1
33 35 1
33 36 1
33 39 -1
33 40 -1
33 41 1
33 43 -1
33 44 -1
33 48 -1
33 62 -1
34 13 1
34 16 -1
34 17 -1
34 18 1
34 33 1
34 35 1
34 36 -1
34 37 1
34 38 -1
34 39 -1
34 40 1
34 42 1
34 44 -1
34 49 1
34 62 1
35 5 1
35 6 1
35 8 -1
35 29 1
35 32 1
35 33 1
35 34 1
35 36 -1
35 39 -1
35 40 -1
35 41 1
35 43 -1
35 45 -1
35 46 -1
35 50 1
36 10 1
36 30 -1
36 33 1
36 34 -1
36 35 -1
36 37 -1
36 38 -1
36 41 1
36 45 1
36 47 -1
36 48 1
36 54 1
36 58 1
36 60 -1
36 63 -1
37 2 1
37 7 -1
37 11 -1
37 23 -1
37 29 -1
37 34 1
37 36 -1
37 38 -1
37 42 1
37 43 -1
37 44 -1
37 45 1
37 46 -1
37 47 -1
37 59 1
37 61 1
38 30 -1
38 34 -1
38 36 -1
38 37 -1
38 41 -1
38 43 -1
38 45 1
38 46 1
38 47 1
38 48 -1
38 51 -1
38 54 1
38 56 -1
38 58 -1
38 62 -1
39 10 -1
39 15 -1
39 19 -1
39 27 1
39 28 1
39 33 -1
39 34 -1
39 35 -1
39 40 1
39 42 1
39 43 1
39 44 -1
39 45 -1
39 46 1
39 59 -1
40 4 1
40 6 -1
40 9 -1
40 25 -1
40 27 -1
40 31 1
40 33 -1
40 34 1
40 35 -1
40 39 1
40 41 1
40 42 1
40 43 -1
40 44 -1
40 45 -1
40 63 -1
41 5 -1
41 10 -1
41 32 1
41 33 1
41 35 1
41 36 1
41 38 -1
41 40 1
41 42 -1
41 46 -1
41 47 1
41 48 -1
41 53 -1
41 61 1
41 63 -1
42 7 1
42 12 1
42 15 -1
42 29 -1
42 34 1
42 37 1
42 39 1
42 40 1
42 41 -1
42 44 1
42 45 -1
42 46 -1
42 47 -1
42 49 -1
42 51 1
42 56 -1
43 6 -1
43 13 -1
43 17 1
43 19 1
43 22 -1
43 28 -1
43 33 -1
43 35 -1
43 37 -1
43 38 -1
43 39 1
43 40 -1
43 44 1
43 47 -1
43 48 1
44 2 -1
44 4 -1
44 7 1
44 17 1
44 19 -1
44 24 -1
44 33 -1
44 34 -1
44 37 -1
44 39 -1
44 40 -1
44 42 1
44 43 1
44 46 -1
44 48 -1
44 57 1
45 6 -1
45 16 -1
45 17 -1
45 21 1
45 24 1
45 31 -1
45 35 -1
45 36 1
45 37 1
45 38 1
45 39 -1
45 40 -1
45 42 -1
45 47 1
45 48 -1
45 56 1
46 2 1
46 8 1
46 11 1
46 15 -1
46 25 -1
46 27 1
46 31 -1
46 35 -1
46 37 -1
46 38 1
46 39 1
46 41 -1
46 42 -1
46 44 -1
46 47 -1
46 48 1
47 1 -1
47 10 -1
47 26 -1
47 28 -1
47 36 -1
47 37 -1
47 38 1
47 41 1
47 42 -1
47 43 -1
47 45 1
47 46 -1
47 48 -1
47 50 1
47 54 1
47 60 1
48 4 -1
48 18 -1
48 22 -1
48 24 1
48 31 1
48 33 -1
48 36 1
48 38 -1
48 41 -1
48 43 1
48 44 -1
48 45 -1
48 46 1
48 47 -1
48 56 -1
48 62 1
49 1 -1
49 12 1
49 23 -1
49 26 -1
49 34 1
49 42 -1
49 50 -1
49 51 1
49 53 1
49 54 1
49 55 -1
49 56 1
49 57 -1
49 58 -1
49 59 1
50 9 -1
50 13 -1
50 22 1
50 25 -1
50 35 1
50 47 1
50 49 -1
50 51 -1
50 55 -1
50 56 -1
50 59 -1
50 60 -1
50 61 -1
50 63 -1
50 64 1
51 3 1
51 14 -1
51 22 1
51 31 1
51 38 -1
51 42 1
51 49 1
51 50 -1
51 52 -1
51 53 1
51 54 1
51 57 -1
51 60 1
51 61 -1
51 63 -1
52 5 -1
52 15 1
52 18 -1
52 21 -1
52 25 -1
52 51 -1
52 53 1
52 54 1
52 55 -1
52 56 -1
52 58 1
52 61 1
52 62 -1
52 63 1
53 1 -1
53 4 -1
53 7 -1
53 20 -1
53 23 1
53 24 -1
53 41 -1
53 49 1
53 51 1
53 52 1
53 55 1
53 56 -1
53 59 -1
53 60 -1
53 62 1
53 64 -1
54 2 1
54 12 -1
54 24 1
54 30 1
54 36 1
54 38 1
54 47 1
54 49 1
54 51 1
54 52 1
54 56 -1
54 57 1
54 58 -1
54 59 -1
54 61 -1
54 64 1
55 3 1
55 8 1
55 11 1
55 17 -1
55 23 1
55 29 -1
55 49 -1
55 50 -1
55 52 -1
55 53 1
55 56 1
55 57 -1
55 60 -1
55 61 -1
55 62 -1
56 2 -1
56 7 1
56 16 1
56 38 -1
56 42 -1
56 45 1
56 48 -1
56 49 1
56 50 -1
56 52 -1
56 53 -1
56 54 -1
56 55 1
56 58 -1
56 60 -1
56 63 -1
57 11 -1
57 19 -1
57 22 1
57 26 -1
57 32 1
57 44 1
57 49 -1
57 51 -1
57 54 1
57 55 -1
57 60 1
57 61 -1
57 62 -1
57 63 1
57 64 1
58 2 1
58 3 -1
58 10 -1
58 11 1
58 22 1
58 36 1
58 38 -1
58 49 -1
58 52 1
58 54 -1
58 56 -1
58 59 -1
58 61 -1
58 62 -1
58 63 -1
58 64 -1
59 20 -1
59 23 -1
59 28 1
59 37 1
59 39 -1
59 49 1
59 50 -1
59 53 -1
59 54 -1
59 58 -1
59 60 -1
59 61 -1
59 62 1
59 64 -1
60 12 1
60 15 -1
60 20 -1
60 21 1
60 36 -1
60 47 1
60 50 -1
60 51 1
60 53 -1
60 55 -1
60 56 -1
60 57 1
60 59 -1
60 63 1
60 64 1
61 7 1
61 8 -1
61 12 1
61 13 1
61 26 1
61 37 1
61 41 1
61 50 -1
61 51 -1
61 52 1
61 54 -1
61 55 -1
61 57 -1
61 58 -1
61 59 -1
61 62 1
62 2 -1
62 6 1
62 26 -1
62 33 -1
62 34 1
62 38 -1
62 48 1
62 52 -1
62 53 1
62 55 -1
62 57 -1
62 58 -1
62 59 1
62 61 1
62 63 -1
62 64 -1
63 1 -1
63 14 -1
63 29 -1
63 31 1
63 36 -1
63 40 -1
63 41 -1
63 50 -1
63 51 -1
63 52 1
63 56 -1
63 57 1
63 58 -1
63 60 1
63 62 -1
63 64 1
64 1 -1
64 8 1
64 9 -1
64 13 1
64 18 -1
64 22 -1
64 27 -1
64 50 1
64 53 -1
64 54 1
64 57 1
64 58 -1
64 59 -1
64 60 1
64 62 -1
64 63 1
