1 3 1
1 5 1
1 6 1
1 7 -1
1 8 1
1 10 1
1 13 1
1 14 1
1 15 1
1 17 1
1 29 1
1 41 1
1 46 -1
1 48 1
1 52 1
2 3 1
2 5 -1
2 8 1
2 9 -1
2 10 1
2 11 1
2 12 1
2 15 1
2 16 1
2 23 1
2 26 1
2 31 1
2 45 1
2 47 1
2 54 1
3 1 1
3 2 1
3 4 1
3 5 1
3 8 1
3 12 -1
3 13 1
3 14 1
3 16 1
3 18 -1
3 34 1
3 36 1
3 48 1
3 54 1
3 56 1
3 58 1
4 3 1
4 5 1
4 6 -1
4 7 1
4 8 1
4 11 1
4 12 1
4 13 1
4 14 1
4 23 1
4 26 -1
4 41 1
4 45 1
4 49 1
4 57 1
4 63 1
5 1 1
5 2 -1
5 3 1
5 4 1
5 7 1
5 8 1
5 9 1
5 11 -1
5 14 1
5 19 1
5 30 1
5 40 1
5 45 -1
5 51 1
5 53 1
5 62 -1
6 1 1
6 4 -1
6 8 1
6 9 1
6 10 -1
6 11 1
6 12 1
6 13 1
6 14 1
6 26 1
6 30 1
6 40 1
6 49 1
6 55 -1
6 60 1
7 1 -1
7 4 1
7 5 1
7 10 1
7 11 1
7 13 1
7 14 1
7 15 1
7 16 1
7 20 1
7 21 1
7 23 1
7 38 1
7 40 1
7 48 1
7 54 1
8 1 1
8 2 1
8 3 1
8 4 1
8 5 1
8 6 1
8 9 1
8 12 1
8 15 1
8 19 1
8 21 1
8 25 1
8 31 1
8 33 1
8 58 -1
8 64 1
9 2 -1
9 5 1
9 6 1
9 8 1
9 10 1
9 11 1
9 14 1
9 15 1
9 16 1
9 31 1
9 32 1
9 41 1
9 43 1
9 50 1
9 56 -1
9 63 1
10 1 1
10 2 1
10 6 -1
10 7 1
10 9 1
10 11 -1
10 12 1
10 13 1
10 16 1
10 20 1
10 24 1
10 27 1
10 39 1
10 47 1
10 60 1
10 64 1
11 2 1
11 4 1
11 5 -1
11 6 1
11 7 1
11 9 1
11 10 -1
11 15 1
11 16 1
11 18 1
11 24 1
11 31 1
11 39 1
11 53 1
11 59 1
11 61 1
12 2 1
12 3 -1
12 4 1
12 6 1
12 8 1
12 10 1
12 13 1
12 14 1
12 16 -1
12 17 1
12 26 1
12 36 1
12 43 1
12 45 1
12 54 1
12 58 1
13 1 1
13 3 1
13 4 1
13 6 1
13 7 1
13 10 1
13 12 1
13 15 1
13 16 1
13 17 1
13 18 1
13 30 1
13 32 1
13 35 1
13 37 1
13 50 1
14 1 1
14 3 1
14 4 1
14 5 1
14 6 1
14 7 1
14 9 1
14 12 1
14 15 1
14 17 1
14 24 1
14 30 1
14 32 1
14 33 1
14 34 1
14 42 1
15 1 1
15 2 1
15 7 1
15 8 1
15 9 1
15 11 1
15 13 1
15 14 1
15 16 1
15 17 1
15 38 1
15 42 1
15 46 1
15 54 1
16 2 1
16 3 1
16 7 1
16 9 1
16 10 1
16 11 1
16 12 -1
16 13 1
16 15 1
16 24 1
16 26 1
16 34 1
16 44 1
16 46 1
16 64 1
17 1 1
17 12 1
17 13 1
17 14 1
17 15 1
17 19 1
17 23 1
17 24 1
17 25 1
17 26 1
17 27 1
17 29 1
17 30 1
17 31 1
17 35 1
17 37 1
18 3 -1
18 11 1
18 13 1
18 19 1
18 20 -1
18 21 1
18 22 1
18 25 1
18 26 1
18 27 1
18 28 1
18 29 1
18 39 1
18 41 1
18 55 1
18 61 1
19 5 1
19 8 1
19 17 1
19 18 1
19 20 -1
19 22 1
19 24 1
19 25 1
19 26 -1
19 30 1
19 31 -1
19 44 1
19 45 1
19 53 1
19 57 1
19 64 1
20 7 1
20 10 1
20 18 -1
20 19 -1
20 21 1
20 23 1
20 24 1
20 25 -1
20 26 -1
20 30 1
20 32 1
20 39 1
20 57 1
20 63 1
21 7 1
21 8 1
21 18 1
21 20 1
21 22 1
21 23 1
21 25 -1
21 27 1
21 28 1
21 29 1
21 31 1
21 40 1
21 47 -1
21 55 1
21 56 1
22 18 1
22 19 1
22 21 1
22 26 1
22 27 1
22 29 1
22 30 1
22 31 1
22 32 -1
22 33 1
22 41 1
22 45 1
22 51 1
22 53 1
22 63 1
23 2 1
23 4 1
23 7 1
23 17 1
23 20 1
23 21 1
23 24 1
23 27 1
23 28 1
23 29 -1
23 31 1
23 32 -1
23 42 -1
23 44 1
23 50 1
23 59 1
24 10 1
24 11 1
24 14 1
24 16 1
24 17 1
24 19 1
24 20 1
24 23 1
24 25 1
24 26 1
24 28 1
24 30 1
24 32 1
24 33 1
24 41 1
24 60 1
25 8 1
25 17 1
25 18 1
25 19 1
25 20 -1
25 21 -1
25 24 1
25 29 1
25 30 1
25 32 1
25 34 1
25 49 1
25 50 1
25 56 1
25 62 1
26 2 1
26 4 -1
26 6 1
26 12 1
26 16 1
26 17 1
26 18 1
26 19 -1
26 20 -1
26 22 1
26 24 1
26 28 1
26 30 1
26 31 1
26 55 1
27 10 1
27 17 1
27 18 1
27 21 1
27 22 1
27 23 1
27 28 1
27 29 1
27 31 1
27 32 1
27 36 1
27 38 1
27 48 1
27 58 1
27 62 1
28 18 1
28 21 1
28 23 1
28 24 1
28 26 1
28 27 1
28 29 1
28 31 -1
28 32 1
28 36 1
28 41 1
28 60 1
28 61 1
28 64 1
29 1 1
29 17 1
29 18 1
29 21 1
29 22 1
29 23 -1
29 25 1
29 27 1
29 28 1
29 32 1
29 33 1
29 37 1
29 50 1
29 58 -1
29 59 1
30 5 1
30 6 1
30 13 1
30 14 1
30 17 1
30 19 1
30 20 1
30 22 1
30 24 1
30 25 1
30 26 1
30 31 1
30 32 1
30 42 1
30 59 1
30 61 1
31 2 1
31 8 1
31 9 1
31 11 1
31 17 1
31 19 -1
31 21 1
31 22 1
31 23 1
31 26 1
31 27 1
31 28 -1
31 30 1
31 37 1
31 44 1
31 50 -1
32 9 1
32 13 1
32 14 1
32 20 1
32 22 -1
32 23 -1
32 24 1
32 25 1
32 27 1
32 28 1
32 29 1
32 30 1
32 33 -1
32 43 1
32 47 1
32 53 -1
33 8 1
33 14 1
33 22 1
33 24 1
33 29 1
33 32 -1
33 34 1
33 35 1
33 38 1
33 39 -1
33 40 1
33 42 1
33 43 1
33 46 1
33 47 1
34 3 1
34 14 1
34 16 1
34 25 1
34 33 1
34 35 1
34 37 1
34 39 1
34 41 -1
34 44 1
34 45 1
34 47 1
34 48 1
34 52 1
34 62 -1
35 13 1
35 17 1
35 33 1
35 34 1
35 36 1
35 38 1
35 39 1
35 40 1
35 41 1
35 43 1
35 45 -1
35 54 1
35 57 1
35 60 1
35 62 1
35 63 1
36 3 1
36 12 1
36 27 1
36 28 1
36 35 1
36 37 1
36 38 1
36 39 1
36 42 1
36 43 1
36 44 1
36 45 1
36 46 1
36 51 1
36 57 1
36 58 1
37 13 1
37 17 1
37 29 1
37 31 1
37 34 1
37 36 1
37 38 1
37 41 1
37 42 1
37 44 1
37 46 1
37 47 1
37 48 1
37 51 1
37 59 1
37 62 1
38 7 1
38 15 1
38 27 1
38 33 1
38 35 1
38 36 1
38 37 1
38 41 1
38 42 1
38 44 1
38 47 1
38 48 1
38 49 1
38 51 1
38 53 1
38 55 1
39 10 1
39 11 1
39 18 1
39 20 1
39 33 -1
39 34 1
39 35 1
39 36 1
39 40 1
39 44 1
39 46 1
39 47 1
39 48 1
39 55 1
39 56 1
40 5 1
40 6 1
40 7 1
40 21 1
40 33 1
40 35 1
40 39 1
40 41 1
40 42 1
40 43 1
40 44 1
40 45 1
40 46 1
40 49 1
40 57 1
40 61 1
41 1 1
41 4 1
41 9 1
41 18 1
41 22 1
41 24 1
41 28 1
41 34 -1
41 35 1
41 37 1
41 38 1
41 40 1
41 42 1
41 43 1
41 45 1
41 48 1
42 14 1
42 15 1
42 23 -1
42 30 1
42 33 1
42 36 1
42 37 1
42 38 1
42 40 1
42 41 1
42 43 1
42 46 -1
42 48 1
42 49 1
42 60 1
43 9 1
43 12 1
43 32 1
43 33 1
43 35 1
43 36 1
43 40 1
43 41 1
43 42 1
43 45 1
43 47 -1
43 48 1
43 51 1
43 52 1
43 53 1
43 61 1
44 16 1
44 19 1
44 23 1
44 31 1
44 34 1
44 36 1
44 37 1
44 38 1
44 39 1
44 40 1
44 45 1
44 46 1
44 47 1
44 52 -1
44 59 1
44 62 1
45 2 1
45 4 1
45 5 -1
45 12 1
45 19 1
45 22 1
45 34 1
45 35 -1
45 36 1
45 40 1
45 41 1
45 43 1
45 44 1
45 46 -1
45 48 1
45 63 1
46 1 -1
46 15 1
46 16 1
46 33 1
46 36 1
46 37 1
46 39 1
46 40 1
46 42 -1
46 44 1
46 45 -1
46 47 1
46 52 1
47 2 1
47 10 1
47 21 -1
47 32 1
47 33 1
47 34 1
47 37 1
47 38 1
47 39 1
47 43 -1
47 44 1
47 46 1
47 48 1
47 59 1
47 63 1
47 64 1
48 1 1
48 3 1
48 7 1
48 27 1
48 34 1
48 37 1
48 38 1
48 39 1
48 41 1
48 42 1
48 43 1
48 45 1
48 47 1
48 49 1
48 51 1
48 61 1
49 4 1
49 6 1
49 25 1
49 38 1
49 40 1
49 42 1
49 48 1
49 50 1
49 52 1
49 55 1
49 56 1
49 57 1
49 59 -1
49 61 1
49 63 1
49 64 1
50 9 1
50 13 1
50 23 1
50 25 1
50 29 1
50 31 -1
50 49 1
50 52 1
50 53 1
50 57 1
50 58 1
50 61 1
50 62 1
50 63 1
50 64 1
51 5 1
51 22 1
51 36 1
51 37 1
51 38 1
51 43 1
51 48 1
51 52 -1
51 53 1
51 54 1
51 58 1
51 59 1
51 61 -1
51 62 1
51 63 1
51 64 1
52 1 1
52 34 1
52 43 1
52 44 -1
52 46 1
52 49 1
52 50 1
52 51 -1
52 54 1
52 55 1
52 59 1
52 60 1
52 61 1
52 62 1
53 5 1
53 11 1
53 19 1
53 22 1
53 32 -1
53 38 1
53 43 1
53 50 1
53 51 1
53 54 1
53 55 1
53 56 1
53 58 1
53 59 1
53 62 1
53 64 1
54 2 1
54 3 1
54 7 1
54 12 1
54 15 1
54 35 1
54 51 1
54 52 1
54 53 1
54 56 1
54 57 1
54 59 1
54 60 -1
54 61 1
54 64 1
55 6 -1
55 18 1
55 21 1
55 26 1
55 38 1
55 39 1
55 49 1
55 52 1
55 53 1
55 56 1
55 58 1
55 60 1
55 61 1
55 62 1
55 63 1
56 3 1
56 9 -1
56 21 1
56 25 1
56 39 1
56 49 1
56 53 1
56 54 1
56 55 1
56 57 1
56 59 1
56 60 -1
56 61 1
56 63 1
57 4 1
57 19 1
57 20 1
57 35 1
57 36 1
57 40 1
57 49 1
57 50 1
57 54 1
57 56 1
57 58 1
57 59 1
57 60 1
57 61 1
57 62 1
58 3 1
58 8 -1
58 12 1
58 27 1
58 29 -1
58 36 1
58 50 1
58 51 1
58 53 1
58 55 1
58 57 1
58 60 -1
58 62 1
58 63 1
58 64 -1
59 11 1
59 23 1
59 29 1
59 30 1
59 37 1
59 44 1
59 47 1
59 49 -1
59 51 1
59 52 1
59 53 1
59 54 1
59 56 1
59 57 1
59 63 1
59 64 1
60 6 1
60 10 1
60 24 1
60 28 1
60 35 1
60 42 1
60 52 1
60 54 -1
60 55 1
60 56 -1
60 57 1
60 58 -1
60 61 1
60 63 1
60 64 1
61 11 1
61 18 1
61 28 1
61 30 1
61 40 1
61 43 1
61 48 1
61 49 1
61 50 1
61 51 -1
61 52 1
61 54 1
61 55 1
61 56 1
61 57 1
61 60 1
62 5 -1
62 25 1
62 27 1
62 34 -1
62 35 1
62 37 1
62 44 1
62 50 1
62 51 1
62 52 1
62 53 1
62 55 1
62 57 1
62 58 1
62 63 1
62 64 1
63 4 1
63 9 1
63 20 1
63 22 1
63 35 1
63 45 1
63 47 1
63 49 1
63 50 1
63 51 1
63 55 1
63 56 1
63 58 1
63 59 1
63 60 1
63 62 1
64 8 1
64 10 1
64 16 1
64 19 1
64 28 1
64 47 1
64 49 1
64 50 1
64 51 1
64 53 1
64 54 1
64 58 -1
64 59 1
64 60 1
64 62 1
