1 2 -1
1 4 -1
1 5 1
1 6 1
1 7 1
1 10 -1
1 11 1
1 12 -1
1 15 1
1 17 1
1 26 1
1 45 -1
1 51 -1
1 55 -1
1 60 -1
2 1 -1
2 3 -1
2 8 1
2 9 1
2 10 1
2 12 -1
2 13 -1
2 15 -1
2 16 1
2 22 -1
2 38 -1
2 40 -1
2 42 -1
2 46 -1
2 50 1
2 62 -1
3 2 -1
3 4 -1
3 7 1
3 8 -1
3 9 1
3 10 -1
3 11 -1
3 14 1
3 15 1
3 21 -1
3 27 -1
3 50 1
3 53 1
3 59 1
3 63 -1
3 64 1
4 1 -1
4 3 -1
4 6 1
4 7 -1
4 8 1
4 9 1
4 12 1
4 13 1
4 14 -1
4 26 1
4 30 1
4 40 1
4 42 -1
4 43 1
4 47 -1
4 60 -1
5 1 1
5 7 -1
5 8 1
5 10 -1
5 11 1
5 12 -1
5 13 -1
5 14 1
5 16 -1
5 24 -1
5 26 1
5 31 -1
5 34 -1
5 42 1
5 45 1
5 54 1
6 1 1
6 4 1
6 7 1
6 8 -1
6 9 -1
6 11 1
6 13 -1
6 15 -1
6 16 1
6 24 -1
6 26 -1
6 30 -1
6 54 -1
6 56 1
6 57 1
7 1 1
7 3 1
7 4 -1
7 5 -1
7 6 1
7 10 1
7 11 -1
7 14 1
7 16 -1
7 22 -1
7 25 -1
7 31 -1
7 33 1
7 47 -1
7 48 -1
7 49 -1
8 2 1
8 3 -1
8 4 1
8 5 1
8 6 -1
8 9 1
8 13 -1
8 14 1
8 15 -1
8 21 1
8 26 1
8 41 -1
8 45 1
8 46 -1
8 52 -1
8 60 1
9 2 1
9 3 1
9 4 1
9 6 -1
9 8 1
9 10 1
9 12 -1
9 15 1
9 16 1
9 31 1
9 37 -1
9 49 1
9 51 -1
9 55 1
9 59 1
10 1 -1
10 2 1
10 3 -1
10 5 -1
10 7 1
10 9 1
10 11 -1
10 12 -1
10 14 1
10 17 -1
10 41 -1
10 45 -1
10 46 1
10 59 -1
10 60 1
11 1 1
11 3 -1
11 5 1
11 6 1
11 7 -1
11 10 -1
11 12 1
11 13 1
11 16 1
11 33 1
11 37 -1
11 43 1
11 61 1
12 1 -1
12 2 -1
12 4 1
12 5 -1
12 9 -1
12 10 -1
12 11 1
12 15 1
12 16 -1
12 18 -1
12 40 -1
12 46 1
12 50 -1
12 54 1
12 62 -1
13 2 -1
13 4 1
13 5 -1
13 6 -1
13 8 -1
13 11 1
13 14 1
13 15 -1
13 16 -1
13 26 1
13 32 -1
13 35 -1
13 43 -1
13 53 1
13 63 1
13 64 -1
14 3 1
14 4 -1
14 5 1
14 7 1
14 8 1
14 10 1
14 13 1
14 15 -1
14 16 -1
14 19 -1
14 23 -1
14 34 -1
14 38 -1
14 39 -1
14 48 1
14 64 -1
15 1 1
15 2 -1
15 3 1
15 6 -1
15 8 -1
15 9 1
15 12 1
15 13 -1
15 14 -1
15 21 -1
15 22 1
15 24 -1
15 44 -1
15 49 -1
15 56 -1
15 62 1
16 2 1
16 5 -1
16 6 1
16 7 -1
16 9 1
16 11 1
16 12 -1
16 13 -1
16 14 -1
16 19 -1
16 25 1
16 32 1
16 37 1
16 38 1
16 40 1
17 1 1
17 10 -1
17 18 1
17 21 -1
17 23 -1
17 24 -1
17 25 -1
17 26 -1
17 27 1
17 29 -1
17 32 -1
17 39 1
17 51 -1
17 58 1
17 63 -1
18 12 -1
18 17 1
18 19 -1
18 21 1
18 23 1
18 24 -1
18 26 1
18 27 1
18 30 1
18 32 1
18 35 -1
18 44 -1
18 50 1
18 56 -1
19 14 -1
19 16 -1
19 18 -1
19 20 1
19 21 -1
19 22 1
19 23 1
19 24 1
19 26 1
19 28 -1
19 31 -1
19 35 1
19 37 -1
19 50 1
19 55 -1
20 19 1
20 21 1
20 22 -1
20 24 1
20 26 -1
20 27 1
20 29 1
20 30 1
20 32 -1
20 39 -1
20 44 1
20 51 -1
20 61 1
20 62 1
20 64 -1
21 3 -1
21 8 1
21 15 -1
21 17 -1
21 18 1
21 19 -1
21 20 1
21 22 1
21 23 -1
21 25 1
21 26 -1
21 31 -1
21 42 1
21 44 -1
21 53 1
21 61 1
22 2 -1
22 7 -1
22 15 1
22 19 1
22 20 -1
22 21 1
22 23 1
22 25 1
22 27 1
22 28 1
22 29 1
22 30 1
22 38 1
22 39 1
22 47 1
22 61 1
23 14 -1
23 17 -1
23 18 1
23 19 1
23 21 -1
23 22 1
23 27 1
23 28 -1
23 30 -1
23 31 -1
23 37 -1
23 46 1
23 50 -1
23 52 -1
23 59 -1
24 5 -1
24 6 -1
24 15 -1
24 17 -1
24 18 -1
24 19 1
24 20 1
24 25 1
24 28 1
24 29 -1
24 30 1
24 31 1
24 33 -1
24 62 -1
24 63 -1
25 7 -1
25 16 1
25 17 -1
25 21 1
25 22 1
25 24 1
25 27 -1
25 28 -1
25 30 1
25 31 -1
25 32 -1
25 35 1
25 45 1
25 50 -1
25 52 -1
25 63 1
26 1 1
26 4 1
26 5 1
26 6 -1
26 8 1
26 13 1
26 17 -1
26 18 1
26 19 1
26 20 -1
26 21 -1
26 29 1
26 30 -1
26 31 1
26 32 1
27 3 -1
27 17 1
27 18 1
27 20 1
27 22 1
27 23 1
27 25 -1
27 28 -1
27 29 -1
27 32 -1
27 33 -1
27 49 1
27 54 -1
27 62 -1
27 63 -1
27 64 -1
28 19 -1
28 22 1
28 23 -1
28 24 1
28 25 -1
28 27 -1
28 30 -1
28 31 1
28 32 -1
28 39 1
28 40 -1
28 42 1
28 47 -1
28 52 -1
28 56 -1
28 57 1
29 17 -1
29 20 1
29 22 1
29 24 -1
29 26 1
29 27 -1
29 30 -1
29 31 -1
29 32 -1
29 42 1
29 43 1
29 44 1
29 53 1
29 54 1
29 57 1
29 61 -1
30 4 1
30 6 -1
30 18 1
30 20 1
30 22 1
30 23 -1
30 24 1
30 25 1
30 26 -1
30 28 -1
30 29 -1
30 36 1
30 42 -1
30 45 -1
30 54 1
30 55 -1
31 5 -1
31 7 -1
31 9 1
31 19 -1
31 21 -1
31 23 -1
31 24 1
31 25 -1
31 26 1
31 28 1
31 29 -1
31 32 1
31 38 1
31 48 1
31 52 1
32 13 -1
32 16 1
32 17 -1
32 18 1
32 20 -1
32 25 -1
32 26 1
32 27 -1
32 28 -1
32 29 -1
32 31 1
32 34 -1
32 36 -1
33 7 1
33 11 1
33 24 -1
33 27 -1
33 35 1
33 37 1
33 38 -1
33 39 1
33 41 1
33 44 -1
33 45 1
33 46 1
33 48 1
33 57 -1
33 63 -1
34 5 -1
34 14 -1
34 32 -1
34 35 1
34 36 -1
34 39 1
34 40 1
34 43 1
34 45 1
34 46 1
34 47 1
34 48 -1
34 51 1
35 13 -1
35 18 -1
35 19 1
35 25 1
35 33 1
35 34 1
35 37 1
35 38 1
35 39 -1
35 40 1
35 42 1
35 44 -1
35 48 1
35 60 1
35 62 1
35 64 1
36 30 1
36 32 -1
36 34 -1
36 37 -1
36 39 -1
36 41 -1
36 42 1
36 43 -1
36 45 -1
36 46 1
36 47 1
36 58 1
37 9 -1
37 11 -1
37 16 1
37 19 -1
37 23 -1
37 33 1
37 35 1
37 36 -1
37 38 1
37 41 1
37 43 1
37 44 -1
37 45 -1
37 46 1
37 54 -1
38 2 -1
38 14 -1
38 16 1
38 22 1
38 31 1
38 33 -1
38 35 1
38 37 1
38 40 -1
38 41 1
38 42 -1
38 44 1
38 45 -1
38 47 1
38 53 -1
38 57 -1
39 14 -1
39 17 1
39 20 -1
39 22 1
39 28 1
39 33 1
39 34 1
39 35 -1
39 36 -1
39 40 -1
39 42 -1
39 43 -1
39 47 -1
39 48 1
39 56 -1
39 57 1
40 2 -1
40 4 1
40 12 -1
40 16 1
40 28 -1
40 34 1
40 35 1
40 38 -1
40 39 -1
40 42 -1
40 43 -1
40 45 1
40 46 1
40 47 1
40 61 -1
41 8 -1
41 10 -1
41 33 1
41 36 -1
41 37 1
41 38 1
41 42 -1
41 44 1
41 45 1
41 46 1
41 48 1
41 51 -1
41 53 -1
41 55 1
41 60 1
42 2 -1
42 4 -1
42 5 1
42 21 1
42 28 1
42 29 1
42 30 -1
42 35 1
42 36 1
42 38 -1
42 39 -1
42 40 -1
42 41 -1
42 43 1
42 47 -1
42 48 1
43 4 1
43 11 1
43 13 -1
43 29 1
43 34 1
43 36 -1
43 37 1
43 39 -1
43 40 -1
43 42 1
43 44 1
43 45 -1
43 46 1
43 52 -1
43 59 1
44 15 -1
44 18 -1
44 20 1
44 21 -1
44 29 1
44 33 -1
44 35 -1
44 37 -1
44 38 1
44 41 1
44 43 1
44 46 -1
44 47 -1
44 48 -1
44 51 -1
44 53 -1
45 1 -1
45 5 1
45 8 1
45 10 -1
45 25 1
45 30 -1
45 33 1
45 34 1
45 36 -1
45 37 -1
45 38 -1
45 40 1
45 41 1
45 43 -1
45 48 1
45 56 -1
46 2 -1
46 8 -1
46 10 1
46 12 1
46 23 1
46 33 1
46 34 1
46 36 1
46 37 1
46 40 1
46 41 1
46 43 1
46 44 -1
46 47 1
46 57 1
47 4 -1
47 7 -1
47 22 1
47 28 -1
47 34 1
47 36 1
47 38 1
47 39 -1
47 40 1
47 42 -1
47 44 -1
47 46 1
47 48 -1
47 52 1
47 55 -1
47 59 -1
48 7 -1
48 14 1
48 31 1
48 33 1
48 34 -1
48 35 1
48 39 1
48 41 1
48 42 1
48 44 -1
48 45 1
48 47 -1
48 49 1
48 55 -1
49 7 -1
49 9 1
49 15 -1
49 27 1
49 48 1
49 51 -1
49 52 -1
49 53 1
49 55 1
49 56 1
49 57 -1
49 58 -1
49 60 -1
49 63 1
50 2 1
50 3 1
50 12 -1
50 18 1
50 19 1
50 23 -1
50 25 -1
50 51 1
50 52 1
50 55 1
50 57 1
50 58 1
50 59 1
50 60 -1
50 62 -1
50 64 1
51 1 -1
51 9 -1
51 17 -1
51 20 -1
51 34 1
51 41 -1
51 44 -1
51 49 -1
51 50 1
51 53 1
51 56 -1
51 57 -1
51 61 1
51 62 1
51 63 1
51 64 1
52 8 -1
52 23 -1
52 25 -1
52 28 -1
52 31 1
52 43 -1
52 47 1
52 49 -1
52 50 1
52 54 -1
52 55 -1
52 57 1
52 59 -1
52 61 -1
52 62 1
52 64 -1
53 3 1
53 13 1
53 21 1
53 29 1
53 38 -1
53 41 -1
53 44 -1
53 49 1
53 51 1
53 54 1
53 55 -1
53 57 -1
53 58 -1
53 61 1
53 62 1
53 64 -1
54 5 1
54 6 -1
54 12 1
54 27 -1
54 29 1
54 30 1
54 37 -1
54 52 -1
54 53 1
54 56 1
54 58 -1
54 59 1
54 60 -1
54 61 1
54 63 -1
54 64 1
55 1 -1
55 9 1
55 19 -1
55 30 -1
55 41 1
55 47 -1
55 48 -1
55 49 1
55 50 1
55 52 -1
55 53 -1
55 56 -1
55 58 -1
55 59 -1
55 62 1
55 63 -1
56 6 1
56 15 -1
56 18 -1
56 28 -1
56 39 -1
56 45 -1
56 49 1
56 51 -1
56 54 1
56 55 -1
56 57 -1
56 58 1
56 59 -1
56 63 -1
56 64 1
57 6 1
57 28 1
57 29 1
57 33 -1
57 38 -1
57 39 1
57 46 1
57 49 -1
57 50 1
57 51 -1
57 52 1
57 53 -1
57 56 -1
57 59 -1
57 60 -1
57 61 -1
58 17 1
58 36 1
58 49 -1
58 50 1
58 53 -1
58 54 -1
58 55 -1
58 56 1
58 60 1
58 61 1
58 63 1
59 3 1
59 9 1
59 10 -1
59 23 -1
59 43 1
59 47 -1
59 50 1
59 52 -1
59 54 1
59 55 -1
59 56 -1
59 57 -1
59 61 1
59 63 -1
59 64 1
60 1 -1
60 4 -1
60 8 1
60 10 1
60 35 1
60 41 1
60 49 -1
60 50 -1
60 54 -1
60 57 -1
60 58 1
60 61 1
60 62 1
60 63 -1
60 64 1
61 11 1
61 20 1
61 21 1
61 22 1
61 29 -1
61 40 -1
61 51 1
61 52 -1
61 53 1
61 54 1
61 57 -1
61 58 1
61 59 1
61 60 1
61 62 1
62 2 -1
62 12 -1
62 15 1
62 20 1
62 24 -1
62 27 -1
62 35 1
62 50 -1
62 51 1
62 52 1
62 53 1
62 55 1
62 60 1
62 61 1
62 63 -1
62 64 -1
63 3 -1
63 13 1
63 17 -1
63 24 -1
63 25 1
63 27 -1
63 33 -1
63 49 1
63 51 1
63 54 -1
63 55 -1
63 56 -1
63 58 1
63 59 -1
63 60 -1
63 62 -1
64 3 1
64 13 -1
64 14 -1
64 20 -1
64 27 -1
64 35 1
64 50 1
64 51 1
64 52 -1
64 53 -1
64 54 1
64 56 1
64 59 1
64 60 1
64 62 -1
