1 4 1
1 6 1
1 7 1
1 9 1
1 10 -1
1 12 1
1 14 1
1 15 1
1 16 1
1 29 -1
1 32 1
1 41 1
1 50 -1
1 59 1
2 3 1
2 4 -1
2 5 1
2 7 -1
2 11 -1
2 12 -1
2 14 1
2 15 1
2 16 -1
2 22 1
2 32 -1
2 35 -1
2 39 -1
2 46 1
2 56 -1
2 62 1
3 2 1
3 5 1
3 6 1
3 7 1
3 8 1
3 9 1
3 14 1
3 15 1
3 16 1
3 19 1
3 31 1
3 33 1
3 34 1
3 53 1
3 56 1
3 61 -1
4 1 1
4 2 -1
4 6 1
4 8 1
4 9 -1
4 10 1
4 12 1
4 15 -1
4 16 1
4 19 1
4 24 -1
4 31 1
4 45 1
4 57 1
4 59 -1
5 2 1
5 3 1
5 6 1
5 8 1
5 10 1
5 11 -1
5 13 1
5 14 1
5 16 1
5 26 -1
5 31 1
5 34 1
5 37 -1
5 41 1
5 46 -1
5 64 1
6 1 1
6 3 1
6 4 1
6 5 1
6 7 1
6 8 1
6 10 1
6 11 1
6 13 -1
6 27 1
6 29 -1
6 36 1
6 43 1
6 47 -1
6 48 1
6 61 -1
7 1 1
7 2 -1
7 3 1
7 6 1
7 8 1
7 10 1
7 12 -1
7 13 1
7 15 -1
7 22 1
7 29 -1
7 36 1
7 42 1
7 50 1
7 53 -1
7 62 1
8 3 1
8 4 1
8 5 1
8 6 1
8 7 1
8 9 1
8 11 1
8 12 -1
8 13 1
8 18 -1
8 32 1
8 40 -1
8 42 1
8 48 1
8 55 1
8 59 -1
9 1 1
9 3 1
9 4 -1
9 8 1
9 10 1
9 11 1
9 12 1
9 14 1
9 15 1
9 25 1
9 44 1
9 45 1
9 47 1
9 55 1
9 63 -1
10 1 -1
10 4 1
10 5 1
10 6 1
10 7 1
10 9 1
10 11 1
10 13 -1
10 16 -1
10 17 1
10 18 -1
10 23 1
10 54 -1
10 57 -1
10 58 1
11 2 -1
11 5 -1
11 6 1
11 8 1
11 9 1
11 10 1
11 12 1
11 14 1
11 16 1
11 18 1
11 22 -1
11 31 1
11 32 1
11 34 1
11 44 -1
11 51 1
12 1 1
12 2 -1
12 4 1
12 7 -1
12 8 -1
12 9 1
12 11 1
12 13 -1
12 15 1
12 19 1
12 26 1
12 30 -1
12 49 1
12 52 1
12 60 1
12 64 1
13 5 1
13 6 -1
13 7 1
13 8 1
13 10 -1
13 12 -1
13 14 1
13 15 1
13 16 -1
13 23 1
13 25 1
13 29 -1
13 32 1
13 46 1
13 57 -1
13 63 -1
14 1 1
14 2 1
14 3 1
14 5 1
14 9 1
14 11 1
14 13 1
14 15 1
14 16 1
14 20 -1
14 30 1
14 32 1
14 39 1
14 46 -1
14 52 1
14 60 1
15 1 1
15 2 1
15 3 1
15 4 -1
15 7 -1
15 9 1
15 12 1
15 13 1
15 14 1
15 21 1
15 27 1
15 35 1
15 39 1
15 41 1
15 51 1
16 1 1
16 2 -1
16 3 1
16 4 1
16 5 1
16 10 -1
16 11 1
16 13 -1
16 14 1
16 21 -1
16 27 -1
16 28 -1
16 37 1
16 50 1
16 58 1
16 64 1
17 10 1
17 20 1
17 21 1
17 23 -1
17 24 -1
17 25 1
17 26 1
17 29 1
17 30 -1
17 31 1
17 38 1
17 45 1
17 47 1
17 50 1
17 62 1
17 64 1
18 8 -1
18 10 -1
18 11 1
18 19 1
18 22 1
18 23 1
18 24 1
18 25 -1
18 27 1
18 28 1
18 30 -1
18 31 1
18 35 -1
18 40 1
18 54 1
18 57 1
19 3 1
19 4 1
19 12 1
19 18 1
19 20 -1
19 24 1
19 26 1
19 28 -1
19 29 -1
19 30 -1
19 31 1
19 32 -1
19 39 -1
19 50 1
19 52 1
20 14 -1
20 17 1
20 19 -1
20 21 -1
20 22 1
20 23 -1
20 26 1
20 29 1
20 30 -1
20 31 1
20 45 -1
20 47 1
20 48 1
20 53 1
20 54 1
20 60 1
21 15 1
21 16 -1
21 17 1
21 20 -1
21 23 -1
21 24 1
21 25 1
21 27 1
21 28 -1
21 29 1
21 32 1
21 38 -1
21 40 1
21 54 1
21 62 -1
22 2 1
22 7 1
22 11 -1
22 18 1
22 20 1
22 24 1
22 25 1
22 26 -1
22 27 1
22 29 -1
22 30 1
22 32 1
22 37 -1
22 43 -1
22 63 1
23 10 1
23 13 1
23 17 -1
23 18 1
23 20 -1
23 21 -1
23 25 1
23 27 -1
23 28 1
23 29 1
23 31 1
23 34 1
23 45 -1
23 47 -1
23 63 -1
24 4 -1
24 17 -1
24 18 1
24 19 1
24 21 1
24 22 1
24 25 -1
24 29 1
24 30 -1
24 32 -1
24 34 1
24 38 1
24 48 1
24 55 1
24 57 -1
24 59 -1
25 9 1
25 13 1
25 17 1
25 18 -1
25 21 1
25 22 1
25 23 1
25 24 -1
25 27 -1
25 28 1
25 32 1
25 35 1
25 38 -1
25 41 1
25 44 1
25 62 -1
26 5 -1
26 12 1
26 17 1
26 19 1
26 20 1
26 22 -1
26 27 -1
26 28 1
26 29 1
26 30 1
26 32 -1
26 38 1
26 39 1
26 49 1
26 57 1
26 63 1
27 6 1
27 15 1
27 16 -1
27 18 1
27 21 1
27 22 1
27 23 -1
27 25 -1
27 26 -1
27 28 1
27 30 1
27 31 1
27 43 1
27 51 1
27 60 1
27 61 1
28 16 -1
28 18 1
28 19 -1
28 21 -1
28 23 1
28 25 1
28 26 1
28 27 1
28 31 1
28 32 1
28 35 1
28 40 -1
28 52 1
28 53 1
28 55 1
28 63 1
29 1 -1
29 6 -1
29 7 -1
29 13 -1
29 17 1
29 19 -1
29 20 1
29 21 1
29 22 -1
29 23 1
29 24 1
29 26 1
29 32 1
29 36 -1
29 42 -1
29 61 1
30 12 -1
30 14 1
30 17 -1
30 18 -1
30 19 -1
30 20 -1
30 22 1
30 24 -1
30 26 1
30 27 1
30 31 1
30 33 1
30 44 1
30 48 -1
30 55 1
31 3 1
31 4 1
31 5 1
31 11 1
31 17 1
31 18 1
31 19 1
31 20 1
31 23 1
31 27 1
31 28 1
31 30 1
31 32 1
31 33 1
31 38 1
31 49 1
32 1 1
32 2 -1
32 8 1
32 11 1
32 13 1
32 14 1
32 19 -1
32 21 1
32 22 1
32 24 -1
32 25 1
32 26 -1
32 28 1
32 29 1
32 31 1
32 44 1
33 3 1
33 30 1
33 31 1
33 34 -1
33 35 1
33 37 1
33 38 -1
33 43 1
33 44 1
33 45 1
33 46 1
33 47 1
33 56 -1
33 59 1
33 61 1
33 62 1
34 3 1
34 5 1
34 11 1
34 23 1
34 24 1
34 33 -1
34 35 1
34 36 -1
34 37 1
34 38 1
34 39 1
34 40 -1
34 47 1
34 48 1
34 52 -1
35 2 -1
35 15 1
35 18 -1
35 25 1
35 28 1
35 33 1
35 34 1
35 36 -1
35 38 -1
35 39 1
35 40 1
35 41 1
35 43 1
35 47 1
35 51 -1
35 58 -1
36 6 1
36 7 1
36 29 -1
36 34 -1
36 35 -1
36 37 1
36 39 1
36 40 1
36 41 1
36 43 -1
36 44 -1
36 48 1
36 56 1
36 58 1
36 60 1
36 64 1
37 5 -1
37 16 1
37 22 -1
37 33 1
37 34 1
37 36 1
37 39 1
37 41 1
37 42 1
37 43 1
37 45 1
37 46 1
37 51 1
37 53 -1
37 56 1
38 17 1
38 21 -1
38 24 1
38 25 -1
38 26 1
38 31 1
38 33 -1
38 34 1
38 35 -1
38 42 1
38 44 1
38 45 1
38 46 -1
38 47 -1
38 48 1
38 49 -1
39 2 -1
39 14 1
39 15 1
39 19 -1
39 26 1
39 34 1
39 35 1
39 36 1
39 37 1
39 40 -1
39 41 1
39 42 1
39 43 -1
39 44 1
39 52 1
40 8 -1
40 18 1
40 21 1
40 28 -1
40 34 -1
40 35 1
40 36 1
40 39 -1
40 41 1
40 45 -1
40 46 1
40 47 1
40 48 -1
40 54 -1
40 56 1
40 64 1
41 1 1
41 5 1
41 15 1
41 25 1
41 35 1
41 36 1
41 37 1
41 39 1
41 40 1
41 42 1
41 43 1
41 44 1
41 45 1
41 51 -1
41 61 1
42 7 1
42 8 1
42 29 -1
42 37 1
42 38 1
42 39 1
42 41 1
42 43 1
42 45 -1
42 46 -1
42 47 1
42 48 1
42 49 1
42 54 1
42 58 1
42 59 1
43 6 1
43 22 -1
43 27 1
43 33 1
43 35 1
43 36 -1
43 37 1
43 39 -1
43 41 1
43 42 1
43 46 1
43 48 -1
43 55 1
43 60 -1
43 61 -1
44 9 1
44 11 -1
44 25 1
44 30 1
44 32 1
44 33 1
44 36 -1
44 38 1
44 39 1
44 41 1
44 45 1
44 46 1
44 47 1
44 48 1
44 53 -1
45 4 1
45 9 1
45 17 1
45 20 -1
45 23 -1
45 33 1
45 37 1
45 38 1
45 40 -1
45 41 1
45 42 -1
45 44 1
45 46 -1
45 48 1
45 50 -1
45 64 -1
46 2 1
46 5 -1
46 13 1
46 14 -1
46 33 1
46 37 1
46 38 -1
46 40 1
46 42 -1
46 43 1
46 44 1
46 45 -1
46 47 1
46 49 1
46 54 1
46 58 -1
47 6 -1
47 9 1
47 17 1
47 20 1
47 23 -1
47 33 1
47 34 1
47 35 1
47 38 -1
47 40 1
47 42 1
47 44 1
47 46 1
47 48 -1
47 51 -1
47 53 -1
48 6 1
48 8 1
48 20 1
48 24 1
48 30 -1
48 34 1
48 36 1
48 38 1
48 40 -1
48 42 1
48 43 -1
48 44 1
48 45 1
48 47 -1
48 49 1
48 58 -1
49 12 1
49 26 1
49 31 1
49 38 -1
49 42 1
49 46 1
49 48 1
49 50 1
49 52 1
49 54 1
49 56 1
49 57 1
49 59 1
49 62 1
49 63 -1
49 64 1
50 1 -1
50 7 1
50 16 1
50 17 1
50 19 1
50 45 -1
50 49 1
50 51 1
50 53 -1
50 54 -1
50 56 1
50 59 1
50 60 1
50 61 1
50 63 1
51 11 1
51 15 1
51 27 1
51 35 -1
51 37 1
51 41 -1
51 47 -1
51 50 1
51 53 1
51 55 -1
51 57 -1
51 58 1
51 60 1
51 61 1
51 62 1
51 63 1
52 12 1
52 14 1
52 19 1
52 28 1
52 34 -1
52 39 1
52 49 1
52 53 1
52 54 -1
52 55 1
52 56 1
52 58 1
52 59 1
52 62 -1
52 63 1
53 3 1
53 7 -1
53 20 1
53 28 1
53 37 -1
53 44 -1
53 47 -1
53 50 -1
53 51 1
53 52 1
53 54 1
53 55 1
53 60 -1
53 61 1
53 63 1
53 64 1
54 10 -1
54 18 1
54 20 1
54 21 1
54 40 -1
54 42 1
54 46 1
54 49 1
54 50 -1
54 52 -1
54 53 1
54 55 1
54 57 1
54 58 -1
54 62 -1
54 64 -1
55 8 1
55 9 1
55 24 1
55 28 1
55 30 1
55 43 1
55 51 -1
55 52 1
55 53 1
55 54 1
55 56 -1
55 58 1
55 59 -1
55 63 -1
55 64 1
56 2 -1
56 3 1
56 33 -1
56 36 1
56 37 1
56 40 1
56 49 1
56 50 1
56 52 1
56 55 -1
56 59 -1
56 60 -1
56 61 1
56 62 1
56 64 1
57 4 1
57 10 -1
57 13 -1
57 18 1
57 24 -1
57 26 1
57 49 1
57 51 -1
57 54 1
57 58 1
57 59 1
57 60 -1
57 61 1
57 63 1
57 64 1
58 10 1
58 16 1
58 35 -1
58 36 1
58 42 1
58 46 -1
58 48 -1
58 51 1
58 52 1
58 54 -1
58 55 1
58 57 1
58 60 -1
58 61 1
58 62 1
58 64 1
59 1 1
59 4 -1
59 8 -1
59 24 -1
59 33 1
59 42 1
59 49 1
59 50 1
59 52 1
59 55 -1
59 56 -1
59 57 1
59 60 1
59 62 1
59 63 1
60 12 1
60 14 1
60 20 1
60 27 1
60 36 1
60 43 -1
60 50 1
60 51 1
60 53 -1
60 56 -1
60 57 -1
60 58 -1
60 59 1
60 62 1
60 64 1
61 3 -1
61 6 -1
61 27 1
61 29 1
61 33 1
61 41 1
61 43 -1
61 50 1
61 51 1
61 53 1
61 56 1
61 57 1
61 58 1
61 62 -1
61 63 1
61 64 1
62 2 1
62 7 1
62 17 1
62 21 -1
62 25 -1
62 33 1
62 49 1
62 51 1
62 52 -1
62 54 -1
62 56 1
62 58 1
62 59 1
62 60 1
62 61 -1
63 9 -1
63 13 -1
63 22 1
63 23 -1
63 26 1
63 28 1
63 49 -1
63 50 1
63 51 1
63 52 1
63 53 1
63 55 -1
63 57 1
63 59 1
63 61 1
64 5 1
64 12 1
64 16 1
64 17 1
64 36 1
64 40 1
64 45 -1
64 49 1
64 53 1
64 54 -1
64 55 1
64 56 1
64 57 1
64 58 1
64 60 1
64 61 1
