1 4 -1
1 6 -1
1 7 -1
1 8 -1
1 9 -1
1 12 -1
1 14 -1
1 15 -1
1 16 -1
1 27 -1
1 28 -1
1 34 -1
1 56 -1
1 60 1
1 61 -1
2 3 -1
2 4 -1
2 5 -1
2 8 -1
2 10 -1
2 11 -1
2 12 -1
2 13 -1
2 15 -1
2 18 -1
2 22 -1
2 30 -1
2 34 -1
2 38 -1
2 41 1
2 60 -1
3 2 -1
3 6 -1
3 7 -1
3 9 -1
3 10 -1
3 13 -1
3 14 -1
3 15 -1
3 16 -1
3 36 -1
3 38 -1
3 40 -1
3 52 -1
3 54 -1
3 57 -1
3 63 -1
4 1 -1
4 2 -1
4 5 -1
4 8 1
4 9 -1
4 11 1
4 13 -1
4 15 -1
4 16 -1
4 17 -1
4 36 -1
4 46 -1
4 52 -1
4 54 -1
4 55 -1
4 59 -1
5 2 -1
5 4 -1
5 6 -1
5 7 -1
5 8 -1
5 9 -1
5 10 -1
5 13 -1
5 16 -1
5 23 -1
5 27 1
5 28 -1
5 37 -1
5 39 -1
5 47 -1
5 51 -1
6 1 -1
6 3 -1
6 5 -1
6 7 -1
6 10 -1
6 11 1
6 12 -1
6 14 -1
6 15 -1
6 28 -1
6 33 -1
6 44 -1
6 46 1
6 56 -1
6 59 -1
6 61 -1
7 1 -1
7 3 -1
7 5 -1
7 6 -1
7 8 -1
7 9 -1
7 10 -1
7 11 -1
7 14 -1
7 20 -1
7 30 -1
7 37 -1
7 38 -1
7 46 1
7 56 -1
7 58 -1
8 1 -1
8 2 -1
8 4 1
8 5 -1
8 7 -1
8 10 -1
8 12 -1
8 15 -1
8 16 -1
8 24 -1
8 25 -1
8 42 -1
8 47 1
8 49 -1
8 60 -1
9 1 -1
9 3 -1
9 4 -1
9 5 -1
9 7 -1
9 11 1
9 13 -1
9 14 -1
9 15 -1
9 26 -1
9 30 -1
9 34 -1
9 43 -1
9 51 -1
9 53 -1
9 64 -1
10 2 -1
10 3 -1
10 5 -1
10 6 -1
10 7 -1
10 8 -1
10 11 1
10 12 -1
10 15 -1
10 23 -1
10 24 -1
10 42 -1
10 54 -1
10 58 -1
11 2 -1
11 4 1
11 6 1
11 7 -1
11 9 1
11 10 1
11 13 1
11 14 -1
11 16 1
11 19 -1
11 20 -1
11 35 -1
11 46 -1
11 54 -1
11 60 -1
12 1 -1
12 2 -1
12 6 -1
12 8 -1
12 10 -1
12 13 -1
12 14 -1
12 15 -1
12 16 -1
12 21 -1
12 24 -1
12 28 -1
12 32 1
12 44 -1
12 62 -1
12 64 -1
13 2 -1
13 3 -1
13 4 -1
13 5 -1
13 9 -1
13 11 1
13 12 -1
13 14 1
13 16 -1
13 19 -1
13 29 -1
13 33 -1
13 36 -1
13 39 1
13 41 -1
13 53 -1
14 1 -1
14 3 -1
14 6 -1
14 7 -1
14 9 -1
14 11 -1
14 12 -1
14 13 1
14 16 -1
14 21 -1
14 24 -1
14 38 -1
14 44 -1
14 62 -1
14 64 -1
15 1 -1
15 2 -1
15 3 -1
15 4 -1
15 6 -1
15 8 -1
15 9 -1
15 10 -1
15 12 -1
15 17 -1
15 42 -1
15 43 -1
15 49 -1
15 54 -1
15 55 -1
16 1 -1
16 3 -1
16 4 -1
16 5 -1
16 8 -1
16 11 1
16 12 -1
16 13 -1
16 14 -1
16 19 1
16 27 -1
16 31 -1
16 33 -1
16 37 -1
16 39 -1
16 55 -1
17 4 -1
17 15 -1
17 18 -1
17 19 -1
17 24 -1
17 25 -1
17 27 -1
17 28 -1
17 29 -1
17 30 -1
17 32 -1
17 33 1
17 52 -1
17 56 -1
17 64 -1
18 2 -1
18 17 -1
18 19 -1
18 20 -1
18 23 -1
18 25 -1
18 27 -1
18 29 1
18 30 -1
18 31 -1
18 34 -1
18 36 1
18 55 -1
18 63 -1
19 11 -1
19 13 -1
19 16 1
19 17 -1
19 18 -1
19 20 -1
19 22 -1
19 25 -1
19 27 -1
19 28 1
19 29 -1
19 30 -1
19 47 -1
19 53 -1
19 59 -1
20 7 -1
20 11 -1
20 18 -1
20 19 -1
20 23 -1
20 25 -1
20 26 -1
20 29 1
20 30 -1
20 31 -1
20 32 -1
20 33 -1
20 39 -1
20 55 -1
20 59 -1
20 61 -1
21 12 -1
21 14 -1
21 23 -1
21 24 -1
21 25 1
21 26 -1
21 27 -1
21 28 -1
21 29 -1
21 31 1
21 32 -1
21 40 -1
21 49 -1
21 51 -1
21 57 -1
22 2 -1
22 19 -1
22 23 -1
22 24 -1
22 26 -1
22 27 -1
22 28 -1
22 29 -1
22 31 -1
22 32 -1
22 34 -1
22 38 -1
22 48 -1
22 50 -1
22 62 -1
23 5 -1
23 10 -1
23 18 -1
23 20 -1
23 21 -1
23 22 -1
23 24 -1
23 26 -1
23 28 1
23 30 1
23 31 -1
23 35 -1
23 46 1
23 52 1
23 54 -1
24 8 -1
24 10 -1
24 12 -1
24 14 -1
24 17 -1
24 21 -1
24 22 -1
24 23 -1
24 26 1
24 28 -1
24 30 -1
24 31 -1
24 32 -1
24 48 -1
24 56 1
25 8 -1
25 17 -1
25 18 -1
25 19 -1
25 20 -1
25 21 1
25 26 -1
25 29 -1
25 31 -1
25 32 -1
25 35 -1
25 40 -1
25 45 -1
25 50 -1
25 64 -1
26 9 -1
26 20 -1
26 21 -1
26 22 -1
26 23 -1
26 24 1
26 25 -1
26 27 -1
26 28 -1
26 32 -1
26 34 -1
26 44 -1
26 45 -1
26 48 -1
26 50 -1
26 56 -1
27 1 -1
27 5 1
27 16 -1
27 17 -1
27 18 -1
27 19 -1
27 21 -1
27 22 -1
27 26 -1
27 28 1
27 29 -1
27 32 -1
27 35 -1
27 39 -1
27 45 -1
28 1 -1
28 5 -1
28 6 -1
28 12 -1
28 17 -1
28 19 1
28 21 -1
28 22 -1
28 23 1
28 24 -1
28 26 -1
28 27 1
28 30 -1
28 41 -1
28 61 -1
28 62 -1
29 13 -1
29 17 -1
29 18 1
29 19 -1
29 20 1
29 21 -1
29 22 -1
29 25 -1
29 27 -1
29 31 -1
29 35 -1
29 37 -1
29 43 -1
29 44 -1
29 52 -1
29 53 -1
30 2 -1
30 7 -1
30 9 -1
30 17 -1
30 18 -1
30 19 -1
30 20 -1
30 23 1
30 24 -1
30 28 -1
30 31 -1
30 32 -1
30 41 1
30 43 -1
30 45 -1
30 53 -1
31 16 -1
31 18 -1
31 20 -1
31 21 1
31 22 -1
31 23 -1
31 24 -1
31 25 -1
31 29 -1
31 30 -1
31 40 -1
31 42 -1
31 50 -1
31 51 1
31 57 1
31 58 -1
32 12 1
32 17 -1
32 20 -1
32 21 -1
32 22 -1
32 24 -1
32 25 -1
32 26 -1
32 27 -1
32 30 -1
32 44 -1
32 48 -1
32 50 -1
32 58 -1
32 59 -1
33 6 -1
33 13 -1
33 16 -1
33 17 1
33 20 -1
33 35 -1
33 37 -1
33 39 -1
33 41 -1
33 43 -1
33 45 -1
33 46 -1
33 47 -1
33 48 -1
33 57 1
34 1 -1
34 2 -1
34 9 -1
34 18 -1
34 22 -1
34 26 -1
34 35 -1
34 36 -1
34 38 -1
34 39 -1
34 40 -1
34 42 -1
34 44 -1
34 46 -1
34 48 -1
34 51 -1
35 11 -1
35 23 -1
35 25 -1
35 27 -1
35 29 -1
35 33 -1
35 34 -1
35 36 -1
35 37 -1
35 39 -1
35 40 -1
35 41 -1
35 45 -1
35 48 -1
35 58 -1
36 3 -1
36 4 -1
36 13 -1
36 18 1
36 34 -1
36 35 -1
36 38 -1
36 39 -1
36 41 -1
36 42 -1
36 43 -1
36 45 -1
36 47 -1
36 51 -1
36 55 -1
36 61 -1
37 5 -1
37 7 -1
37 16 -1
37 29 -1
37 33 -1
37 35 -1
37 38 -1
37 39 -1
37 40 -1
37 43 -1
37 46 -1
37 47 1
37 48 -1
37 49 1
37 62 -1
38 2 -1
38 3 -1
38 7 -1
38 14 -1
38 22 -1
38 34 -1
38 36 -1
38 37 -1
38 40 -1
38 41 -1
38 42 -1
38 44 -1
38 45 -1
38 46 1
38 63 -1
39 5 -1
39 13 1
39 16 -1
39 20 -1
39 27 -1
39 33 -1
39 34 -1
39 35 -1
39 36 -1
39 37 -1
39 41 -1
39 44 1
39 47 -1
39 48 1
39 54 -1
39 64 1
40 3 -1
40 21 -1
40 25 -1
40 31 -1
40 34 -1
40 35 -1
40 37 -1
40 38 -1
40 42 -1
40 43 -1
40 44 -1
40 45 -1
40 47 -1
40 61 1
40 63 -1
41 2 1
41 13 -1
41 28 -1
41 30 1
41 33 -1
41 35 -1
41 36 -1
41 38 -1
41 39 -1
41 42 -1
41 44 -1
41 46 -1
41 48 -1
41 49 -1
41 63 -1
41 64 -1
42 8 -1
42 10 -1
42 15 -1
42 31 -1
42 34 -1
42 36 -1
42 38 -1
42 40 -1
42 41 -1
42 43 -1
42 44 -1
42 46 -1
42 47 1
42 51 -1
42 61 -1
43 9 -1
43 15 -1
43 29 -1
43 30 -1
43 33 -1
43 36 -1
43 37 -1
43 40 -1
43 42 -1
43 44 -1
43 45 -1
43 46 -1
43 47 -1
43 57 -1
43 63 -1
44 6 -1
44 12 -1
44 14 -1
44 26 -1
44 29 -1
44 32 -1
44 34 -1
44 38 -1
44 39 1
44 40 -1
44 41 -1
44 42 -1
44 43 -1
44 45 1
44 48 -1
44 57 -1
45 25 -1
45 26 -1
45 27 -1
45 30 -1
45 33 -1
45 35 -1
45 36 -1
45 38 -1
45 40 -1
45 43 -1
45 44 1
45 46 -1
45 48 -1
45 49 -1
45 59 -1
46 4 -1
46 6 1
46 7 1
46 11 -1
46 23 1
46 33 -1
46 34 -1
46 37 -1
46 38 1
46 41 -1
46 42 -1
46 43 -1
46 45 -1
46 47 -1
46 57 -1
46 59 -1
47 5 -1
47 8 1
47 19 -1
47 33 -1
47 36 -1
47 37 1
47 39 -1
47 40 -1
47 42 1
47 43 -1
47 46 -1
47 48 -1
47 52 1
47 53 -1
47 60 -1
48 22 -1
48 24 -1
48 26 -1
48 32 -1
48 33 -1
48 34 -1
48 35 -1
48 37 -1
48 39 1
48 41 -1
48 44 -1
48 45 -1
48 47 -1
48 49 -1
48 56 -1
48 58 -1
49 8 -1
49 15 -1
49 21 -1
49 37 1
49 41 -1
49 45 -1
49 48 -1
49 50 -1
49 51 -1
49 52 -1
49 54 1
49 55 -1
49 56 -1
49 57 -1
49 58 -1
49 60 -1
50 22 -1
50 25 -1
50 26 -1
50 31 -1
50 32 -1
50 49 -1
50 51 -1
50 52 -1
50 53 -1
50 54 -1
50 59 -1
50 62 -1
50 63 -1
50 64 -1
51 5 -1
51 9 -1
51 21 -1
51 31 1
51 34 -1
51 36 -1
51 42 -1
51 49 -1
51 50 -1
51 52 -1
51 53 -1
51 55 -1
51 57 -1
51 59 -1
51 63 -1
51 64 -1
52 3 -1
52 4 -1
52 17 -1
52 23 1
52 29 -1
52 47 1
52 49 -1
52 50 -1
52 51 -1
52 53 -1
52 55 -1
52 59 -1
52 60 -1
52 61 1
52 62 -1
53 9 -1
53 13 -1
53 19 -1
53 29 -1
53 30 -1
53 47 -1
53 50 -1
53 51 -1
53 52 -1
53 54 -1
53 57 1
53 58 -1
53 59 -1
53 61 -1
53 62 -1
54 3 -1
54 4 -1
54 10 -1
54 11 -1
54 15 -1
54 23 -1
54 39 -1
54 49 1
54 50 -1
54 53 -1
54 56 -1
54 57 -1
54 58 1
54 59 -1
54 61 -1
54 63 -1
55 4 -1
55 15 -1
55 16 -1
55 18 -1
55 20 -1
55 36 -1
55 49 -1
55 51 -1
55 52 -1
55 56 -1
55 57 -1
55 59 -1
55 60 -1
55 62 -1
55 64 -1
56 1 -1
56 6 -1
56 7 -1
56 17 -1
56 24 1
56 26 -1
56 48 -1
56 49 -1
56 54 -1
56 55 -1
56 58 -1
56 60 -1
56 61 -1
56 62 -1
56 63 -1
56 64 -1
57 3 -1
57 21 -1
57 31 1
57 33 1
57 43 -1
57 44 -1
57 46 -1
57 49 -1
57 51 -1
57 53 1
57 54 -1
57 55 -1
57 58 -1
57 60 -1
57 62 -1
57 63 -1
58 7 -1
58 10 -1
58 31 -1
58 32 -1
58 35 -1
58 48 -1
58 49 -1
58 53 -1
58 54 1
58 56 -1
58 57 -1
58 59 -1
58 61 -1
58 63 -1
58 64 -1
59 4 -1
59 6 -1
59 19 -1
59 20 -1
59 32 -1
59 45 -1
59 46 -1
59 50 -1
59 51 -1
59 52 -1
59 53 -1
59 54 -1
59 55 -1
59 58 -1
59 60 -1
59 64 -1
60 1 1
60 2 -1
60 8 -1
60 11 -1
60 47 -1
60 49 -1
60 52 -1
60 55 -1
60 56 -1
60 57 -1
60 59 -1
60 61 -1
60 63 -1
60 64 -1
61 1 -1
61 6 -1
61 20 -1
61 28 -1
61 36 -1
61 40 1
61 42 -1
61 52 1
61 53 -1
61 54 -1
61 56 -1
61 58 -1
61 60 -1
61 62 1
61 63 -1
61 64 -1
62 12 -1
62 14 -1
62 22 -1
62 28 -1
62 37 -1
62 50 -1
62 52 -1
62 53 -1
62 55 -1
62 56 -1
62 57 -1
62 61 1
62 63 -1
62 64 -1
63 3 -1
63 18 -1
63 38 -1
63 40 -1
63 41 -1
63 43 -1
63 50 -1
63 51 -1
63 54 -1
63 56 -1
63 57 -1
63 58 -1
63 60 -1
63 61 -1
63 62 -1
64 9 -1
64 12 -1
64 14 -1
64 17 -1
64 25 -1
64 39 1
64 41 -1
64 50 -1
64 51 -1
64 55 -1
64 56 -1
64 58 -1
64 59 -1
64 60 -1
64 61 -1
64 62 -1
