1 2 1
1 3 -1
1 8 1
1 9 1
1 11 1
1 12 1
1 13 1
1 15 -1
1 16 1
1 17 1
1 36 1
1 52 1
1 55 -1
1 60 1
1 64 1
2 1 1
2 3 1
2 4 -1
2 7 -1
2 9 1
2 10 1
2 11 1
2 15 1
2 16 -1
2 19 1
2 42 1
2 48 -1
2 62 1
2 63 -1
3 1 -1
3 2 1
3 5 -1
3 6 1
3 7 1
3 9 1
3 10 -1
3 13 -1
3 15 1
3 18 1
3 31 1
3 36 1
3 40 1
3 50 -1
3 59 -1
3 64 1
4 2 -1
4 6 1
4 8 1
4 9 1
4 10 1
4 12 1
4 13 1
4 15 -1
4 16 -1
4 17 -1
4 23 1
4 25 1
4 34 1
4 42 1
4 46 -1
4 60 1
5 3 -1
5 6 1
5 7 1
5 8 -1
5 9 1
5 13 1
5 14 1
5 15 1
5 16 1
5 22 1
5 29 1
5 35 1
5 41 -1
5 49 1
5 59 -1
5 63 1
6 3 1
6 4 1
6 5 1
6 10 1
6 11 1
6 12 -1
6 14 1
6 15 -1
6 16 1
6 45 1
6 47 -1
6 49 -1
6 53 -1
6 59 1
6 61 1
7 2 -1
7 3 1
7 5 1
7 8 1
7 12 1
7 13 -1
7 14 -1
7 15 1
7 16 1
7 22 1
7 34 -1
7 47 1
7 48 1
7 61 1
8 1 1
8 4 1
8 5 -1
8 7 1
8 9 -1
8 11 -1
8 12 -1
8 14 -1
8 16 1
8 19 1
8 28 1
8 51 1
8 54 1
8 57 1
8 59 1
8 60 1
9 1 1
9 2 1
9 3 1
9 4 1
9 5 1
9 8 -1
9 11 -1
9 12 1
9 13 1
9 21 1
9 27 -1
9 30 -1
9 39 -1
9 41 -1
9 51 -1
10 2 1
10 3 -1
10 4 1
10 6 1
10 11 1
10 12 -1
10 13 -1
10 14 -1
10 16 1
10 28 -1
10 42 1
10 44 1
10 46 1
10 56 1
10 59 1
10 60 1
11 1 1
11 2 1
11 6 1
11 8 -1
11 9 -1
11 10 1
11 13 -1
11 14 -1
11 16 1
11 20 1
11 29 1
11 30 1
11 50 1
11 58 1
12 1 1
12 4 1
12 6 -1
12 7 1
12 8 -1
12 9 1
12 10 -1
12 14 -1
12 15 -1
12 28 1
12 37 1
12 39 1
12 49 1
12 53 1
12 54 1
12 57 1
13 1 1
13 3 -1
13 4 1
13 5 1
13 7 -1
13 9 1
13 10 -1
13 11 -1
13 14 1
13 17 1
13 24 1
13 25 1
13 36 1
13 50 1
13 54 1
13 55 1
14 5 1
14 6 1
14 7 -1
14 8 -1
14 10 -1
14 11 -1
14 12 -1
14 13 1
14 15 1
14 20 1
14 29 1
14 33 1
14 44 1
14 52 1
14 60 1
15 1 -1
15 2 1
15 3 1
15 4 -1
15 5 1
15 6 -1
15 7 1
15 12 -1
15 14 1
15 21 1
15 32 1
15 40 1
15 50 1
15 62 1
16 1 1
16 2 -1
16 4 -1
16 5 1
16 6 1
16 7 1
16 8 1
16 10 1
16 11 1
16 21 1
16 31 1
16 35 -1
16 39 -1
16 53 1
16 64 1
17 1 1
17 4 -1
17 13 1
17 18 1
17 21 1
17 23 1
17 24 1
17 26 -1
17 27 1
17 28 1
17 29 1
17 32 -1
17 37 1
17 41 1
17 54 -1
17 55 1
18 3 1
18 17 1
18 19 1
18 20 -1
18 21 -1
18 22 1
18 23 -1
18 26 1
18 27 1
18 31 1
18 35 1
18 37 1
18 53 1
18 57 1
18 61 1
19 2 1
19 8 1
19 18 1
19 21 -1
19 22 1
19 23 1
19 24 1
19 26 1
19 27 1
19 29 -1
19 31 1
19 34 1
19 42 1
19 51 -1
19 64 -1
20 11 1
20 14 1
20 18 -1
20 21 1
20 22 -1
20 25 1
20 26 -1
20 28 -1
20 30 -1
20 31 -1
20 32 1
20 34 1
20 42 1
20 46 -1
20 57 1
20 62 1
21 9 1
21 15 1
21 16 1
21 17 1
21 18 -1
21 19 -1
21 20 1
21 24 -1
21 25 1
21 26 1
21 30 -1
21 32 1
21 35 1
21 39 1
21 45 -1
21 47 -1
22 5 1
22 7 1
22 18 1
22 19 1
22 20 -1
22 26 1
22 27 1
22 28 1
22 30 1
22 31 -1
22 32 1
22 39 1
22 44 -1
22 46 -1
23 4 1
23 17 1
23 18 -1
23 19 1
23 25 1
23 26 1
23 27 1
23 29 1
23 30 1
23 31 1
23 33 -1
23 41 -1
23 47 1
23 49 -1
23 51 1
24 13 1
24 17 1
24 19 1
24 21 -1
24 25 1
24 27 1
24 29 -1
24 30 1
24 31 1
24 32 -1
24 34 1
24 40 -1
24 42 1
24 64 1
25 4 1
25 13 1
25 20 1
25 21 1
25 23 1
25 24 1
25 27 1
25 28 1
25 29 1
25 30 1
25 32 1
25 33 1
25 35 1
25 45 1
25 49 1
25 56 1
26 17 -1
26 18 1
26 19 1
26 20 -1
26 21 1
26 22 1
26 23 1
26 28 -1
26 29 -1
26 34 1
26 36 -1
26 46 -1
26 56 1
26 60 -1
26 62 1
26 63 1
27 9 -1
27 17 1
27 18 1
27 19 1
27 22 1
27 23 1
27 24 1
27 25 1
27 31 1
27 32 -1
27 33 -1
27 38 1
27 40 1
27 45 -1
27 48 1
27 49 1
28 8 1
28 10 -1
28 12 1
28 17 1
28 20 -1
28 22 1
28 25 1
28 26 -1
28 29 1
28 30 1
28 31 -1
28 32 1
28 38 1
28 43 1
28 44 1
28 46 1
29 5 1
29 11 1
29 14 1
29 17 1
29 19 -1
29 23 1
29 24 -1
29 25 1
29 26 -1
29 28 1
29 30 1
29 32 1
29 39 -1
29 48 -1
29 49 1
29 55 1
30 9 -1
30 11 1
30 20 -1
30 21 -1
30 22 1
30 23 1
30 24 1
30 25 1
30 28 1
30 29 1
30 31 1
30 43 1
30 52 1
30 61 -1
30 63 1
31 3 1
31 16 1
31 18 1
31 19 1
31 20 -1
31 22 -1
31 23 1
31 24 1
31 27 1
31 28 -1
31 30 1
31 34 -1
31 38 -1
31 54 1
31 58 1
32 15 1
32 17 -1
32 20 1
32 21 1
32 22 1
32 24 -1
32 25 1
32 27 -1
32 28 1
32 29 1
32 33 1
32 35 1
32 37 1
32 43 1
32 57 1
33 14 1
33 23 -1
33 25 1
33 27 -1
33 32 1
33 34 -1
33 35 1
33 36 1
33 38 -1
33 40 1
33 43 1
33 44 1
33 45 1
33 47 1
33 53 1
34 4 1
34 7 -1
34 19 1
34 20 1
34 24 1
34 26 1
34 31 -1
34 33 -1
34 36 1
34 38 -1
34 39 1
34 42 1
34 43 1
34 44 1
34 45 1
34 48 1
35 5 1
35 16 -1
35 18 1
35 21 1
35 25 1
35 32 1
35 33 1
35 36 1
35 39 1
35 40 1
35 41 1
35 42 1
35 43 1
35 45 1
35 46 1
35 51 1
36 1 1
36 3 1
36 13 1
36 26 -1
36 33 1
36 34 1
36 35 1
36 37 1
36 39 -1
36 40 1
36 42 1
36 45 -1
36 48 -1
36 56 1
37 12 1
37 17 1
37 18 1
37 32 1
37 36 1
37 39 1
37 40 1
37 41 -1
37 42 -1
37 43 -1
37 46 1
37 47 -1
37 48 1
37 55 1
37 61 -1
38 27 1
38 28 1
38 31 -1
38 33 -1
38 34 -1
38 39 -1
38 41 1
38 43 -1
38 44 -1
38 45 1
38 46 1
38 48 -1
38 53 -1
38 56 1
38 58 1
39 9 -1
39 12 1
39 16 -1
39 21 1
39 22 1
39 29 -1
39 34 1
39 35 1
39 36 -1
39 37 1
39 38 -1
39 40 -1
39 44 -1
39 45 1
39 46 1
40 3 1
40 15 1
40 24 -1
40 27 1
40 33 1
40 35 1
40 36 1
40 37 1
40 39 -1
40 44 1
40 46 -1
40 47 -1
40 48 -1
40 55 -1
40 63 1
41 5 -1
41 9 -1
41 17 1
41 23 -1
41 35 1
41 37 -1
41 38 1
41 42 1
41 43 -1
41 44 1
41 45 1
41 46 1
41 47 1
41 50 -1
41 52 1
42 2 1
42 4 1
42 10 1
42 19 1
42 20 1
42 24 1
42 34 1
42 35 1
42 36 1
42 37 -1
42 41 1
42 44 1
42 46 1
42 47 1
42 48 -1
43 28 1
43 30 1
43 32 1
43 33 1
43 34 1
43 35 1
43 37 -1
43 38 -1
43 41 -1
43 45 -1
43 46 -1
43 47 -1
43 50 -1
43 53 -1
43 57 1
43 59 -1
44 10 1
44 14 1
44 22 -1
44 28 1
44 33 1
44 34 1
44 38 -1
44 39 -1
44 40 1
44 41 1
44 42 1
44 47 -1
44 48 -1
44 52 1
44 58 1
45 6 1
45 21 -1
45 25 1
45 27 -1
45 33 1
45 34 1
45 35 1
45 36 -1
45 38 1
45 39 1
45 41 1
45 43 -1
45 48 1
45 52 1
45 59 -1
45 62 -1
46 4 -1
46 10 1
46 20 -1
46 22 -1
46 26 -1
46 28 1
46 35 1
46 37 1
46 38 1
46 39 1
46 40 -1
46 41 1
46 42 1
46 43 -1
46 47 1
46 63 1
47 6 -1
47 7 1
47 21 -1
47 23 1
47 33 1
47 37 -1
47 40 -1
47 41 1
47 42 1
47 43 -1
47 44 -1
47 46 1
47 48 1
47 54 1
47 62 1
47 63 1
48 2 -1
48 7 1
48 27 1
48 29 -1
48 34 1
48 36 -1
48 37 1
48 38 -1
48 40 -1
48 42 -1
48 44 -1
48 45 1
48 47 1
48 55 -1
48 57 -1
49 5 1
49 6 -1
49 12 1
49 23 -1
49 25 1
49 27 1
49 29 1
49 50 -1
49 51 -1
49 54 1
49 55 1
49 56 -1
49 60 1
49 62 -1
49 63 1
49 64 1
50 3 -1
50 11 1
50 13 1
50 15 1
50 41 -1
50 43 -1
50 49 -1
50 53 -1
50 54 1
50 57 1
50 58 1
50 59 -1
50 61 1
50 62 1
50 64 1
51 8 1
51 9 -1
51 19 -1
51 23 1
51 35 1
51 49 -1
51 52 1
51 55 -1
51 58 -1
51 59 1
51 60 1
51 61 1
51 63 1
51 64 1
52 1 1
52 14 1
52 30 1
52 41 1
52 44 1
52 45 1
52 51 1
52 54 -1
52 55 1
52 56 1
52 57 -1
52 58 1
52 59 1
52 61 -1
52 62 -1
53 6 -1
53 12 1
53 16 1
53 18 1
53 33 1
53 38 -1
53 43 -1
53 50 -1
53 56 1
53 57 -1
53 58 -1
53 59 1
53 60 1
53 61 1
53 63 1
53 64 1
54 8 1
54 12 1
54 13 1
54 17 -1
54 31 1
54 47 1
54 49 1
54 50 1
54 52 -1
54 55 1
54 56 1
54 59 1
54 60 1
54 62 1
54 63 1
55 1 -1
55 13 1
55 17 1
55 29 1
55 37 1
55 40 -1
55 48 -1
55 49 1
55 51 -1
55 52 1
55 54 1
55 56 -1
55 57 1
55 58 1
55 59 1
55 60 1
56 10 1
56 25 1
56 26 1
56 36 1
56 38 1
56 49 -1
56 52 1
56 53 1
56 54 1
56 55 -1
56 57 1
56 58 1
56 59 1
56 61 1
57 8 1
57 12 1
57 18 1
57 20 1
57 32 1
57 43 1
57 48 -1
57 50 1
57 52 -1
57 53 -1
57 55 1
57 56 1
57 58 1
57 60 1
57 62 -1
57 63 1
58 11 1
58 31 1
58 38 1
58 44 1
58 50 1
58 51 -1
58 52 1
58 53 -1
58 55 1
58 56 1
58 57 1
58 61 1
58 62 1
59 3 -1
59 5 -1
59 6 1
59 8 1
59 10 1
59 43 -1
59 45 -1
59 50 -1
59 51 1
59 52 1
59 53 1
59 54 1
59 55 1
59 56 1
59 61 1
59 64 -1
60 1 1
60 4 1
60 8 1
60 10 1
60 14 1
60 26 -1
60 49 1
60 51 1
60 53 1
60 54 1
60 55 1
60 57 1
60 62 1
60 63 1
60 64 1
61 6 1
61 7 1
61 18 1
61 30 -1
61 37 -1
61 50 1
61 51 1
61 52 -1
61 53 1
61 56 1
61 58 1
61 59 1
61 63 -1
61 64 1
62 2 1
62 15 1
62 20 1
62 26 1
62 45 -1
62 47 1
62 49 -1
62 50 1
62 52 -1
62 54 1
62 57 -1
62 58 1
62 60 1
62 63 1
62 64 1
63 2 -1
63 5 1
63 26 1
63 30 1
63 40 1
63 46 1
63 47 1
63 49 1
63 51 1
63 53 1
63 54 1
63 57 1
63 60 1
63 61 -1
63 62 1
63 64 1
64 1 1
64 3 1
64 16 1
64 19 -1
64 24 1
64 49 1
64 50 1
64 51 1
64 53 1
64 59 -1
64 60 1
64 61 1
64 62 1
64 63 1
