1 3 1
1 5 -1
1 6 1
1 7 -1
1 8 1
1 12 1
1 14 1
1 15 1
1 16 -1
1 17 1
1 19 1
1 30 1
1 53 1
1 60 -1
1 61 1
2 3 1
2 4 1
2 8 1
2 9 -1
2 10 -1
2 11 1
2 12 1
2 15 1
2 16 1
2 30 1
2 32 1
2 36 1
2 39 1
2 44 1
2 47 1
2 63 1
3 1 1
3 2 1
3 4 -1
3 5 1
3 9 1
3 10 1
3 13 1
3 14 -1
3 15 -1
3 19 1
3 23 1
3 24 1
3 39 1
3 51 1
3 56 -1
3 57 1
4 2 1
4 3 -1
4 5 1
4 7 1
4 8 -1
4 9 1
4 10 1
4 13 -1
4 15 1
4 18 1
4 29 1
4 44 -1
4 51 1
4 53 1
4 60 1
4 62 1
5 1 -1
5 3 1
5 4 1
5 6 -1
5 9 -1
5 10 -1
5 12 1
5 14 1
5 16 1
5 21 1
5 47 1
5 48 1
5 49 1
5 54 1
5 55 1
5 58 -1
6 1 1
6 5 -1
6 7 -1
6 8 1
6 11 1
6 12 1
6 14 1
6 15 1
6 16 1
6 30 1
6 39 1
6 43 1
6 50 -1
6 52 1
6 55 1
6 57 1
7 1 -1
7 4 1
7 6 -1
7 9 1
7 11 1
7 12 1
7 13 1
7 14 1
7 16 1
7 18 1
7 37 1
7 45 1
7 51 -1
7 55 1
7 56 -1
7 64 1
8 1 1
8 2 1
8 4 -1
8 6 1
8 9 1
8 10 1
8 13 1
8 14 1
8 15 1
8 22 1
8 25 1
8 39 1
8 41 1
8 58 1
8 61 -1
8 64 1
9 2 -1
9 3 1
9 4 1
9 5 -1
9 7 1
9 8 1
9 11 1
9 13 -1
9 15 -1
9 17 1
9 24 1
9 37 1
9 44 1
9 46 1
9 50 1
9 59 1
10 2 -1
10 3 1
10 4 1
10 5 -1
10 8 1
10 11 1
10 14 1
10 15 1
10 16 1
10 19 1
10 24 1
10 35 1
10 44 1
10 62 1
11 2 1
11 6 1
11 7 1
11 9 1
11 10 1
11 12 1
11 13 -1
11 15 1
11 16 1
11 22 1
11 24 1
11 32 1
11 43 1
11 56 -1
11 59 1
12 1 1
12 2 1
12 5 1
12 6 1
12 7 1
12 11 1
12 13 1
12 14 1
12 16 1
12 17 -1
12 24 1
12 27 -1
12 49 1
12 53 1
12 57 -1
12 63 1
13 3 1
13 4 -1
13 7 1
13 8 1
13 9 -1
13 11 -1
13 12 1
13 14 -1
13 16 -1
13 23 1
13 27 1
13 35 -1
13 36 1
13 44 1
13 45 1
13 53 1
14 1 1
14 3 -1
14 5 1
14 6 1
14 7 1
14 8 1
14 10 1
14 12 1
14 13 -1
14 23 1
14 28 -1
14 36 1
14 37 1
14 54 -1
14 55 1
14 63 -1
15 1 1
15 2 1
15 3 -1
15 4 1
15 6 1
15 8 1
15 9 -1
15 10 1
15 11 1
15 24 -1
15 30 1
15 36 1
15 41 1
15 50 1
15 64 -1
16 1 -1
16 2 1
16 5 1
16 6 1
16 7 1
16 10 1
16 11 1
16 12 1
16 13 -1
16 23 1
16 26 1
16 34 1
16 41 1
16 45 1
16 50 1
16 57 1
17 1 1
17 9 1
17 12 -1
17 20 1
17 22 1
17 23 -1
17 25 -1
17 26 1
17 27 -1
17 30 -1
17 31 1
17 32 1
17 37 1
17 46 1
17 47 1
18 4 1
18 7 1
18 19 1
18 23 1
18 24 1
18 25 1
18 26 1
18 27 1
18 29 1
18 30 1
18 31 1
18 34 1
18 42 -1
18 45 -1
18 62 -1
19 1 1
19 3 1
19 10 1
19 18 1
19 21 -1
19 22 1
19 25 1
19 26 1
19 28 1
19 29 1
19 31 1
19 32 1
19 50 1
19 52 1
19 55 1
19 57 1
20 17 1
20 21 1
20 23 1
20 24 1
20 25 -1
20 26 1
20 27 1
20 30 1
20 31 1
20 33 1
20 39 1
20 41 -1
20 43 1
20 45 1
20 63 1
21 5 1
21 19 -1
21 20 1
21 22 1
21 24 1
21 25 -1
21 26 1
21 28 1
21 30 1
21 31 1
21 38 1
21 40 1
21 47 1
21 48 1
21 63 -1
22 8 1
22 11 1
22 17 1
22 19 1
22 21 1
22 23 1
22 24 1
22 26 1
22 28 1
22 29 1
22 30 1
22 34 1
22 51 1
22 56 1
23 3 1
23 13 1
23 14 1
23 16 1
23 17 -1
23 18 1
23 20 1
23 22 1
23 24 -1
23 25 -1
23 28 1
23 31 -1
23 32 1
23 38 1
23 62 1
24 3 1
24 9 1
24 10 1
24 11 1
24 12 1
24 15 -1
24 18 1
24 20 1
24 21 1
24 22 1
24 23 -1
24 27 1
24 28 1
24 29 1
24 32 1
24 37 1
25 8 1
25 17 -1
25 18 1
25 19 1
25 20 -1
25 21 -1
25 23 -1
25 28 1
25 30 1
25 32 1
25 37 -1
25 38 1
25 46 -1
25 48 1
25 64 -1
26 16 1
26 17 1
26 18 1
26 19 1
26 20 1
26 21 1
26 22 1
26 27 1
26 31 1
26 32 1
26 40 1
26 54 1
26 55 1
26 61 1
26 62 1
27 12 -1
27 13 1
27 17 -1
27 18 1
27 20 1
27 24 1
27 26 1
27 28 1
27 29 1
27 31 1
27 32 1
27 44 1
27 50 1
27 60 1
27 64 -1
28 14 -1
28 19 1
28 21 1
28 22 1
28 23 1
28 24 1
28 25 1
28 27 1
28 29 1
28 30 1
28 42 1
28 48 -1
28 54 1
28 60 1
29 4 1
29 18 1
29 19 1
29 22 1
29 24 1
29 27 1
29 28 1
29 30 1
29 31 -1
29 32 1
29 34 1
29 35 1
29 38 1
29 42 1
29 49 1
29 58 1
30 1 1
30 2 1
30 6 1
30 15 1
30 17 -1
30 18 1
30 20 1
30 21 1
30 22 1
30 25 1
30 28 1
30 29 1
30 32 1
30 48 1
30 52 1
31 17 1
31 18 1
31 19 1
31 20 1
31 21 1
31 23 -1
31 26 1
31 27 1
31 29 -1
31 39 -1
31 40 1
31 49 1
31 54 1
31 58 1
31 60 1
31 63 1
32 2 1
32 11 1
32 17 1
32 19 1
32 23 1
32 24 1
32 25 1
32 26 1
32 27 1
32 29 1
32 30 1
32 33 1
32 40 1
32 46 -1
32 51 1
33 20 1
33 32 1
33 35 1
33 36 1
33 37 1
33 39 1
33 40 1
33 42 -1
33 44 1
33 46 1
33 47 1
33 52 -1
33 54 -1
33 56 1
33 58 -1
33 64 1
34 16 1
34 18 1
34 22 1
34 29 1
34 35 1
34 36 1
34 37 1
34 38 1
34 43 1
34 44 -1
34 45 1
34 46 1
34 48 -1
34 51 1
34 59 1
34 61 -1
35 10 1
35 13 -1
35 29 1
35 33 1
35 34 1
35 39 1
35 40 1
35 41 1
35 43 1
35 44 1
35 45 -1
35 48 1
35 57 1
35 59 1
36 2 1
36 13 1
36 14 1
36 15 1
36 33 1
36 34 1
36 37 1
36 38 -1
36 39 1
36 40 1
36 42 1
36 45 -1
36 46 1
36 57 1
36 59 -1
36 61 -1
37 7 1
37 9 1
37 14 1
37 17 1
37 24 1
37 25 -1
37 33 1
37 34 1
37 36 1
37 39 -1
37 42 1
37 43 1
37 45 1
37 47 1
37 48 1
38 21 1
38 23 1
38 25 1
38 29 1
38 34 1
38 36 -1
38 40 1
38 41 1
38 44 -1
38 45 1
38 46 1
38 47 1
38 48 1
38 49 1
39 2 1
39 3 1
39 6 1
39 8 1
39 20 1
39 31 -1
39 33 1
39 35 1
39 36 1
39 37 -1
39 41 1
39 42 1
39 43 1
39 47 -1
39 48 1
39 60 1
40 21 1
40 26 1
40 31 1
40 32 1
40 33 1
40 35 1
40 36 1
40 38 1
40 41 1
40 42 1
40 43 1
40 44 1
40 47 -1
40 52 1
41 8 1
41 15 1
41 16 1
41 20 -1
41 35 1
41 38 1
41 39 1
41 40 1
41 42 1
41 43 1
41 45 1
41 46 1
41 48 1
41 50 1
41 56 1
41 58 1
42 18 -1
42 28 1
42 29 1
42 33 -1
42 36 1
42 37 1
42 39 1
42 40 1
42 41 1
42 43 1
42 44 1
42 46 1
42 51 1
42 53 1
43 6 1
43 11 1
43 20 1
43 34 1
43 35 1
43 37 1
43 39 1
43 40 1
43 41 1
43 42 1
43 46 -1
43 47 1
43 58 1
43 59 -1
43 62 1
43 63 1
44 2 1
44 4 -1
44 9 1
44 10 1
44 13 1
44 27 1
44 33 1
44 34 -1
44 35 1
44 38 -1
44 40 1
44 42 1
44 45 -1
44 47 -1
44 48 1
44 53 1
45 7 1
45 13 1
45 16 1
45 18 -1
45 20 1
45 34 1
45 35 -1
45 36 -1
45 37 1
45 38 1
45 41 1
45 44 -1
45 46 -1
45 48 -1
45 49 1
46 9 1
46 17 1
46 25 -1
46 32 -1
46 33 1
46 34 1
46 36 1
46 38 1
46 41 1
46 42 1
46 43 -1
46 45 -1
46 47 -1
46 54 1
46 61 1
47 2 1
47 5 1
47 17 1
47 21 1
47 33 1
47 37 1
47 38 1
47 39 -1
47 40 -1
47 43 1
47 44 -1
47 46 -1
47 48 1
47 61 1
48 5 1
48 21 1
48 25 1
48 28 -1
48 30 1
48 34 -1
48 35 1
48 37 1
48 38 1
48 39 1
48 41 1
48 44 1
48 45 -1
48 47 1
49 5 1
49 12 1
49 29 1
49 31 1
49 38 1
49 45 1
49 51 1
49 52 1
49 54 -1
49 57 1
49 59 1
49 60 -1
49 61 1
49 62 1
49 63 1
50 6 -1
50 9 1
50 15 1
50 16 1
50 19 1
50 27 1
50 41 1
50 52 -1
50 53 1
50 56 1
50 57 -1
50 58 1
50 61 -1
50 62 1
50 63 1
50 64 1
51 3 1
51 4 1
51 7 -1
51 22 1
51 32 1
51 34 1
51 42 1
51 49 1
51 52 -1
51 53 1
51 54 1
51 55 1
51 56 -1
51 57 1
51 58 1
51 59 1
52 6 1
52 19 1
52 30 1
52 33 -1
52 40 1
52 49 1
52 50 -1
52 51 -1
52 54 1
52 57 1
52 58 1
52 59 1
52 61 1
52 64 1
53 1 1
53 4 1
53 12 1
53 13 1
53 42 1
53 44 1
53 50 1
53 51 1
53 54 1
53 56 1
53 58 -1
53 60 1
53 62 1
53 63 1
53 64 1
54 5 1
54 14 -1
54 26 1
54 28 1
54 31 1
54 33 -1
54 46 1
54 49 -1
54 51 1
54 52 1
54 53 1
54 56 1
54 58 -1
54 59 1
54 62 1
54 63 1
55 5 1
55 6 1
55 7 1
55 14 1
55 19 1
55 26 1
55 51 1
55 56 1
55 57 1
55 58 1
55 60 -1
55 61 1
55 62 1
55 63 1
55 64 1
56 3 -1
56 7 -1
56 11 -1
56 22 1
56 33 1
56 41 1
56 50 1
56 51 -1
56 53 1
56 54 1
56 55 1
56 58 1
56 59 1
56 60 1
56 61 -1
57 3 1
57 6 1
57 12 -1
57 16 1
57 19 1
57 35 1
57 36 1
57 49 1
57 50 -1
57 51 1
57 52 1
57 55 1
57 60 -1
57 62 1
57 63 -1
57 64 1
58 5 -1
58 8 1
58 29 1
58 31 1
58 33 -1
58 41 1
58 43 1
58 50 1
58 51 1
58 52 1
58 53 -1
58 54 -1
58 55 1
58 56 1
58 63 -1
58 64 1
59 9 1
59 11 1
59 34 1
59 35 1
59 36 -1
59 43 -1
59 49 1
59 51 1
59 52 1
59 54 1
59 56 1
59 60 1
59 61 1
59 62 1
59 64 -1
60 1 -1
60 4 1
60 27 1
60 28 1
60 31 1
60 39 1
60 49 -1
60 53 1
60 55 -1
60 56 1
60 57 -1
60 59 1
60 62 1
60 63 1
60 64 1
61 1 1
61 8 -1
61 26 1
61 34 -1
61 36 -1
61 46 1
61 47 1
61 49 1
61 50 -1
61 52 1
61 55 1
61 56 -1
61 59 1
61 62 1
61 63 1
61 64 1
62 4 1
62 10 1
62 18 -1
62 23 1
62 26 1
62 43 1
62 49 1
62 50 1
62 53 1
62 54 1
62 55 1
62 57 1
62 59 1
62 60 1
62 61 1
63 2 1
63 12 1
63 14 -1
63 20 1
63 21 -1
63 31 1
63 43 1
63 49 1
63 50 1
63 53 1
63 54 1
63 55 1
63 57 -1
63 58 -1
63 60 1
63 61 1
64 7 1
64 8 1
64 15 -1
64 25 -1
64 27 -1
64 33 1
64 50 1
64 52 1
64 53 1
64 55 1
64 57 1
64 58 1
64 59 -1
64 60 1
64 61 1
