1 2 -1
1 3 1
1 4 -1
1 5 -1
1 6 -1
1 8 -1
1 12 -1
1 13 1
1 15 -1
1 27 -1
1 36 -1
1 37 -1
1 43 -1
1 46 1
1 50 -1
1 58 1
2 1 -1
2 7 -1
2 9 1
2 10 1
2 11 1
2 12 -1
2 13 1
2 14 1
2 16 -1
2 18 -1
2 26 -1
2 37 -1
2 42 1
2 45 -1
2 50 -1
2 59 -1
3 1 1
3 4 1
3 5 -1
3 6 -1
3 7 -1
3 10 -1
3 11 -1
3 12 -1
3 14 -1
3 26 -1
3 28 -1
3 32 -1
3 41 1
3 48 -1
3 58 -1
3 62 -1
4 1 -1
4 3 1
4 5 1
4 6 1
4 8 1
4 9 -1
4 10 -1
4 15 1
4 16 -1
4 27 1
4 37 -1
4 39 -1
4 41 -1
4 42 -1
4 44 -1
4 60 -1
5 1 -1
5 3 -1
5 4 1
5 6 -1
5 9 -1
5 11 -1
5 13 1
5 14 1
5 16 1
5 22 -1
5 28 1
5 35 -1
5 44 -1
5 45 1
6 1 -1
6 3 -1
6 4 1
6 5 -1
6 7 -1
6 8 1
6 10 -1
6 12 1
6 16 -1
6 35 -1
6 39 -1
6 49 -1
6 52 1
6 55 1
6 57 1
7 2 -1
7 3 -1
7 6 -1
7 8 -1
7 9 1
7 10 -1
7 13 -1
7 14 -1
7 15 1
7 22 1
7 23 -1
7 34 -1
7 44 -1
7 61 1
8 1 -1
8 4 1
8 6 1
8 7 -1
8 9 -1
8 13 1
8 14 -1
8 15 -1
8 16 1
8 24 -1
8 32 -1
8 40 -1
8 42 -1
8 44 -1
9 2 1
9 4 -1
9 5 -1
9 7 1
9 8 -1
9 10 -1
9 11 1
9 14 1
9 15 -1
9 23 -1
9 28 -1
9 36 1
9 49 -1
9 62 -1
10 2 1
10 3 -1
10 4 -1
10 6 -1
10 7 -1
10 9 -1
10 11 -1
10 12 -1
10 16 1
10 24 -1
10 25 -1
10 41 1
10 50 -1
10 55 1
10 57 1
10 60 -1
11 2 1
11 3 -1
11 5 -1
11 9 1
11 10 -1
11 13 -1
11 14 -1
11 15 -1
11 16 -1
11 25 1
11 30 -1
11 34 -1
11 47 -1
11 48 1
11 51 -1
11 60 -1
12 1 -1
12 2 -1
12 3 -1
12 6 1
12 10 -1
12 13 1
12 14 1
12 15 -1
12 16 -1
12 18 -1
12 26 -1
12 35 -1
12 41 1
12 60 1
12 63 -1
12 64 -1
13 1 1
13 2 1
13 5 1
13 7 -1
13 8 1
13 11 -1
13 12 1
13 15 -1
13 16 -1
13 17 -1
13 22 -1
13 26 -1
13 50 -1
13 51 -1
13 52 -1
13 56 -1
14 2 1
14 3 -1
14 5 1
14 7 -1
14 8 -1
14 9 1
14 11 -1
14 12 1
14 15 -1
14 29 -1
14 30 -1
14 36 -1
14 50 -1
14 61 1
14 64 -1
15 1 -1
15 4 1
15 7 1
15 8 -1
15 9 -1
15 11 -1
15 12 -1
15 13 -1
15 14 -1
15 29 -1
15 31 -1
15 36 -1
15 45 -1
15 48 1
15 62 -1
16 2 -1
16 4 -1
16 5 1
16 6 -1
16 8 1
16 10 1
16 11 -1
16 12 -1
16 13 -1
16 20 1
16 30 1
16 38 -1
16 43 -1
16 48 -1
16 51 -1
16 63 -1
17 13 -1
17 18 1
17 20 -1
17 21 -1
17 22 -1
17 25 1
17 28 -1
17 29 -1
17 30 -1
17 31 -1
17 34 -1
17 47 -1
17 51 1
17 53 -1
17 55 -1
17 57 -1
18 2 -1
18 12 -1
18 17 1
18 19 -1
18 21 -1
18 23 -1
18 24 1
18 25 1
18 26 -1
18 27 -1
18 32 -1
18 36 1
18 47 -1
18 53 -1
18 57 -1
18 63 -1
19 18 -1
19 20 1
19 22 -1
19 23 -1
19 27 1
19 28 1
19 29 1
19 30 -1
19 31 -1
19 37 -1
19 39 1
19 41 -1
19 47 -1
19 49 -1
19 54 1
19 62 -1
20 16 1
20 17 -1
20 19 1
20 22 1
20 24 -1
20 25 1
20 26 -1
20 29 1
20 31 -1
20 32 -1
20 37 1
20 39 -1
20 43 1
20 54 -1
20 59 -1
20 63 1
21 17 -1
21 18 -1
21 23 -1
21 24 -1
21 26 -1
21 28 -1
21 29 -1
21 30 -1
21 32 -1
21 35 -1
21 40 -1
21 54 -1
21 62 -1
21 63 1
21 64 -1
22 5 -1
22 7 1
22 13 -1
22 17 -1
22 19 -1
22 20 1
22 23 -1
22 24 -1
22 25 -1
22 27 1
22 31 -1
22 32 -1
22 37 -1
22 39 1
23 7 -1
23 9 -1
23 18 -1
23 19 -1
23 21 -1
23 22 -1
23 24 1
23 25 -1
23 27 -1
23 28 -1
23 31 -1
23 34 -1
23 44 -1
23 59 -1
24 8 -1
24 10 -1
24 18 1
24 20 -1
24 21 -1
24 22 -1
24 23 1
24 26 1
24 27 1
24 31 -1
24 32 -1
24 40 -1
24 42 1
24 53 -1
24 56 -1
24 61 -1
25 10 -1
25 11 1
25 17 1
25 18 1
25 20 1
25 22 -1
25 23 -1
25 26 -1
25 29 -1
25 30 -1
25 32 -1
25 33 1
25 40 1
25 45 -1
25 57 -1
26 2 -1
26 3 -1
26 12 -1
26 13 -1
26 18 -1
26 20 -1
26 21 -1
26 24 1
26 25 -1
26 27 -1
26 28 -1
26 30 -1
26 32 -1
26 35 1
26 48 1
26 55 1
27 1 -1
27 4 1
27 18 -1
27 19 1
27 22 1
27 23 -1
27 24 1
27 26 -1
27 28 1
27 29 -1
27 30 -1
27 38 1
27 44 -1
27 46 1
27 50 -1
27 64 -1
28 3 -1
28 5 1
28 9 -1
28 17 -1
28 19 1
28 21 -1
28 23 -1
28 26 -1
28 27 1
28 29 1
28 30 1
28 31 1
28 41 -1
28 45 -1
28 53 -1
29 14 -1
29 15 -1
29 17 -1
29 19 1
29 20 1
29 21 -1
29 25 -1
29 27 -1
29 28 1
29 30 -1
29 32 -1
29 39 -1
29 51 -1
29 53 1
29 56 -1
29 61 -1
30 11 -1
30 14 -1
30 16 1
30 17 -1
30 19 -1
30 21 -1
30 25 -1
30 26 -1
30 27 -1
30 28 1
30 29 -1
30 31 -1
30 51 -1
30 52 -1
30 56 -1
31 15 -1
31 17 -1
31 19 -1
31 20 -1
31 22 -1
31 23 -1
31 24 -1
31 28 1
31 30 -1
31 32 -1
31 35 -1
31 36 -1
31 37 -1
31 41 -1
31 43 1
31 52 1
32 3 -1
32 8 -1
32 18 -1
32 20 -1
32 21 -1
32 22 -1
32 24 -1
32 25 -1
32 26 -1
32 29 -1
32 31 -1
32 46 -1
32 49 -1
32 53 -1
32 57 1
33 25 1
33 34 -1
33 36 -1
33 38 -1
33 39 1
33 40 -1
33 41 1
33 42 -1
33 46 -1
33 47 1
33 55 -1
33 56 1
33 59 1
33 63 1
34 7 -1
34 11 -1
34 17 -1
34 23 -1
34 33 -1
34 36 -1
34 38 -1
34 40 -1
34 42 -1
34 43 -1
34 45 -1
34 46 -1
34 47 -1
34 49 -1
34 55 -1
35 5 -1
35 6 -1
35 12 -1
35 21 -1
35 26 1
35 31 -1
35 36 -1
35 37 1
35 39 -1
35 41 -1
35 42 1
35 43 1
35 44 -1
35 45 -1
35 48 -1
35 64 1
36 1 -1
36 9 1
36 14 -1
36 15 -1
36 18 1
36 31 -1
36 33 -1
36 34 -1
36 35 -1
36 39 1
36 40 -1
36 43 -1
36 44 -1
36 45 -1
36 47 1
37 1 -1
37 2 -1
37 4 -1
37 19 -1
37 20 1
37 22 -1
37 31 -1
37 35 1
37 38 -1
37 39 -1
37 40 -1
37 41 -1
37 43 1
37 45 -1
37 46 1
37 48 -1
38 16 -1
38 27 1
38 33 -1
38 34 -1
38 37 -1
38 39 1
38 40 -1
38 42 1
38 43 -1
38 46 1
38 48 -1
38 58 -1
38 60 1
39 4 -1
39 6 -1
39 19 1
39 20 -1
39 22 1
39 29 -1
39 33 1
39 35 -1
39 36 1
39 37 -1
39 38 1
39 42 -1
39 44 -1
39 47 -1
39 48 -1
39 49 -1
40 8 -1
40 21 -1
40 24 -1
40 25 1
40 33 -1
40 34 -1
40 36 -1
40 37 -1
40 38 -1
40 41 1
40 42 1
40 44 1
40 48 1
40 59 1
40 61 -1
41 3 1
41 4 -1
41 10 1
41 12 1
41 19 -1
41 28 -1
41 31 -1
41 33 1
41 35 -1
41 37 -1
41 40 1
41 43 -1
41 45 -1
41 46 -1
41 47 1
41 48 -1
42 2 1
42 4 -1
42 8 -1
42 24 1
42 33 -1
42 34 -1
42 35 1
42 38 1
42 39 -1
42 40 1
42 43 1
42 44 -1
42 47 -1
42 50 -1
42 53 1
42 54 -1
43 1 -1
43 16 -1
43 20 1
43 31 1
43 34 -1
43 35 1
43 36 -1
43 37 1
43 38 -1
43 41 -1
43 42 1
43 46 -1
43 47 1
43 54 1
43 59 -1
43 61 1
44 4 -1
44 5 -1
44 7 -1
44 8 -1
44 23 -1
44 27 -1
44 35 -1
44 36 -1
44 39 -1
44 40 1
44 42 -1
44 45 -1
44 46 -1
44 47 -1
44 48 1
44 51 -1
45 2 -1
45 5 1
45 15 -1
45 25 -1
45 28 -1
45 34 -1
45 35 -1
45 36 -1
45 37 -1
45 41 -1
45 44 -1
45 46 1
45 47 -1
45 48 -1
45 54 1
45 58 -1
46 1 1
46 27 1
46 32 -1
46 33 -1
46 34 -1
46 37 1
46 38 1
46 41 -1
46 43 -1
46 44 -1
46 45 1
46 48 -1
46 52 -1
46 54 -1
46 58 1
47 11 -1
47 17 -1
47 18 -1
47 19 -1
47 33 1
47 34 -1
47 36 1
47 39 -1
47 41 1
47 42 -1
47 43 1
47 44 -1
47 45 -1
47 56 1
47 61 -1
47 64 1
48 3 -1
48 11 1
48 15 1
48 16 -1
48 26 1
48 35 -1
48 37 -1
48 38 -1
48 39 -1
48 40 1
48 41 -1
48 44 1
48 45 -1
48 46 -1
48 52 -1
49 6 -1
49 9 -1
49 19 -1
49 32 -1
49 34 -1
49 39 -1
49 51 1
49 53 -1
49 54 -1
49 55 -1
49 57 -1
49 58 -1
49 61 1
49 62 -1
49 64 -1
50 1 -1
50 2 -1
50 10 -1
50 13 -1
50 14 -1
50 27 -1
50 42 -1
50 51 -1
50 52 -1
50 53 -1
50 54 1
50 58 1
50 59 1
50 60 -1
50 61 1
50 63 1
51 11 -1
51 13 -1
51 16 -1
51 17 1
51 29 -1
51 30 -1
51 44 -1
51 49 1
51 50 -1
51 52 1
51 56 1
51 57 1
51 58 -1
51 60 -1
51 62 -1
51 63 1
52 6 1
52 13 -1
52 30 -1
52 31 1
52 46 -1
52 48 -1
52 50 -1
52 51 1
52 55 -1
52 56 -1
52 58 -1
52 60 -1
52 61 -1
52 62 1
52 64 1
53 17 -1
53 18 -1
53 24 -1
53 28 -1
53 29 1
53 32 -1
53 42 1
53 49 -1
53 50 -1
53 54 -1
53 55 -1
53 56 -1
53 57 -1
53 58 1
53 62 -1
53 64 -1
54 19 1
54 20 -1
54 21 -1
54 42 -1
54 43 1
54 45 1
54 46 -1
54 49 -1
54 50 1
54 53 -1
54 55 -1
54 57 -1
54 59 -1
54 61 1
54 63 1
54 64 -1
55 6 1
55 10 1
55 17 -1
55 26 1
55 33 -1
55 34 -1
55 49 -1
55 52 -1
55 53 -1
55 54 -1
55 56 -1
55 59 -1
55 62 -1
55 63 -1
55 64 -1
56 13 -1
56 24 -1
56 29 -1
56 30 -1
56 33 1
56 47 1
56 51 1
56 52 -1
56 53 -1
56 55 -1
56 57 -1
56 60 -1
56 61 -1
56 62 1
56 63 -1
57 6 1
57 10 1
57 17 -1
57 18 -1
57 25 -1
57 32 1
57 49 -1
57 51 1
57 53 -1
57 54 -1
57 56 -1
57 58 1
57 59 -1
57 60 -1
57 62 -1
58 1 1
58 3 -1
58 38 -1
58 45 -1
58 46 1
58 49 -1
58 50 1
58 51 -1
58 52 -1
58 53 1
58 57 1
58 59 -1
58 61 -1
58 64 -1
59 2 -1
59 20 -1
59 23 -1
59 33 1
59 40 1
59 43 -1
59 50 1
59 54 -1
59 55 -1
59 57 -1
59 58 -1
59 60 -1
59 62 -1
59 63 1
59 64 -1
60 4 -1
60 10 -1
60 11 -1
60 12 1
60 38 1
60 50 -1
60 51 -1
60 52 -1
60 56 -1
60 57 -1
60 59 -1
60 61 -1
60 63 -1
60 64 1
61 7 1
61 14 1
61 24 -1
61 29 -1
61 40 -1
61 43 1
61 47 -1
61 49 1
61 50 1
61 52 -1
61 54 1
61 56 -1
61 58 -1
61 60 -1
61 62 1
61 63 1
62 3 -1
62 9 -1
62 15 -1
62 19 -1
62 21 -1
62 49 -1
62 51 -1
62 52 1
62 53 -1
62 55 -1
62 56 1
62 57 -1
62 59 -1
62 61 1
63 12 -1
63 16 -1
63 18 -1
63 20 1
63 21 1
63 33 1
63 50 1
63 51 1
63 54 1
63 55 -1
63 56 -1
63 59 1
63 60 -1
63 61 1
63 64 -1
64 12 -1
64 14 -1
64 21 -1
64 27 -1
64 35 1
64 47 1
64 49 -1
64 52 1
64 53 -1
64 54 -1
64 55 -1
64 58 -1
64 59 -1
64 60 1
64 63 -1
