1 4 -1
1 5 -1
1 6 1
1 7 -1
1 9 -1
1 10 -1
1 13 -1
1 14 -1
1 15 -1
1 33 -1
1 36 -1
1 37 -1
1 39 -1
1 45 -1
1 52 -1
2 5 -1
2 6 -1
2 8 -1
2 9 -1
2 10 -1
2 11 -1
2 12 -1
2 13 -1
2 15 -1
2 20 -1
2 24 -1
2 35 -1
2 42 -1
3 4 -1
3 5 -1
3 6 -1
3 7 1
3 10 -1
3 13 -1
3 14 -1
3 15 -1
3 16 1
3 20 -1
3 21 -1
3 23 -1
3 47 -1
3 48 -1
3 61 -1
4 1 -1
4 3 -1
4 8 -1
4 9 -1
4 11 -1
4 12 -1
4 14 -1
4 15 -1
4 16 1
4 20 -1
4 22 -1
4 36 -1
4 43 -1
4 50 -1
4 54 -1
4 63 -1
5 1 -1
5 2 -1
5 3 -1
5 6 -1
5 9 -1
5 10 -1
5 11 -1
5 13 -1
5 16 -1
5 18 -1
5 20 -1
5 23 -1
5 27 -1
5 32 1
5 46 -1
6 1 1
6 2 -1
6 3 -1
6 5 -1
6 7 -1
6 8 -1
6 11 -1
6 12 -1
6 15 -1
6 23 -1
6 25 -1
6 27 -1
6 31 -1
6 39 -1
6 51 -1
6 59 -1
7 1 -1
7 3 1
7 6 -1
7 8 -1
7 9 -1
7 11 -1
7 12 -1
7 14 1
7 16 -1
7 17 -1
7 18 -1
7 23 -1
7 34 -1
7 48 -1
7 51 1
7 58 -1
8 2 -1
8 4 -1
8 6 -1
8 7 -1
8 9 -1
8 10 -1
8 11 -1
8 15 1
8 16 -1
8 22 -1
8 37 -1
8 45 -1
8 50 -1
8 62 -1
8 64 -1
9 1 -1
9 2 -1
9 4 -1
9 5 -1
9 7 -1
9 8 -1
9 10 -1
9 12 -1
9 16 -1
9 17 -1
9 25 -1
9 29 -1
9 31 1
9 39 -1
9 61 -1
10 1 -1
10 2 -1
10 3 -1
10 5 -1
10 8 -1
10 9 -1
10 12 -1
10 13 -1
10 15 -1
10 21 -1
10 23 -1
10 25 -1
10 29 -1
10 31 -1
10 32 -1
10 57 -1
11 2 -1
11 4 -1
11 5 -1
11 6 -1
11 7 -1
11 8 -1
11 13 -1
11 14 -1
11 16 -1
11 26 -1
11 28 -1
11 32 -1
11 38 -1
11 54 -1
11 56 -1
11 59 -1
12 2 -1
12 4 -1
12 6 -1
12 7 -1
12 9 -1
12 10 -1
12 13 -1
12 14 -1
12 16 -1
12 19 -1
12 24 -1
12 32 -1
12 44 -1
12 60 -1
12 62 -1
13 1 -1
13 2 -1
13 3 -1
13 5 -1
13 10 -1
13 11 -1
13 12 -1
13 14 -1
13 15 -1
13 25 -1
13 27 -1
13 42 -1
13 56 -1
13 62 1
13 64 -1
14 1 -1
14 3 -1
14 4 -1
14 7 1
14 11 -1
14 12 -1
14 13 -1
14 15 -1
14 16 -1
14 17 -1
14 28 -1
14 29 1
14 33 -1
14 35 -1
14 38 -1
14 42 -1
15 1 -1
15 2 -1
15 3 -1
15 4 -1
15 6 -1
15 8 1
15 10 -1
15 13 -1
15 14 -1
15 21 1
15 28 -1
15 45 -1
15 49 -1
15 53 -1
15 57 -1
16 3 1
16 4 1
16 5 -1
16 7 -1
16 8 -1
16 9 -1
16 11 -1
16 12 -1
16 14 -1
16 35 1
16 38 -1
16 41 -1
16 46 -1
16 57 -1
17 7 -1
17 9 -1
17 14 -1
17 18 -1
17 20 -1
17 26 -1
17 27 1
17 28 1
17 29 -1
17 30 -1
17 31 -1
17 32 -1
17 40 -1
17 41 -1
17 54 -1
17 56 -1
18 5 -1
18 7 -1
18 17 -1
18 19 -1
18 20 -1
18 22 -1
18 24 -1
18 26 -1
18 27 -1
18 28 -1
18 31 -1
18 43 -1
18 44 -1
18 48 -1
18 61 -1
18 64 -1
19 12 -1
19 18 -1
19 21 -1
19 22 -1
19 23 -1
19 24 -1
19 25 1
19 28 -1
19 31 -1
19 32 -1
19 34 -1
19 44 -1
19 48 -1
19 50 -1
19 52 -1
19 60 -1
20 2 -1
20 3 -1
20 4 -1
20 5 -1
20 17 -1
20 18 -1
20 23 1
20 24 -1
20 26 -1
20 27 -1
20 29 -1
20 30 -1
20 31 -1
20 41 -1
21 3 -1
21 10 -1
21 15 1
21 19 -1
21 23 -1
21 24 1
21 25 -1
21 26 -1
21 27 -1
21 28 -1
21 31 -1
21 32 -1
21 34 -1
21 38 -1
21 40 -1
22 4 -1
22 8 -1
22 18 -1
22 19 -1
22 23 -1
22 24 -1
22 25 1
22 26 -1
22 27 -1
22 29 -1
22 32 -1
22 37 -1
22 38 1
22 54 -1
22 55 -1
22 59 -1
23 3 -1
23 5 -1
23 6 -1
23 7 -1
23 10 -1
23 19 -1
23 20 1
23 21 -1
23 22 -1
23 24 -1
23 25 -1
23 29 -1
23 31 1
23 32 -1
23 45 -1
23 58 -1
24 2 -1
24 12 -1
24 18 -1
24 19 -1
24 20 -1
24 21 1
24 22 -1
24 23 -1
24 29 -1
24 30 -1
24 32 -1
24 41 -1
24 54 -1
24 62 1
24 64 -1
25 6 -1
25 9 -1
25 10 -1
25 13 -1
25 19 1
25 21 -1
25 22 1
25 23 -1
25 26 -1
25 27 -1
25 28 -1
25 30 -1
25 31 -1
25 52 -1
25 57 -1
25 64 -1
26 11 -1
26 17 -1
26 18 -1
26 20 -1
26 21 -1
26 22 -1
26 25 -1
26 27 -1
26 28 -1
26 30 -1
26 42 -1
26 48 -1
26 50 -1
26 54 -1
26 55 1
26 59 -1
27 5 -1
27 6 -1
27 13 -1
27 17 1
27 18 -1
27 20 -1
27 21 -1
27 22 -1
27 25 -1
27 26 -1
27 29 -1
27 30 -1
27 44 -1
27 47 -1
27 53 -1
27 55 -1
28 11 -1
28 14 -1
28 15 -1
28 17 1
28 18 -1
28 19 -1
28 21 -1
28 25 -1
28 26 -1
28 30 -1
28 31 -1
28 32 -1
28 41 1
28 47 1
28 50 -1
28 63 -1
29 9 -1
29 10 -1
29 14 1
29 17 -1
29 20 -1
29 22 -1
29 23 -1
29 24 -1
29 27 -1
29 30 -1
29 31 -1
29 32 -1
29 49 -1
29 50 -1
29 54 -1
29 58 1
30 17 -1
30 20 -1
30 24 -1
30 25 -1
30 26 -1
30 27 -1
30 28 -1
30 29 -1
30 32 -1
30 33 -1
30 35 -1
30 43 1
30 51 -1
30 57 -1
30 59 -1
30 63 -1
31 6 -1
31 9 1
31 10 -1
31 17 -1
31 18 -1
31 19 -1
31 20 -1
31 21 -1
31 23 1
31 25 -1
31 28 -1
31 29 -1
31 40 -1
31 47 -1
31 49 -1
31 51 -1
32 5 1
32 10 -1
32 11 -1
32 12 -1
32 17 -1
32 19 -1
32 21 -1
32 22 -1
32 23 -1
32 24 -1
32 28 -1
32 29 -1
32 30 -1
32 43 -1
32 49 -1
32 53 1
33 1 -1
33 14 -1
33 30 -1
33 34 -1
33 35 -1
33 36 -1
33 37 -1
33 39 1
33 40 -1
33 43 -1
33 45 -1
33 46 -1
33 51 1
33 61 1
33 62 -1
33 63 -1
34 7 -1
34 19 -1
34 21 -1
34 33 -1
34 39 -1
34 40 -1
34 41 -1
34 42 -1
34 44 -1
34 45 -1
34 46 -1
34 47 -1
34 51 -1
34 55 -1
34 59 -1
35 2 -1
35 14 -1
35 16 1
35 30 -1
35 33 -1
35 36 -1
35 38 -1
35 39 -1
35 40 -1
35 41 -1
35 44 1
35 45 -1
35 48 -1
35 56 -1
35 59 -1
35 64 -1
36 1 -1
36 4 -1
36 33 -1
36 35 -1
36 37 -1
36 39 -1
36 42 -1
36 43 -1
36 45 -1
36 46 -1
36 48 -1
36 52 -1
36 58 -1
36 60 1
36 61 -1
37 1 -1
37 8 -1
37 22 -1
37 33 -1
37 36 -1
37 38 -1
37 39 -1
37 43 1
37 44 -1
37 46 -1
37 47 -1
37 48 -1
37 53 -1
37 55 -1
37 61 -1
37 62 -1
38 11 -1
38 14 -1
38 16 -1
38 21 -1
38 22 1
38 35 -1
38 37 -1
38 41 -1
38 42 -1
38 43 1
38 44 1
38 46 -1
38 47 -1
38 48 -1
38 55 -1
39 1 -1
39 6 -1
39 9 -1
39 33 1
39 34 -1
39 35 -1
39 36 -1
39 37 -1
39 40 -1
39 41 -1
39 44 -1
39 46 -1
39 49 -1
39 50 -1
39 56 -1
40 17 -1
40 21 -1
40 31 -1
40 33 -1
40 34 -1
40 35 -1
40 39 -1
40 42 -1
40 44 -1
40 45 -1
40 47 -1
40 48 -1
40 51 -1
40 53 -1
40 57 -1
40 63 -1
41 16 -1
41 17 -1
41 20 -1
41 24 -1
41 28 1
41 34 -1
41 35 -1
41 38 -1
41 39 -1
41 42 1
41 43 -1
41 45 -1
41 47 -1
41 48 -1
41 52 -1
42 2 -1
42 13 -1
42 14 -1
42 26 -1
42 34 -1
42 36 -1
42 38 -1
42 40 -1
42 41 1
42 43 -1
42 45 -1
42 47 -1
42 48 -1
42 60 -1
42 64 -1
43 4 -1
43 18 -1
43 30 1
43 32 -1
43 33 -1
43 36 -1
43 37 1
43 38 1
43 41 -1
43 42 -1
43 44 -1
43 46 -1
43 47 -1
43 55 -1
43 58 1
43 60 -1
44 12 -1
44 18 -1
44 19 -1
44 27 -1
44 34 -1
44 35 1
44 37 -1
44 38 1
44 39 -1
44 40 -1
44 43 -1
44 47 -1
44 48 -1
44 49 -1
44 52 -1
45 1 -1
45 8 -1
45 15 -1
45 23 -1
45 33 -1
45 34 -1
45 35 -1
45 36 -1
45 40 -1
45 41 -1
45 42 -1
45 46 -1
45 47 1
45 56 -1
46 5 -1
46 16 -1
46 33 -1
46 34 -1
46 36 -1
46 37 -1
46 38 -1
46 39 -1
46 43 -1
46 45 -1
46 48 -1
46 53 -1
46 58 -1
46 60 -1
47 3 -1
47 27 -1
47 28 1
47 31 -1
47 34 -1
47 37 -1
47 38 -1
47 40 -1
47 41 -1
47 42 -1
47 43 -1
47 44 -1
47 45 1
47 63 1
48 3 -1
48 7 -1
48 18 -1
48 19 -1
48 26 -1
48 35 -1
48 36 -1
48 37 -1
48 38 -1
48 40 -1
48 41 -1
48 42 -1
48 44 -1
48 46 -1
48 49 -1
48 53 -1
49 15 -1
49 29 -1
49 31 -1
49 32 -1
49 39 -1
49 44 -1
49 48 -1
49 50 -1
49 53 -1
49 55 -1
49 56 -1
49 57 -1
49 58 -1
49 61 -1
49 62 -1
49 63 1
50 4 -1
50 8 -1
50 19 -1
50 26 -1
50 28 -1
50 29 -1
50 39 -1
50 49 -1
50 51 1
50 52 -1
50 53 1
50 55 -1
50 57 -1
50 59 -1
50 60 -1
50 61 -1
51 6 -1
51 7 1
51 30 -1
51 31 -1
51 33 1
51 34 -1
51 40 -1
51 50 1
51 52 -1
51 55 -1
51 56 -1
51 58 -1
51 59 -1
51 62 -1
51 63 1
51 64 -1
52 1 -1
52 19 -1
52 25 -1
52 36 -1
52 41 -1
52 44 -1
52 50 -1
52 51 -1
52 53 -1
52 54 -1
52 58 -1
52 59 -1
52 60 -1
52 63 -1
52 64 -1
53 15 -1
53 27 -1
53 32 1
53 37 -1
53 40 -1
53 46 -1
53 48 -1
53 49 -1
53 50 1
53 52 -1
53 55 -1
53 56 1
53 59 -1
53 60 -1
53 61 -1
53 64 1
54 4 -1
54 11 -1
54 17 -1
54 22 -1
54 24 -1
54 26 -1
54 29 -1
54 52 -1
54 55 -1
54 56 -1
54 57 -1
54 59 -1
54 60 -1
54 61 -1
54 62 -1
54 63 -1
55 22 -1
55 26 1
55 27 -1
55 34 -1
55 37 -1
55 38 -1
55 43 -1
55 49 -1
55 50 -1
55 51 -1
55 53 -1
55 54 -1
55 56 -1
55 58 1
55 60 -1
55 61 -1
56 11 -1
56 13 -1
56 17 -1
56 35 -1
56 39 -1
56 45 -1
56 49 -1
56 51 -1
56 53 1
56 54 -1
56 55 -1
56 57 -1
56 61 -1
56 63 -1
56 64 1
57 10 -1
57 15 -1
57 16 -1
57 25 -1
57 30 -1
57 40 -1
57 49 -1
57 50 -1
57 54 -1
57 56 -1
57 58 -1
57 60 -1
57 61 -1
57 62 -1
57 64 -1
58 7 -1
58 23 -1
58 29 1
58 36 -1
58 43 1
58 46 -1
58 49 -1
58 51 -1
58 52 -1
58 55 1
58 57 -1
58 59 -1
58 61 -1
58 62 1
58 63 -1
59 6 -1
59 11 -1
59 22 -1
59 26 -1
59 30 -1
59 34 -1
59 35 -1
59 50 -1
59 51 -1
59 52 -1
59 53 -1
59 54 -1
59 58 -1
59 62 -1
59 63 1
59 64 -1
60 12 -1
60 19 -1
60 36 1
60 42 -1
60 43 -1
60 46 -1
60 50 -1
60 52 -1
60 53 -1
60 54 -1
60 55 -1
60 57 -1
60 62 -1
60 63 -1
60 64 -1
61 3 -1
61 9 -1
61 18 -1
61 33 1
61 36 -1
61 37 -1
61 49 -1
61 50 -1
61 53 -1
61 54 -1
61 55 -1
61 56 -1
61 57 -1
61 58 -1
61 62 -1
62 8 -1
62 12 -1
62 13 1
62 24 1
62 33 -1
62 37 -1
62 49 -1
62 51 -1
62 54 -1
62 57 -1
62 58 1
62 59 -1
62 60 -1
62 61 -1
62 64 -1
63 4 -1
63 28 -1
63 30 -1
63 33 -1
63 40 -1
63 47 1
63 49 1
63 51 1
63 52 -1
63 54 -1
63 56 -1
63 58 -1
63 59 1
63 60 -1
63 64 -1
64 8 -1
64 13 -1
64 18 -1
64 24 -1
64 25 -1
64 35 -1
64 42 -1
64 51 -1
64 52 -1
64 53 1
64 56 1
64 57 -1
64 59 -1
64 60 -1
64 62 -1
64 63 -1
