1 2 -1
1 4 1
1 5 -1
1 6 1
1 7 1
1 12 1
1 13 1
1 14 1
1 16 -1
1 24 1
1 30 -1
1 44 1
1 52 -1
1 54 -1
1 56 1
2 1 -1
2 3 1
2 5 1
2 6 -1
2 7 1
2 9 1
2 10 1
2 11 1
2 15 1
2 18 1
2 22 -1
2 32 -1
2 41 -1
2 49 -1
2 52 1
2 59 -1
3 2 1
3 4 1
3 5 1
3 10 -1
3 12 1
3 13 -1
3 14 1
3 15 1
3 16 1
3 38 -1
3 43 1
3 46 1
3 52 1
3 56 1
3 62 1
3 64 1
4 1 1
4 3 1
4 5 -1
4 7 -1
4 9 1
4 12 -1
4 13 1
4 15 -1
4 16 1
4 20 1
4 32 1
4 33 1
4 45 1
4 52 1
4 54 1
4 60 1
5 1 -1
5 2 1
5 3 1
5 4 -1
5 8 1
5 9 1
5 11 1
5 13 1
5 15 1
5 19 1
5 28 1
5 38 1
5 41 -1
5 47 1
5 48 1
5 59 1
6 1 1
6 2 -1
6 7 -1
6 8 1
6 11 1
6 12 1
6 13 1
6 15 1
6 16 1
6 20 1
6 21 -1
6 30 -1
6 41 -1
6 51 -1
6 64 1
7 1 1
7 2 1
7 4 -1
7 6 -1
7 9 -1
7 12 1
7 13 1
7 14 -1
7 15 1
7 31 1
7 44 1
7 46 1
7 50 1
7 52 -1
7 56 1
8 5 1
8 6 1
8 9 1
8 10 -1
8 11 -1
8 12 1
8 14 1
8 15 -1
8 16 1
8 26 1
8 34 1
8 37 -1
8 46 1
8 48 -1
8 50 -1
8 54 -1
9 2 1
9 4 1
9 5 1
9 7 -1
9 8 1
9 10 1
9 11 1
9 12 -1
9 14 -1
9 37 1
9 45 1
9 49 1
9 55 1
9 61 1
10 2 1
10 3 -1
10 8 -1
10 9 1
10 11 1
10 12 1
10 13 -1
10 14 1
10 16 1
10 18 -1
10 20 1
10 21 -1
10 22 1
10 25 1
10 36 1
10 50 1
11 2 1
11 5 1
11 6 1
11 8 -1
11 9 1
11 10 1
11 13 1
11 14 1
11 16 1
11 17 -1
11 33 1
11 40 1
11 41 1
11 46 1
11 53 1
11 63 1
12 1 1
12 3 1
12 4 -1
12 6 1
12 7 1
12 8 1
12 9 -1
12 10 1
12 15 -1
12 19 -1
12 24 -1
12 26 1
12 29 -1
12 53 1
12 64 1
13 1 1
13 3 -1
13 4 1
13 5 1
13 6 1
13 7 1
13 10 -1
13 11 1
13 14 -1
13 18 -1
13 24 -1
13 32 -1
13 39 -1
13 42 1
13 50 1
13 52 1
14 1 1
14 3 1
14 7 -1
14 8 1
14 9 -1
14 10 1
14 11 1
14 13 -1
14 16 1
14 21 -1
14 31 1
14 35 1
14 47 1
14 49 1
14 59 -1
15 2 1
15 3 1
15 4 -1
15 5 1
15 6 1
15 7 1
15 8 -1
15 12 -1
15 16 1
15 22 1
15 24 1
15 29 1
15 43 1
15 53 1
15 54 1
15 58 1
16 1 -1
16 3 1
16 4 1
16 6 1
16 8 1
16 10 1
16 11 1
16 14 1
16 15 1
16 20 1
16 27 1
16 30 -1
16 34 -1
16 51 1
16 57 1
16 58 1
17 11 -1
17 20 1
17 21 1
17 22 1
17 23 1
17 24 -1
17 29 1
17 30 1
17 31 1
17 32 1
17 44 -1
17 46 1
17 47 1
17 55 1
17 62 -1
17 63 1
18 2 1
18 10 -1
18 13 -1
18 19 -1
18 20 1
18 21 -1
18 22 1
18 24 1
18 25 1
18 27 1
18 30 1
18 31 1
18 48 1
18 58 -1
18 63 1
19 5 1
19 12 -1
19 18 -1
19 20 1
19 21 1
19 24 -1
19 25 -1
19 29 1
19 30 1
19 31 -1
19 32 1
19 34 1
19 36 1
19 42 -1
19 46 1
19 54 1
20 4 1
20 6 1
20 10 1
20 16 1
20 17 1
20 18 1
20 19 1
20 22 -1
20 23 -1
20 24 1
20 27 1
20 28 -1
20 29 -1
20 36 1
20 57 -1
20 60 1
21 6 -1
21 10 -1
21 14 -1
21 17 1
21 18 -1
21 19 1
21 24 1
21 26 1
21 27 1
21 28 1
21 29 1
21 30 -1
21 40 1
21 45 1
21 46 1
22 2 -1
22 10 1
22 15 1
22 17 1
22 18 1
22 20 -1
22 26 -1
22 28 1
22 29 1
22 30 -1
22 31 1
22 32 -1
22 34 -1
22 37 1
22 53 -1
22 64 1
23 17 1
23 20 -1
23 24 1
23 25 -1
23 26 1
23 27 1
23 28 -1
23 29 1
23 31 -1
23 35 1
23 37 1
23 38 1
23 44 -1
23 54 1
23 56 1
23 63 -1
24 1 1
24 12 -1
24 13 -1
24 15 1
24 17 -1
24 18 1
24 19 -1
24 20 1
24 21 1
24 23 1
24 27 1
24 29 1
24 32 1
24 45 1
24 60 1
25 10 1
25 18 1
25 19 -1
25 23 -1
25 26 -1
25 27 1
25 28 1
25 30 -1
25 31 1
25 32 1
25 41 1
25 44 1
25 47 -1
25 57 -1
25 62 1
26 8 1
26 12 1
26 21 1
26 22 -1
26 23 1
26 25 -1
26 27 1
26 28 -1
26 30 1
26 31 1
26 32 1
26 36 1
26 39 1
26 42 1
26 45 1
26 60 -1
27 16 1
27 18 1
27 20 1
27 21 1
27 23 1
27 24 1
27 25 1
27 26 1
27 28 1
27 29 1
27 33 1
27 34 1
27 38 1
27 45 -1
27 61 -1
27 62 1
28 5 1
28 20 -1
28 21 1
28 22 1
28 23 -1
28 25 1
28 26 -1
28 27 1
28 31 1
28 32 1
28 33 1
28 36 1
28 48 1
28 58 1
28 60 1
29 12 -1
29 15 1
29 17 1
29 19 1
29 20 -1
29 21 1
29 22 1
29 23 1
29 24 1
29 27 1
29 30 -1
29 40 1
29 50 1
29 58 1
29 59 1
29 61 1
30 1 -1
30 6 -1
30 16 -1
30 17 1
30 18 1
30 19 1
30 21 -1
30 22 -1
30 25 -1
30 26 1
30 29 -1
30 32 1
30 36 1
30 39 1
30 59 -1
31 7 1
31 14 1
31 17 1
31 18 1
31 19 -1
31 22 1
31 23 -1
31 25 1
31 26 1
31 28 1
31 32 -1
31 38 1
31 43 1
31 55 1
32 2 -1
32 4 1
32 13 -1
32 17 1
32 19 1
32 22 -1
32 24 1
32 25 1
32 26 1
32 28 1
32 30 1
32 31 -1
32 33 -1
32 51 -1
32 53 1
32 62 1
33 4 1
33 11 1
33 27 1
33 28 1
33 32 -1
33 35 1
33 36 1
33 38 1
33 39 1
33 41 -1
33 43 1
33 44 1
33 45 1
33 48 1
33 58 1
33 64 1
34 8 1
34 16 -1
34 19 1
34 22 -1
34 27 1
34 36 1
34 37 1
34 39 -1
34 41 1
34 42 1
34 43 1
34 46 -1
34 47 1
34 48 -1
34 49 1
34 60 1
35 14 1
35 23 1
35 33 1
35 36 1
35 38 1
35 40 -1
35 41 1
35 44 -1
35 45 1
35 47 1
35 48 -1
35 49 1
35 56 1
35 57 -1
35 63 1
35 64 1
36 10 1
36 19 1
36 20 1
36 26 1
36 28 1
36 30 1
36 33 1
36 34 1
36 35 1
36 38 1
36 39 1
36 42 1
36 44 1
36 46 -1
36 48 1
36 51 -1
37 8 -1
37 9 1
37 22 1
37 23 1
37 34 1
37 38 1
37 40 -1
37 43 1
37 44 1
37 45 -1
37 46 -1
37 47 1
37 48 1
37 49 1
37 50 -1
37 53 1
38 3 -1
38 5 1
38 23 1
38 27 1
38 31 1
38 33 1
38 35 1
38 36 1
38 37 1
38 42 1
38 43 1
38 45 -1
38 46 1
38 47 -1
38 51 1
39 13 -1
39 26 1
39 30 1
39 33 1
39 34 -1
39 36 1
39 40 1
39 42 1
39 43 -1
39 44 1
39 45 1
39 47 1
39 52 1
39 55 -1
39 56 1
39 62 1
40 11 1
40 21 1
40 29 1
40 35 -1
40 37 -1
40 39 1
40 41 1
40 42 -1
40 43 -1
40 46 1
40 47 1
40 48 1
40 53 1
40 57 -1
40 61 -1
41 2 -1
41 5 -1
41 6 -1
41 11 1
41 25 1
41 33 -1
41 34 1
41 35 1
41 40 1
41 42 1
41 44 1
41 45 1
41 46 1
41 48 -1
41 56 1
41 59 1
42 13 1
42 19 -1
42 26 1
42 34 1
42 36 1
42 38 1
42 39 1
42 40 -1
42 41 1
42 43 1
42 44 -1
42 46 1
42 51 -1
42 55 1
42 61 1
43 3 1
43 15 1
43 31 1
43 33 1
43 34 1
43 37 1
43 38 1
43 39 -1
43 40 -1
43 42 1
43 45 -1
43 48 1
43 54 1
43 55 1
43 57 -1
43 63 -1
44 1 1
44 7 1
44 17 -1
44 23 -1
44 25 1
44 33 1
44 35 -1
44 36 1
44 37 1
44 39 1
44 41 1
44 42 -1
44 45 1
44 47 1
44 57 1
45 4 1
45 9 1
45 21 1
45 24 1
45 26 1
45 27 -1
45 33 1
45 35 1
45 37 -1
45 38 -1
45 39 1
45 41 1
45 43 -1
45 44 1
45 46 1
45 61 -1
46 3 1
46 7 1
46 8 1
46 11 1
46 17 1
46 19 1
46 21 1
46 34 -1
46 36 -1
46 37 -1
46 38 1
46 40 1
46 41 1
46 42 1
46 45 1
46 47 1
47 5 1
47 14 1
47 17 1
47 25 -1
47 34 1
47 35 1
47 37 1
47 38 -1
47 39 1
47 40 1
47 44 1
47 46 1
47 48 1
47 59 -1
47 62 1
47 63 1
48 5 1
48 8 -1
48 18 1
48 28 1
48 33 1
48 34 -1
48 35 -1
48 36 1
48 37 1
48 40 1
48 41 -1
48 43 1
48 47 1
48 51 1
48 60 1
49 2 -1
49 9 1
49 14 1
49 34 1
49 35 1
49 37 1
49 50 1
49 52 -1
49 53 1
49 57 -1
49 58 -1
49 60 1
49 62 1
49 63 -1
49 64 1
50 7 1
50 8 -1
50 10 1
50 13 1
50 29 1
50 37 -1
50 49 1
50 52 1
50 53 1
50 55 1
50 56 -1
50 58 -1
50 59 -1
50 61 -1
50 63 -1
51 6 -1
51 16 1
51 32 -1
51 36 -1
51 38 1
51 42 -1
51 48 1
51 52 1
51 54 1
51 55 1
51 56 -1
51 57 1
51 58 1
51 59 1
51 62 -1
51 63 1
52 1 -1
52 2 1
52 3 1
52 4 1
52 7 -1
52 13 1
52 39 1
52 49 -1
52 50 1
52 51 1
52 53 1
52 54 1
52 56 -1
52 58 -1
52 60 -1
52 61 1
53 11 1
53 12 1
53 15 1
53 22 -1
53 32 1
53 37 1
53 40 1
53 49 1
53 50 1
53 52 1
53 58 -1
53 59 -1
53 60 -1
53 61 1
53 62 -1
53 64 -1
54 1 -1
54 4 1
54 8 -1
54 15 1
54 19 1
54 23 1
54 43 1
54 51 1
54 52 1
54 56 1
54 57 1
54 59 1
54 60 1
54 62 1
54 63 1
54 64 1
55 9 1
55 17 1
55 31 1
55 39 -1
55 42 1
55 43 1
55 50 1
55 51 1
55 56 1
55 57 -1
55 58 1
55 59 1
55 61 -1
55 62 1
55 63 -1
56 1 1
56 3 1
56 7 1
56 23 1
56 35 1
56 39 1
56 41 1
56 50 -1
56 51 -1
56 52 -1
56 54 1
56 55 1
56 59 1
56 60 1
56 61 -1
56 64 1
57 16 1
57 20 -1
57 25 -1
57 35 -1
57 40 -1
57 43 -1
57 44 1
57 49 -1
57 51 1
57 54 1
57 55 -1
57 58 1
57 59 1
57 60 -1
57 61 1
57 64 1
58 15 1
58 16 1
58 18 -1
58 28 1
58 29 1
58 33 1
58 49 -1
58 50 -1
58 51 1
58 52 -1
58 53 -1
58 55 1
58 57 1
58 61 1
58 62 1
59 2 -1
59 5 1
59 14 -1
59 29 1
59 30 -1
59 41 1
59 47 -1
59 50 -1
59 51 1
59 53 -1
59 54 1
59 55 1
59 56 1
59 57 1
59 62 1
59 64 1
60 4 1
60 20 1
60 24 1
60 26 -1
60 28 1
60 34 1
60 48 1
60 49 1
60 52 -1
60 53 -1
60 54 1
60 56 1
60 57 -1
60 61 1
60 63 -1
60 64 -1
61 9 1
61 27 -1
61 29 1
61 40 -1
61 42 1
61 45 -1
61 50 -1
61 52 1
61 53 1
61 55 -1
61 56 -1
61 57 1
61 58 1
61 60 1
61 63 1
62 3 1
62 17 -1
62 25 1
62 27 1
62 32 1
62 39 1
62 47 1
62 49 1
62 51 -1
62 53 -1
62 54 1
62 55 1
62 58 1
62 59 1
62 63 1
62 64 1
63 11 1
63 17 1
63 18 1
63 23 -1
63 35 1
63 43 -1
63 47 1
63 49 -1
63 50 -1
63 51 1
63 54 1
63 55 -1
63 60 -1
63 61 1
63 62 1
63 64 1
64 3 1
64 6 1
64 12 1
64 22 1
64 33 1
64 35 1
64 49 1
64 53 -1
64 54 1
64 56 1
64 57 1
64 59 1
64 60 -1
64 62 1
64 63 1
