1 3 1
1 5 1
1 6 1
1 10 -1
1 11 -1
1 12 -1
1 14 -1
1 15 -1
1 16 -1
1 24 1
1 31 1
1 33 -1
1 50 -1
1 54 1
1 55 -1
2 3 -1
2 4 -1
2 5 1
2 6 1
2 7 1
2 9 1
2 11 -1
2 13 1
2 14 1
2 30 1
2 34 -1
2 40 1
2 64 1
3 1 1
3 2 -1
3 5 1
3 7 1
3 9 -1
3 10 -1
3 11 -1
3 12 1
3 13 -1
3 19 -1
3 28 -1
3 30 -1
3 33 1
3 35 -1
3 48 -1
3 54 1
4 2 -1
4 5 1
4 6 1
4 7 1
4 8 -1
4 9 1
4 10 -1
4 15 -1
4 16 -1
4 26 -1
4 32 1
4 38 1
4 46 1
4 52 -1
4 57 -1
5 1 1
5 2 1
5 3 1
5 4 1
5 8 1
5 11 1
5 12 -1
5 14 -1
5 15 1
5 17 -1
5 32 1
5 40 -1
5 41 1
5 42 1
5 49 1
5 56 -1
6 1 1
6 2 1
6 4 1
6 8 -1
6 10 -1
6 13 1
6 14 -1
6 15 -1
6 16 -1
6 18 -1
6 44 1
6 47 -1
6 56 -1
6 61 -1
6 64 -1
7 2 1
7 3 1
7 4 1
7 8 -1
7 9 1
7 11 -1
7 12 -1
7 13 -1
7 15 -1
7 24 -1
7 32 1
7 36 -1
7 50 1
7 53 -1
7 58 -1
7 60 1
8 4 -1
8 5 1
8 6 -1
8 7 -1
8 9 -1
8 11 -1
8 14 -1
8 15 -1
8 16 -1
8 18 -1
8 19 -1
8 29 -1
8 34 -1
8 48 1
8 54 1
9 2 1
9 3 -1
9 4 1
9 7 1
9 8 -1
9 10 -1
9 12 -1
9 13 -1
9 16 -1
9 43 -1
9 46 1
9 50 -1
9 57 -1
9 61 1
10 1 -1
10 3 -1
10 4 -1
10 6 -1
10 9 -1
10 12 1
10 13 1
10 15 1
10 16 -1
10 18 -1
10 38 -1
10 43 -1
10 49 -1
10 57 -1
10 61 1
10 63 -1
11 1 -1
11 2 -1
11 3 -1
11 5 1
11 7 -1
11 8 -1
11 14 -1
11 15 -1
11 16 1
11 19 1
11 23 -1
11 26 -1
11 34 -1
11 51 1
11 57 1
11 62 1
12 1 -1
12 3 1
12 5 -1
12 7 -1
12 9 -1
12 10 1
12 13 -1
12 14 -1
12 15 1
12 19 -1
12 24 -1
12 25 1
12 32 1
12 37 1
12 47 1
12 58 -1
13 2 1
13 3 -1
13 6 1
13 7 -1
13 9 -1
13 10 1
13 12 -1
13 14 1
13 16 -1
13 17 -1
13 45 -1
13 48 1
13 49 1
13 52 1
13 54 1
13 60 1
14 1 -1
14 2 1
14 5 -1
14 6 -1
14 8 -1
14 11 -1
14 12 -1
14 13 1
14 16 -1
14 20 1
14 38 1
14 51 -1
14 53 1
14 55 -1
14 56 -1
14 62 -1
15 1 -1
15 4 -1
15 5 1
15 6 -1
15 7 -1
15 8 -1
15 10 1
15 11 -1
15 12 1
15 19 -1
15 25 -1
15 29 1
15 35 -1
15 45 1
15 63 1
16 1 -1
16 4 -1
16 6 -1
16 8 -1
16 9 -1
16 10 -1
16 11 1
16 13 -1
16 14 -1
16 21 -1
16 30 -1
16 36 1
16 46 -1
16 47 -1
16 58 1
16 64 1
17 5 -1
17 13 -1
17 19 1
17 20 -1
17 24 -1
17 26 -1
17 27 1
17 28 1
17 29 -1
17 30 -1
17 31 -1
17 40 -1
17 44 -1
17 48 -1
17 55 1
17 63 -1
18 6 -1
18 8 -1
18 10 -1
18 19 -1
18 21 1
18 23 -1
18 25 -1
18 28 1
18 29 1
18 30 -1
18 31 -1
18 32 -1
18 33 1
18 37 -1
18 51 -1
18 58 1
19 3 -1
19 8 -1
19 11 1
19 12 -1
19 15 -1
19 17 1
19 18 -1
19 22 -1
19 23 1
19 24 -1
19 27 1
19 30 1
19 31 1
19 32 -1
19 43 1
19 47 1
20 14 1
20 17 -1
20 22 -1
20 24 -1
20 25 -1
20 26 -1
20 27 1
20 28 1
20 30 -1
20 32 -1
20 36 -1
20 44 1
20 46 -1
20 58 1
20 62 1
21 16 -1
21 18 1
21 22 1
21 23 1
21 25 -1
21 26 -1
21 27 -1
21 28 -1
21 29 -1
21 32 -1
21 36 -1
21 38 -1
21 45 -1
21 47 -1
21 53 -1
22 19 -1
22 20 -1
22 21 1
22 24 -1
22 26 -1
22 27 -1
22 29 -1
22 30 -1
22 32 -1
22 38 -1
22 44 1
22 47 1
22 52 -1
22 58 -1
22 61 -1
23 11 -1
23 18 -1
23 19 1
23 21 1
23 24 1
23 25 -1
23 26 -1
23 27 1
23 31 1
23 32 -1
23 39 -1
23 40 -1
23 42 -1
23 49 -1
23 51 1
24 1 1
24 7 -1
24 12 -1
24 17 -1
24 19 -1
24 20 -1
24 22 -1
24 23 1
24 25 -1
24 26 1
24 27 1
24 28 -1
24 35 1
24 52 -1
24 59 -1
24 62 -1
25 12 1
25 15 -1
25 18 -1
25 20 -1
25 21 -1
25 23 -1
25 24 -1
25 27 1
25 29 1
25 31 1
25 32 1
25 34 -1
25 35 -1
25 37 -1
25 45 1
25 57 -1
26 4 -1
26 11 -1
26 17 -1
26 20 -1
26 21 -1
26 22 -1
26 23 -1
26 24 1
26 29 1
26 30 -1
26 32 1
26 34 1
26 36 -1
26 52 -1
26 64 1
27 17 1
27 19 1
27 20 1
27 21 -1
27 22 -1
27 23 1
27 24 1
27 25 1
27 28 1
27 41 -1
27 48 1
27 49 -1
27 50 -1
27 51 1
27 54 -1
27 60 -1
28 3 -1
28 17 1
28 18 1
28 20 1
28 21 -1
28 24 -1
28 27 1
28 29 -1
28 30 1
28 31 -1
28 37 -1
28 38 -1
28 53 1
28 62 1
28 64 -1
29 8 -1
29 15 1
29 17 -1
29 18 1
29 21 -1
29 22 -1
29 25 1
29 26 1
29 28 -1
29 30 -1
29 31 1
29 35 -1
29 41 1
29 56 1
29 57 -1
29 63 1
30 2 1
30 3 -1
30 16 -1
30 17 -1
30 18 -1
30 19 1
30 20 -1
30 22 -1
30 26 -1
30 28 1
30 29 -1
30 31 -1
30 33 -1
30 41 1
30 55 1
30 57 -1
31 1 1
31 17 -1
31 18 -1
31 19 1
31 23 1
31 25 1
31 28 -1
31 29 1
31 30 -1
31 32 -1
31 36 1
31 39 -1
31 44 -1
31 48 -1
31 56 1
31 59 1
32 4 1
32 5 1
32 7 1
32 12 1
32 18 -1
32 19 -1
32 20 -1
32 21 -1
32 22 -1
32 23 -1
32 25 1
32 26 1
32 31 -1
32 43 1
32 53 1
33 1 -1
33 3 1
33 18 1
33 30 -1
33 34 -1
33 35 1
33 37 1
33 41 -1
33 43 1
33 45 1
33 46 -1
33 47 -1
33 48 -1
33 50 -1
33 58 1
33 62 1
34 2 -1
34 8 -1
34 11 -1
34 25 -1
34 26 1
34 33 -1
34 35 -1
34 38 -1
34 40 -1
34 41 -1
34 42 -1
34 43 -1
34 46 1
34 47 1
35 3 -1
35 15 -1
35 24 1
35 25 -1
35 29 -1
35 33 1
35 34 -1
35 36 1
35 37 1
35 40 1
35 41 -1
35 42 -1
35 46 -1
35 48 -1
35 55 -1
35 59 1
36 7 -1
36 16 1
36 20 -1
36 21 -1
36 26 -1
36 31 1
36 35 1
36 38 -1
36 39 -1
36 40 1
36 44 1
36 45 1
36 46 -1
36 47 1
36 48 -1
37 12 1
37 18 -1
37 25 -1
37 28 -1
37 33 1
37 35 1
37 38 1
37 39 -1
37 41 1
37 43 1
37 46 -1
37 47 -1
37 48 1
37 54 -1
37 56 -1
37 60 1
38 4 1
38 10 -1
38 14 1
38 21 -1
38 22 -1
38 28 -1
38 34 -1
38 36 -1
38 37 1
38 40 1
38 41 -1
38 42 -1
38 44 -1
38 47 -1
38 48 -1
38 61 1
39 23 -1
39 31 -1
39 36 -1
39 37 -1
39 40 1
39 41 -1
39 42 -1
39 44 -1
39 45 1
39 46 1
39 48 -1
39 50 1
39 52 1
39 53 -1
39 56 -1
39 60 1
40 2 1
40 5 -1
40 17 -1
40 23 -1
40 34 -1
40 35 1
40 36 1
40 38 1
40 39 1
40 42 -1
40 43 -1
40 45 1
40 47 -1
40 63 1
41 5 1
41 27 -1
41 29 1
41 30 1
41 33 -1
41 34 -1
41 35 -1
41 37 1
41 38 -1
41 39 -1
41 44 -1
41 45 -1
41 48 1
41 52 1
41 59 1
41 60 -1
42 5 1
42 23 -1
42 34 -1
42 35 -1
42 38 -1
42 39 -1
42 40 -1
42 43 -1
42 45 1
42 47 -1
42 48 1
42 49 1
42 51 -1
42 55 -1
42 59 1
43 9 -1
43 10 -1
43 19 1
43 32 1
43 33 1
43 34 -1
43 37 1
43 40 -1
43 42 -1
43 44 -1
43 45 -1
43 46 1
43 47 -1
43 60 -1
43 63 -1
44 6 1
44 17 -1
44 20 1
44 22 1
44 31 -1
44 36 1
44 38 -1
44 39 -1
44 41 -1
44 43 -1
44 45 -1
44 46 1
44 47 -1
44 48 -1
44 63 -1
45 13 -1
45 15 1
45 21 -1
45 25 1
45 33 1
45 36 1
45 39 1
45 40 1
45 41 -1
45 42 1
45 43 -1
45 44 -1
45 46 1
45 51 1
45 62 1
46 4 1
46 9 1
46 16 -1
46 20 -1
46 33 -1
46 34 1
46 35 -1
46 36 -1
46 37 -1
46 39 1
46 43 1
46 44 1
46 45 1
46 55 1
46 59 1
46 61 -1
47 6 -1
47 12 1
47 16 -1
47 19 1
47 21 -1
47 22 1
47 33 -1
47 34 1
47 36 1
47 37 -1
47 38 -1
47 40 -1
47 42 -1
47 43 -1
47 44 -1
47 49 1
48 3 -1
48 8 1
48 13 1
48 17 -1
48 27 1
48 31 -1
48 33 -1
48 35 -1
48 36 -1
48 37 1
48 38 -1
48 39 -1
48 41 1
48 42 1
48 44 -1
48 59 1
49 5 1
49 10 -1
49 13 1
49 23 -1
49 27 -1
49 42 1
49 47 1
49 50 -1
49 51 -1
49 55 -1
49 57 -1
49 59 -1
49 60 -1
49 61 -1
49 62 -1
49 64 -1
50 1 -1
50 7 1
50 9 -1
50 27 -1
50 33 -1
50 39 1
50 49 -1
50 52 -1
50 54 -1
50 55 1
50 58 -1
50 59 -1
50 60 -1
50 61 1
50 62 -1
51 11 1
51 14 -1
51 18 -1
51 23 1
51 27 1
51 42 -1
51 45 1
51 49 -1
51 54 -1
51 55 -1
51 56 -1
51 57 1
51 60 1
51 61 -1
51 62 -1
51 63 -1
52 4 -1
52 13 1
52 22 -1
52 24 -1
52 26 -1
52 39 1
52 41 1
52 50 -1
52 54 -1
52 56 -1
52 57 -1
52 58 -1
52 59 1
52 60 1
52 63 1
52 64 -1
53 7 -1
53 14 1
53 21 -1
53 28 1
53 32 1
53 39 -1
53 54 1
53 55 -1
53 56 1
53 58 -1
53 59 1
53 60 -1
53 61 -1
53 62 1
53 64 1
54 1 1
54 3 1
54 8 1
54 13 1
54 27 -1
54 37 -1
54 50 -1
54 51 -1
54 52 -1
54 53 1
54 58 1
54 60 -1
54 61 -1
54 62 -1
54 64 1
55 1 -1
55 14 -1
55 17 1
55 30 1
55 35 -1
55 42 -1
55 46 1
55 49 -1
55 50 1
55 51 -1
55 53 -1
55 56 1
55 57 -1
55 58 -1
55 59 -1
55 62 -1
56 5 -1
56 6 -1
56 14 -1
56 29 1
56 31 1
56 37 -1
56 39 -1
56 51 -1
56 52 -1
56 53 1
56 55 1
56 57 -1
56 59 1
56 61 -1
56 62 -1
56 63 -1
57 4 -1
57 9 -1
57 10 -1
57 11 1
57 25 -1
57 29 -1
57 30 -1
57 49 -1
57 51 1
57 52 -1
57 55 -1
57 56 -1
57 59 1
57 60 -1
57 63 -1
57 64 1
58 7 -1
58 12 -1
58 16 1
58 18 1
58 20 1
58 22 -1
58 33 1
58 50 -1
58 52 -1
58 53 -1
58 54 1
58 55 -1
58 59 -1
58 60 1
58 61 -1
58 63 -1
59 24 -1
59 31 1
59 35 1
59 41 1
59 42 1
59 46 1
59 48 1
59 49 -1
59 50 -1
59 52 1
59 53 1
59 55 -1
59 56 1
59 57 1
59 58 -1
59 63 -1
60 7 1
60 13 1
60 27 -1
60 37 1
60 39 1
60 41 -1
60 43 -1
60 49 -1
60 50 -1
60 51 1
60 52 1
60 53 -1
60 54 -1
60 57 -1
60 58 1
60 64 -1
61 6 -1
61 9 1
61 10 1
61 22 -1
61 38 1
61 46 -1
61 49 -1
61 50 1
61 51 -1
61 53 -1
61 54 -1
61 56 -1
61 58 -1
61 63 -1
61 64 1
62 11 1
62 14 -1
62 20 1
62 24 -1
62 28 1
62 33 1
62 45 1
62 49 -1
62 50 -1
62 51 -1
62 53 1
62 54 -1
62 55 -1
62 56 -1
62 63 1
62 64 -1
63 10 -1
63 15 1
63 17 -1
63 29 1
63 40 1
63 43 -1
63 44 -1
63 51 -1
63 52 1
63 56 -1
63 57 -1
63 58 -1
63 59 -1
63 61 -1
63 62 1
63 64 1
64 2 1
64 6 -1
64 16 1
64 26 1
64 28 -1
64 49 -1
64 52 -1
64 53 1
64 54 1
64 57 1
64 60 -1
64 61 1
64 62 -1
64 63 1
